         0.4000         0.0000         0.0000         0.0000         0.0000
         0.6000         0.0000         0.0000         0.0000         0.0000
         0.8000         0.0000         0.0000         0.0000         0.0000
         1.0000         0.0000         0.0000         0.0000         0.0000
         1.2000         0.6605         0.0398         0.9573         0.0492
         1.4000         1.9353         0.1000         2.9756         0.1253
         1.6000         3.5979         0.1725         5.5149         0.1604
         1.8000         5.5730         0.3766         8.3481         0.1937
         2.0000         8.0816         0.3809        11.7420         0.2828
         2.2000        10.7796         0.5291        15.7669         0.4888
         2.4000        13.8351         0.6073        20.6799         0.6905
         2.6000        17.3989         0.8081        26.1326         0.8377
         2.8000        21.3602         0.7999        32.6429         1.0730
         3.0000        25.7694         1.0235        39.8395         1.2899
         3.2000        30.3343         1.3351        47.5159         1.5897
         3.4000        35.2035         1.3910        55.5577         1.8730
         3.6000        40.5482         1.4532        64.7544         2.1453
         3.8000        45.8632         1.5389        74.5897         2.5953
         4.0000        51.3490         1.9106        85.1247         3.6481
         4.2000        56.5944         1.7237        96.3911         3.9673
         4.4000        62.7142         1.5322       108.1106         4.4411
         4.6000        68.8589         1.4425       120.9331         4.7257
         4.8000        75.3705         1.3113       134.0487         5.4332
         5.0000        82.1491         1.1574       148.2912         5.5408
         5.2000        88.7775         1.2093       163.4481         5.4795
         5.4000        95.4160         1.4610       178.7768         5.4915
         5.6000       101.2498         1.6555       196.9860         6.1894
         5.8000       106.8164         2.1201       215.9238         6.5113
         6.0000       112.3318         2.3993       236.7425         7.0512
         6.2000       118.6668         2.7196         3.2438         0.0573
         6.4000       125.1181         2.3311         8.4855         0.1534
         6.6000       132.1512         2.1780        13.7211         0.2197
         6.8000       140.8660         2.2807        19.0019         0.2741
         7.0000       148.5921         2.1653        24.0073         0.3207
         7.2000       157.6699         1.4254        28.8499         0.3746
         7.4000       167.7349         2.2444        33.2113         0.4407
         7.6000       178.3737         2.3191        36.9686         0.5874
         7.8000       189.1673         2.6773        41.1313         0.5006
         8.0000       200.7191         1.8656        44.8444         0.6436
         8.2000       213.6868         2.9879        48.1179         0.6615
         8.4000       228.3980         3.1059        51.5317         0.8142
         8.6000       244.1411         2.6735        53.7616         0.8436
         8.8000       260.4073         2.9565        56.0828         0.5434
         9.0000       277.5059         3.1761        56.8819         0.6761
         9.2000       295.9495         2.0483        57.1471         0.9423
         9.4000       315.4158         1.1462        56.8860         0.5736
         9.6000       339.1197         1.3409        55.0619         0.7026
         9.8000       363.1751         1.5598        52.6658         0.6519
        10.0000       387.3548         1.7790        49.1145         0.8388
        10.2000       413.2790         2.0041        44.0863         0.6237
        10.4000       442.6886         2.1586        37.8348         0.6048
        10.6000       473.8295         2.3165        30.0390         0.3857
        10.8000       506.3764         1.6263        20.2284         0.2709
        11.0000       542.3179         1.3737         8.4013         0.0945
        11.2000       580.5453         1.5729       889.9354         2.1889
        11.4000       619.2123         1.1167       909.7469         1.7475
        11.6000       656.9563         1.5592       930.0397         1.8692
        11.8000       696.2993         1.8928       948.6393         1.4573
        12.0000       737.2847         1.9272       970.2086         2.2187
        12.2000       776.8433         1.7791       993.2694         2.7930
        12.4000       814.6206         1.9676      1019.1874         2.4421
        12.6000       855.2521         1.9525      1045.6619         1.5232
        12.8000       894.8431         2.0179      1074.4698         1.6787
        13.0000       933.7818         2.2167      1101.3121         2.1380
        13.2000       973.1269         1.5509      1130.8546         2.3767
        13.4000      1014.1699         1.6601      1159.3018         1.8561
        13.6000      1054.6008         2.1387      1188.6891         1.8726
        13.8000      1092.9326         1.6718      1217.6665         1.8300
        14.0000      1130.3736         1.8591      1249.9137         2.6251
        14.2000      1168.6728         2.3314      1282.5749         3.0930
        14.4000      1207.8648         2.6137      1316.1202         3.4493
        14.6000      1246.5446         2.7033      1351.2201         3.2508
        14.8000      1287.0571         2.1409      1388.1591         3.0128
        15.0000      1330.6291         2.7322      1423.4735         3.3385
        15.2000      1373.6500         2.8571      1461.0109         3.1164
        15.4000      1416.4050         2.9076      1500.2205         2.8702
        15.6000      1459.6284         3.1044      1539.6064         2.2822
        15.8000      1502.2777         4.1459      1576.7431         2.7810
        16.0000      1546.2768         5.6350      1610.6491         3.1467
        16.2000      1588.9062         6.1394      1649.8078         2.9892
        16.4000      1631.4047         4.0156      1689.8483         2.9691
        16.6000      1678.4223         2.7056      1731.0692         3.7756
        16.8000      1726.3271         3.8661      1772.1559         4.2032
        17.0000      1774.4973         3.9556      1815.2356         3.4452
        17.2000      1820.6530         4.0594      1860.6918         4.0180
        17.4000      1867.9968         3.0169      1903.8400         4.3738
        17.6000      1912.4239         2.3240      1947.6301         4.7008
        17.8000      1960.7690         2.8393      1991.4510         6.2867
        18.0000      2009.4360         3.2772      2034.9949         6.4954
        18.2000      2059.3344         2.9982      2080.1590         3.9999
        18.4000      2110.8571         3.7133      2131.4360         4.0678
        18.6000      2157.8786         3.5685      2180.2330         7.6941
        18.8000      2208.6393         2.9613      2232.1071         3.0159
        19.0000      2259.6152         3.3071      2284.1040         3.1941
        19.2000      2308.5922         2.5296      2334.0687         2.3659
        19.4000      2358.9226         2.1858      2383.0576         2.4750
        19.6000      2409.9757         3.5711      2436.3071         5.4129
        19.8000      2462.5557         4.4529      2486.8337         5.5879
        20.0000      2511.6013         5.2702      2539.2346         8.0321
