         0.4000         0.0000         0.0000         0.0000         0.0000
         0.6000         0.0000         0.0000         0.0000         0.0000
         0.8000         0.0000         0.0000         0.0000         0.0000
         1.0000         0.0000         0.0000         0.0000         0.0000
         1.2000         0.7583         0.0284         1.2147         0.0492
         1.4000         2.3810         0.0880         3.7060         0.1083
         1.6000         4.4228         0.1551         6.7568         0.1956
         1.8000         6.9571         0.2663        10.4329         0.2982
         2.0000         9.8112         0.3131        14.9084         0.2758
         2.2000        12.9367         0.3255        20.5801         0.2848
         2.4000        16.7856         0.3052        26.8211         0.2786
         2.6000        21.1910         0.3349        33.8091         0.3328
         2.8000        25.8144         0.4232        41.4313         0.4161
         3.0000        30.4136         0.4430        50.0424         0.3965
         3.2000        35.9762         0.4484        59.3762         0.5407
         3.4000        41.9514         0.3763        69.2752         0.6444
         3.6000        47.8981         0.3553        80.1839         0.6759
         3.8000        53.7373         0.3938        92.1366         0.7902
         4.0000        59.9589         0.4355       104.8552         0.8207
         4.2000        67.1778         0.5404       117.9422         0.7191
         4.4000        74.4847         0.8833       133.3473         0.6202
         4.6000        81.8378         0.9366       149.6477         0.6713
         4.8000        88.0329         1.0734       166.5389         0.8223
         5.0000        94.3042         1.0760       183.3162         0.7022
         5.2000       101.9794         0.9155       202.0434         0.7582
         5.4000       109.0194         0.7465       221.8347         0.7982
         5.6000       116.3411         0.8199       243.5758         1.1783
         5.8000       123.4696         1.3523       266.8389         1.4866
         6.0000       130.0647         0.8764       289.1764         1.3983
         6.2000       136.3324         0.8703         3.4700         0.0720
         6.4000       143.0982         1.1380         8.8930         0.1258
         6.6000       149.9081         0.7449        14.1886         0.2203
         6.8000       158.2516         0.7650        19.6400         0.2184
         7.0000       167.3521         0.7011        24.7670         0.3682
         7.2000       176.7470         0.8677        29.5807         0.5075
         7.4000       185.8977         1.1550        34.6978         0.5288
         7.6000       195.7676         1.1332        38.9453         0.4541
         7.8000       207.1941         0.9655        42.9197         0.3797
         8.0000       219.0223         1.7397        46.6803         0.3506
         8.2000       232.1096         1.2775        49.6788         0.4456
         8.4000       245.6804         0.9871        52.5952         0.5260
         8.6000       261.2525         0.8902        55.2261         0.4784
         8.8000       277.4237         1.2356        57.2758         0.5223
         9.0000       294.1368         1.5109        57.9273         0.5641
         9.2000       310.6431         1.6362        58.3625         0.5345
         9.4000       329.1264         1.7589        57.9995         0.7700
         9.6000       350.0229         2.0587        56.8831         0.8468
         9.8000       373.6631         1.8902        54.4811         0.8355
        10.0000       397.6552         1.1282        50.5940         0.6417
        10.2000       423.1987         1.1478        45.5378         0.4996
        10.4000       449.2269         1.1989        39.1145         0.4820
        10.6000       478.3997         0.9983        30.8077         0.4142
        10.8000       511.5603         0.8296        20.5347         0.2666
        11.0000       544.4774         1.4782         8.4164         0.1118
        11.2000       581.4713         1.7351       895.4325         2.0365
        11.4000       618.7563         1.9857       915.0679         2.3215
        11.6000       655.6029         2.4784       936.8918         2.9418
        11.8000       693.0696         2.5270       959.0237         1.8912
        12.0000       731.6842         1.7264       982.1864         1.6715
        12.2000       767.8435         2.6256      1003.8464         1.8407
        12.4000       805.1761         3.9819      1024.5069         1.6368
        12.6000       841.9377         2.0269      1048.1385         1.7020
        12.8000       878.2501         2.3048      1074.7709         1.5338
        13.0000       917.7264         2.3904      1100.4250         1.9352
        13.2000       956.7966         2.2075      1126.8833         2.0174
        13.4000       995.2106         2.5549      1155.5153         1.8330
        13.6000      1032.8627         2.9781      1185.7961         2.7128
        13.8000      1070.6522         3.2478      1213.8949         3.4878
        14.0000      1110.0156         2.9226      1243.1266         4.6835
        14.2000      1151.1687         3.3272      1275.0706         5.2267
        14.4000      1191.1896         2.4037      1312.2494         5.2855
        14.6000      1232.0678         3.1171      1346.1883         4.2694
        14.8000      1274.5589         2.8403      1380.1981         2.4151
        15.0000      1317.6030         2.5711      1417.2329         2.4938
        15.2000      1362.0340         2.7048      1455.8405         2.1401
        15.4000      1404.2810         3.2070      1491.8080         2.0368
        15.6000      1444.7907         2.7613      1531.5048         2.4766
        15.8000      1485.4172         3.0930      1570.3065         2.6834
        16.0000      1528.5867         3.1185      1607.8895         2.4082
        16.2000      1570.5934         3.0792      1647.6253         2.8277
        16.4000      1616.9452         4.5731      1687.2993         2.5014
        16.6000      1662.1884         3.0576      1727.8751         2.7462
        16.8000      1704.9538         2.8181      1771.1890         3.1837
        17.0000      1749.3805         2.7281      1816.0963         3.2801
        17.2000      1795.0743         3.8602      1858.4799         2.8477
        17.4000      1842.1874         3.0533      1903.7598         3.3715
        17.6000      1886.0254         2.4612      1947.0327         3.8771
        17.8000      1929.2861         2.5955      1993.3448         4.0595
        18.0000      1974.4413         2.9665      2040.3024         3.6370
        18.2000      2021.5340         3.0298      2084.3125         2.9074
        18.4000      2068.9086         4.0111      2131.7973         2.6932
        18.6000      2114.0846         4.9814      2181.1220         3.0272
        18.8000      2162.2021         4.1393      2230.7952         3.0497
        19.0000      2211.1927         3.2117      2279.2734         3.4288
        19.2000      2263.0966         4.8939      2322.9789         4.0162
        19.4000      2314.7601         6.9719      2370.1014         4.0901
        19.6000      2366.6169         7.7718      2424.2122         5.0371
        19.8000      2421.3341         7.6111      2477.7556         5.6813
        20.0000      2473.2822         8.1828      2529.1211         6.6279
