         0.4000         0.0000         0.0000         0.0000         0.0000
         0.6000         0.0000         0.0000         0.0000         0.0000
         0.8000         0.0000         0.0000         0.0000         0.0000
         1.0000         0.0000         0.0000         0.0000         0.0000
         1.2000         0.7464         0.0331         1.2052         0.0488
         1.4000         2.2784         0.0808         3.6626         0.1523
         1.6000         4.3231         0.1406         6.7916         0.2305
         1.8000         6.8669         0.1959        10.7712         0.2692
         2.0000         9.7265         0.2577        15.4273         0.5379
         2.2000        12.9957         0.2788        20.5960         0.6809
         2.4000        16.5482         0.3501        26.6639         0.8788
         2.6000        20.3752         0.4297        33.7209         0.6810
         2.8000        24.4828         0.5159        41.0672         0.6819
         3.0000        29.4028         0.6468        49.0809         0.8416
         3.2000        34.8444         0.8052        57.6440         0.8993
         3.4000        40.2607         0.5162        67.8317         0.7288
         3.6000        46.2954         0.5474        78.1507         0.5702
         3.8000        52.7080         0.5963        89.1997         0.5125
         4.0000        59.2301         0.5951       101.7577         0.7679
         4.2000        66.0357         0.4111       115.1828         0.8964
         4.4000        73.0853         0.5739       129.5506         1.1282
         4.6000        79.8277         0.7351       144.7898         1.4422
         4.8000        87.5237         0.6902       161.5771         1.1015
         5.0000        95.2723         0.4528       179.1075         0.7359
         5.2000       102.3113         0.5980       198.2209         0.7364
         5.4000       108.9657         0.6299       218.4586         0.9225
         5.6000       115.8350         0.7886       240.3241         1.0445
         5.8000       122.5807         0.8910       262.6543         0.9441
         6.0000       128.5027         1.2089       287.5160         1.1810
         6.2000       134.5306         0.8566         3.4970         0.0983
         6.4000       140.1796         0.8986         9.1660         0.2459
         6.6000       147.0975         1.0180        14.6496         0.3430
         6.8000       155.4863         1.3439        20.0533         0.3661
         7.0000       163.4864         1.6653        25.2286         0.3532
         7.2000       173.1717         2.1213        30.5060         0.3990
         7.4000       182.8502         2.0218        35.2438         0.4111
         7.6000       192.5929         1.9347        39.6379         0.4318
         7.8000       203.7589         1.3401        43.6780         0.3246
         8.0000       215.6081         1.2350        47.3742         0.3723
         8.2000       228.4137         1.2943        50.9494         0.3745
         8.4000       242.1604         1.1212        53.0759         0.4479
         8.6000       256.8530         0.8313        55.6244         0.4395
         8.8000       272.2206         0.9156        57.3317         0.7798
         9.0000       290.6235         1.4677        58.1930         0.9839
         9.2000       308.0737         1.5517        58.4775         1.1991
         9.4000       327.0611         1.4679        58.4102         0.9428
         9.6000       349.7883         1.2711        56.8946         0.9472
         9.8000       375.1496         1.3485        54.6416         1.0147
        10.0000       399.9204         1.3705        51.1010         0.8628
        10.2000       425.2966         1.3835        46.0919         0.6285
        10.4000       452.6577         1.2347        38.9970         0.5944
        10.6000       482.0298         1.6412        30.5063         0.3713
        10.8000       515.8663         1.9411        20.5504         0.2569
        11.0000       549.9426         1.3036         8.5213         0.1307
        11.2000       586.3036         1.2659       896.6246         3.9878
        11.4000       626.3722         1.4108       914.6117         4.0627
        11.6000       665.4232         1.7612       935.5617         6.0404
        11.8000       703.8638         1.6116       957.9169         4.5634
        12.0000       740.2558         1.3808       981.6798         3.2756
        12.2000       777.6752         1.8401      1005.2063         3.9497
        12.4000       816.1064         1.7794      1029.4747         4.0140
        12.6000       854.4504         1.7511      1055.1118         3.1360
        12.8000       893.7881         2.1066      1080.1914         2.9632
        13.0000       933.6429         2.3198      1103.6848         2.1956
        13.2000       973.2703         2.5444      1128.6578         2.3978
        13.4000      1012.6495         2.4344      1156.2567         2.1045
        13.6000      1052.6860         1.9238      1189.1784         2.2041
        13.8000      1092.2075         2.2150      1217.0439         2.8083
        14.0000      1130.5761         2.8248      1246.2307         2.5647
        14.2000      1167.1373         3.4863      1276.8868         2.3806
        14.4000      1205.8215         3.3431      1309.3889         2.8231
        14.6000      1244.2794         3.0539      1342.8175         2.8836
        14.8000      1281.6109         2.6794      1377.1607         3.4047
        15.0000      1317.7870         2.9028      1410.4101         4.0516
        15.2000      1360.3123         2.6907      1446.5477         3.9070
        15.4000      1404.6795         2.5822      1485.4946         4.5137
        15.6000      1446.8723         2.1157      1523.4145         3.5346
        15.8000      1491.1480         2.4175      1561.5438         3.0190
        16.0000      1535.2932         2.6117      1597.3997         3.5326
        16.2000      1578.8940         2.1843      1636.7813         3.3967
        16.4000      1621.9618         1.9172      1677.1517         2.8972
        16.6000      1668.2765         2.8739      1722.1986         2.1546
        16.8000      1711.1034         3.6810      1762.1082         2.2559
        17.0000      1755.1131         3.3051      1802.9846         2.0859
        17.2000      1797.4664         3.7629      1847.3950         2.4164
        17.4000      1844.0566         4.0053      1890.4886         2.5938
        17.6000      1890.2899         2.6032      1935.7977         3.3092
        17.8000      1936.5032         3.7354      1979.4844         3.8113
        18.0000      1983.3620         4.9572      2021.9082         3.4202
        18.2000      2033.1064         4.0957      2066.9084         2.9840
        18.4000      2080.9843         2.9676      2112.3600         2.7531
        18.6000      2127.4594         3.2831      2158.1614         4.6529
        18.8000      2175.1331         3.0249      2207.1751         6.0690
        19.0000      2223.9961         2.5425      2261.5232         3.4463
        19.2000      2273.2538         2.6187      2309.6428         5.9766
        19.4000      2322.0940         3.8311      2358.2621         4.9559
        19.6000      2368.9084         3.1643      2411.1669         4.9496
        19.8000      2418.2065         3.3442      2465.2568         4.8744
        20.0000      2469.1178         4.5909      2516.0237         5.1027
