         0.4000         0.0000         0.0000         0.0000         0.0000
         0.6000         0.0000         0.0000         0.0000         0.0000
         0.8000         0.0000         0.0000         0.0000         0.0000
         1.0000         0.0000         0.0000         0.0000         0.0000
         1.2000         0.7277         0.0353         1.2324         0.0346
         1.4000         2.2998         0.0800         3.7141         0.1000
         1.6000         4.2806         0.1189         6.8717         0.1697
         1.8000         6.6508         0.1601        10.6759         0.2293
         2.0000         9.6042         0.1500        15.5077         0.3585
         2.2000        12.7840         0.2480        20.8396         0.5045
         2.4000        16.3275         0.2644        26.7744         0.4949
         2.6000        20.3263         0.2755        33.2725         0.4480
         2.8000        24.7237         0.3448        40.9415         0.5651
         3.0000        29.7931         0.4961        49.6017         0.5402
         3.2000        34.9762         0.5086        58.1022         0.5562
         3.4000        40.6717         0.5315        67.4925         0.6674
         3.6000        45.9815         0.5217        77.4904         0.6075
         3.8000        52.2437         0.5003        88.9319         0.6225
         4.0000        59.3742         0.4638       101.4351         0.4800
         4.2000        66.4354         0.5686       114.5269         0.5658
         4.4000        73.3343         0.7035       128.5905         0.7025
         4.6000        80.7369         0.7659       143.5751         0.7496
         4.8000        87.4238         0.5649       160.2540         0.7336
         5.0000        95.1871         0.6385       178.5292         1.2202
         5.2000       102.7666         0.8659       197.2828         0.8352
         5.4000       110.0385         0.8015       219.0897         0.9030
         5.6000       116.9501         0.9937       240.6282         2.2110
         5.8000       123.0549         1.1645       262.7148         3.1740
         6.0000       129.1772         1.1592       287.1535         3.2895
         6.2000       135.3849         0.9659         3.5309         0.0713
         6.4000       142.6091         1.7105         9.1150         0.2359
         6.6000       149.9106         1.5461        14.7784         0.3207
         6.8000       157.4787         1.3523        19.9491         0.4050
         7.0000       166.1871         1.4223        25.0259         0.4538
         7.2000       175.2049         1.7425        29.7871         0.5742
         7.4000       184.1085         1.1365        34.4681         0.7996
         7.6000       194.9817         1.0248        38.8589         0.7026
         7.8000       206.5200         1.2756        43.3970         0.8604
         8.0000       218.7290         1.5449        47.7528         0.8190
         8.2000       230.8035         1.2594        51.2100         0.5812
         8.4000       244.3235         0.9300        54.2049         0.6320
         8.6000       259.7262         1.1128        56.9699         0.5714
         8.8000       276.7483         1.4291        58.6773         0.6435
         9.0000       295.4484         1.3635        59.4772         0.7023
         9.2000       314.1787         1.5853        60.0040         0.5611
         9.4000       334.2488         1.5141        59.3830         0.4477
         9.6000       356.2836         2.4193        58.1456         0.5447
         9.8000       379.4724         2.8289        55.1805         0.6243
        10.0000       403.7423         1.7290        50.8586         0.6589
        10.2000       429.6232         1.0505        45.2348         0.5081
        10.4000       456.7631         1.0707        38.7659         0.4089
        10.6000       486.9813         1.4362        30.8356         0.3423
        10.8000       518.7296         2.3456        20.6902         0.2306
        11.0000       552.3336         2.5360         8.5955         0.1025
        11.2000       589.0111         2.4050       898.7865         2.5438
        11.4000       626.4766         2.0006       916.5138         2.8857
        11.6000       666.4581         1.4983       938.5212         2.8603
        11.8000       703.3399         2.0181       958.9393         4.9447
        12.0000       741.4563         1.5573       981.5771         3.6459
        12.2000       779.6540         1.2712      1004.0331         4.2070
        12.4000       815.3044         1.4835      1028.9351         3.6933
        12.6000       852.2968         2.1788      1053.6450         4.5178
        12.8000       888.8743         2.9310      1076.9453         6.6042
        13.0000       928.3287         3.3074      1102.2762         7.5346
        13.2000       967.6590         2.6855      1129.0203         6.0833
        13.4000      1004.9948         1.6537      1158.1563         3.7392
        13.6000      1044.0312         2.0431      1188.9557         5.2364
        13.8000      1082.1289         2.5207      1219.1434         6.4606
        14.0000      1120.2606         4.4723      1248.5389         6.5037
        14.2000      1156.2918         3.5946      1280.7358         4.3811
        14.4000      1196.3386         3.7665      1312.3674         3.9012
        14.6000      1237.2297         2.8310      1346.6651         5.3218
        14.8000      1277.6311         2.7348      1383.5664         4.2347
        15.0000      1318.1514         2.5298      1418.7914         2.8800
        15.2000      1359.5649         3.1062      1453.9118         2.3406
        15.4000      1399.9471         3.5289      1490.1046         2.4740
        15.6000      1440.5550         3.0108      1526.0867         2.6967
        15.8000      1480.2292         3.0145      1564.2975         2.6351
        16.0000      1523.8064         6.0415      1601.8206         1.8383
        16.2000      1567.1656         4.5981      1640.1850         2.1311
        16.4000      1608.8084         4.3906      1679.8843         2.0180
        16.6000      1651.7827         3.7673      1720.7776         2.4789
        16.8000      1698.2022         3.6714      1760.1767         2.9344
        17.0000      1742.3252         2.7676      1802.5297         3.1758
        17.2000      1788.3876         3.7719      1845.8621         2.0241
        17.4000      1833.6125         5.3889      1890.6042         2.1804
        17.6000      1880.8059         5.5289      1937.6996         2.2951
        17.8000      1925.8274         5.2596      1984.2122         2.9785
        18.0000      1975.8334         7.5640      2028.5112         3.5592
        18.2000      2027.2751         8.1808      2077.3782         3.5497
        18.4000      2077.3529         6.0329      2124.0716         3.9615
        18.6000      2124.8108         5.5397      2171.1408         3.5019
        18.8000      2171.7162         4.6275      2214.9221         3.3394
        19.0000      2219.8440         4.4760      2260.9928         2.9362
        19.2000      2272.7564         3.6785      2315.9332         3.0290
        19.4000      2322.2042         3.6161      2369.0938         3.9696
        19.6000      2373.5767         4.4520      2419.0118         5.0276
        19.8000      2423.2589         4.8350      2468.0024         4.4766
        20.0000      2472.8471         4.5558      2521.7184         5.1057
