         0.4000         0.0000         0.0000         0.0000         0.0000
         0.6000         0.0000         0.0000         0.0000         0.0000
         0.8000         0.0000         0.0000         0.0000         0.0000
         1.0000         0.0000         0.0000         0.0000         0.0000
         1.2000         0.7758         0.0277         1.2321         0.0457
         1.4000         2.3131         0.0741         3.8053         0.1103
         1.6000         4.2757         0.1119         6.9954         0.1603
         1.8000         6.7238         0.1619        10.9986         0.1845
         2.0000         9.7610         0.2565        15.7035         0.2556
         2.2000        13.0566         0.3742        21.5307         0.3138
         2.4000        17.0103         0.4604        27.4922         0.3532
         2.6000        21.1671         0.6069        34.5884         0.3970
         2.8000        25.5120         0.5506        42.4049         0.5413
         3.0000        30.2582         0.3451        51.2321         0.4297
         3.2000        35.1944         0.3142        60.2502         0.7290
         3.4000        40.5473         0.3418        70.7836         0.7002
         3.6000        45.6163         0.4536        82.0625         0.6335
         3.8000        51.5865         0.5113        93.5855         0.5666
         4.0000        58.1593         0.6100       106.5044         0.7781
         4.2000        65.2330         0.5586       120.4270         1.0226
         4.4000        72.1934         0.5468       135.8338         0.8931
         4.6000        79.3888         0.9259       151.0194         0.8886
         4.8000        86.3879         0.6621       167.7241         1.3805
         5.0000        93.2803         1.0329       185.4805         1.1046
         5.2000       100.9002         1.0796       204.6477         1.2652
         5.4000       108.1783         0.9638       225.0660         0.7126
         5.6000       115.6099         0.9460       244.9587         1.2934
         5.8000       121.7068         0.9453       267.8991         1.7355
         6.0000       128.1534         0.8468       291.5099         1.7953
         6.2000       133.6727         0.6797         3.4871         0.0667
         6.4000       139.7873         0.5092         9.0627         0.1483
         6.6000       146.2324         0.6832        14.8767         0.2422
         6.8000       154.3473         1.3782        19.9905         0.2795
         7.0000       163.1690         0.7031        24.8557         0.4222
         7.2000       172.1322         0.6895        29.5765         0.6699
         7.4000       181.4124         0.8929        33.8841         0.4457
         7.6000       191.5378         0.8613        38.1007         0.5422
         7.8000       203.3142         1.1381        42.0547         0.4263
         8.0000       213.9801         0.8254        45.4738         0.5180
         8.2000       226.7060         0.8063        49.3100         0.6458
         8.4000       240.6554         1.3363        52.1839         0.4767
         8.6000       255.1640         1.7928        54.7111         0.5829
         8.8000       270.9412         1.2319        56.2542         0.5310
         9.0000       288.5360         1.1942        57.1654         0.8179
         9.2000       307.0979         0.9865        57.2498         0.9525
         9.4000       326.8847         0.9330        56.6195         1.1572
         9.6000       347.6326         1.0592        55.6498         1.0952
         9.8000       369.5177         1.1158        53.4172         0.9293
        10.0000       394.1083         1.3181        50.2728         0.6174
        10.2000       421.4037         1.2200        45.2187         0.4012
        10.4000       448.8390         1.3305        38.8572         0.3242
        10.6000       479.3995         1.1503        30.5956         0.3160
        10.8000       512.8832         1.2461        20.3170         0.2176
        11.0000       549.0525         1.5086         8.4171         0.1120
        11.2000       587.8931         1.8546       892.4597         3.6215
        11.4000       623.8556         1.9777       911.2032         2.6419
        11.6000       661.1019         1.7690       931.4721         2.3980
        11.8000       698.5362         1.8589       953.2735         1.9440
        12.0000       738.7876         1.9166       977.9652         1.6896
        12.2000       779.9113         1.8293      1001.8999         1.7739
        12.4000       818.9914         2.0207      1027.5127         1.7585
        12.6000       857.7404         2.4245      1053.4521         2.2816
        12.8000       893.7363         2.3000      1079.3665         2.7460
        13.0000       929.2430         2.0008      1104.2263         1.7181
        13.2000       967.7059         2.0178      1132.1531         1.8457
        13.4000      1006.4860         2.3922      1162.7408         1.4974
        13.6000      1047.4631         2.2409      1190.4341         1.8559
        13.8000      1084.0178         2.5195      1221.5127         1.7231
        14.0000      1123.4294         3.1345      1252.6343         1.8523
        14.2000      1163.8145         2.9247      1283.4616         2.5741
        14.4000      1205.1500         4.0992      1312.9477         3.0104
        14.6000      1244.8166         3.3173      1346.4882         3.6256
        14.8000      1284.8653         4.7842      1380.5409         3.0401
        15.0000      1325.5376         4.9625      1414.2565         2.7658
        15.2000      1364.6377         4.8329      1451.2326         2.8627
        15.4000      1405.3329         3.7390      1489.2978         3.4902
        15.6000      1445.1361         2.7708      1528.1466         3.7664
        15.8000      1485.2960         2.5304      1563.9689         2.0791
        16.0000      1526.4001         2.5187      1601.9830         2.2834
        16.2000      1569.9764         2.9117      1641.8199         3.4722
        16.4000      1615.6737         2.6522      1682.6082         3.2187
        16.6000      1660.0170         4.1436      1724.3749         3.6233
        16.8000      1702.0859         4.5231      1764.7706         3.4868
        17.0000      1747.8886         4.2356      1805.5176         4.5972
        17.2000      1793.5733         2.7366      1847.5576         4.3055
        17.4000      1836.6749         2.2302      1888.3671         3.5189
        17.6000      1883.8257         1.8631      1929.9880         3.1858
        17.8000      1929.0801         2.0159      1975.6459         3.9812
        18.0000      1977.3115         2.1652      2023.2217         4.6673
        18.2000      2026.5490         2.2263      2070.7019         4.3496
        18.4000      2075.5430         2.7182      2117.4633         4.1534
        18.6000      2124.7606         3.6291      2162.8023         3.4098
        18.8000      2176.7742         4.0795      2215.3963         4.5156
        19.0000      2227.7501         2.9496      2265.6383         4.6417
        19.2000      2275.7527         3.7134      2319.2516         5.1497
        19.4000      2323.2961         5.2125      2369.4251         5.1587
        19.6000      2371.6785         5.8635      2417.4575         5.5541
        19.8000      2421.9345         6.2810      2467.8440         5.2390
        20.0000      2473.9424         6.4669      2518.7800         5.8382
