         0.4000         0.0000         0.0000         0.0000         0.0000
         0.6000         0.0000         0.0000         0.0000         0.0000
         0.8000         0.0000         0.0000         0.0000         0.0000
         1.0000         0.0000         0.0000         0.0000         0.0000
         1.2000         0.0626         0.0288         0.0499         0.0177
         1.4000         0.1556         0.0716         0.1433         0.0840
         1.6000         0.2756         0.1877         0.2193         0.1292
         1.8000         0.4062         0.2716         0.3764         0.2410
         2.0000         0.5902         0.3799         0.5498         0.3515
         2.2000         0.8420         0.5454         0.7384         0.4865
         2.4000         1.0551         0.6703         0.9864         0.6533
         2.6000         1.4028         0.8706         1.3008         0.8592
         2.8000         1.8050         1.0709         1.6330         1.0568
         3.0000         2.1616         1.2845         1.9984         1.2899
         3.2000         2.6002         1.5459         2.3991         1.5631
         3.4000         3.1064         1.8970         3.0151         1.9452
         3.6000         3.8121         2.2948         3.4754         2.2454
         3.8000         4.6533         2.7501         4.0824         2.6189
         4.0000         5.4370         3.2175         4.7622         3.0526
         4.2000         6.1114         3.6884         5.6069         3.5970
         4.4000         6.9548         4.1755         6.4943         4.1692
         4.6000         8.0333         4.7657         7.5183         4.8308
         4.8000         9.0698         5.2399         8.7902         5.6656
         5.0000        10.0727         5.8105        10.0600         6.4960
         5.2000        11.3924         6.5953        11.5278         7.4597
         5.4000        12.9069         7.3611        13.2059         8.5056
         5.6000        14.4157         8.3083        14.8582         9.5634
         5.8000        15.8337         9.0403        16.6983        10.7110
         6.0000        17.6427         9.9325        18.8447        12.1240
         6.2000        19.4975        10.8642         0.7024         0.3855
         6.4000        21.8806        12.0578         1.7972         0.9830
         6.6000        24.4738        13.3022         2.9440         1.6506
         6.8000        27.5930        14.8568         4.1684         2.3316
         7.0000        30.5578        16.2675         5.4647         3.0349
         7.2000        34.2926        18.1103         6.7443         3.7223
         7.4000        37.7641        19.7754         7.7517         4.1528
         7.6000        42.2861        21.5688         8.7740         4.6596
         7.8000        47.0984        23.6855         9.8677         5.2273
         8.0000        52.6614        26.1440        10.6337         5.7214
         8.2000        58.4812        28.5823        11.4521         6.1930
         8.4000        65.3679        31.6450        12.2673         6.5888
         8.6000        72.7689        34.7801        13.1367         6.9016
         8.8000        80.3250        38.1662        13.7099         7.0110
         9.0000        88.6037        41.6284        14.2824         7.2695
         9.2000        97.7912        45.1392        14.8749         7.5628
         9.4000       108.5519        49.3045        15.3882         7.7415
         9.6000       120.6599        53.9585        15.3413         7.5159
         9.8000       133.2619        58.6840        14.8203         7.1228
        10.0000       147.6950        63.8243        14.0782         6.6063
        10.2000       163.8214        69.5289        12.8077         5.9190
        10.4000       181.2194        74.8397        11.3629         5.2721
        10.6000       200.0015        80.6307         9.2722         4.2824
        10.8000       220.4994        87.2398         6.3923         2.9422
        11.0000       242.2023        93.9106         2.7540         1.2340
        11.2000       266.9572       101.2874       425.8966       159.2330
        11.4000       292.7758       109.0901       440.0244       163.0887
        11.6000       319.9816       117.1057       458.0459       166.8972
        11.8000       348.6354       123.9928       475.5036       171.3724
        12.0000       377.1779       131.1726       496.5291       175.6461
        12.2000       408.5898       138.2934       519.5929       180.1787
        12.4000       440.4544       143.5267       544.2617       183.7054
        12.6000       475.9881       150.4914       570.9373       186.4229
        12.8000       512.1552       155.7789       600.4093       190.4925
        13.0000       550.3154       161.8896       631.6656       192.6354
        13.2000       590.6948       167.4043       665.6444       196.2592
        13.4000       631.3360       170.8646       700.6099       197.9844
        13.6000       674.7369       175.5111       739.5783       201.6503
        13.8000       719.2978       177.8534       781.9815       203.6316
        14.0000       769.6470       181.5223       829.1867       204.6763
        14.2000       824.7742       184.3027       876.2274       205.0233
        14.4000       881.0719       185.6508       927.5497       204.3490
        14.6000       941.5640       184.8428       984.6690       203.7612
        14.8000      1001.6001       184.2261      1043.6837       202.4923
        15.0000      1068.3500       181.5400      1106.4589       197.5374
        15.2000      1135.9406       179.2962      1172.0998       191.9664
        15.4000      1206.9101       173.9893      1239.9890       185.7471
        15.6000      1281.3146       167.9764      1315.0987       179.0254
        15.8000      1359.9324       161.7708      1392.6174       171.6970
        16.0000      1443.3550       155.1421      1471.4513       163.4231
        16.2000      1532.2146       147.6584      1555.5674       153.0500
        16.4000      1628.8433       138.7928      1642.5528       144.2489
        16.6000      1724.6880       131.0941      1734.0168       134.8793
        16.8000      1826.3228       122.8422      1835.5984       125.7657
        17.0000      1932.0559       115.3825      1940.4345       116.9861
        17.2000      2044.0523       109.9232      2049.7462       109.1371
        17.4000      2157.2669       106.8358      2165.3538       105.7579
        17.6000      2277.0701       107.9638      2284.8573       105.6693
        17.8000      2400.8545       118.0113      2409.6591       114.4525
        18.0000      2530.5649       144.5431      2541.7144       138.3712
        18.2000      2668.6389       191.0344      2683.2394       184.5217
        18.4000      2815.3200       245.7560      2826.7948       238.1907
        18.6000      2967.6364       302.2899      2971.1324       299.4184
        18.8000      3124.8203       366.3342      3123.9874       362.7687
        19.0000      3286.8880       433.4390      3287.9162       431.1636
        19.2000      3454.9509       503.8898      3457.8361       502.5150
        19.4000      3635.2757       582.9214      3634.6733       580.8674
        19.6000      3821.0854       664.2025      3816.3443       661.5161
        19.8000      4012.8366       756.2626      4005.3314       753.1920
        20.0000      4211.4824       846.4936      4202.2774       835.5790
