         0.4000         0.0000         0.0000         0.0000         0.0000
         0.6000         0.0000         0.0000         0.0000         0.0000
         0.8000         0.0000         0.0000         0.0000         0.0000
         1.0000         0.0022         0.0001         0.0000         0.0000
         1.2000         0.0803         0.0025         0.0000         0.0000
         1.4000         0.2464         0.0070         0.0000         0.0000
         1.6000         0.4635         0.0129         0.0000         0.0000
         1.8000         0.7248         0.0203         0.0000         0.0000
         2.0000         1.0332         0.0255         0.0000         0.0000
         2.2000         1.3983         0.0335         0.0000         0.0000
         2.4000         1.8133         0.0408         0.0000         0.0000
         2.6000         2.2487         0.0470         0.0000         0.0000
         2.8000         2.7466         0.0496         0.0000         0.0000
         3.0000         3.2705         0.0478         0.0000         0.0000
         3.2000         3.8964         0.0567         0.0000         0.0000
         3.4000         4.5550         0.0690         0.0000         0.0000
         3.6000         5.2610         0.0720         0.0000         0.0000
         3.8000         5.9686         0.0730         0.0000         0.0000
         4.0000         6.7595         0.0896         0.0000         0.0000
         4.2000         7.5653         0.0990         0.0000         0.0000
         4.4000         8.4570         0.1103         0.0000         0.0000
         4.6000         9.4027         0.1222         0.0000         0.0000
         4.8000        10.3858         0.1304         0.0000         0.0000
         5.0000        11.4455         0.1141         0.0000         0.0000
         5.2000        12.5862         0.1235         0.0000         0.0000
         5.4000        13.7550         0.1252         0.0000         0.0000
         5.6000        15.0064         0.1426         0.0000         0.0000
         5.8000        16.2637         0.1596         0.0000         0.0000
         6.0000        17.5302         0.1544         0.0000         0.0000
         6.2000        18.8809         0.1521        13.0896         0.0296
         6.4000        20.2831         0.1667       155.1467         0.3263
         6.6000        21.7682         0.1817       186.5488         0.3872
         6.8000        23.1755         0.1814       198.5068         0.3728
         7.0000        24.7219         0.1768       210.5542         0.3497
         7.2000        26.3602         0.1600       222.8455         0.3393
         7.4000        27.9549         0.1477       235.6622         0.3957
         7.6000        29.6167         0.1647       248.8507         0.4084
         7.8000        31.3056         0.1867       262.0608         0.3452
         8.0000        33.0369         0.1996       275.6204         0.3590
         8.2000        34.8677         0.1971       289.6565         0.2816
         8.4000        36.7850         0.1904       304.3269         0.2929
         8.6000        38.7204         0.1950       319.3916         0.3046
         8.8000        40.7314         0.2159       334.5748         0.2858
         9.0000        42.8147         0.2150       349.9668         0.2755
         9.2000        44.9950         0.2136       365.6455         0.2968
         9.4000        47.0737         0.2889       382.1271         0.3062
         9.6000        49.1850         0.3050       399.1488         0.3119
         9.8000        51.3745         0.3078       416.2526         0.3299
        10.0000        53.7067         0.3310       433.8877         0.4048
        10.2000        56.0549         0.2937       451.9690         0.4770
        10.4000        58.3550         0.3236       469.7370         0.5316
        10.6000        60.5830         0.3230       487.8319         0.5989
        10.8000        62.9322         0.3863       446.5509         0.6196
        11.0000        65.4896         0.3179        40.0470         0.0588
        11.2000        68.2167         0.3291         0.0000         0.0000
        11.4000        71.0361         0.4020         0.0000         0.0000
        11.6000        73.6604         0.3067         0.0000         0.0000
        11.8000        76.2264         0.3229         0.0000         0.0000
        12.0000        79.0128         0.2974         0.0000         0.0000
        12.2000        81.9599         0.3020         0.0000         0.0000
        12.4000        84.9499         0.3057         0.0000         0.0000
        12.6000        87.6935         0.3227         0.0000         0.0000
        12.8000        90.7323         0.3444         0.0000         0.0000
        13.0000        93.9292         0.3623         0.0000         0.0000
        13.2000        96.8278         0.3751         0.0000         0.0000
        13.4000        99.7661         0.3636         0.0000         0.0000
        13.6000       102.9198         0.3633         0.0000         0.0000
        13.8000       105.8167         0.3106         0.0000         0.0000
        14.0000       109.0160         0.3378         0.0000         0.0000
        14.2000       112.4409         0.3785         0.0000         0.0000
        14.4000       115.9919         0.3603         0.0000         0.0000
        14.6000       119.3157         0.3160         0.0000         0.0000
        14.8000       122.6740         0.4882         0.0000         0.0000
        15.0000       126.0723         0.4845         0.0000         0.0000
        15.2000       129.4340         0.3273         0.0000         0.0000
        15.4000       132.8479         0.3458         0.0000         0.0000
        15.6000       136.4414         0.3264         0.0000         0.0000
        15.8000       140.1971         0.3023         0.0000         0.0000
        16.0000       143.9322         0.3041         0.0000         0.0000
        16.2000       147.6746         0.2993         0.0000         0.0000
        16.4000       151.3947         0.3127         0.0000         0.0000
        16.6000       155.1399         0.2734         0.0000         0.0000
        16.8000       159.0105         0.2703         0.0000         0.0000
        17.0000       163.0868         0.3014         0.0000         0.0000
        17.2000       167.1680         0.3225         0.0000         0.0000
        17.4000       171.2649         0.3309         0.0000         0.0000
        17.6000       175.3904         0.3400         0.0000         0.0000
        17.8000       179.6895         0.3629         0.0000         0.0000
        18.0000       183.8915         0.4949         0.0000         0.0000
        18.2000       188.3238         0.5977         0.0000         0.0000
        18.4000       192.4902         0.6193         0.0000         0.0000
        18.6000       196.6075         0.6865         0.0000         0.0000
        18.8000       201.0163         0.7401         0.0000         0.0000
        19.0000       205.3865         0.7561         0.0000         0.0000
        19.2000       210.1312         0.7052         0.0000         0.0000
        19.4000       214.9802         0.7385         0.0000         0.0000
        19.6000       219.8407         0.7894         0.0000         0.0000
        19.8000       224.1504         0.8608         0.0000         0.0000
        20.0000       210.7837         0.8915         0.0000         0.0000
