         0.4000         0.0000         0.0000         0.0000         0.0000
         0.6000         0.0000         0.0000         0.0000         0.0000
         0.8000         0.0000         0.0000         0.0000         0.0000
         1.0000         0.0000         0.0000         0.0000         0.0000
         1.2000         0.0746         0.0037         0.0272         0.0170
         1.4000         0.2234         0.0133         0.0771         0.0495
         1.6000         0.4183         0.0293         0.1269         0.0815
         1.8000         0.6523         0.0488         0.1805         0.1154
         2.0000         0.9310         0.0657         0.2430         0.1518
         2.2000         1.2649         0.0853         0.3039         0.1920
         2.4000         1.6339         0.1149         0.3554         0.2252
         2.6000         2.0565         0.1489         0.3991         0.2524
         2.8000         2.5330         0.1828         0.4562         0.2889
         3.0000         3.0651         0.2227         0.5065         0.3231
         3.2000         3.6364         0.2646         0.5313         0.3388
         3.4000         4.2461         0.3114         0.5723         0.3653
         3.6000         4.9062         0.3567         0.6066         0.3828
         3.8000         5.5754         0.4020         0.6196         0.3962
         4.0000         6.3274         0.4571         0.6286         0.4013
         4.2000         7.1351         0.5125         0.6293         0.4050
         4.4000         7.9640         0.5679         0.6315         0.4086
         4.6000         8.8236         0.6188         0.6141         0.4036
         4.8000         9.7876         0.6583         0.5771         0.3725
         5.0000        10.7708         0.7264         0.5220         0.3333
         5.2000        11.8070         0.7941         0.4390         0.2825
         5.4000        12.9212         0.8323         0.3550         0.2266
         5.6000        14.0800         0.8776         0.2665         0.1657
         5.8000        15.3064         0.9385         0.1578         0.1016
         6.0000        16.5064         0.9970         0.0330         0.0207
         6.2000        17.7350         1.0549         0.0075         0.0002
         6.4000        19.0074         1.1311        56.1005         7.2018
         6.6000        20.2854         1.1911       163.1760        20.9257
         6.8000        21.6896         1.2555       176.0479        22.6156
         7.0000        23.1660         1.3182       186.8047        24.1444
         7.2000        24.7220         1.3883       197.8723        25.5998
         7.4000        26.2513         1.4460       209.1910        27.0670
         7.6000        27.8893         1.5150       220.6886        28.6416
         7.8000        29.5785         1.6012       232.4547        30.2257
         8.0000        31.2947         1.6750       244.5319        31.7757
         8.2000        32.9654         1.7502       257.1403        33.2949
         8.4000        34.7006         1.7793       270.0079        34.6817
         8.6000        36.4829         1.8674       283.1941        36.6808
         8.8000        38.4033         1.9059       296.6383        38.4509
         9.0000        40.3751         1.9743       310.7246        40.2008
         9.2000        42.4357         2.0043       325.0113        41.6705
         9.4000        44.3454         2.0460       339.6648        43.8877
         9.6000        46.3959         2.1168       354.6544        45.9386
         9.8000        48.5654         2.1422       369.8098        47.8755
        10.0000        50.9580         2.1762       385.1996        49.8153
        10.2000        53.2769         2.1857       400.8153        51.7736
        10.4000        55.5450         2.2304       416.8614        53.7803
        10.6000        57.8599         2.2502       426.4088        54.9125
        10.8000        60.2556         2.2392       157.1718        20.2668
        11.0000        62.7907         2.3083         0.0232         0.0004
        11.2000        65.3956         2.3080         0.1916         0.1234
        11.4000        68.0668         2.3204         0.9779         0.6267
        11.6000        70.8011         2.2868         1.8471         1.1866
        11.8000        73.5205         2.2607         2.7603         1.7855
        12.0000        76.3138         2.2566         3.6907         2.3826
        12.2000        79.2404         2.2352         4.6595         3.0052
        12.4000        82.0409         2.1867         5.6845         3.6526
        12.6000        84.9696         2.1595         6.6902         4.2912
        12.8000        88.1138         2.1199         7.7538         4.9934
        13.0000        91.3525         2.0478         8.8355         5.7076
        13.2000        94.3574         2.0041         9.9426         6.4127
        13.4000        97.6433         1.9238        11.1201         7.1730
        13.6000       100.7566         1.8782        12.2562         7.9143
        13.8000       103.8823         1.7667        13.4168         8.6704
        14.0000       107.3348         1.6486        14.5193         9.3792
        14.2000       110.6030         1.4817        15.6762        10.1395
        14.4000       113.8636         1.3856        16.9094        10.9882
        14.6000       117.2379         1.2948        18.2349        11.8684
        14.8000       120.9964         1.2038        19.5549        12.7531
        15.0000       124.6366         1.1356        20.8520        13.5852
        15.2000       128.2480         1.0973        22.2199        14.4876
        15.4000       131.9750         1.0328        23.6878        15.5009
        15.6000       136.1307         1.0009        25.0535        16.4329
        15.8000       140.2187         0.9506        26.4227        17.3684
        16.0000       144.5451         0.9200        27.8656        18.3406
        16.2000       148.7449         0.9206        29.3624        19.3611
        16.4000       153.1278         0.9860        30.7966        20.3447
        16.6000       157.3975         1.1383        32.2228        21.4377
        16.8000       161.5228         1.4915        33.7270        22.4533
        17.0000       165.9863         1.8321        35.2830        23.5051
        17.2000       170.3406         2.2676        36.7530        24.5007
        17.4000       174.9642         2.6875        38.3941        25.6246
        17.6000       179.5612         3.0744        40.0983        26.7993
        17.8000       184.0733         3.5051        41.7399        27.9380
        18.0000       188.6615         3.9179        43.2468        28.9799
        18.2000       193.2545         4.4141        44.7588        29.8619
        18.4000       197.9503         4.9364        46.4067        30.9375
        18.6000       202.8115         5.4332        48.1901        32.1349
        18.8000       208.0333         5.9449        50.0569        33.3774
        19.0000       213.6450         6.4314        51.7065        34.5219
        19.2000       218.9444         7.0971        53.4729        35.7320
        19.4000       224.3059         7.7585        55.3859        37.0875
        19.6000       229.4246         8.3191        57.3114        38.4378
        19.8000       234.8990         8.8283        59.2059        39.8443
        20.0000       240.4727         9.2872        60.9856        40.8246
