   4.0000000E-001   0.0000000E+000   0.0000000E+000   0.0000000E+000   0.0000000E+000   0.0000000E+000
   6.0000000E-001   0.0000000E+000   0.0000000E+000   0.0000000E+000   0.0000000E+000   0.0000000E+000
   8.0000000E-001   0.0000000E+000   0.0000000E+000   0.0000000E+000   0.0000000E+000   0.0000000E+000
   1.0000000E+000   0.0000000E+000   0.0000000E+000   0.0000000E+000   0.0000000E+000   0.0000000E+000
   1.2000000E+000   3.6768704E-004   1.0253382E-005   0.0000000E+000   0.0000000E+000   0.0000000E+000
   1.4000000E+000   1.1515752E-003   3.3140776E-005   0.0000000E+000   0.0000000E+000   0.0000000E+000
   1.6000000E+000   2.1828570E-003   6.2088010E-005   0.0000000E+000   0.0000000E+000   0.0000000E+000
   1.8000000E+000   3.4328061E-003   8.4251423E-005   0.0000000E+000   0.0000000E+000   0.0000000E+000
   2.0000000E+000   4.8690831E-003   1.0129648E-004   0.0000000E+000   0.0000000E+000   0.0000000E+000
   2.2000000E+000   6.5180612E-003   1.2511341E-004   0.0000000E+000   0.0000000E+000   0.0000000E+000
   2.4000000E+000   8.3086218E-003   1.4552750E-004   0.0000000E+000   0.0000000E+000   0.0000000E+000
   2.6000000E+000   1.0367147E-002   1.5266493E-004   0.0000000E+000   0.0000000E+000   0.0000000E+000
   2.8000000E+000   1.2698960E-002   1.7789491E-004   0.0000000E+000   0.0000000E+000   0.0000000E+000
   3.0000000E+000   1.5282559E-002   2.0245986E-004   0.0000000E+000   0.0000000E+000   0.0000000E+000
   3.2000000E+000   1.8093161E-002   2.3790420E-004   0.0000000E+000   0.0000000E+000   0.0000000E+000
   3.4000000E+000   2.1068931E-002   3.4251670E-004   0.0000000E+000   0.0000000E+000   0.0000000E+000
   3.6000000E+000   2.4305556E-002   4.0224881E-004   0.0000000E+000   0.0000000E+000   0.0000000E+000
   3.8000000E+000   2.7644159E-002   4.5499008E-004   0.0000000E+000   0.0000000E+000   0.0000000E+000
   4.0000000E+000   3.1365035E-002   4.6255289E-004   0.0000000E+000   0.0000000E+000   0.0000000E+000
   4.2000000E+000   3.5462671E-002   4.8059296E-004   0.0000000E+000   0.0000000E+000   0.0000000E+000
   4.4000000E+000   3.9521061E-002   4.8434949E-004   0.0000000E+000   0.0000000E+000   0.0000000E+000
   4.6000000E+000   4.3719405E-002   5.3801787E-004   0.0000000E+000   0.0000000E+000   0.0000000E+000
   4.8000000E+000   4.7995918E-002   5.2129534E-004   0.0000000E+000   0.0000000E+000   0.0000000E+000
   5.0000000E+000   5.2813199E-002   5.6109599E-004   0.0000000E+000   0.0000000E+000   0.0000000E+000
   5.2000000E+000   5.7606074E-002   5.9665772E-004   0.0000000E+000   0.0000000E+000   0.0000000E+000
   5.4000000E+000   6.2539067E-002   6.4028968E-004   0.0000000E+000   0.0000000E+000   0.0000000E+000
   5.6000000E+000   6.7896687E-002   6.0391194E-004   0.0000000E+000   0.0000000E+000   0.0000000E+000
   5.8000000E+000   7.3337303E-002   5.6570444E-004   0.0000000E+000   0.0000000E+000   0.0000000E+000
   6.0000000E+000   7.9169166E-002   5.6305226E-004   4.5926342E-009   4.5892338E-009  -1.4555709E-056
   6.2000000E+000   8.5313585E-002   5.3290962E-004   5.9125556E-002   1.6874067E-004  -2.8253141E+001
   6.4000000E+000   9.1205099E-002   5.6527859E-004   7.0073308E-001   1.8432496E-003  -3.9985641E-001
   6.6000000E+000   9.7441562E-002   6.3513069E-004   8.4168646E-001   1.9956846E-003  -1.3030169E-003
   6.8000000E+000   1.0409563E-001   6.3604297E-004   8.9456173E-001   1.8696296E-003  -2.3802223E-006
   7.0000000E+000   1.1070013E-001   5.9667242E-004   9.4800509E-001   1.7102243E-003  -2.1548782E-009
   7.2000000E+000   1.1734245E-001   5.6727262E-004   1.0035244E+000   1.6742744E-003  -8.1075567E-013
   7.4000000E+000   1.2442309E-001   6.9833467E-004   1.0591382E+000   1.6026196E-003  -9.8530768E-017
   7.6000000E+000   1.3184684E-001   6.5562427E-004   1.1176365E+000   1.5949006E-003  -2.6477674E-021
   7.8000000E+000   1.3959059E-001   7.0116138E-004   1.1773516E+000   1.5530962E-003  -8.5589161E-027
   8.0000000E+000   1.4726799E-001   6.9971555E-004   1.2398223E+000   1.5341420E-003  -1.1384585E-033
   8.2000000E+000   1.5560770E-001   8.5241401E-004   1.3042019E+000   1.4389790E-003  -7.0835497E-043
   8.4000000E+000   1.6405482E-001   8.2221198E-004   1.3705546E+000   1.2825880E-003  -7.4779012E-057
   8.6000000E+000   1.7263683E-001   8.3835956E-004   1.4378844E+000   1.3824478E-003  -6.5334214E-087
   8.8000000E+000   1.8156983E-001   8.9039407E-004   1.5061899E+000   1.4785896E-003   6.5334214E-087
   9.0000000E+000   1.9047618E-001   7.4098505E-004   1.5765998E+000   1.5363253E-003   7.4779012E-057
   9.2000000E+000   1.9963666E-001   7.5325847E-004   1.6491768E+000   1.3903223E-003   7.0835497E-043
   9.4000000E+000   2.0910881E-001   8.7925740E-004   1.7230930E+000   1.4177369E-003   1.1384585E-033
   9.6000000E+000   2.1937055E-001   8.7301595E-004   1.7991788E+000   1.5871342E-003   8.5589161E-027
   9.8000000E+000   2.2965631E-001   8.3847558E-004   1.8742948E+000   1.6379072E-003   2.6477674E-021
   1.0000000E+001   2.4032852E-001   8.3066493E-004   1.9510841E+000   1.8373076E-003   9.8530768E-017
   1.0200000E+001   2.5054015E-001   9.0240900E-004   2.0302560E+000   2.2241536E-003   8.1075567E-013
   1.0400000E+001   2.6125221E-001   1.0140743E-003   2.1101366E+000   2.5130376E-003   2.1548782E-009
   1.0600000E+001   2.7236114E-001   1.0643674E-003   2.1903419E+000   3.0146448E-003   2.3802223E-006
   1.0800000E+001   2.8320794E-001   1.2709595E-003   2.0058098E+000   3.1905315E-003   1.3030169E-003
   1.1000000E+001   2.9439304E-001   1.3878473E-003   1.7968461E-001   3.0817025E-004   3.9985641E-001
   1.1200000E+001   3.0670221E-001   1.4945799E-003   1.9564769E-008   1.7067764E-007   2.8253141E+001
   1.1400000E+001   3.1812568E-001   1.6330149E-003   0.0000000E+000   0.0000000E+000   1.4555709E-056
   1.1600000E+001   3.3039245E-001   1.7409265E-003   0.0000000E+000   0.0000000E+000   0.0000000E+000
   1.1800000E+001   3.4277481E-001   1.7053787E-003   0.0000000E+000   0.0000000E+000   0.0000000E+000
   1.2000000E+001   3.5488659E-001   1.6998075E-003   0.0000000E+000   0.0000000E+000   0.0000000E+000
   1.2200000E+001   3.6791330E-001   1.5353180E-003   0.0000000E+000   0.0000000E+000   0.0000000E+000
   1.2400000E+001   3.8177972E-001   1.3875618E-003   0.0000000E+000   0.0000000E+000   0.0000000E+000
   1.2600000E+001   3.9508893E-001   1.4122908E-003   0.0000000E+000   0.0000000E+000   0.0000000E+000
   1.2800000E+001   4.0790935E-001   1.2480543E-003   0.0000000E+000   0.0000000E+000   0.0000000E+000
   1.3000000E+001   4.2167214E-001   1.2721283E-003   0.0000000E+000   0.0000000E+000   0.0000000E+000
   1.3200000E+001   4.3545987E-001   1.0796877E-003   0.0000000E+000   0.0000000E+000   0.0000000E+000
   1.3400000E+001   4.4884079E-001   1.2226610E-003   0.0000000E+000   0.0000000E+000   0.0000000E+000
   1.3600000E+001   4.6325291E-001   1.2151417E-003   0.0000000E+000   0.0000000E+000   0.0000000E+000
   1.3800000E+001   4.7691496E-001   1.2465520E-003   0.0000000E+000   0.0000000E+000   0.0000000E+000
   1.4000000E+001   4.9083861E-001   1.2983679E-003   0.0000000E+000   0.0000000E+000   0.0000000E+000
   1.4200000E+001   5.0521857E-001   1.2760413E-003   0.0000000E+000   0.0000000E+000   0.0000000E+000
   1.4400000E+001   5.2005589E-001   1.2104622E-003   0.0000000E+000   0.0000000E+000   0.0000000E+000
   1.4600000E+001   5.3592178E-001   1.4871864E-003   0.0000000E+000   0.0000000E+000   0.0000000E+000
   1.4800000E+001   5.5220568E-001   1.5690200E-003   0.0000000E+000   0.0000000E+000   0.0000000E+000
   1.5000000E+001   5.6808269E-001   1.6120760E-003   0.0000000E+000   0.0000000E+000   0.0000000E+000
   1.5200000E+001   5.8383941E-001   1.4706816E-003   0.0000000E+000   0.0000000E+000   0.0000000E+000
   1.5400000E+001   5.9975897E-001   1.6162983E-003   0.0000000E+000   0.0000000E+000   0.0000000E+000
   1.5600000E+001   6.1670735E-001   1.2798298E-003   0.0000000E+000   0.0000000E+000   0.0000000E+000
   1.5800000E+001   6.3278207E-001   1.2569668E-003   0.0000000E+000   0.0000000E+000   0.0000000E+000
   1.6000000E+001   6.4951468E-001   1.2040044E-003   0.0000000E+000   0.0000000E+000   0.0000000E+000
   1.6200000E+001   6.6671531E-001   1.2115450E-003   0.0000000E+000   0.0000000E+000   0.0000000E+000
   1.6400000E+001   6.8373156E-001   1.3448518E-003   0.0000000E+000   0.0000000E+000   0.0000000E+000
   1.6600000E+001   7.0095218E-001   1.1411350E-003   0.0000000E+000   0.0000000E+000   0.0000000E+000
   1.6800000E+001   7.1830778E-001   1.1638493E-003   0.0000000E+000   0.0000000E+000   0.0000000E+000
   1.7000000E+001   7.3661131E-001   1.1677268E-003   0.0000000E+000   0.0000000E+000   0.0000000E+000
   1.7200000E+001   7.5444910E-001   1.1716447E-003   0.0000000E+000   0.0000000E+000   0.0000000E+000
   1.7400000E+001   7.7304408E-001   1.3286273E-003   0.0000000E+000   0.0000000E+000   0.0000000E+000
   1.7600000E+001   7.9177352E-001   1.4360582E-003   0.0000000E+000   0.0000000E+000   0.0000000E+000
   1.7800000E+001   8.1026183E-001   1.5515753E-003   0.0000000E+000   0.0000000E+000   0.0000000E+000
   1.8000000E+001   8.2868768E-001   1.5592078E-003   0.0000000E+000   0.0000000E+000   0.0000000E+000
   1.8200000E+001   8.4726349E-001   1.5219891E-003   0.0000000E+000   0.0000000E+000   0.0000000E+000
   1.8400000E+001   8.6657075E-001   1.6348379E-003   0.0000000E+000   0.0000000E+000   0.0000000E+000
   1.8600000E+001   8.8551534E-001   1.7545425E-003   0.0000000E+000   0.0000000E+000   0.0000000E+000
   1.8800000E+001   9.0412610E-001   2.1434534E-003   0.0000000E+000   0.0000000E+000   0.0000000E+000
   1.9000000E+001   9.2357202E-001   2.3358486E-003   0.0000000E+000   0.0000000E+000   0.0000000E+000
   1.9200000E+001   9.4426150E-001   2.2921439E-003   0.0000000E+000   0.0000000E+000   0.0000000E+000
   1.9400000E+001   9.6581404E-001   2.4982807E-003   0.0000000E+000   0.0000000E+000   0.0000000E+000
   1.9600000E+001   9.8610680E-001   2.5453793E-003   0.0000000E+000   0.0000000E+000   0.0000000E+000
   1.9800000E+001   1.0069620E+000   2.4973246E-003   0.0000000E+000   0.0000000E+000   0.0000000E+000
   2.0000000E+001   1.0282015E+000   2.4656990E-003   0.0000000E+000   0.0000000E+000   0.0000000E+000
