         0.4000         0.0000         0.0000         0.0000         0.0000
         0.6000         0.0000         0.0000         0.0000         0.0000
         0.8000         0.0000         0.0000         0.0000         0.0000
         1.0000         0.0000         0.0000         0.0000         0.0000
         1.2000         0.1495         0.0031         0.3187         0.0054
         1.4000         0.4655         0.0093         0.8877         0.0129
         1.6000         0.8691         0.0139         1.5321         0.0203
         1.8000         1.3393         0.0193         2.2189         0.0264
         2.0000         1.8568         0.0242         2.9515         0.0343
         2.2000         2.4402         0.0315         3.7379         0.0408
         2.4000         3.0898         0.0364         4.5181         0.0492
         2.6000         3.7848         0.0372         5.2829         0.0569
         2.8000         4.5089         0.0430         6.0268         0.0614
         3.0000         5.2492         0.0494         6.7514         0.0624
         3.2000         6.0198         0.0537         7.4074         0.0611
         3.4000         6.8428         0.0616         8.0279         0.0605
         3.6000         7.6899         0.0657         8.5847         0.0582
         3.8000         8.5541         0.0703         9.0922         0.0547
         4.0000         9.4143         0.0721         9.5145         0.0610
         4.2000        10.2754         0.0709         9.7850         0.0668
         4.4000        11.1744         0.0801         9.9458         0.0726
         4.6000        12.1827         0.0834         9.8793         0.0691
         4.8000        13.2805         0.0808         9.5937         0.0721
         5.0000        14.5389         0.0944         9.0865         0.0763
         5.2000        16.0268         0.1008         8.2763         0.0686
         5.4000        17.6945         0.1021         7.1062         0.0522
         5.6000        19.6350         0.1137         5.4951         0.0407
         5.8000        21.9770         0.1248         3.3227         0.0219
         6.0000        24.8107         0.1329         0.7231         0.0042
         6.2000        28.2318         0.1347         0.0189         0.0002
         6.4000        32.5185         0.1490        19.6890         0.1037
         6.6000        37.1623         0.1648        56.9027         0.2821
         6.8000        41.6532         0.2035        60.8704         0.2567
         7.0000        45.9620         0.1917        64.0136         0.2449
         7.2000        50.1720         0.1948        66.9669         0.3350
         7.4000        54.0753         0.1892        69.9564         0.3432
         7.6000        57.9984         0.2252        73.1288         0.3375
         7.8000        61.6395         0.2544        76.4875         0.3695
         8.0000        65.0149         0.2846        79.7050         0.2714
         8.2000        68.2013         0.2834        83.1147         0.4197
         8.4000        71.3596         0.3009        86.5890         0.3874
         8.6000        74.0428         0.3091        90.0888         0.3816
         8.8000        76.4551         0.2210        93.7006         0.3553
         9.0000        78.6030         0.2086        97.5476         0.3607
         9.2000        80.3778         0.2025       101.3362         0.3911
         9.4000        81.8915         0.1905       105.3452         0.3434
         9.6000        82.8251         0.1775       109.5803         0.4246
         9.8000        83.0545         0.1784       113.8710         0.3657
        10.0000        82.8394         0.2358       118.6095         0.3702
        10.2000        81.8813         0.2137       123.6731         0.5569
        10.4000        79.7194         0.2052       129.0248         0.4411
        10.6000        76.3886         0.2029       132.7107         0.4602
        10.8000        72.0710         0.1967        49.1877         0.1873
        11.0000        67.6782         0.1985         0.0455         0.0003
        11.2000        64.4389         0.1932         2.0678         0.0075
        11.4000        62.3331         0.1886        10.1145         0.0370
        11.6000        61.3999         0.1956        18.0738         0.0630
        11.8000        61.1839         0.1739        25.4029         0.0878
        12.0000        61.6207         0.1740        32.1967         0.1047
        12.2000        62.5783         0.2344        38.4817         0.1140
        12.4000        63.9835         0.1939        44.3805         0.1302
        12.6000        65.8175         0.1915        50.0322         0.1516
        12.8000        68.0101         0.1878        55.3607         0.1658
        13.0000        70.5691         0.1748        60.5370         0.1801
        13.2000        73.3849         0.1833        65.6457         0.1989
        13.4000        76.5077         0.1942        70.6200         0.2051
        13.6000        79.9124         0.2108        75.2330         0.2245
        13.8000        83.4205         0.2067        79.7736         0.2517
        14.0000        87.0335         0.2377        84.3540         0.2696
        14.2000        90.6942         0.2554        88.8758         0.2752
        14.4000        94.4770         0.2616        93.2546         0.2648
        14.6000        98.3408         0.2675        97.6368         0.2474
        14.8000       102.3750         0.2584       102.1205         0.2322
        15.0000       106.4706         0.2638       106.5695         0.2231
        15.2000       110.6595         0.2627       111.0852         0.2419
        15.4000       114.8850         0.2992       115.6126         0.2271
        15.6000       119.1519         0.2881       120.0107         0.2356
        15.8000       123.5778         0.3636       124.7528         0.2404
        16.0000       127.7904         0.3512       129.3758         0.3064
        16.2000       132.0831         0.3416       133.9090         0.3219
        16.4000       136.5236         0.3083       138.4832         0.3621
        16.6000       141.0022         0.2871       142.9643         0.3779
        16.8000       145.5302         0.2465       147.5057         0.3656
        17.0000       150.0370         0.2568       152.0674         0.3922
        17.2000       154.5848         0.2457       156.7045         0.4047
        17.4000       159.3876         0.2420       161.1516         0.4108
        17.6000       163.9925         0.2602       165.6805         0.4044
        17.8000       168.4606         0.2759       170.3139         0.3168
        18.0000       172.9956         0.2948       174.8088         0.2531
        18.2000       177.4517         0.4161       179.2640         0.2620
        18.4000       182.1993         0.4467       183.9565         0.3459
        18.6000       186.6468         0.3980       188.6421         0.3762
        18.8000       191.3425         0.4123       193.5871         0.4103
        19.0000       195.8863         0.4215       198.4065         0.4211
        19.2000       200.3836         0.4510       203.1543         0.4962
        19.4000       205.2822         0.4281       208.1141         0.5364
        19.6000       210.0580         0.4399       213.1450         0.4226
        19.8000       214.5808         0.4554       218.0155         0.4325
        20.0000       218.9920         0.4785       222.5801         0.4871
