         0.4000         0.0000         0.0000         0.0000         0.0000
         0.6000         0.0000         0.0000         0.0000         0.0000
         0.8000         0.0000         0.0000         0.0000         0.0000
         1.0000         0.0023         0.0001         0.0019         0.0000
         1.2000         0.0887         0.0026         0.0729         0.0020
         1.4000         0.2716         0.0079         0.2322         0.0058
         1.6000         0.4952         0.0121         0.4359         0.0100
         1.8000         0.7922         0.0160         0.6849         0.0162
         2.0000         1.1367         0.0227         0.9638         0.0223
         2.2000         1.5565         0.0343         1.2995         0.0284
         2.4000         2.0107         0.0432         1.6696         0.0329
         2.6000         2.5085         0.0502         2.0607         0.0328
         2.8000         3.0982         0.0465         2.4979         0.0366
         3.0000         3.7549         0.0487         2.9539         0.0392
         3.2000         4.4803         0.0503         3.4178         0.0430
         3.4000         5.3121         0.0509         3.8952         0.0441
         3.6000         6.2109         0.0547         4.3711         0.0523
         3.8000         7.1625         0.0582         4.8160         0.0608
         4.0000         8.2660         0.0589         5.2310         0.0599
         4.2000         9.4994         0.0672         5.6390         0.0565
         4.4000        10.8395         0.0783         5.9841         0.0664
         4.6000        12.3972         0.0800         6.2006         0.0639
         4.8000        14.1281         0.0914         6.3345         0.0627
         5.0000        16.2001         0.1010         6.2495         0.0579
         5.2000        18.5704         0.1101         5.9305         0.0545
         5.4000        21.3629         0.1219         5.2929         0.0379
         5.6000        24.6243         0.1249         4.2758         0.0313
         5.8000        28.5528         0.1387         2.7443         0.0192
         6.0000        33.1544         0.1506         0.7319         0.0045
         6.2000        38.6936         0.1707         5.6501         0.0195
         6.4000        45.1232         0.1995        66.0999         0.2140
         6.6000        51.5520         0.2010        78.1961         0.2137
         6.8000        57.5910         0.1939        81.7067         0.2127
         7.0000        63.5123         0.1890        84.9232         0.2147
         7.2000        69.3233         0.2139        88.1374         0.2044
         7.4000        74.7923         0.2159        91.6775         0.2071
         7.6000        80.1514         0.1931        95.6770         0.2802
         7.8000        85.2603         0.2244       100.1756         0.2902
         8.0000        90.1282         0.2172       105.0483         0.3642
         8.2000        95.1374         0.2232       110.3489         0.3903
         8.4000        99.9567         0.3054       115.7736         0.3284
         8.6000       104.6223         0.2340       122.0279         0.3397
         8.8000       109.0498         0.2286       128.6101         0.3488
         9.0000       113.0637         0.1922       135.8400         0.3864
         9.2000       116.6148         0.1840       143.6583         0.4611
         9.4000       119.8618         0.2305       152.3647         0.5398
         9.6000       122.4842         0.2251       161.8072         0.5953
         9.8000       124.3831         0.2857       172.3346         0.6572
        10.0000       125.1942         0.3205       184.0457         0.7208
        10.2000       124.4919         0.2957       197.1036         0.7959
        10.4000       122.2665         0.2631       210.3284         0.8630
        10.6000       118.2301         0.2522       222.9119         0.6856
        10.8000       111.4384         0.2671       207.3191         0.6778
        11.0000       103.1990         0.2495        18.8059         0.0617
        11.2000        95.9262         0.2240         2.9884         0.0097
        11.4000        90.1159         0.1860        12.0096         0.0392
        11.6000        85.6226         0.1770        20.4782         0.0642
        11.8000        82.1558         0.1716        27.8718         0.0854
        12.0000        79.6607         0.1742        34.4720         0.1040
        12.2000        78.0320         0.1798        40.3062         0.1272
        12.4000        76.8131         0.1938        45.5616         0.1256
        12.6000        76.2354         0.2249        50.4469         0.1490
        12.8000        76.2198         0.1854        54.7802         0.1462
        13.0000        76.5128         0.2004        58.7581         0.1487
        13.2000        77.0914         0.2685        62.4081         0.1590
        13.4000        78.1226         0.2278        65.8303         0.1776
        13.6000        79.4981         0.2560        69.1798         0.1812
        13.8000        80.9735         0.2982        72.2690         0.1836
        14.0000        82.5623         0.2830        75.4133         0.2219
        14.2000        84.3639         0.3040        78.5261         0.2330
        14.4000        86.4065         0.3224        81.3880         0.2628
        14.6000        88.3470         0.3282        84.2811         0.2850
        14.8000        90.5027         0.3161        87.2266         0.2547
        15.0000        92.7296         0.2792        90.1069         0.2434
        15.2000        95.0493         0.2725        92.6664         0.2609
        15.4000        97.4188         0.3371        95.4454         0.2041
        15.6000        99.8193         0.3629        98.4686         0.2270
        15.8000       102.4690         0.3569       101.2590         0.2182
        16.0000       105.1125         0.3071       104.0011         0.2218
        16.2000       107.7816         0.3180       106.8265         0.2194
        16.4000       110.6532         0.2151       109.8213         0.2237
        16.6000       113.5085         0.2231       112.8546         0.2376
        16.8000       116.3034         0.2263       115.8178         0.2443
        17.0000       119.3418         0.2323       118.7361         0.2702
        17.2000       122.4459         0.2264       121.8301         0.2063
        17.4000       125.3836         0.2799       124.8008         0.2102
        17.6000       128.3885         0.2637       127.7865         0.2287
        17.8000       131.3529         0.2309       130.7356         0.2578
        18.0000       134.5165         0.2263       134.0541         0.2715
        18.2000       137.8798         0.2434       137.4188         0.2462
        18.4000       141.2361         0.2636       140.5851         0.2520
        18.6000       144.5378         0.2538       143.8994         0.2505
        18.8000       147.8475         0.2464       147.1859         0.2539
        19.0000       151.2157         0.3103       150.5034         0.2901
        19.2000       154.4761         0.2926       153.8996         0.3006
        19.4000       158.0124         0.3297       157.6034         0.3079
        19.6000       161.7747         0.3442       161.1280         0.3553
        19.8000       165.3118         0.4108       164.5867         0.4336
        20.0000       155.6476         0.4422       154.9508         0.4491
