         0.4000         0.0000         0.0000         0.0000         0.0000
         0.6000         0.0000         0.0000         0.0000         0.0000
         0.8000         0.0000         0.0000         0.0000         0.0000
         1.0000         0.0021         0.0002         0.0019         0.0001
         1.2000         0.0782         0.0047         0.0720         0.0060
         1.4000         0.2410         0.0145         0.2101         0.0126
         1.6000         0.4560         0.0287         0.3874         0.0233
         1.8000         0.7072         0.0439         0.6066         0.0427
         2.0000         1.0021         0.0619         0.8672         0.0689
         2.2000         1.3388         0.0924         1.1260         0.0890
         2.4000         1.7197         0.1233         1.4228         0.1127
         2.6000         2.1705         0.1611         1.7604         0.1335
         2.8000         2.6891         0.2006         2.1335         0.1654
         3.0000         3.2465         0.2468         2.5216         0.1933
         3.2000         3.8798         0.2992         2.9488         0.2257
         3.4000         4.5842         0.3526         3.3947         0.2625
         3.6000         5.3719         0.4213         3.8097         0.2972
         3.8000         6.2799         0.5121         4.2363         0.3179
         4.0000         7.2408         0.5752         4.6589         0.3419
         4.2000         8.3461         0.6581         4.9930         0.3923
         4.4000         9.6979         0.7388         5.2894         0.4128
         4.6000        11.1746         0.8326         5.5185         0.4232
         4.8000        12.8249         0.9475         5.6581         0.4351
         5.0000        14.6962         1.0626         5.5635         0.4180
         5.2000        16.9175         1.1968         5.2899         0.3975
         5.4000        19.4445         1.3905         4.7683         0.3674
         5.6000        22.4642         1.6157         3.8413         0.3000
         5.8000        26.0446         1.8347         2.4926         0.1873
         6.0000        30.2828         2.1554         0.6688         0.0485
         6.2000        35.4314         2.5332         5.1549         0.3603
         6.4000        41.2985         2.9511        60.3822         4.2191
         6.6000        47.2145         3.3585        71.5485         4.9600
         6.8000        52.8893         3.7109        74.8734         5.1815
         7.0000        58.3597         4.1059        77.8237         5.3397
         7.2000        63.7101         4.4238        80.8198         5.5340
         7.4000        69.0543         4.7124        84.2505         5.7695
         7.6000        74.1075         4.9886        87.9881         6.0866
         7.8000        79.0059         5.2324        92.0804         6.2888
         8.0000        83.7759         5.5003        96.6068         6.5348
         8.2000        88.4722         5.7566       101.4902         6.7334
         8.4000        93.1031         6.0228       106.9379         7.0458
         8.6000        97.4639         6.2704       112.7895         7.3460
         8.8000       101.6382         6.5521       118.9133         7.5388
         9.0000       105.4854         6.7466       125.8995         7.8326
         9.2000       108.9642         6.9197       133.4164         8.2244
         9.4000       112.0882         7.0469       141.5466         8.6314
         9.6000       114.2731         7.0881       150.5075         8.9722
         9.8000       116.0262         7.1103       160.3960         9.4030
        10.0000       116.8342         7.0364       171.6383         9.8446
        10.2000       116.4447         6.8982       184.1497        10.4457
        10.4000       114.4597         6.6728       196.9127        11.0143
        10.6000       110.7927         6.3607       208.7713        11.5344
        10.8000       104.9729         5.8251       194.1802        10.4970
        11.0000        97.2915         5.2658        17.6146         0.9499
        11.2000        90.5235         4.7268         2.8919         0.0910
        11.4000        85.1159         4.2416        11.6409         0.3375
        11.6000        80.9644         3.8172        19.9066         0.5494
        11.8000        77.9685         3.4537        27.2589         0.6635
        12.0000        75.9815         3.0454        33.7360         0.7823
        12.2000        74.7147         2.7550        39.5833         0.8521
        12.4000        74.0619         2.4995        44.8285         0.8937
        12.6000        73.9029         2.2326        49.6133         0.8664
        12.8000        74.3158         1.9645        54.0093         0.8340
        13.0000        75.1857         1.7066        58.0741         0.8559
        13.2000        76.1826         1.3155        61.9664         0.8506
        13.4000        77.4296         1.1615        65.7593         0.8613
        13.6000        78.8761         1.0676        69.3339         0.8400
        13.8000        80.8036         1.0198        72.8241         0.8532
        14.0000        82.7509         0.9833        75.9884         0.8607
        14.2000        84.8959         0.9487        79.3106         0.8781
        14.4000        87.1405         0.9552        82.5193         0.9160
        14.6000        89.4305         0.9679        85.7306         0.9976
        14.8000        91.8756         1.0293        89.0330         1.1054
        15.0000        94.5367         1.1290        92.4099         1.2662
        15.2000        97.3252         1.3052        95.6642         1.5027
        15.4000       100.3121         1.5331        98.6595         1.9227
        15.6000       103.4965         2.0090       101.8883         2.2928
        15.8000       106.4954         2.5378       105.1637         2.6741
        16.0000       109.4956         2.9373       108.4164         3.0830
        16.2000       112.7368         3.4122       111.7282         3.4689
        16.4000       115.9638         3.8052       115.0737         3.9271
        16.6000       119.1119         4.3386       118.4009         4.3431
        16.8000       122.4077         4.8043       121.9910         4.8104
        17.0000       125.7308         5.2049       125.6454         5.2835
        17.2000       129.2933         5.7027       129.1767         5.8000
        17.4000       133.0311         6.2902       132.8515         6.3891
        17.6000       136.8869         6.8000       136.5904         6.9867
        17.8000       140.6261         7.4739       140.3423         7.4037
        18.0000       144.3787         8.0856       144.0834         7.9795
        18.2000       148.2373         8.7577       147.7688         8.5487
        18.4000       152.2988         9.4833       151.5631         9.2656
        18.6000       156.2481         9.9928       155.4067        10.0444
        18.8000       160.1592        10.6863       159.6509        10.7477
        19.0000       164.2472        11.3713       163.8165        11.2700
        19.2000       168.3148        12.0481       168.0274        11.9665
        19.4000       172.6570        12.8855       172.3363        12.7075
        19.6000       176.8206        13.7043       176.6174        13.4764
        19.8000       181.2346        14.5114       180.7861        14.2071
        20.0000       171.0611        14.0986       170.7383        13.7754
