         0.4000         0.0000         0.0000         0.0000         0.0000
         0.6000         0.0000         0.0000         0.0000         0.0000
         0.8000         0.0000         0.0000         0.0000         0.0000
         1.0000         0.0000         0.0000         0.0000         0.0000
         1.2000         0.0007         0.0000         0.1773         0.0052
         1.4000         0.0017         0.0000         0.1430         0.0047
         1.6000         0.0026         0.0000         0.1089         0.0036
         1.8000         0.0033         0.0000         0.0871         0.0030
         2.0000         0.0038         0.0000         0.0674         0.0023
         2.2000         0.0041         0.0000         0.0563         0.0020
         2.4000         0.0043         0.0000         0.0512         0.0018
         2.6000         0.0044         0.0000         0.0422         0.0014
         2.8000         0.0045         0.0000         0.0405         0.0014
         3.0000         0.0045         0.0000         0.0356         0.0011
         3.2000         0.0045         0.0000         0.0333         0.0011
         3.4000         0.0045         0.0000         0.0308         0.0010
         3.6000         0.0045         0.0000         0.0296         0.0009
         3.8000         0.0045         0.0000         0.0280         0.0009
         4.0000         0.0045         0.0000         0.0278         0.0009
         4.2000         0.0045         0.0000         0.0259         0.0007
         4.4000         0.0045         0.0000         0.0278         0.0008
         4.6000         0.0045         0.0000         0.0260         0.0008
         4.8000         0.0045         0.0000         0.0271         0.0009
         5.0000         0.0045         0.0000         0.0293         0.0010
         5.2000         0.0045         0.0000         0.0307         0.0011
         5.4000         0.0045         0.0000         0.0364         0.0014
         5.6000         0.0045         0.0000         0.0461         0.0018
         5.8000         0.0045         0.0000         0.4108         0.0158
         6.0000         0.0045         0.0000         1.3624         0.0412
         6.2000         0.0045         0.0000         1.1254         0.0422
         6.4000         0.0045         0.0000         0.0534         0.0018
         6.6000         0.0045         0.0000         0.0202         0.0006
         6.8000         0.0045         0.0000         0.0180         0.0006
         7.0000         0.0045         0.0000         0.0164         0.0005
         7.2000         0.0045         0.0000         0.0156         0.0005
         7.4000         0.0045         0.0000         0.0139         0.0005
         7.6000         0.0045         0.0000         0.0135         0.0004
         7.8000         0.0045         0.0000         0.0130         0.0004
         8.0000         0.0045         0.0000         0.0119         0.0004
         8.2000         0.0045         0.0000         0.0112         0.0003
         8.4000         0.0045         0.0000         0.0114         0.0003
         8.6000         0.0045         0.0000         0.0112         0.0003
         8.8000         0.0045         0.0000         0.0107         0.0003
         9.0000         0.0045         0.0000         0.0108         0.0003
         9.2000         0.0045         0.0000         0.0097         0.0002
         9.4000         0.0045         0.0000         0.0099         0.0002
         9.6000         0.0045         0.0000         0.0097         0.0002
         9.8000         0.0045         0.0000         0.0097         0.0002
        10.0000         0.0045         0.0000         0.0088         0.0002
        10.2000         0.0045         0.0000         0.0085         0.0002
        10.4000         0.0045         0.0000         0.0092         0.0002
        10.6000         0.0045         0.0000         0.0087         0.0002
        10.8000         0.0045         0.0000         0.0170         0.0005
        11.0000         0.0045         0.0000         0.5811         0.0265
        11.2000         0.0045         0.0000         0.2580         0.0127
        11.4000         0.0045         0.0000         0.0585         0.0026
        11.6000         0.0045         0.0000         0.0356         0.0016
        11.8000         0.0045         0.0000         0.0287         0.0012
        12.0000         0.0045         0.0000         0.0227         0.0008
        12.2000         0.0045         0.0000         0.0208         0.0007
        12.4000         0.0045         0.0000         0.0181         0.0006
        12.6000         0.0045         0.0000         0.0169         0.0006
        12.8000         0.0045         0.0000         0.0159         0.0005
        13.0000         0.0045         0.0000         0.0158         0.0005
        13.2000         0.0045         0.0000         0.0150         0.0005
        13.4000         0.0045         0.0000         0.0149         0.0004
        13.6000         0.0045         0.0000         0.0129         0.0004
        13.8000         0.0045         0.0000         0.0127         0.0003
        14.0000         0.0045         0.0000         0.0124         0.0004
        14.2000         0.0045         0.0000         0.0124         0.0003
        14.4000         0.0045         0.0000         0.0125         0.0003
        14.6000         0.0045         0.0000         0.0125         0.0003
        14.8000         0.0045         0.0000         0.0120         0.0003
        15.0000         0.0045         0.0000         0.0123         0.0003
        15.2000         0.0045         0.0000         0.0121         0.0003
        15.4000         0.0045         0.0000         0.0113         0.0002
        15.6000         0.0045         0.0000         0.0121         0.0003
        15.8000         0.0045         0.0000         0.0128         0.0003
        16.0000         0.0045         0.0000         0.0122         0.0003
        16.2000         0.0045         0.0000         0.0123         0.0003
        16.4000         0.0045         0.0000         0.0126         0.0003
        16.6000         0.0045         0.0000         0.0138         0.0003
        16.8000         0.0045         0.0000         0.0143         0.0003
        17.0000         0.0045         0.0000         0.0160         0.0003
        17.2000         0.0045         0.0000         0.0230         0.0004
        17.4000         0.0045         0.0000         0.0185         0.0003
        17.6000         0.0045         0.0000         0.0058         0.0001
        17.8000         0.0045         0.0000         0.0059         0.0001
        18.0000         0.0045         0.0000         0.0059         0.0001
        18.2000         0.0045         0.0000         0.0060         0.0001
        18.4000         0.0045         0.0000         0.0058         0.0001
        18.6000         0.0045         0.0000         0.0060         0.0001
        18.8000         0.0045         0.0000         0.0058         0.0001
        19.0000         0.0045         0.0000         0.0060         0.0001
        19.2000         0.0045         0.0000         0.0095         0.0001
        19.4000         0.0045         0.0000         0.0100         0.0002
        19.6000         0.0045         0.0000         0.0098         0.0002
        19.8000         0.0045         0.0000         0.0098         0.0002
        20.0000        62.2497         0.0362        62.2661         0.0305
