         0.4000         0.0000         0.0000         0.0000         0.0000
         0.6000         0.0000         0.0000         0.0000         0.0000
         0.8000         0.0000         0.0000         0.0000         0.0000
         1.0000         0.0000         0.0000         0.0000         0.0000
         1.2000         0.5213         0.1596         0.4964         0.1580
         1.4000         1.5732         0.4988         1.5419         0.4922
         1.6000         2.9122         0.9412         2.9143         0.9197
         1.8000         4.5760         1.4948         4.5888         1.4645
         2.0000         6.5291         2.1352         6.5281         2.0971
         2.2000         8.8949         2.8762         8.8198         2.8126
         2.4000        11.4700         3.6274        11.3838         3.6209
         2.6000        14.3965         4.5359        14.3042         4.5608
         2.8000        17.6552         5.5354        17.5481         5.5874
         3.0000        21.2112         6.7330        21.1475         6.6770
         3.2000        25.1067         7.9085        25.1169         7.9219
         3.4000        29.4089         9.1812        29.4573         9.3126
         3.6000        34.0280        10.5736        33.9040        10.6406
         3.8000        38.8033        11.9558        38.7514        11.9904
         4.0000        43.9895        13.3869        43.8708        13.4454
         4.2000        49.5284        15.0001        49.4678        15.0531
         4.4000        55.5320        16.6200        55.3607        16.6609
         4.6000        61.8634        18.4111        61.8739        18.3616
         4.8000        68.5889        20.2363        68.8379        20.2661
         5.0000        75.2360        21.9770        76.1725        22.2392
         5.2000        82.1036        23.7937        84.1950        24.3793
         5.4000        89.0368        25.7185        93.1925        26.8322
         5.6000        94.2816        26.9400       104.7114        29.6402
         5.8000        95.9508        26.9160       120.5950        33.5621
         6.0000        89.3309        24.7769       145.7351        40.0934
         6.2000        71.3109        19.5133        17.8806         4.6731
         6.4000        61.1312        16.2408        36.4901         9.3329
         6.6000        59.1147        15.1027        47.5972        11.9842
         6.8000        60.6849        15.1534        55.5198        13.6009
         7.0000        64.1759        15.4833        61.8584        14.7726
         7.2000        68.6887        16.1356        67.5499        15.6342
         7.4000        73.7669        16.6739        73.3524        16.6681
         7.6000        79.3455        17.6352        79.4949        17.7766
         7.8000        85.6873        18.4967        85.5020        18.6268
         8.0000        91.8539        19.1651        91.7569        19.4054
         8.2000        97.9288        20.0445        98.4404        20.1939
         8.4000       104.8030        20.8091       104.9980        20.8605
         8.6000       112.0056        21.5468       111.6115        21.4470
         8.8000       119.2324        22.4591       118.9968        22.3100
         9.0000       126.9242        23.3812       127.0005        23.1520
         9.2000       135.0745        24.0459       134.9027        24.0163
         9.4000       143.1504        24.5824       142.7431        24.5103
         9.6000       151.7338        24.9568       151.1553        25.0458
         9.8000       160.7319        25.4865       159.4023        25.4108
        10.0000       171.2899        26.5496       167.1548        25.9184
        10.2000       184.1227        27.4845       173.4969        25.8326
        10.4000       201.0257        28.7465       176.6084        25.5397
        10.6000       226.6458        31.1707       171.7199        24.2983
        10.8000       271.6621        36.2607       147.5018        20.1490
        11.0000       361.3177        46.2902        79.6398        10.6954
        11.2000       503.8677        63.4049       778.6168        98.2317
        11.4000       604.8754        74.9677       730.4520        91.1807
        11.6000       666.1301        80.6176       724.3664        88.2764
        11.8000       709.8452        84.3961       736.0806        87.7813
        12.0000       746.4327        87.0283       757.3674        88.2912
        12.2000       779.8004        88.0009       784.6394        88.4934
        12.4000       812.5975        89.0584       814.8223        89.4367
        12.6000       844.7798        88.9240       845.7614        88.9823
        12.8000       877.7341        88.9989       877.9183        88.9589
        13.0000       911.7253        88.4116       910.7703        88.4471
        13.2000       946.7527        88.7168       945.4687        88.4421
        13.4000       983.3905        87.3473       983.0203        87.0109
        13.6000      1019.6705        85.7796      1019.5124        85.3316
        13.8000      1057.2358        84.5450      1056.9816        84.2882
        14.0000      1096.5762        82.0453      1095.6883        81.8325
        14.2000      1137.6168        79.4180      1135.8293        79.6041
        14.4000      1177.7453        76.6346      1176.4227        76.3417
        14.6000      1220.5021        73.3809      1220.2877        72.9687
        14.8000      1265.1277        68.9257      1265.4407        68.6735
        15.0000      1310.6841        65.0058      1311.0230        65.1197
        15.2000      1356.7596        60.4981      1356.5368        60.2807
        15.4000      1404.7010        56.0367      1405.2581        55.4332
        15.6000      1454.2634        51.1666      1454.6235        51.3722
        15.8000      1507.1393        46.6401      1504.1556        46.5785
        16.0000      1559.2900        42.7783      1558.1505        42.7811
        16.2000      1612.4250        39.4362      1612.2850        39.4664
        16.4000      1668.8132        36.4346      1667.9089        36.5113
        16.6000      1724.9184        34.7591      1724.5576        34.8031
        16.8000      1782.9095        33.0598      1781.8539        33.1904
        17.0000      1843.5398        34.4499      1842.9091        34.1638
        17.2000      1906.0291        38.1642      1904.9952        37.9857
        17.4000      1968.6374        48.8381      1967.4575        50.5634
        17.6000      2033.7189        66.7934      2033.8391        66.8717
        17.8000      2100.7176        83.9239      2099.9816        84.0928
        18.0000      2171.2972       101.6113      2168.4633       101.1710
        18.2000      2240.7339       120.8115      2241.2423       119.7452
        18.4000      2313.3999       140.8978      2313.0674       139.9854
        18.6000      2389.4942       160.5052      2388.3223       159.4608
        18.8000      2466.7205       182.0352      2465.6169       180.7154
        19.0000      2544.8626       205.1737      2544.0478       203.8273
        19.2000      2626.9081       229.1868      2626.6353       228.7052
        19.4000      2710.3975       253.0640      2709.0739       254.7454
        19.6000      2794.1839       279.8715      2794.5040       280.8825
        19.8000      2880.3101       308.5204      2882.0372       308.6255
        20.0000      2967.1515       333.5298      2969.6093       333.8554
