         0.4000         0.0000         0.0000         0.0000         0.0000
         0.6000         0.0000         0.0000         0.0000         0.0000
         0.8000         0.0000         0.0000         0.0000         0.0000
         1.0000         0.0000         0.0000         0.0000         0.0000
         1.2000         0.8166         0.0145         0.8328         0.0163
         1.4000         2.5452         0.0385         2.5220         0.0432
         1.6000         4.6957         0.0576         4.7244         0.0636
         1.8000         7.3701         0.0906         7.4133         0.1135
         2.0000        10.5126         0.0827        10.5421         0.1100
         2.2000        14.0843         0.1062        14.1526         0.1291
         2.4000        18.2131         0.1302        18.3543         0.1304
         2.6000        22.8861         0.1501        22.9961         0.1440
         2.8000        27.9709         0.1903        28.0654         0.1668
         3.0000        33.5202         0.2115        33.6966         0.1749
         3.2000        39.6758         0.1904        39.7260         0.2146
         3.4000        46.1235         0.2206        46.3018         0.2233
         3.6000        53.0165         0.2110        53.1212         0.1743
         3.8000        60.3966         0.2069        60.4998         0.2226
         4.0000        67.9071         0.2828        68.3929         0.2498
         4.2000        76.1473         0.2721        76.5139         0.2416
         4.4000        85.1043         0.2761        85.4795         0.2311
         4.6000        94.5398         0.3125        94.8514         0.2403
         4.8000       103.7388         0.4390       104.6180         0.2665
         5.0000       113.3872         0.7852       114.5389         0.6265
         5.2000       123.2474         0.9051       125.7271         0.7557
         5.4000       132.5271         1.0120       139.1354         1.0044
         5.6000       139.8565         1.0856       155.1923         0.8137
         5.8000       141.4100         0.9309       177.2507         0.9838
         6.0000       130.4713         0.6739       213.0724         1.2257
         6.2000       103.6837         0.4364        25.5879         0.1332
         6.4000        88.5762         0.2645        52.2132         0.3287
         6.6000        84.8227         0.2623        68.0573         0.2857
         6.8000        86.3987         0.2638        78.7897         0.2294
         7.0000        90.8427         0.2892        86.9012         0.2967
         7.2000        96.1949         0.2601        94.2962         0.3194
         7.4000       102.5053         0.3081       101.7610         0.2516
         7.6000       109.5904         0.3062       109.2704         0.2800
         7.8000       116.4271         0.3196       116.2435         0.3697
         8.0000       124.0131         0.3792       123.7710         0.4481
         8.2000       131.6580         0.5237       131.4121         0.5148
         8.4000       139.0944         0.5304       139.2855         0.4622
         8.6000       146.8936         0.5539       147.0995         0.5634
         8.8000       155.0640         0.6293       155.4187         0.6243
         9.0000       163.6482         0.5369       164.1466         0.7096
         9.2000       172.7128         0.7060       172.7902         0.7893
         9.4000       182.0597         0.6498       181.5667         0.6419
         9.6000       191.4605         0.4985       190.1945         0.5557
         9.8000       201.0470         0.4547       198.6266         0.5041
        10.0000       211.7721         0.4398       206.7195         0.4838
        10.2000       224.8143         0.4222       212.5427         0.4651
        10.4000       242.1810         0.4718       214.1983         0.3973
        10.6000       269.5645         0.4555       205.7575         0.3614
        10.8000       320.4300         0.5113       175.3619         0.2980
        11.0000       423.5453         0.5806        93.9512         0.1516
        11.2000       588.6585         0.6771       909.3996         1.2646
        11.4000       704.7698         0.9539       851.1106         1.1178
        11.6000       773.7248         0.8907       839.7736         1.0237
        11.8000       821.2274         0.8247       851.2405         0.9841
        12.0000       859.4522         0.8480       873.1697         0.8584
        12.2000       892.9785         0.7336       899.3208         0.8523
        12.4000       926.4941         0.7749       929.4796         0.8991
        12.6000       959.2923         0.9138       960.6185         0.9241
        12.8000       991.3124         0.8432       992.6118         0.8061
        13.0000      1023.5543         0.8479      1024.6170         0.8722
        13.2000      1057.1776         0.8853      1057.6521         0.9354
        13.4000      1091.4367         0.9565      1092.4018         0.9249
        13.6000      1126.6917         0.9212      1126.3804         0.8947
        13.8000      1162.7468         0.8616      1161.3855         1.0717
        14.0000      1197.7838         0.8763      1197.4439         1.1582
        14.2000      1233.0888         1.1543      1232.9049         1.1351
        14.4000      1269.8086         1.1897      1269.9660         1.1003
        14.6000      1305.2134         1.2243      1306.5820         1.0382
        14.8000      1345.2717         1.1853      1344.5620         1.0478
        15.0000      1384.2864         1.3115      1384.2297         1.1556
        15.2000      1423.9536         1.3931      1422.8699         1.3498
        15.4000      1461.9925         1.2113      1462.0453         1.2232
        15.6000      1501.2882         1.1402      1503.9396         1.4014
        15.8000      1541.8487         1.2767      1545.0977         1.5584
        16.0000      1582.8289         1.4286      1585.2437         1.5785
        16.2000      1624.2943         1.2711      1625.5502         1.4406
        16.4000      1667.0162         1.4334      1667.2626         1.6459
        16.6000      1709.4878         1.1681      1709.6231         1.9867
        16.8000      1752.7541         1.1910      1752.5928         1.6936
        17.0000      1794.6549         1.1761      1796.2556         1.3978
        17.2000      1838.6749         1.1832      1840.2840         1.3692
        17.4000      1883.1733         1.2256      1885.6084         1.1484
        17.6000      1928.4912         1.3573      1929.6878         1.2035
        17.8000      1974.0529         1.0897      1975.3954         1.2288
        18.0000      2020.6289         1.0701      2022.7819         1.2108
        18.2000      2068.4749         1.2908      2069.4849         1.2405
        18.4000      2115.2661         1.5778      2114.9082         1.3558
        18.6000      2161.4191         1.7922      2161.6114         1.2763
        18.8000      2210.1746         1.3144      2208.6810         1.1879
        19.0000      2258.8802         2.1404      2257.7818         1.9748
        19.2000      2307.3338         2.3759      2307.5952         2.1161
        19.4000      2355.2054         2.1481      2354.7790         2.3393
        19.6000      2403.6433         1.8177      2403.9973         2.2022
        19.8000      2453.6627         1.9530      2454.3701         2.0109
        20.0000      2505.8299         2.2614      2504.8248         2.2747
