   8.0000004E-002   0.0000000E+000   0.0000000E+000   0.0000000E+000   0.0000000E+000
   1.2000000E-001   0.0000000E+000   0.0000000E+000   0.0000000E+000   0.0000000E+000
   1.6000001E-001   0.0000000E+000   0.0000000E+000   0.0000000E+000   0.0000000E+000
   2.0000000E-001   0.0000000E+000   0.0000000E+000   0.0000000E+000   0.0000000E+000
   2.4000000E-001   0.0000000E+000   0.0000000E+000   0.0000000E+000   0.0000000E+000
   2.8000001E-001   0.0000000E+000   0.0000000E+000   0.0000000E+000   0.0000000E+000
   3.2000002E-001   0.0000000E+000   0.0000000E+000   0.0000000E+000   0.0000000E+000
   3.5999998E-001   0.0000000E+000   0.0000000E+000   0.0000000E+000   0.0000000E+000
   3.9999999E-001   0.0000000E+000   0.0000000E+000   0.0000000E+000   0.0000000E+000
   4.4000000E-001   0.0000000E+000   0.0000000E+000   0.0000000E+000   0.0000000E+000
   4.8000000E-001   0.0000000E+000   0.0000000E+000   0.0000000E+000   0.0000000E+000
   5.2000001E-001   0.0000000E+000   0.0000000E+000   0.0000000E+000   0.0000000E+000
   5.6000002E-001   0.0000000E+000   0.0000000E+000   0.0000000E+000   0.0000000E+000
   5.9999999E-001   0.0000000E+000   0.0000000E+000   0.0000000E+000   0.0000000E+000
   6.4000003E-001   0.0000000E+000   0.0000000E+000   0.0000000E+000   0.0000000E+000
   6.8000004E-001   0.0000000E+000   0.0000000E+000   0.0000000E+000   0.0000000E+000
   7.1999997E-001   0.0000000E+000   0.0000000E+000   0.0000000E+000   0.0000000E+000
   7.5999998E-001   0.0000000E+000   0.0000000E+000   0.0000000E+000   0.0000000E+000
   7.9999998E-001   0.0000000E+000   0.0000000E+000   0.0000000E+000   0.0000000E+000
   8.3999999E-001   0.0000000E+000   0.0000000E+000   0.0000000E+000   0.0000000E+000
   8.8000000E-001   0.0000000E+000   0.0000000E+000   0.0000000E+000   0.0000000E+000
   9.2000000E-001   0.0000000E+000   0.0000000E+000   0.0000000E+000   0.0000000E+000
   9.6000001E-001   0.0000000E+000   0.0000000E+000   0.0000000E+000   0.0000000E+000
   1.0000000E+000   0.0000000E+000   0.0000000E+000   0.0000000E+000   0.0000000E+000
   1.0400000E+000   8.8391630E-007   1.1260382E-007   1.4536389E-006   1.3628360E-007
   1.0800000E+000   2.3305694E-006   3.3061404E-007   3.7922656E-006   3.2381505E-007
   1.1200000E+000   4.0727575E-006   6.1294177E-007   6.3062127E-006   5.3357704E-007
   1.1600000E+000   6.3063509E-006   7.6475755E-007   8.9414793E-006   6.9937236E-007
   1.2000000E+000   8.7378088E-006   1.1044991E-006   1.1807360E-005   8.8345005E-007
   1.2400000E+000   1.0841084E-005   1.3806640E-006   1.5281352E-005   1.1194739E-006
   1.2800001E+000   1.3017184E-005   1.5895007E-006   1.8808890E-005   1.3146194E-006
   1.3200000E+000   1.5520235E-005   2.0998748E-006   2.2409900E-005   1.4886376E-006
   1.3600001E+000   1.7309503E-005   2.3399195E-006   2.5562506E-005   1.7800510E-006
   1.4000000E+000   1.9816355E-005   2.4336938E-006   2.9539426E-005   2.0226539E-006
   1.4399999E+000   2.2943662E-005   2.6693284E-006   3.3671304E-005   2.1276824E-006
   1.4800000E+000   2.5713398E-005   3.0809186E-006   3.7419429E-005   2.2742047E-006
   1.5200000E+000   2.8845361E-005   3.5746487E-006   4.1008119E-005   2.4235046E-006
   1.5600000E+000   3.3154685E-005   3.9180067E-006   4.5433888E-005   2.6925697E-006
   1.6000000E+000   3.6701236E-005   4.1198453E-006   4.9648708E-005   2.9323645E-006
   1.6400000E+000   3.9797779E-005   4.2866163E-006   5.3557224E-005   3.0758852E-006
   1.6800000E+000   4.1439442E-005   4.4263972E-006   5.8344381E-005   3.3615815E-006
   1.7200001E+000   4.3838775E-005   4.3759693E-006   6.3989188E-005   3.6286866E-006
   1.7600000E+000   4.8495476E-005   4.8909199E-006   6.8076447E-005   3.7779275E-006
   1.8000001E+000   5.1502041E-005   4.8413364E-006   7.2546347E-005   4.0643138E-006
   1.8400000E+000   5.4437592E-005   4.9167807E-006   7.7845909E-005   4.4294759E-006
   1.8799999E+000   5.6585267E-005   5.0520620E-006   8.2111760E-005   4.5521512E-006
   1.9200000E+000   6.0805214E-005   5.0191891E-006   8.8145521E-005   4.8543275E-006
   1.9599999E+000   6.2245948E-005   4.8026032E-006   9.5018928E-005   4.7278328E-006
   2.0000000E+000   6.4850547E-005   4.6679602E-006   1.0277171E-004   4.8942944E-006
   2.0400000E+000   6.8974233E-005   4.9996192E-006   1.0870093E-004   4.9934198E-006
   2.0800000E+000   7.2656728E-005   4.7752703E-006   1.1456980E-004   4.8375085E-006
   2.1200000E+000   7.7190739E-005   4.9241105E-006   1.1980307E-004   5.3847107E-006
   2.1600001E+000   8.0939079E-005   5.2144130E-006   1.2840081E-004   6.8173616E-006
   2.2000000E+000   8.2476608E-005   5.1499776E-006   1.3623110E-004   7.3340940E-006
   2.2400001E+000   8.6761113E-005   5.0633590E-006   1.4322317E-004   7.3503929E-006
   2.2800000E+000   9.1364140E-005   5.3264846E-006   1.5101312E-004   7.3151574E-006
   2.3199999E+000   9.5909748E-005   5.5922416E-006   1.5627328E-004   7.8975753E-006
   2.3600000E+000   9.8782663E-005   5.9066925E-006   1.6385309E-004   8.2445266E-006
   2.3999999E+000   1.0282704E-004   6.3593400E-006   1.6902993E-004   8.7119443E-006
   2.4400000E+000   1.0681425E-004   6.5540283E-006   1.7518122E-004   8.6607499E-006
   2.4800000E+000   1.0986673E-004   6.4630008E-006   1.8169273E-004   7.9095911E-006
   2.5200000E+000   1.1371500E-004   6.4083241E-006   1.8943938E-004   7.7494707E-006
   2.5600001E+000   1.1908031E-004   6.3172615E-006   1.9978221E-004   7.8924570E-006
   2.5999999E+000   1.2500683E-004   5.4244196E-006   2.0707044E-004   8.5322713E-006
   2.6400000E+000   1.3081241E-004   5.3999088E-006   2.1565085E-004   9.4249522E-006
   2.6800001E+000   1.3478020E-004   5.5733859E-006   2.2135456E-004   1.0027256E-005
   2.7200001E+000   1.4195427E-004   5.2359762E-006   2.2966590E-004   1.0138906E-005
   2.7599999E+000   1.4755620E-004   6.1490997E-006   2.3881534E-004   1.0799003E-005
   2.8000000E+000   1.5390562E-004   5.4937306E-006   2.4702887E-004   1.1750468E-005
   2.8400001E+000   1.6186390E-004   5.5102033E-006   2.5723604E-004   1.3018140E-005
   2.8799999E+000   1.6605446E-004   5.3711772E-006   2.6417971E-004   1.3542941E-005
   2.9200000E+000   1.6865488E-004   6.2250767E-006   2.7264409E-004   1.3357167E-005
   2.9600000E+000   1.7316163E-004   6.6074817E-006   2.8007654E-004   9.2690946E-006
   3.0000001E+000   1.7918326E-004   7.3257001E-006   2.8883157E-004   9.6763566E-006
   3.0399999E+000   1.8408665E-004   7.1932931E-006   2.9845183E-004   9.4560776E-006
   3.0800000E+000   1.9015806E-004   6.7647901E-006   3.1063678E-004   1.3281559E-005
   3.1200001E+000   1.9512078E-004   7.4162250E-006   3.2366344E-004   1.3745206E-005
   3.1600001E+000   2.0104061E-004   6.9301760E-006   3.4036853E-004   1.3848719E-005
   3.1999999E+000   2.0545833E-004   6.8663918E-006   3.5450941E-004   1.4178290E-005
   3.2400000E+000   2.1287676E-004   7.6305494E-006   3.6621424E-004   1.5540961E-005
   3.2800001E+000   2.1890590E-004   8.0303134E-006   3.7615147E-004   1.5588494E-005
   3.3199999E+000   2.2401900E-004   7.7426483E-006   3.8825751E-004   1.5295041E-005
   3.3600000E+000   2.3215419E-004   7.4135818E-006   4.0549993E-004   1.5683045E-005
   3.4000000E+000   2.4204565E-004   8.3274904E-006   4.1946271E-004   1.5685938E-005
   3.4400001E+000   2.5169341E-004   9.7769720E-006   4.3355197E-004   1.5798326E-005
   3.4799999E+000   2.5835119E-004   9.9832575E-006   4.4912901E-004   1.6897820E-005
   3.5200000E+000   2.6479444E-004   1.0289249E-005   4.5789578E-004   1.6532080E-005
   3.5600001E+000   2.7071839E-004   9.5907944E-006   4.6397602E-004   1.6517520E-005
   3.6000001E+000   2.7903902E-004   9.8620423E-006   4.7830867E-004   1.6759442E-005
   3.6399999E+000   2.8633540E-004   9.8781302E-006   4.8912484E-004   1.6401758E-005
   3.6800000E+000   2.9436301E-004   1.0494770E-005   4.9812342E-004   1.5362344E-005
   3.7200001E+000   3.0183399E-004   1.1424872E-005   5.1012579E-004   1.4897711E-005
   3.7599999E+000   3.0685972E-004   1.1259723E-005   5.2193465E-004   1.4462431E-005
   3.8000000E+000   3.1330458E-004   1.0817568E-005   5.3687384E-004   1.0711792E-005
   3.8400000E+000   3.2044036E-004   1.0857685E-005   5.4935622E-004   1.0841155E-005
   3.8800001E+000   3.3164721E-004   7.8048251E-006   5.6730081E-004   1.1195550E-005
   3.9199999E+000   3.4019654E-004   7.1763920E-006   5.8339873E-004   1.4791738E-005
   3.9600000E+000   3.4844073E-004   7.1568825E-006   6.0398740E-004   1.1408013E-005
   4.0000001E+000   3.5159059E-004   7.6482897E-006   6.1976884E-004   9.6700701E-006
   4.0400001E+000   3.6015313E-004   7.8294317E-006   6.3730876E-004   1.1125487E-005
   4.0799999E+000   3.6819540E-004   7.6818790E-006   6.5340828E-004   1.0767305E-005
   4.1200000E+000   3.7555434E-004   7.7752759E-006   6.6960335E-004   1.0488651E-005
   4.1600001E+000   3.8420205E-004   8.2593050E-006   6.8490527E-004   1.0826074E-005
   4.1999999E+000   3.9186085E-004   8.1855968E-006   6.9383791E-004   1.1074561E-005
   4.2399999E+000   3.9854368E-004   8.5323365E-006   7.0836828E-004   1.1609252E-005
   4.2800000E+000   4.0567830E-004   8.6719801E-006   7.2378223E-004   1.1695973E-005
   4.3200001E+000   4.1147428E-004   8.8563483E-006   7.4059133E-004   1.1655970E-005
   4.3599999E+000   4.2523587E-004   8.8798189E-006   7.5426380E-004   1.1120259E-005
   4.4000000E+000   4.3153534E-004   9.0893673E-006   7.7328821E-004   1.1780329E-005
   4.4400001E+000   4.3981479E-004   9.7388358E-006   7.9153530E-004   1.1269556E-005
   4.4800001E+000   4.4551599E-004   1.0019806E-005   8.0938336E-004   1.0875142E-005
   4.5199999E+000   4.5105309E-004   1.0222516E-005   8.3025871E-004   1.0972470E-005
   4.5600000E+000   4.5710655E-004   9.9355838E-006   8.5140172E-004   1.0556431E-005
   4.6000001E+000   4.6626928E-004   1.0143282E-005   8.6526206E-004   1.0818261E-005
   4.6399999E+000   4.7340777E-004   1.0469505E-005   8.8240204E-004   1.1756008E-005
   4.6799999E+000   4.7855508E-004   1.0311636E-005   9.0037317E-004   1.1885730E-005
   4.7200000E+000   4.8483152E-004   1.0276139E-005   9.2308165E-004   1.4493847E-005
   4.7600001E+000   4.8891960E-004   9.6429628E-006   9.3939396E-004   1.3043350E-005
   4.7999999E+000   4.9170027E-004   1.0125068E-005   9.5574855E-004   1.3288785E-005
   4.8400000E+000   5.0252786E-004   1.0770755E-005   9.7362635E-004   1.4741275E-005
   4.8800001E+000   5.1294947E-004   1.1139429E-005   9.9290924E-004   1.6164000E-005
   4.9200001E+000   5.1995353E-004   1.0570296E-005   1.0162830E-003   2.6247058E-005
   4.9599999E+000   5.3128477E-004   1.1612000E-005   1.0388235E-003   2.6452225E-005
   5.0000000E+000   5.3997956E-004   1.0397989E-005   1.0589474E-003   2.1459664E-005
   5.0400001E+000   5.5053815E-004   1.0366982E-005   1.0752109E-003   2.1074046E-005
   5.0800002E+000   5.5927802E-004   1.0661408E-005   1.0961364E-003   2.1355399E-005
   5.1200002E+000   5.6730692E-004   1.0632467E-005   1.1228279E-003   2.2450302E-005
   5.1599997E+000   5.7873356E-004   1.2002481E-005   1.1480486E-003   2.3695581E-005
   5.1999998E+000   5.8906063E-004   1.0664707E-005   1.1725097E-003   2.4397668E-005
   5.2399999E+000   6.0106134E-004   1.0720510E-005   1.2059099E-003   2.6234473E-005
   5.2800000E+000   6.0605146E-004   1.1414562E-005   1.2273883E-003   2.4356359E-005
   5.3200001E+000   6.0779013E-004   1.1590776E-005   1.2459989E-003   2.6493007E-005
   5.3600001E+000   6.1649375E-004   1.2198424E-005   1.2674335E-003   2.5003677E-005
   5.4000002E+000   6.1921348E-004   1.2331919E-005   1.2964144E-003   2.3247980E-005
   5.4400003E+000   6.2172903E-004   1.3283756E-005   1.3251562E-003   2.6612664E-005
   5.4799998E+000   6.2223990E-004   1.2818439E-005   1.3489864E-003   2.8202781E-005
   5.5199999E+000   6.2798004E-004   1.2141940E-005   1.3754586E-003   2.7977667E-005
   5.5599999E+000   6.3805731E-004   1.0419504E-005   1.3952443E-003   3.4247180E-005
   5.6000000E+000   6.5065235E-004   1.0419301E-005   1.4126961E-003   3.3139534E-005
   5.6400001E+000   6.5804959E-004   1.0280214E-005   1.4342588E-003   3.4378308E-005
   5.6800002E+000   6.6694217E-004   1.0745988E-005   1.4580869E-003   3.7237653E-005
   5.7200003E+000   6.7295449E-004   1.1838865E-005   1.4861413E-003   3.7620826E-005
   5.7599998E+000   6.7537724E-004   1.2338560E-005   1.5100348E-003   3.8987097E-005
   5.7999998E+000   6.8145471E-004   1.3010802E-005   1.5424896E-003   4.0828876E-005
   5.8399999E+000   6.8705491E-004   1.2449576E-005   1.5645047E-003   4.5186888E-005
   5.8800000E+000   6.9350170E-004   1.1790707E-005   1.5902058E-003   4.5670605E-005
   5.9200001E+000   6.9425106E-004   1.0708086E-005   1.6209099E-003   4.3184093E-005
   5.9600002E+000   6.9779397E-004   1.0672070E-005   1.6501807E-003   4.3458050E-005
   6.0000002E+000   7.0176437E-004   1.2557386E-005   1.5870632E-003   3.9692197E-005
   6.0399997E+000   7.0566250E-004   1.0169954E-005   4.7620795E-006   2.6306043E-007
   6.0799998E+000   7.1440679E-004   1.0337289E-005   1.0701020E-005   5.6102430E-007
   6.1199999E+000   7.1939964E-004   1.0117151E-005   1.7703867E-005   9.2690629E-007
   6.1600000E+000   7.2933404E-004   9.7927836E-006   2.4023073E-005   1.2378137E-006
   6.2000000E+000   7.3518500E-004   1.0809867E-005   3.0842538E-005   1.6268657E-006
   6.2400001E+000   7.4820289E-004   1.2108888E-005   3.7281417E-005   1.8740069E-006
   6.2800002E+000   7.6129976E-004   1.3962458E-005   4.2662698E-005   2.1700695E-006
   6.3200003E+000   7.7730568E-004   1.4209624E-005   4.9102490E-005   2.5333885E-006
   6.3599998E+000   7.8650370E-004   1.4347059E-005   5.5912059E-005   2.7608858E-006
   6.3999999E+000   7.9500931E-004   1.4359228E-005   6.1638096E-005   3.1562548E-006
   6.4399999E+000   8.0004865E-004   1.4068306E-005   6.7650262E-005   3.7816908E-006
   6.4800000E+000   8.0190858E-004   1.4647659E-005   7.4069923E-005   3.5194735E-006
   6.5200001E+000   8.1056931E-004   1.4715778E-005   8.1141430E-005   3.6175019E-006
   6.5600002E+000   8.1828576E-004   1.4848658E-005   8.8114580E-005   3.9168427E-006
   6.6000003E+000   8.1892379E-004   1.5287153E-005   9.3142791E-005   4.1491549E-006
   6.6399997E+000   8.2443774E-004   1.6207078E-005   1.0021892E-004   5.0521257E-006
   6.6799998E+000   8.2779951E-004   1.5537535E-005   1.0568312E-004   5.0297044E-006
   6.7199999E+000   8.3953598E-004   1.5561413E-005   1.1120980E-004   5.8539254E-006
   6.7600000E+000   8.5563099E-004   1.5520383E-005   1.1795626E-004   5.9087149E-006
   6.8000001E+000   8.6470778E-004   1.5776463E-005   1.2596117E-004   6.5183880E-006
   6.8400002E+000   8.6928383E-004   1.5745492E-005   1.3331392E-004   6.8491326E-006
   6.8800002E+000   8.7658088E-004   1.4826111E-005   1.3972176E-004   6.7109119E-006
   6.9199997E+000   8.8535793E-004   1.3957316E-005   1.4664563E-004   6.8941936E-006
   6.9599998E+000   8.9757666E-004   1.4005045E-005   1.5422404E-004   8.0747947E-006
   6.9999999E+000   9.0697121E-004   1.2977782E-005   1.5856361E-004   8.7171794E-006
   7.0400000E+000   9.2133131E-004   1.3196989E-005   1.6484335E-004   8.6269244E-006
   7.0800000E+000   9.3327696E-004   1.3576033E-005   1.6975478E-004   7.5129620E-006
   7.1200001E+000   9.5350121E-004   1.3941956E-005   1.7579661E-004   7.9158483E-006
   7.1600002E+000   9.6729342E-004   1.4901243E-005   1.7910969E-004   8.4029389E-006
   7.2000003E+000   9.7692651E-004   1.3853470E-005   1.8352682E-004   9.4148689E-006
   7.2399998E+000   9.7978436E-004   1.3536985E-005   1.8936494E-004   9.6523988E-006
   7.2799999E+000   9.9277850E-004   1.3249180E-005   1.9824482E-004   9.7972891E-006
   7.3199999E+000   1.0032618E-003   1.2230506E-005   2.0570627E-004   9.7186167E-006
   7.3600000E+000   1.0116843E-003   1.1729105E-005   2.0962930E-004   8.5816895E-006
   7.4000001E+000   1.0248401E-003   1.2147972E-005   2.1497087E-004   8.8632347E-006
   7.4400002E+000   1.0428862E-003   1.2563013E-005   2.2179222E-004   1.0094638E-005
   7.4800003E+000   1.0556260E-003   1.2768167E-005   2.2984286E-004   1.2051992E-005
   7.5199997E+000   1.0627019E-003   1.2107914E-005   2.3468931E-004   1.2671672E-005
   7.5599998E+000   1.0730309E-003   1.2317601E-005   2.3617102E-004   1.2742507E-005
   7.5999999E+000   1.0869633E-003   1.4990557E-005   2.3876467E-004   1.2419642E-005
   7.6400000E+000   1.1036030E-003   1.4561807E-005   2.4223930E-004   1.2814465E-005
   7.6800001E+000   1.1204455E-003   1.2408138E-005   2.4381572E-004   1.2861470E-005
   7.7200001E+000   1.1363079E-003   1.4684195E-005   2.5161168E-004   1.3128359E-005
   7.7600002E+000   1.1539934E-003   1.5697224E-005   2.5512817E-004   1.2992862E-005
   7.7999997E+000   1.1724531E-003   1.5238260E-005   2.5870788E-004   1.3456518E-005
   7.8399998E+000   1.1930121E-003   1.3594541E-005   2.6425935E-004   1.4956186E-005
   7.8799999E+000   1.2055059E-003   1.3774075E-005   2.6935323E-004   1.5339835E-005
   7.9200000E+000   1.2103912E-003   1.4481425E-005   2.7420438E-004   1.4193964E-005
   7.9600000E+000   1.2251116E-003   1.2696844E-005   2.7637358E-004   1.4446753E-005
   8.0000001E+000   1.2334149E-003   1.3143864E-005   2.8215188E-004   1.5336074E-005
   8.0400002E+000   1.2439086E-003   1.4018846E-005   2.9000465E-004   1.6075884E-005
   8.0800003E+000   1.2629592E-003   1.5199538E-005   2.9509692E-004   1.7544451E-005
   8.1199998E+000   1.2783518E-003   1.5118989E-005   2.9781729E-004   1.7928645E-005
   8.1599998E+000   1.2998556E-003   1.5282604E-005   3.0243845E-004   1.5547914E-005
   8.1999999E+000   1.3233865E-003   1.5817965E-005   3.0250193E-004   1.4863707E-005
   8.2400000E+000   1.3487349E-003   1.6765230E-005   3.0484378E-004   1.4269513E-005
   8.2800001E+000   1.3702642E-003   1.6728946E-005   3.0570068E-004   1.3294333E-005
   8.3200002E+000   1.3918574E-003   1.5663400E-005   3.0873676E-004   1.2722190E-005
   8.3600003E+000   1.4104544E-003   1.5147322E-005   3.0935476E-004   1.4028881E-005
   8.3999997E+000   1.4290257E-003   1.4132771E-005   3.1445568E-004   1.4598879E-005
   8.4399998E+000   1.4514572E-003   1.4543542E-005   3.1507461E-004   1.3489699E-005
   8.4799999E+000   1.4665201E-003   1.4470380E-005   3.1600717E-004   1.3208116E-005
   8.5200000E+000   1.4866326E-003   1.4570757E-005   3.1708639E-004   1.3396559E-005
   8.5600001E+000   1.5107461E-003   1.4971789E-005   3.1913683E-004   1.3328337E-005
   8.6000001E+000   1.5349618E-003   1.5607034E-005   3.2035947E-004   1.2822644E-005
   8.6400002E+000   1.5591256E-003   1.5339563E-005   3.2347322E-004   1.0896227E-005
   8.6799997E+000   1.5803538E-003   1.4099819E-005   3.2262867E-004   1.2078734E-005
   8.7199998E+000   1.6007592E-003   1.4200986E-005   3.2106336E-004   1.1625447E-005
   8.7599999E+000   1.6186067E-003   1.4893354E-005   3.2128317E-004   1.2288203E-005
   8.8000000E+000   1.6378624E-003   1.4108699E-005   3.2111246E-004   1.1841357E-005
   8.8400000E+000   1.6575817E-003   1.3628794E-005   3.2609845E-004   9.9718276E-006
   8.8800001E+000   1.6849847E-003   1.4095357E-005   3.2951584E-004   9.1801403E-006
   8.9200002E+000   1.7140244E-003   1.4404050E-005   3.2662138E-004   8.4652125E-006
   8.9600003E+000   1.7348027E-003   1.5872582E-005   3.2802389E-004   8.1848153E-006
   8.9999998E+000   1.7547690E-003   1.7614566E-005   3.3049811E-004   8.1295263E-006
   9.0399998E+000   1.7762052E-003   1.8309917E-005   3.3364144E-004   8.3113088E-006
   9.0799999E+000   1.7999932E-003   2.0292211E-005   3.3494373E-004   7.5708741E-006
   9.1200000E+000   1.8218056E-003   2.0783597E-005   3.3735870E-004   7.6985939E-006
   9.1600001E+000   1.8435798E-003   2.0720827E-005   3.3750534E-004   8.0516844E-006
   9.2000002E+000   1.8658735E-003   1.9984367E-005   3.3826663E-004   7.5338730E-006
   9.2400002E+000   1.8887419E-003   2.0184097E-005   3.3938738E-004   7.1630622E-006
   9.2799997E+000   1.9202806E-003   2.1028716E-005   3.3843132E-004   7.4261731E-006
   9.3199998E+000   1.9489808E-003   2.3521908E-005   3.3838854E-004   8.2944968E-006
   9.3599999E+000   1.9806676E-003   2.4547234E-005   3.3661647E-004   8.9372182E-006
   9.4000000E+000   2.0141411E-003   2.1726507E-005   3.3525945E-004   9.4159058E-006
   9.4400001E+000   2.0446920E-003   1.9568836E-005   3.3511260E-004   9.8675298E-006
   9.4800001E+000   2.0739625E-003   1.9977884E-005   3.3721020E-004   1.0271181E-005
   9.5200002E+000   2.1062280E-003   1.9180686E-005   3.3484739E-004   1.0289622E-005
   9.5599997E+000   2.1420895E-003   2.1866732E-005   3.3499790E-004   9.6820814E-006
   9.5999998E+000   2.1693024E-003   2.0181466E-005   3.3725680E-004   9.4568640E-006
   9.6399999E+000   2.1913211E-003   2.2003546E-005   3.3475384E-004   9.4070236E-006
   9.6799999E+000   2.2167212E-003   2.5580720E-005   3.3205405E-004   1.0032778E-005
   9.7200000E+000   2.2391190E-003   2.4995272E-005   3.2907234E-004   1.0114666E-005
   9.7600001E+000   2.2658017E-003   3.0138966E-005   3.2940370E-004   9.2571275E-006
   9.8000002E+000   2.3011518E-003   3.1008748E-005   3.2278736E-004   8.7720853E-006
   9.8400003E+000   2.3432622E-003   3.3622305E-005   3.2235391E-004   8.8683529E-006
   9.8799998E+000   2.3767212E-003   3.7790225E-005   3.1576977E-004   8.4453101E-006
   9.9199998E+000   2.3998608E-003   3.8757463E-005   3.0935596E-004   8.0872184E-006
   9.9599999E+000   2.4377756E-003   3.7897831E-005   3.0515589E-004   8.3708832E-006
   1.0000000E+001   2.4745491E-003   3.8246866E-005   2.9854548E-004   7.6330217E-006
   1.0039999E+001   2.5041414E-003   2.1612432E-005   2.9337533E-004   7.6292851E-006
   1.0080000E+001   2.5319464E-003   2.1708223E-005   2.8792837E-004   6.8961621E-006
   1.0120000E+001   2.5629384E-003   2.0439987E-005   2.8252134E-004   6.7140951E-006
   1.0160000E+001   2.5882973E-003   2.0111945E-005   2.7414471E-004   6.5229266E-006
   1.0200000E+001   2.6134101E-003   2.0134129E-005   2.6700221E-004   6.5591435E-006
   1.0240000E+001   2.6535081E-003   1.8829320E-005   2.5838376E-004   6.2656406E-006
   1.0280000E+001   2.6900361E-003   1.9463903E-005   2.5123849E-004   6.0141852E-006
   1.0319999E+001   2.7425395E-003   1.9459176E-005   2.4184020E-004   5.8063634E-006
   1.0360000E+001   2.7855401E-003   2.2138003E-005   2.2915914E-004   5.9127420E-006
   1.0400000E+001   2.8197696E-003   2.4213724E-005   2.2002796E-004   6.2272906E-006
   1.0440000E+001   2.8544747E-003   2.4815631E-005   2.0955181E-004   6.2816629E-006
   1.0480000E+001   2.8959985E-003   2.7318314E-005   1.9536019E-004   6.5848169E-006
   1.0520000E+001   2.9338361E-003   2.4602362E-005   1.8244235E-004   5.2262138E-006
   1.0560000E+001   2.9609497E-003   2.3109184E-005   1.7122766E-004   5.1986885E-006
   1.0599999E+001   3.0100359E-003   2.6412389E-005   1.5927836E-004   4.4166763E-006
   1.0640000E+001   3.0589913E-003   2.3466873E-005   1.4835874E-004   4.2179449E-006
   1.0680000E+001   3.0967843E-003   2.4170536E-005   1.3513575E-004   3.7403954E-006
   1.0720000E+001   3.1273812E-003   3.1589700E-005   1.1925327E-004   3.5542058E-006
   1.0760000E+001   3.1650951E-003   3.3909743E-005   1.0440229E-004   3.1070702E-006
   1.0800000E+001   3.2069540E-003   3.3346370E-005   9.0806857E-005   2.8679847E-006
   1.0840000E+001   3.2540154E-003   3.3214673E-005   7.5493938E-005   2.5450573E-006
   1.0880001E+001   3.2921348E-003   3.4643302E-005   5.9309812E-005   1.8671037E-006
   1.0920000E+001   3.3211478E-003   2.4564694E-005   4.2965659E-005   1.2706006E-006
   1.0960000E+001   3.3556006E-003   3.0868649E-005   2.7835773E-005   8.2619575E-007
   1.1000000E+001   3.3911274E-003   3.1678427E-005   1.1640174E-005   3.4798646E-007
   1.1040000E+001   3.4259906E-003   2.5620178E-005   5.0390821E-003   9.3515367E-005
   1.1080000E+001   3.4723961E-003   3.3504418E-005   5.3423015E-003   1.0169049E-004
   1.1120000E+001   3.5203392E-003   2.5515369E-005   5.3485939E-003   9.5757394E-005
   1.1160001E+001   3.5593354E-003   3.2608447E-005   5.3608196E-003   9.5024867E-005
   1.1200000E+001   3.6044978E-003   3.0872011E-005   5.3747660E-003   8.9966531E-005
   1.1240000E+001   3.6407956E-003   2.1123296E-005   5.4008980E-003   9.7702016E-005
   1.1280000E+001   3.7009049E-003   2.2572497E-005   5.4268850E-003   1.0011276E-004
   1.1320000E+001   3.7462222E-003   2.4741363E-005   5.4487908E-003   1.0524396E-004
   1.1360000E+001   3.7964011E-003   2.5288163E-005   5.4693982E-003   1.0755536E-004
   1.1400000E+001   3.8460472E-003   2.4088475E-005   5.5245132E-003   1.0774439E-004
   1.1440001E+001   3.8848889E-003   2.5303676E-005   5.5721147E-003   1.1374962E-004
   1.1480000E+001   3.9209363E-003   2.5577829E-005   5.6113197E-003   1.1142061E-004
   1.1520000E+001   3.9622836E-003   2.5663768E-005   5.6374473E-003   1.0836030E-004
   1.1560000E+001   3.9974491E-003   2.5843279E-005   5.6698545E-003   9.9811400E-005
   1.1600000E+001   4.0396832E-003   2.8389678E-005   5.7010816E-003   1.0479110E-004
   1.1640000E+001   4.0855441E-003   2.7651243E-005   5.7169605E-003   1.0438185E-004
   1.1680000E+001   4.1309829E-003   3.1271717E-005   5.7444674E-003   9.7007707E-005
   1.1720001E+001   4.1761104E-003   2.8222854E-005   5.7707154E-003   9.0955170E-005
   1.1760000E+001   4.2182993E-003   3.2493240E-005   5.7975925E-003   9.2143478E-005
   1.1799999E+001   4.2545023E-003   3.3384100E-005   5.8323503E-003   8.9511337E-005
   1.1840000E+001   4.3070560E-003   3.6471033E-005   5.8612777E-003   8.4013299E-005
   1.1880000E+001   4.3620424E-003   3.9890071E-005   5.9173271E-003   8.3336369E-005
   1.1920000E+001   4.4128705E-003   3.6755813E-005   5.9503248E-003   7.4082406E-005
   1.1960000E+001   4.4675239E-003   3.4534652E-005   5.9838310E-003   7.5456737E-005
   1.2000000E+001   4.5261646E-003   3.5198352E-005   5.9987825E-003   8.4656754E-005
   1.2040000E+001   4.5761451E-003   3.5982227E-005   6.0189322E-003   7.5956355E-005
   1.2079999E+001   4.6222930E-003   3.4001117E-005   6.0443586E-003   7.1685959E-005
   1.2120000E+001   4.6736120E-003   3.3289974E-005   6.0742818E-003   6.8167723E-005
   1.2160000E+001   4.7177338E-003   3.4516675E-005   6.1104172E-003   7.1423697E-005
   1.2200000E+001   4.7518060E-003   3.4804717E-005   6.1301653E-003   7.3295686E-005
   1.2240000E+001   4.7892926E-003   3.6099427E-005   6.1594652E-003   8.4070284E-005
   1.2280000E+001   4.8376126E-003   3.9006247E-005   6.1932630E-003   7.6418117E-005
   1.2320000E+001   4.8837785E-003   4.0712594E-005   6.2294529E-003   7.8370494E-005
   1.2359999E+001   4.9394010E-003   4.2645331E-005   6.2461498E-003   7.9657427E-005
   1.2400000E+001   4.9888851E-003   4.6436532E-005   6.2816716E-003   7.9778867E-005
   1.2440000E+001   5.0271101E-003   5.2715587E-005   6.3029180E-003   6.7846778E-005
   1.2480000E+001   5.0775611E-003   5.2648204E-005   6.3197664E-003   7.5438283E-005
   1.2520000E+001   5.1220918E-003   5.2431208E-005   6.3447188E-003   6.9015117E-005
   1.2560000E+001   5.1827042E-003   5.6132212E-005   6.3659068E-003   6.3656809E-005
   1.2600000E+001   5.2295869E-003   5.7163741E-005   6.3840353E-003   6.4190528E-005
   1.2640001E+001   5.2751060E-003   5.9148966E-005   6.4167383E-003   6.0538906E-005
   1.2680000E+001   5.3085083E-003   6.2357990E-005   6.4458611E-003   5.9183351E-005
   1.2720000E+001   5.3538748E-003   6.4386260E-005   6.4642450E-003   5.6522540E-005
   1.2760000E+001   5.4215120E-003   6.2394239E-005   6.4902094E-003   5.5573808E-005
   1.2800000E+001   5.4652192E-003   5.8911130E-005   6.5191871E-003   5.4267731E-005
   1.2840000E+001   5.5071992E-003   5.8834556E-005   6.5602775E-003   5.0675003E-005
   1.2880000E+001   5.5661328E-003   5.4953034E-005   6.6059709E-003   4.6903238E-005
   1.2920001E+001   5.6218860E-003   5.4850332E-005   6.6422654E-003   5.0610728E-005
   1.2960000E+001   5.6815644E-003   5.1791306E-005   6.6711854E-003   4.8119512E-005
   1.3000000E+001   5.7392823E-003   4.8673779E-005   6.6839970E-003   4.9182709E-005
   1.3040000E+001   5.8050612E-003   5.6998218E-005   6.7114112E-003   5.0906718E-005
   1.3080000E+001   5.8508828E-003   6.1077154E-005   6.7654732E-003   4.7281608E-005
   1.3120000E+001   5.9115909E-003   6.3261642E-005   6.8127612E-003   5.1538008E-005
   1.3160000E+001   5.9549949E-003   6.0228929E-005   6.8359008E-003   5.3966439E-005
   1.3200001E+001   6.0041941E-003   6.2732566E-005   6.8720552E-003   4.9854285E-005
   1.3240000E+001   6.0343386E-003   6.0582268E-005   6.9104418E-003   5.0313594E-005
   1.3279999E+001   6.0609815E-003   6.4346986E-005   6.9398594E-003   5.1845251E-005
   1.3320000E+001   6.0981764E-003   6.5867622E-005   6.9628561E-003   4.9485621E-005
   1.3360000E+001   6.1432567E-003   6.2859351E-005   6.9904688E-003   3.6204889E-005
   1.3400000E+001   6.1963317E-003   6.4118719E-005   7.0202122E-003   3.3328356E-005
   1.3440000E+001   6.2264833E-003   6.3822361E-005   7.0597016E-003   3.3910310E-005
   1.3480000E+001   6.2735550E-003   6.2171812E-005   7.1017094E-003   3.5469698E-005
   1.3520000E+001   6.3235501E-003   6.5711250E-005   7.1409592E-003   3.4353906E-005
   1.3559999E+001   6.3656594E-003   6.4168409E-005   7.1854194E-003   3.7864548E-005
   1.3600000E+001   6.4141498E-003   6.8770848E-005   7.2004254E-003   4.1196975E-005
   1.3640000E+001   6.4718990E-003   7.3725110E-005   7.2458882E-003   3.6234929E-005
   1.3680000E+001   6.5198304E-003   7.4947996E-005   7.2907450E-003   3.6769160E-005
   1.3720000E+001   6.5808284E-003   7.8317148E-005   7.3156259E-003   3.7862133E-005
   1.3760000E+001   6.6311601E-003   7.9618571E-005   7.3478553E-003   3.9122509E-005
   1.3800000E+001   6.6940277E-003   8.0990361E-005   7.3905801E-003   4.1449959E-005
   1.3839999E+001   6.7344843E-003   8.1363439E-005   7.4446463E-003   4.4769236E-005
   1.3880000E+001   6.7884080E-003   7.5865043E-005   7.4866923E-003   4.7288933E-005
   1.3920000E+001   6.8358463E-003   7.1432556E-005   7.5216422E-003   4.5871545E-005
   1.3960000E+001   6.8644350E-003   7.1069962E-005   7.5499459E-003   4.4579664E-005
   1.4000000E+001   6.8946696E-003   5.6996316E-005   7.5750221E-003   4.5029459E-005
   1.4040000E+001   6.9431476E-003   5.7038862E-005   7.6119880E-003   4.7064742E-005
   1.4080000E+001   6.9896002E-003   5.8008913E-005   7.6604197E-003   4.6387038E-005
   1.4119999E+001   7.0199500E-003   5.3118581E-005   7.6970832E-003   4.7640910E-005
   1.4160000E+001   7.0565065E-003   5.5718023E-005   7.7164962E-003   4.5690265E-005
   1.4200000E+001   7.1099588E-003   5.4704576E-005   7.7565879E-003   4.4406734E-005
   1.4240000E+001   7.1658286E-003   4.9281618E-005   7.8166465E-003   4.4092784E-005
   1.4280000E+001   7.2119606E-003   4.5876831E-005   7.8500464E-003   4.5328327E-005
   1.4320000E+001   7.2765395E-003   4.6052108E-005   7.8977888E-003   4.7874327E-005
   1.4360000E+001   7.3246611E-003   4.7351192E-005   7.9420500E-003   4.8580943E-005
   1.4400001E+001   7.3667816E-003   4.2357738E-005   7.9725336E-003   4.7064125E-005
   1.4440000E+001   7.4184236E-003   4.2095118E-005   8.0224808E-003   4.9107853E-005
   1.4480000E+001   7.4599138E-003   3.9392672E-005   8.0739713E-003   4.9837681E-005
   1.4520000E+001   7.5158872E-003   3.9203831E-005   8.1123317E-003   5.5488176E-005
   1.4560000E+001   7.5689621E-003   3.9193556E-005   8.1612951E-003   5.5785707E-005
   1.4600000E+001   7.6096428E-003   3.9325368E-005   8.2041614E-003   5.8977247E-005
   1.4640000E+001   7.6544039E-003   4.5691821E-005   8.2296437E-003   5.7022293E-005
   1.4680001E+001   7.7088448E-003   4.5304883E-005   8.2760238E-003   5.5494603E-005
   1.4720000E+001   7.7685147E-003   4.4116893E-005   8.3154785E-003   5.0152898E-005
   1.4760000E+001   7.8094226E-003   4.5231667E-005   8.3605148E-003   4.6722597E-005
   1.4800000E+001   7.8451717E-003   4.6303058E-005   8.3912797E-003   4.4205218E-005
   1.4840000E+001   7.8998535E-003   4.6321555E-005   8.4235775E-003   4.6442337E-005
   1.4880000E+001   7.9568666E-003   4.3315535E-005   8.4651357E-003   4.7798407E-005
   1.4920000E+001   8.0168114E-003   4.6126324E-005   8.5231240E-003   4.6600778E-005
   1.4960001E+001   8.0694760E-003   4.9276215E-005   8.5670891E-003   4.9266028E-005
   1.5000000E+001   8.1278502E-003   5.2939679E-005   8.6176663E-003   5.9824075E-005
   1.5039999E+001   8.1998111E-003   5.0048837E-005   8.6582481E-003   5.5563140E-005
   1.5080000E+001   8.2568920E-003   5.0513322E-005   8.6947335E-003   5.6097733E-005
   1.5120000E+001   8.2981971E-003   4.5987148E-005   8.7466185E-003   5.8199151E-005
   1.5160000E+001   8.3482114E-003   4.5678313E-005   8.7780637E-003   6.0481692E-005
   1.5200000E+001   8.3939589E-003   4.5509837E-005   8.8133092E-003   6.1323223E-005
   1.5240000E+001   8.4502786E-003   4.7486097E-005   8.8556587E-003   5.9637354E-005
   1.5280000E+001   8.5172381E-003   4.8869983E-005   8.8909983E-003   5.9144268E-005
   1.5319999E+001   8.5740065E-003   5.4104199E-005   8.9348809E-003   5.6543968E-005
   1.5360000E+001   8.6201429E-003   5.1692535E-005   8.9796194E-003   5.8214480E-005
   1.5400000E+001   8.6579266E-003   4.8147029E-005   9.0287549E-003   5.7138625E-005
   1.5440000E+001   8.7032985E-003   4.8652311E-005   9.0851294E-003   5.2347571E-005
   1.5480000E+001   8.7709360E-003   4.9433888E-005   9.1457201E-003   5.2084048E-005
   1.5520000E+001   8.8225052E-003   5.2795291E-005   9.1817999E-003   5.1921140E-005
   1.5560000E+001   8.8635614E-003   5.4233037E-005   9.2166832E-003   5.1959658E-005
   1.5599999E+001   8.9033282E-003   5.6995169E-005   9.2620115E-003   5.2217263E-005
   1.5640000E+001   8.9537253E-003   5.5558009E-005   9.2979095E-003   4.8596398E-005
   1.5680000E+001   9.0035897E-003   5.8385384E-005   9.3380121E-003   4.3674235E-005
   1.5720000E+001   9.0566070E-003   5.5925661E-005   9.3720855E-003   4.6554572E-005
   1.5760000E+001   9.1152073E-003   6.3421992E-005   9.4012755E-003   4.5658200E-005
   1.5800000E+001   9.1565537E-003   6.5384330E-005   9.4330949E-003   4.6989268E-005
   1.5840000E+001   9.1854793E-003   5.6735669E-005   9.4773169E-003   4.2656506E-005
   1.5880001E+001   9.2431198E-003   4.7683198E-005   9.5167200E-003   4.2586702E-005
   1.5920000E+001   9.2928906E-003   5.9112293E-005   9.5503051E-003   4.4824919E-005
   1.5960000E+001   9.3530976E-003   5.3598101E-005   9.6062435E-003   5.2175282E-005
   1.6000000E+001   9.4259797E-003   5.6984653E-005   9.6727641E-003   5.5356454E-005
   1.6040000E+001   9.4824201E-003   5.4703834E-005   9.7216625E-003   4.9978017E-005
   1.6080000E+001   9.5273490E-003   4.8333587E-005   9.7812778E-003   5.0317363E-005
   1.6120000E+001   9.5758889E-003   6.2042276E-005   9.8281787E-003   5.2233358E-005
   1.6160001E+001   9.6264363E-003   5.9713820E-005   9.8574016E-003   4.7498239E-005
   1.6200000E+001   9.6731333E-003   5.4231088E-005   9.9101028E-003   4.8397691E-005
   1.6240000E+001   9.7311230E-003   5.4046075E-005   9.9807999E-003   4.5948056E-005
   1.6280000E+001   9.8095380E-003   5.9915803E-005   1.0037166E-002   5.0780463E-005
   1.6320000E+001   9.8773391E-003   6.5882948E-005   1.0100535E-002   5.5205240E-005
   1.6360000E+001   9.9153914E-003   6.5151709E-005   1.0162596E-002   5.5841511E-005
   1.6400000E+001   9.9529938E-003   6.4617135E-005   1.0203395E-002   5.6119613E-005
   1.6440001E+001   1.0010246E-002   6.3634368E-005   1.0269235E-002   4.8661475E-005
   1.6480000E+001   1.0071718E-002   6.2179279E-005   1.0341657E-002   4.6485610E-005
   1.6520000E+001   1.0126021E-002   5.5125063E-005   1.0386285E-002   4.6124265E-005
   1.6560000E+001   1.0177855E-002   5.3964972E-005   1.0436613E-002   4.7767732E-005
   1.6600000E+001   1.0231203E-002   5.2030213E-005   1.0471228E-002   4.5083458E-005
   1.6640000E+001   1.0284098E-002   4.8733041E-005   1.0528255E-002   4.4157362E-005
   1.6680000E+001   1.0342063E-002   5.0213125E-005   1.0565134E-002   4.6709811E-005
   1.6720001E+001   1.0387154E-002   5.1641134E-005   1.0614479E-002   4.8182243E-005
   1.6760000E+001   1.0437979E-002   5.3012820E-005   1.0663104E-002   4.5992750E-005
   1.6799999E+001   1.0488897E-002   5.0390394E-005   1.0721612E-002   5.4975172E-005
   1.6840000E+001   1.0542751E-002   7.7641763E-005   1.0788321E-002   5.2826786E-005
   1.6880000E+001   1.0602782E-002   7.8458263E-005   1.0830117E-002   4.5910139E-005
   1.6920000E+001   1.0645841E-002   7.8493894E-005   1.0871998E-002   4.8588629E-005
   1.6960000E+001   1.0679639E-002   7.2832895E-005   1.0944940E-002   4.6979824E-005
   1.7000000E+001   1.0738258E-002   6.4700376E-005   1.1013537E-002   4.7002172E-005
   1.7040000E+001   1.0798630E-002   7.6315972E-005   1.1080989E-002   4.8438908E-005
   1.7079999E+001   1.0863827E-002   8.0165740E-005   1.1154235E-002   4.8851859E-005
   1.7120000E+001   1.0915700E-002   8.3103857E-005   1.1190003E-002   4.9170607E-005
   1.7160000E+001   1.0986930E-002   6.9111863E-005   1.1240489E-002   5.0761286E-005
   1.7200000E+001   1.1023961E-002   6.4069212E-005   1.1297077E-002   5.3352984E-005
   1.7240000E+001   1.1064992E-002   8.4600991E-005   1.1350328E-002   5.6931477E-005
   1.7280000E+001   1.1097658E-002   6.7543946E-005   1.1414445E-002   5.6961183E-005
   1.7320000E+001   1.1130685E-002   5.7037393E-005   1.1454223E-002   5.5927575E-005
   1.7359999E+001   1.1190193E-002   5.9996653E-005   1.1504185E-002   5.5487025E-005
   1.7400000E+001   1.1247573E-002   6.1709107E-005   1.1539174E-002   5.4272095E-005
   1.7440000E+001   1.1303559E-002   6.4291351E-005   1.1578163E-002   5.3756414E-005
   1.7480000E+001   1.1355671E-002   4.8573530E-005   1.1626583E-002   5.5176442E-005
   1.7520000E+001   1.1382882E-002   4.9821815E-005   1.1665302E-002   5.7296777E-005
   1.7560000E+001   1.1422581E-002   6.8160167E-005   1.1701817E-002   5.6958404E-005
   1.7600000E+001   1.1491348E-002   7.3311099E-005   1.1754332E-002   5.9632841E-005
   1.7640001E+001   1.1550452E-002   5.9533407E-005   1.1815043E-002   6.2547434E-005
   1.7680000E+001   1.1605479E-002   4.8919024E-005   1.1887330E-002   6.3008386E-005
   1.7720000E+001   1.1665485E-002   6.6134749E-005   1.1951023E-002   7.0380366E-005
   1.7760000E+001   1.1715896E-002   4.7826729E-005   1.2016944E-002   6.0807859E-005
   1.7800000E+001   1.1776389E-002   4.5562693E-005   1.2069895E-002   5.8530108E-005
   1.7840000E+001   1.1830194E-002   5.3939565E-005   1.2104952E-002   5.8022120E-005
   1.7880000E+001   1.1871487E-002   5.7502398E-005   1.2135466E-002   5.9507196E-005
   1.7920001E+001   1.1914721E-002   6.3573290E-005   1.2170690E-002   5.3920264E-005
   1.7960000E+001   1.1986611E-002   6.8974181E-005   1.2237922E-002   4.7177148E-005
   1.8000000E+001   1.2035232E-002   6.9213111E-005   1.2291352E-002   4.5376501E-005
   1.8040000E+001   1.2083732E-002   6.4860347E-005   1.2358279E-002   4.8958796E-005
   1.8080000E+001   1.2149090E-002   6.1811893E-005   1.2403983E-002   4.3854707E-005
   1.8120000E+001   1.2205612E-002   6.2672450E-005   1.2450360E-002   4.3504056E-005
   1.8160000E+001   1.2258102E-002   6.0285204E-005   1.2507565E-002   4.4847676E-005
   1.8200001E+001   1.2320397E-002   6.3491624E-005   1.2565070E-002   4.3068676E-005
   1.8240000E+001   1.2382841E-002   6.2438665E-005   1.2640296E-002   4.2512513E-005
   1.8279999E+001   1.2443697E-002   7.6853370E-005   1.2734047E-002   4.4918057E-005
   1.8320000E+001   1.2516348E-002   6.9655184E-005   1.2780500E-002   4.4437611E-005
   1.8360000E+001   1.2585853E-002   6.1332429E-005   1.2818205E-002   4.5963701E-005
   1.8400000E+001   1.2626119E-002   6.2304586E-005   1.2866573E-002   4.6624862E-005
   1.8440000E+001   1.2690732E-002   6.6787774E-005   1.2925988E-002   4.8874123E-005
   1.8480000E+001   1.2722375E-002   7.1170007E-005   1.2981366E-002   4.7987971E-005
   1.8520000E+001   1.2768044E-002   7.4789167E-005   1.3026926E-002   4.9451883E-005
   1.8559999E+001   1.2813663E-002   7.4653889E-005   1.3071913E-002   5.0239372E-005
   1.8600000E+001   1.2871601E-002   7.6328704E-005   1.3129603E-002   4.6309005E-005
   1.8640000E+001   1.2904370E-002   6.9440295E-005   1.3174123E-002   4.5632007E-005
   1.8680000E+001   1.2970176E-002   6.8062764E-005   1.3240107E-002   4.7947826E-005
   1.8720000E+001   1.3033302E-002   7.3812263E-005   1.3293230E-002   5.0404668E-005
   1.8760000E+001   1.3091067E-002   7.5199338E-005   1.3314600E-002   5.7714159E-005
   1.8800000E+001   1.3141926E-002   7.2181523E-005   1.3341368E-002   7.2437787E-005
   1.8839999E+001   1.3207775E-002   7.5411439E-005   1.3367657E-002   5.7290785E-005
   1.8880000E+001   1.3263477E-002   7.7405858E-005   1.3426346E-002   5.6769339E-005
   1.8920000E+001   1.3331511E-002   8.9504651E-005   1.3478458E-002   9.2035329E-005
   1.8960000E+001   1.3402818E-002   9.1525183E-005   1.3515801E-002   7.8734308E-005
   1.9000000E+001   1.3457471E-002   9.1476255E-005   1.3590099E-002   7.4142411E-005
   1.9040000E+001   1.3525793E-002   9.2936089E-005   1.3665954E-002   7.9334036E-005
   1.9080000E+001   1.3584993E-002   8.7301490E-005   1.3727476E-002   8.4994407E-005
   1.9119999E+001   1.3637196E-002   8.5158131E-005   1.3792510E-002   9.2882096E-005
   1.9160000E+001   1.3686646E-002   8.2889949E-005   1.3862724E-002   8.6895100E-005
   1.9200000E+001   1.3713140E-002   8.4629971E-005   1.3958315E-002   9.0370490E-005
   1.9240000E+001   1.3750603E-002   8.6674363E-005   1.4039379E-002   9.5604195E-005
   1.9280000E+001   1.3822769E-002   9.3274536E-005   1.4080719E-002   1.0228425E-004
   1.9320000E+001   1.3904384E-002   1.0380292E-004   1.4126082E-002   1.0086806E-004
   1.9360000E+001   1.3948465E-002   8.6421130E-005   1.4188993E-002   9.7704211E-005
   1.9400001E+001   1.4003376E-002   1.0264478E-004   1.4234387E-002   9.9428347E-005
   1.9440000E+001   1.4061293E-002   1.0163455E-004   1.4278073E-002   1.0558479E-004
   1.9480000E+001   1.4094264E-002   1.1946482E-004   1.4342368E-002   1.0045192E-004
   1.9520000E+001   1.4163467E-002   1.2787966E-004   1.4367671E-002   9.4890163E-005
   1.9560000E+001   1.4215298E-002   1.2643959E-004   1.4404921E-002   9.0415548E-005
   1.9600000E+001   1.4294609E-002   1.2519411E-004   1.4450142E-002   8.3982407E-005
   1.9640000E+001   1.4355893E-002   9.4452376E-005   1.4504678E-002   8.2505475E-005
   1.9680001E+001   1.4425809E-002   9.5274299E-005   1.4551925E-002   8.8526434E-005
   1.9720000E+001   1.4487104E-002   9.6241756E-005   1.4585064E-002   8.8225036E-005
   1.9760000E+001   1.4553987E-002   9.5791293E-005   1.4632338E-002   8.7605971E-005
   1.9800000E+001   1.4623939E-002   9.5137602E-005   1.4689737E-002   8.5675644E-005
   1.9840000E+001   1.4687537E-002   1.0014677E-004   1.4764880E-002   7.6246823E-005
   1.9880000E+001   1.4749945E-002   1.0121333E-004   1.4852979E-002   7.5338044E-005
   1.9920000E+001   1.4810360E-002   9.5917029E-005   1.4911120E-002   9.4697711E-005
   1.9960001E+001   1.4869338E-002   8.8212020E-005   1.4967743E-002   9.8818700E-005
   2.0000000E+001   1.4937235E-002   9.1294022E-005   1.5032401E-002   1.0255447E-004
