         0.0800         0.0000         0.0000         0.0000         0.0000         0.0000
         0.1200         0.0000         0.0000         0.0000         0.0000         0.0000
         0.1600         0.0000         0.0000         0.0000         0.0000         0.0000
         0.2000         0.0000         0.0000         0.0000         0.0000         0.0000
         0.2400         0.0000         0.0000         0.0000         0.0000         0.0000
         0.2800         0.0000         0.0000         0.0000         0.0000         0.0000
         0.3200         0.0000         0.0000         0.0000         0.0000         0.0000
         0.3600         0.0000         0.0000         0.0000         0.0000         0.0000
         0.4000         0.0000         0.0000         0.0000         0.0000         0.0000
         0.4400         0.0000         0.0000         0.0000         0.0000         0.0000
         0.4800         0.0000         0.0000         0.0000         0.0000         0.0000
         0.5200         0.0000         0.0000         0.0000         0.0000         0.0000
         0.5600         0.0000         0.0000         0.0000         0.0000         0.0000
         0.6000         0.0000         0.0000         0.0000         0.0000         0.0000
         0.6400         0.0000         0.0000         0.0000         0.0000         0.0000
         0.6800         0.0000         0.0000         0.0000         0.0000         0.0000
         0.7200         0.0000         0.0000         0.0000         0.0000         0.0000
         0.7600         0.0000         0.0000         0.0000         0.0000         0.0000
         0.8000         0.0000         0.0000         0.0000         0.0000         0.0000
         0.8400         0.0000         0.0000         0.0000         0.0000         0.0000
         0.8800         0.0000         0.0000         0.0000         0.0000         0.0000
         0.9200         0.0000         0.0000         0.0000         0.0000         0.0000
         0.9600         0.0000         0.0000         0.0000         0.0000         0.0000
         1.0000         0.0006         0.0001         0.0009         0.0001         0.0000
         1.0400         0.0092         0.0010         0.0134         0.0015         0.0000
         1.0800         0.0225         0.0023         0.0347         0.0041         0.0000
         1.1200         0.0375         0.0045         0.0570         0.0069         0.0000
         1.1600         0.0546         0.0063         0.0809         0.0101         0.0000
         1.2000         0.0715         0.0082         0.1061         0.0134         0.0000
         1.2400         0.0887         0.0103         0.1330         0.0167         0.0000
         1.2800         0.1067         0.0125         0.1614         0.0204         0.0000
         1.3200         0.1251         0.0146         0.1917         0.0249         0.0000
         1.3600         0.1478         0.0170         0.2233         0.0285         0.0000
         1.4000         0.1701         0.0195         0.2546         0.0318         0.0000
         1.4400         0.1945         0.0227         0.2876         0.0349         0.0000
         1.4800         0.2184         0.0259         0.3246         0.0393         0.0000
         1.5200         0.2429         0.0293         0.3621         0.0434         0.0000
         1.5600         0.2682         0.0343         0.4016         0.0474         0.0000
         1.6000         0.2927         0.0381         0.4407         0.0516         0.0000
         1.6400         0.3205         0.0398         0.4818         0.0567         0.0000
         1.6800         0.3510         0.0435         0.5260         0.0618         0.0000
         1.7200         0.3803         0.0475         0.5723         0.0673         0.0000
         1.7600         0.4115         0.0516         0.6163         0.0723         0.0000
         1.8000         0.4425         0.0551         0.6626         0.0782         0.0000
         1.8400         0.4793         0.0628         0.7107         0.0838         0.0000
         1.8800         0.5147         0.0673         0.7611         0.0896         0.0000
         1.9200         0.5515         0.0709         0.8125         0.0956         0.0000
         1.9600         0.5888         0.0737         0.8680         0.1025         0.0000
         2.0000         0.6274         0.0797         0.9216         0.1083         0.0000
         2.0400         0.6662         0.0837         0.9811         0.1172         0.0000
         2.0800         0.7041         0.0874         1.0408         0.1254         0.0000
         2.1200         0.7451         0.0918         1.1083         0.1331         0.0000
         2.1600         0.7859         0.0953         1.1734         0.1410         0.0000
         2.2000         0.8303         0.1001         1.2390         0.1491         0.0000
         2.2400         0.8722         0.1048         1.3030         0.1560         0.0000
         2.2800         0.9210         0.1105         1.3713         0.1624         0.0000
         2.3200         0.9652         0.1146         1.4436         0.1704         0.0000
         2.3600         1.0091         0.1190         1.5179         0.1819         0.0000
         2.4000         1.0545         0.1244         1.5918         0.1897         0.0000
         2.4400         1.1001         0.1295         1.6699         0.1997         0.0000
         2.4800         1.1501         0.1336         1.7468         0.2127         0.0000
         2.5200         1.1981         0.1388         1.8252         0.2201         0.0000
         2.5600         1.2444         0.1452         1.9057         0.2281         0.0000
         2.6000         1.2905         0.1493         1.9812         0.2369         0.0000
         2.6400         1.3369         0.1538         2.0652         0.2452         0.0000
         2.6800         1.3909         0.1603         2.1545         0.2563         0.0000
         2.7200         1.4440         0.1664         2.2435         0.2661         0.0000
         2.7600         1.4995         0.1725         2.3335         0.2771         0.0000
         2.8000         1.5528         0.1789         2.4215         0.2873         0.0000
         2.8400         1.6091         0.1857         2.5141         0.2966         0.0000
         2.8800         1.6607         0.1933         2.6123         0.3083         0.0000
         2.9200         1.7166         0.1970         2.7068         0.3189         0.0000
         2.9600         1.7758         0.2032         2.8080         0.3308         0.0000
         3.0000         1.8366         0.2101         2.9067         0.3419         0.0000
         3.0400         1.8942         0.2159         3.0126         0.3554         0.0000
         3.0800         1.9568         0.2225         3.1308         0.3690         0.0000
         3.1200         2.0254         0.2305         3.2368         0.3823         0.0000
         3.1600         2.0838         0.2374         3.3415         0.3978         0.0000
         3.2000         2.1439         0.2445         3.4512         0.4104         0.0000
         3.2400         2.2085         0.2497         3.5509         0.4184         0.0000
         3.2800         2.2783         0.2568         3.6497         0.4343         0.0000
         3.3200         2.3475         0.2654         3.7673         0.4506         0.0000
         3.3600         2.4166         0.2714         3.8826         0.4626         0.0000
         3.4000         2.4877         0.2739         4.0006         0.4704         0.0000
         3.4400         2.5574         0.2832         4.1241         0.4842         0.0000
         3.4800         2.6264         0.2887         4.2469         0.4979         0.0000
         3.5200         2.6970         0.2966         4.3743         0.5086         0.0000
         3.5600         2.7637         0.3052         4.5009         0.5255         0.0000
         3.6000         2.8383         0.3136         4.6350         0.5396         0.0000
         3.6400         2.9146         0.3169         4.7642         0.5524         0.0000
         3.6800         2.9891         0.3248         4.9022         0.5672         0.0000
         3.7200         3.0642         0.3369         5.0427         0.5806         0.0000
         3.7600         3.1376         0.3435         5.1771         0.5958         0.0000
         3.8000         3.2077         0.3476         5.3144         0.6143         0.0000
         3.8400         3.2858         0.3606         5.4491         0.6294         0.0000
         3.8800         3.3669         0.3712         5.5937         0.6450         0.0000
         3.9200         3.4544         0.3803         5.7446         0.6623         0.0000
         3.9600         3.5322         0.3861         5.8905         0.6766         0.0000
         4.0000         3.6150         0.3932         6.0331         0.6943         0.0000
         4.0400         3.6990         0.4029         6.1786         0.7090         0.0000
         4.0800         3.7878         0.4073         6.3334         0.7185         0.0000
         4.1200         3.8691         0.4166         6.4739         0.7420         0.0000
         4.1600         3.9501         0.4312         6.6174         0.7615         0.0000
         4.2000         4.0314         0.4397         6.7757         0.7805         0.0000
         4.2400         4.1097         0.4408         6.9408         0.8004         0.0000
         4.2800         4.1814         0.4460         7.0946         0.8165         0.0000
         4.3200         4.2642         0.4553         7.2547         0.8368         0.0000
         4.3600         4.3370         0.4637         7.4299         0.8616         0.0000
         4.4000         4.4028         0.4683         7.6220         0.8820         0.0000
         4.4400         4.4781         0.4787         7.8114         0.9005         0.0000
         4.4800         4.5617         0.4876         8.0057         0.9235         0.0000
         4.5200         4.6509         0.4942         8.1803         0.9426         0.0000
         4.5600         4.7355         0.5024         8.3607         0.9622         0.0000
         4.6000         4.8186         0.5071         8.5415         0.9821         0.0000
         4.6400         4.8986         0.5092         8.7210         1.0016         0.0000
         4.6800         4.9727         0.5183         8.9042         1.0222         0.0000
         4.7200         5.0492         0.5247         9.0955         1.0537         0.0000
         4.7600         5.1459         0.5322         9.2945         1.0775         0.0000
         4.8000         5.2273         0.5396         9.5013         1.0991         0.0000
         4.8400         5.3175         0.5486         9.7015         1.1239         0.0000
         4.8800         5.3937         0.5552         9.9033         1.1467         0.0000
         4.9200         5.4811         0.5605        10.1016         1.1710         0.0000
         4.9600         5.5706         0.5681        10.3064         1.1948         0.0000
         5.0000         5.6581         0.5697        10.5207         1.2213         0.0000
         5.0400         5.7518         0.5796        10.7221         1.2437         0.0000
         5.0800         5.8296         0.5904        10.9323         1.2666         0.0000
         5.1200         5.9095         0.6050        11.1508         1.2755         0.0000
         5.1600         5.9879         0.6156        11.3596         1.2967         0.0000
         5.2000         6.0805         0.6263        11.5787         1.3176         0.0000
         5.2400         6.1655         0.6359        11.7944         1.3397         0.0000
         5.2800         6.2304         0.6405        12.0024         1.3565         0.0000
         5.3200         6.3200         0.6480        12.2233         1.3750         0.0000
         5.3600         6.4070         0.6604        12.4593         1.3988         0.0000
         5.4000         6.4993         0.6685        12.6749         1.4241         0.0000
         5.4400         6.5832         0.6743        12.8925         1.4494         0.0000
         5.4800         6.6732         0.6816        13.1277         1.4731         0.0000
         5.5200         6.7545         0.6898        13.3846         1.4974         0.0000
         5.5600         6.8466         0.7002        13.6531         1.5242         0.0000
         5.6000         6.9385         0.7056        13.9109         1.5524         0.0000
         5.6400         7.0211         0.7081        14.1562         1.5787         0.0000
         5.6800         7.1080         0.7156        14.4181         1.6041         0.0000
         5.7200         7.1814         0.7228        14.6754         1.6309         0.0000
         5.7600         7.2687         0.7198        14.9386         1.6420         0.0000
         5.8000         7.3515         0.7236        15.2069         1.6754         0.0000
         5.8400         7.4427         0.7280        15.4696         1.7065         0.0000
         5.8800         7.5124         0.7310        15.5269         1.7123         0.0021
         5.9200         7.5908         0.7349        14.4779         1.5958         0.0339
         5.9600         7.6759         0.7376        11.3576         1.2514         0.1937
         6.0000         7.7553         0.7389         7.3533         0.8184         0.5693
         6.0400         7.8348         0.7397         4.3503         0.4821         1.1036
         6.0800         7.9088         0.7367         2.6824         0.2912         1.6517
         6.1200         7.9901         0.7401         1.8733         0.2007         2.1073
         6.1600         8.0690         0.7455         1.4971         0.1595         2.4386
         6.2000         8.1512         0.7487         1.3214         0.1401         2.6595
         6.2400         8.2504         0.7563         1.2560         0.1313         2.7989
         6.2800         8.3516         0.7606         1.2483         0.1267         2.8836
         6.3200         8.4609         0.7695         1.2677         0.1273         2.9337
         6.3600         8.5627         0.7792         1.3096         0.1294         2.9628
         6.4000         8.6597         0.7870         1.3665         0.1320         2.9794
         6.4400         8.7589         0.7910         1.4310         0.1352         2.9887
         6.4800         8.8487         0.7944         1.4960         0.1394         2.9939
         6.5200         8.9561         0.7883         1.5625         0.1442         2.9967
         6.5600         9.0464         0.7931         1.6304         0.1500         2.9983
         6.6000         9.1462         0.7989         1.7006         0.1550         2.9991
         6.6400         9.2455         0.8031         1.7758         0.1611         2.9995
         6.6800         9.3548         0.8110         1.8489         0.1697         2.9998
         6.7200         9.4743         0.8208         1.9276         0.1746         2.9999
         6.7600         9.5905         0.8265         1.9959         0.1787         2.9999
         6.8000         9.6955         0.8318         2.0617         0.1810         3.0000
         6.8400         9.8062         0.8394         2.1337         0.1869         3.0000
         6.8800         9.9249         0.8567         2.2008         0.1921         3.0000
         6.9200        10.0396         0.8655         2.2682         0.2005         3.0000
         6.9600        10.1502         0.8731         2.3376         0.2050         3.0000
         7.0000        10.2598         0.8800         2.4048         0.2092         3.0000
         7.0400        10.3671         0.8739         2.4757         0.2124         3.0000
         7.0800        10.4734         0.8774         2.5498         0.2187         3.0000
         7.1200        10.5871         0.8844         2.6201         0.2259         3.0000
         7.1600        10.7176         0.8941         2.6880         0.2277         3.0000
         7.2000        10.8440         0.8873         2.7529         0.2333         3.0000
         7.2400        10.9676         0.8923         2.8219         0.2370         3.0000
         7.2800        11.0974         0.9003         2.8807         0.2395         3.0000
         7.3200        11.2240         0.9073         2.9445         0.2424         3.0000
         7.3600        11.3388         0.9110         3.0012         0.2443         3.0000
         7.4000        11.4632         0.9179         3.0628         0.2477         3.0000
         7.4400        11.6118         0.9285         3.1280         0.2524         3.0000
         7.4800        11.7698         0.9513         3.1830         0.2561         3.0000
         7.5200        11.9113         0.9611         3.2467         0.2604         3.0000
         7.5600        12.0596         0.9752         3.3047         0.2666         3.0000
         7.6000        12.2009         0.9853         3.3683         0.2705         3.0000
         7.6400        12.3626         0.9944         3.4316         0.2737         3.0000
         7.6800        12.5146         1.0003         3.4954         0.2777         3.0000
         7.7200        12.6637         0.9999         3.5488         0.2802         3.0000
         7.7600        12.8177         1.0035         3.6073         0.2851         3.0000
         7.8000        12.9668         1.0101         3.6618         0.2900         3.0000
         7.8400        13.1294         1.0032         3.7073         0.2945         3.0000
         7.8800        13.2989         1.0102         3.7623         0.2997         3.0000
         7.9200        13.4717         1.0177         3.8119         0.3055         3.0000
         7.9600        13.6418         1.0270         3.8579         0.3123         3.0000
         8.0000        13.8211         1.0368         3.8986         0.3133         3.0000
         8.0400        13.9942         1.0505         3.9473         0.3154         3.0000
         8.0800        14.1720         1.0603         4.0006         0.3166         3.0000
         8.1200        14.3567         1.0686         4.0425         0.3177         3.0000
         8.1600        14.5165         1.0750         4.0940         0.3214         3.0000
         8.2000        14.6952         1.0820         4.1382         0.3209         3.0000
         8.2400        14.8729         1.0891         4.1867         0.3224         3.0000
         8.2800        15.0500         1.0931         4.2307         0.3256         3.0000
         8.3200        15.2416         1.1006         4.2750         0.3304         3.0000
         8.3600        15.4398         1.1119         4.3200         0.3321         3.0000
         8.4000        15.6368         1.1217         4.3600         0.3351         3.0000
         8.4400        15.8348         1.1288         4.3940         0.3379         3.0000
         8.4800        16.0343         1.1401         4.4269         0.3340         3.0000
         8.5200        16.2262         1.1512         4.4616         0.3406         3.0000
         8.5600        16.4270         1.1590         4.4977         0.3431         3.0000
         8.6000        16.6147         1.1655         4.5263         0.3382         3.0000
         8.6400        16.8126         1.1728         4.5602         0.3327         3.0000
         8.6800        17.0245         1.1776         4.5990         0.3347         3.0000
         8.7200        17.2341         1.1845         4.6272         0.3376         3.0000
         8.7600        17.4605         1.1958         4.6626         0.3414         3.0000
         8.8000        17.6713         1.2043         4.6941         0.3386         3.0000
         8.8400        17.8935         1.2143         4.7211         0.3357         3.0000
         8.8800        18.1163         1.2072         4.7510         0.3375         3.0000
         8.9200        18.3545         1.2176         4.7691         0.3429         3.0000
         8.9600        18.5793         1.2229         4.7815         0.3383         3.0000
         9.0000        18.8073         1.2352         4.7963         0.3405         3.0000
         9.0400        19.0348         1.2443         4.8238         0.3443         3.0000
         9.0800        19.2863         1.2548         4.8394         0.3421         3.0000
         9.1200        19.5189         1.2614         4.8465         0.3425         3.0000
         9.1600        19.7579         1.2736         4.8575         0.3464         3.0000
         9.2000        20.0051         1.2717         4.8734         0.3474         3.0000
         9.2400        20.2618         1.2810         4.8799         0.3419         3.0000
         9.2800        20.5244         1.2873         4.8808         0.3398         3.0000
         9.3200        20.7987         1.2914         4.8841         0.3382         3.0000
         9.3600        21.0648         1.2985         4.8856         0.3348         3.0000
         9.4000        21.3189         1.3071         4.8857         0.3312         3.0000
         9.4400        21.5949         1.2993         4.8880         0.3305         3.0000
         9.4800        21.8646         1.3092         4.8951         0.3293         3.0000
         9.5200        22.1388         1.3199         4.8870         0.3308         3.0000
         9.5600        22.4185         1.3271         4.8754         0.3285         3.0000
         9.6000        22.7175         1.3348         4.8624         0.3218         3.0000
         9.6400        23.0047         1.3451         4.8408         0.3211         3.0000
         9.6800        23.3002         1.3592         4.8267         0.3188         3.0000
         9.7200        23.5926         1.3729         4.8019         0.3159         3.0000
         9.7600        23.8857         1.3782         4.7837         0.3086         3.0000
         9.8000        24.1797         1.3860         4.7591         0.3034         3.0000
         9.8400        24.4828         1.3930         4.7289         0.2972         3.0000
         9.8800        24.7914         1.3816         4.7030         0.2948         3.0000
         9.9200        25.1092         1.3956         4.6776         0.2915         3.0000
         9.9600        25.4582         1.4053         4.6501         0.2819         3.0000
        10.0000        25.7845         1.4171         4.6035         0.2779         3.0000
        10.0400        26.1295         1.4272         4.5749         0.2762         3.0000
        10.0800        26.4799         1.4404         4.5453         0.2778         3.0000
        10.1200        26.8279         1.4533         4.5035         0.2729         3.0000
        10.1600        27.1698         1.4458         4.4506         0.2667         3.0000
        10.2000        27.5297         1.4613         4.3959         0.2582         3.0000
        10.2400        27.9006         1.4747         4.3417         0.2555         3.0000
        10.2800        28.2826         1.4866         4.2807         0.2494         3.0000
        10.3200        28.6549         1.4978         4.2135         0.2394         2.9999
        10.3600        29.0465         1.5160         4.1360         0.2382         2.9999
        10.4000        29.4086         1.5313         4.0563         0.2341         2.9998
        10.4400        29.8079         1.5470         3.9779         0.2252         2.9995
        10.4800        30.2206         1.5563         3.8937         0.2172         2.9991
        10.5200        30.5966         1.5687         3.8185         0.2124         2.9983
        10.5600        31.0088         1.5832         3.7386         0.2048         2.9967
        10.6000        31.4501         1.5943         3.6623         0.1974         2.9939
        10.6400        31.8710         1.5820         3.5934         0.1905         2.9887
        10.6800        32.2943         1.5899         3.5386         0.1831         2.9794
        10.7200        32.7237         1.5993         3.5107         0.1789         2.9628
        10.7600        33.1603         1.6106         3.5288         0.1764         2.9337
        10.8000        33.5763         1.6214         3.6453         0.1799         2.8836
        10.8400        34.0177         1.6335         3.9501         0.1918         2.7989
        10.8800        34.4781         1.6508         4.5979         0.2154         2.6595
        10.9200        34.9395         1.6622         5.9301         0.2730         2.4386
        10.9600        35.4132         1.6713         8.7015         0.3960         2.1073
        11.0000        35.8892         1.6828        14.4050         0.6476         1.6517
        11.0400        36.3964         1.6997        24.8889         1.1132         1.1036
        11.0800        36.8742         1.7156        39.3434         1.7573         0.5693
        11.1200        37.3732         1.7034        51.2096         2.2897         0.1937
        11.1600        37.8561         1.7173        56.0737         2.5006         0.0339
        11.2000        38.3570         1.7274        57.0598         2.5338         0.0021
        11.2400        38.8578         1.7367        57.3382         2.5104         0.0000
        11.2800        39.3493         1.7547        57.5753         2.5160         0.0000
        11.3200        39.8166         1.7715        57.8276         2.5210         0.0000
        11.3600        40.2938         1.7827        58.0901         2.5257         0.0000
        11.4000        40.7876         1.7930        58.3654         2.5270         0.0000
        11.4400        41.2931         1.8026        58.6252         2.5363         0.0000
        11.4800        41.7952         1.8129        58.8742         2.5819         0.0000
        11.5200        42.2982         1.8205        59.1254         2.5925         0.0000
        11.5600        42.7941         1.8288        59.4126         2.5660         0.0000
        11.6000        43.2572         1.8431        59.6743         2.5727         0.0000
        11.6400        43.7570         1.8552        59.9292         2.5702         0.0000
        11.6800        44.2364         1.8660        60.2667         2.5746         0.0000
        11.7200        44.7043         1.8856        60.6109         2.5758         0.0000
        11.7600        45.1879         1.9036        60.9092         2.5792         0.0000
        11.8000        45.6879         1.9108        61.2203         2.5759         0.0000
        11.8400        46.1878         1.9165        61.5052         2.5821         0.0000
        11.8800        46.6832         1.9193        61.7899         2.5848         0.0000
        11.9200        47.1983         1.9258        62.0810         2.5841         0.0000
        11.9600        47.6827         1.9090        62.3920         2.5863         0.0000
        12.0000        48.1773         1.9160        62.6739         2.5794         0.0000
        12.0400        48.6784         1.9265        62.9200         2.5668         0.0000
        12.0800        49.1531         1.9283        63.2232         2.5705         0.0000
        12.1200        49.6468         1.9332        63.5333         2.5722         0.0000
        12.1600        50.1346         1.9381        63.8652         2.5696         0.0000
        12.2000        50.6118         1.9442        64.1741         2.5350         0.0000
        12.2400        51.0890         1.9493        64.5148         2.5405         0.0000
        12.2800        51.5801         1.9542        64.8182         2.5424         0.0000
        12.3200        52.1005         1.9642        65.1064         2.5402         0.0000
        12.3600        52.5996         1.9690        65.4111         2.5345         0.0000
        12.4000        53.0782         1.9682        65.7434         2.5377         0.0000
        12.4400        53.6012         1.9737        66.0951         2.5358         0.0000
        12.4800        54.1045         1.9784        66.4390         2.5280         0.0000
        12.5200        54.6336         1.9878        66.7944         2.5239         0.0000
        12.5600        55.1646         1.9915        67.1308         2.5211         0.0000
        12.6000        55.6866         1.9652        67.4662         2.5146         0.0000
        12.6400        56.2032         1.9690        67.8604         2.5182         0.0000
        12.6800        56.6984         1.9770        68.2333         2.5181         0.0000
        12.7200        57.2100         1.9841        68.5795         2.5146         0.0000
        12.7600        57.7111         1.9788        68.9011         2.5073         0.0000
        12.8000        58.2211         1.9801        69.2726         2.5049         0.0000
        12.8400        58.7474         1.9813        69.6395         2.5092         0.0000
        12.8800        59.2964         1.9838        69.9694         2.5074         0.0000
        12.9200        59.8021         1.9886        70.3539         2.5033         0.0000
        12.9600        60.3166         1.9860        70.7309         2.4971         0.0000
        13.0000        60.8630         1.9911        71.1269         2.4906         0.0000
        13.0400        61.3566         1.9880        71.5132         2.4454         0.0000
        13.0800        61.9043         1.9807        71.8975         2.4387         0.0000
        13.1200        62.4470         1.9813        72.2505         2.4315         0.0000
        13.1600        62.9868         1.9461        72.6194         2.4197         0.0000
        13.2000        63.5046         1.9415        73.0227         2.4108         0.0000
        13.2400        64.0157         1.9384        73.4368         2.4072         0.0000
        13.2800        64.5235         1.9328        73.8262         2.4072         0.0000
        13.3200        65.0541         1.9251        74.2221         2.3987         0.0000
        13.3600        65.5454         1.9189        74.6151         2.3841         0.0000
        13.4000        66.0778         1.9192        75.0134         2.3690         0.0000
        13.4400        66.5923         1.9170        75.4010         2.3571         0.0000
        13.4800        67.1171         1.9077        75.8275         2.3490         0.0000
        13.5200        67.6372         1.8942        76.2399         2.3328         0.0000
        13.5600        68.1480         1.8642        76.6584         2.3212         0.0000
        13.6000        68.6532         1.8919        77.0700         2.3216         0.0000
        13.6400        69.1823         1.8863        77.4583         2.3136         0.0000
        13.6800        69.7078         1.8763        77.8841         2.2572         0.0000
        13.7200        70.2248         1.8420        78.3266         2.2481         0.0000
        13.7600        70.7613         1.8358        78.7920         2.2363         0.0000
        13.8000        71.3089         1.8202        79.2368         2.2267         0.0000
        13.8400        71.8595         1.8033        79.6375         2.2091         0.0000
        13.8800        72.3880         1.7976        80.0775         2.2032         0.0000
        13.9200        72.9006         1.7891        80.4875         2.1911         0.0000
        13.9600        73.4242         1.7762        80.9697         2.1849         0.0000
        14.0000        73.9769         1.7412        81.4091         2.1323         0.0000
        14.0400        74.5425         1.7330        81.8381         2.1168         0.0000
        14.0800        75.0708         1.7240        82.2490         2.0992         0.0000
        14.1200        75.5858         1.7099        82.6909         2.0867         0.0000
        14.1600        76.1385         1.6974        83.1245         2.0765         0.0000
        14.2000        76.6926         1.6837        83.5940         2.0630         0.0000
        14.2400        77.2455         1.6726        84.0605         2.0162         0.0000
        14.2800        77.7868         1.6609        84.5599         2.0069         0.0000
        14.3200        78.3475         1.6184        85.0703         1.9888         0.0000
        14.3600        78.9487         1.6044        85.5531         1.9787         0.0000
        14.4000        79.5242         1.5919        86.0716         1.9695         0.0000
        14.4400        80.1339         1.5786        86.5566         1.9489         0.0000
        14.4800        80.7087         1.5675        87.0688         1.9316         0.0000
        14.5200        81.2634         1.5218        87.5615         1.9175         0.0000
        14.5600        81.8295         1.5057        88.0375         1.8993         0.0000
        14.6000        82.3784         1.4865        88.5037         1.8758         0.0000
        14.6400        82.9136         1.4717        89.0031         1.8522         0.0000
        14.6800        83.4601         1.4550        89.4807         1.8277         0.0000
        14.7200        84.0305         1.4380        90.0097         1.8080         0.0000
        14.7600        84.5964         1.3973        90.4747         1.7595         0.0000
        14.8000        85.1756         1.3803        90.9446         1.7405         0.0000
        14.8400        85.7445         1.3684        91.4298         1.7171         0.0000
        14.8800        86.3196         1.3617        91.9739         1.6931         0.0000
        14.9200        86.9142         1.3491        92.4753         1.6659         0.0000
        14.9600        87.5130         1.3298        92.9675         1.6376         0.0000
        15.0000        88.0535         1.2855        93.4869         1.6160         0.0000
        15.0400        88.6246         1.2682        94.0108         1.5665         0.0000
        15.0800        89.2138         1.2527        94.5387         1.5525         0.0000
        15.1200        89.8155         1.2320        95.0376         1.5368         0.0000
        15.1600        90.3838         1.2180        95.5276         1.5107         0.0000
        15.2000        90.9755         1.2027        96.0330         1.4836         0.0000
        15.2400        91.5711         1.1883        96.5605         1.4302         0.0000
        15.2800        92.1645         1.1437        97.1100         1.4104         0.0000
        15.3200        92.7746         1.1322        97.6601         1.3841         0.0000
        15.3600        93.3863         1.1187        98.2366         1.3586         0.0000
        15.4000        93.9837         1.1033        98.7825         1.3064         0.0000
        15.4400        94.5991         1.0885        99.3234         1.2864         0.0000
        15.4800        95.1891         1.0785        99.8771         1.2621         0.0000
        15.5200        95.8056         1.0706       100.3975         1.2347         0.0000
        15.5600        96.3772         1.0547       100.9301         1.2127         0.0000
        15.6000        96.9685         1.0350       101.4435         1.1631         0.0000
        15.6400        97.6073         1.0204       102.0151         1.1419         0.0000
        15.6800        98.2818         0.9829       102.5639         1.1243         0.0000
        15.7200        98.9134         0.9746       103.0943         1.1070         0.0000
        15.7600        99.5339         0.9631       103.6492         1.0834         0.0000
        15.8000       100.1830         0.9548       104.2075         1.0623         0.0000
        15.8400       100.7786         0.9401       104.7991         1.0433         0.0000
        15.8800       101.3846         0.9299       105.3277         1.0263         0.0000
        15.9200       101.9634         0.9234       105.9026         0.9826         0.0000
        15.9600       102.6000         0.9160       106.4950         0.9661         0.0000
        16.0000       103.2389         0.9028       107.0559         0.9463         0.0000
        16.0400       103.8861         0.8955       107.6682         0.9292         0.0000
        16.0800       104.4838         0.8825       108.3026         0.9156         0.0000
        16.1200       105.1057         0.8712       108.8900         0.8993         0.0000
        16.1600       105.7616         0.8630       109.4701         0.8843         0.0000
        16.2000       106.3751         0.8571       110.0495         0.8729         0.0000
        16.2400       106.9731         0.8481       110.6547         0.8621         0.0000
        16.2800       107.6299         0.8424       111.2433         0.8519         0.0000
        16.3200       108.2628         0.8377       111.8769         0.8447         0.0000
        16.3600       108.8966         0.8351       112.4713         0.8047         0.0000
        16.4000       109.5600         0.8311       113.1105         0.7948         0.0000
        16.4400       110.2135         0.8263       113.7026         0.7838         0.0000
        16.4800       110.8368         0.8250       114.3006         0.7759         0.0000
        16.5200       111.4845         0.8246       114.8764         0.7737         0.0000
        16.5600       112.1876         0.8269       115.4745         0.7730         0.0000
        16.6000       112.8658         0.8246       116.0397         0.7695         0.0000
        16.6400       113.5184         0.8312       116.6088         0.7675         0.0000
        16.6800       114.1508         0.8329       117.1960         0.7650         0.0000
        16.7200       114.8786         0.8441       117.7948         0.7672         0.0000
        16.7600       115.6041         0.8520       118.3833         0.8037         0.0000
        16.8000       116.2907         0.8951       119.0277         0.8152         0.0000
        16.8400       116.9383         0.9486       119.6751         0.8275         0.0000
        16.8800       117.6083         0.9781       120.3120         0.8322         0.0000
        16.9200       118.2937         1.0232       120.9451         0.8465         0.0000
        16.9600       118.9701         1.1969       121.5674         0.8558         0.0000
        17.0000       119.6070         1.2600       122.2013         0.9078         0.0000
        17.0400       120.2695         1.3404       122.8917         1.0103         0.0000
        17.0800       120.9260         1.4081       123.5412         1.0818         0.0000
        17.1200       121.5747         1.4901       124.2282         1.1812         0.0000
        17.1600       122.2433         1.5852       124.8976         1.2660         0.0000
        17.2000       122.9345         1.6509       125.5227         1.3659         0.0000
        17.2400       123.6088         1.7065       126.1920         1.4343         0.0000
        17.2800       124.3353         1.7619       126.8498         1.5245         0.0000
        17.3200       125.0666         1.8162       127.5751         1.6283         0.0000
        17.3600       125.7690         1.9379       128.2796         1.7427         0.0000
        17.4000       126.4765         2.0123       128.9484         1.8319         0.0000
        17.4400       127.1814         2.0942       129.6399         1.9033         0.0000
        17.4800       127.9524         2.1799       130.3485         1.9630         0.0000
        17.5200       128.6441         2.2518       131.0352         2.0444         0.0000
        17.5600       129.3831         2.3231       131.7372         2.1235         0.0000
        17.6000       130.0656         2.4231       132.4504         2.1989         0.0000
        17.6400       130.7770         2.5114       133.0985         2.2828         0.0000
        17.6800       131.4776         2.6314       133.6958         2.4005         0.0000
        17.7200       132.1742         2.7022       134.4238         2.4552         0.0000
        17.7600       132.8521         2.7733       135.1385         2.5725         0.0000
        17.8000       133.5656         2.8071       135.8417         2.6526         0.0000
        17.8400       134.2423         2.8974       136.4711         2.7339         0.0000
        17.8800       134.9715         2.9957       137.1767         2.8225         0.0000
        17.9200       135.6607         3.0715       137.8599         2.9099         0.0000
        17.9600       136.3964         3.1719       138.5445         3.0001         0.0000
        18.0000       137.1021         3.2238       139.2628         3.0989         0.0000
        18.0400       137.8195         3.3102       139.9682         3.2038         0.0000
        18.0800       138.5348         3.4091       140.6718         3.3017         0.0000
        18.1200       139.2518         3.4907       141.3936         3.4154         0.0000
        18.1600       139.9854         3.5772       142.1188         3.4625         0.0000
        18.2000       140.7364         3.6896       142.9285         3.5553         0.0000
        18.2400       141.4881         3.7841       143.7338         3.6693         0.0000
        18.2800       142.2152         3.8860       144.5275         3.7703         0.0000
        18.3200       142.9566         3.9388       145.2672         3.8716         0.0000
        18.3600       143.7064         4.0207       146.0098         3.9771         0.0000
        18.4000       144.5176         4.1338       146.7603         4.0804         0.0000
        18.4400       145.2855         4.2334       147.5415         4.1194         0.0000
        18.4800       146.0421         4.3475       148.3336         4.2170         0.0000
        18.5200       146.7943         4.4607       149.0999         4.3281         0.0000
        18.5600       147.5964         4.5768       149.8066         4.4387         0.0000
        18.6000       148.3659         4.6845       150.5171         4.5259         0.0000
        18.6400       149.1341         4.7472       151.2267         4.6267         0.0000
        18.6800       149.8859         4.8642       151.9329         4.7388         0.0000
        18.7200       150.6733         4.9691       152.7123         4.8547         0.0000
        18.7600       151.4677         5.0880       153.4396         4.9821         0.0000
        18.8000       152.3103         5.2022       154.1842         5.0994         0.0000
        18.8400       153.0934         5.3195       154.9274         5.1410         0.0000
        18.8800       153.9056         5.4306       155.6802         5.2665         0.0000
        18.9200       154.6972         5.5408       156.4975         5.3742         0.0000
        18.9600       155.4840         5.6361       157.3105         5.4920         0.0000
        19.0000       156.2229         5.7300       158.1313         5.6187         0.0000
        19.0400       156.9832         5.8413       158.9252         5.7438         0.0000
        19.0800       157.8295         5.8899       159.7015         5.8694         0.0000
        19.1200       158.6494         5.9944       160.5085         5.9918         0.0000
        19.1600       159.4545         6.1241       161.3288         6.0290         0.0000
        19.2000       160.2193         6.2552       162.1371         6.1663         0.0000
        19.2400       161.0027         6.3805       162.9582         6.3144         0.0000
        19.2800       161.7740         6.4976       163.7680         6.4329         0.0000
        19.3200       162.5978         6.6290       164.5457         6.5620         0.0000
        19.3600       163.3430         6.7520       165.3123         6.6874         0.0000
        19.4000       164.2056         6.8868       166.1829         6.7380         0.0000
        19.4400       165.0208         7.0258       166.9366         6.8725         0.0000
        19.4800       165.7691         7.1656       167.7840         7.0157         0.0000
        19.5200       166.5612         7.2902       168.6304         7.1664         0.0000
        19.5600       167.4216         7.4255       169.4229         7.3212         0.0000
        19.6000       168.2176         7.4440       170.2233         7.4672         0.0000
        19.6400       169.0118         7.5822       171.0721         7.6065         0.0000
        19.6800       169.8103         7.7058       171.9395         7.7484         0.0000
        19.7200       170.6379         7.8326       172.7488         7.9078         0.0000
        19.7600       171.4980         7.9679       173.6094         7.9223         0.0000
        19.8000       172.3210         8.1146       174.4617         8.0730         0.0000
        19.8400       173.1082         8.2745       175.2693         8.2215         0.0000
        19.8800       173.9867         8.2822       176.1072         8.3648         0.0000
        19.9200       174.8401         8.4444       176.9137         8.5112         0.0000
        19.9600       175.7368         8.5932       177.7367         8.6676         0.0000
        20.0000       154.9434         7.6701       156.7344         7.7343         0.0000
