   8.0000004E-002   0.0000000E+000   0.0000000E+000   0.0000000E+000   0.0000000E+000
   1.2000000E-001   0.0000000E+000   0.0000000E+000   0.0000000E+000   0.0000000E+000
   1.6000001E-001   0.0000000E+000   0.0000000E+000   0.0000000E+000   0.0000000E+000
   2.0000000E-001   0.0000000E+000   0.0000000E+000   0.0000000E+000   0.0000000E+000
   2.4000000E-001   0.0000000E+000   0.0000000E+000   0.0000000E+000   0.0000000E+000
   2.8000001E-001   0.0000000E+000   0.0000000E+000   0.0000000E+000   0.0000000E+000
   3.2000002E-001   0.0000000E+000   0.0000000E+000   0.0000000E+000   0.0000000E+000
   3.5999998E-001   0.0000000E+000   0.0000000E+000   0.0000000E+000   0.0000000E+000
   3.9999999E-001   0.0000000E+000   0.0000000E+000   0.0000000E+000   0.0000000E+000
   4.4000000E-001   0.0000000E+000   0.0000000E+000   0.0000000E+000   0.0000000E+000
   4.8000000E-001   0.0000000E+000   0.0000000E+000   0.0000000E+000   0.0000000E+000
   5.2000001E-001   0.0000000E+000   0.0000000E+000   0.0000000E+000   0.0000000E+000
   5.6000002E-001   0.0000000E+000   0.0000000E+000   0.0000000E+000   0.0000000E+000
   5.9999999E-001   0.0000000E+000   0.0000000E+000   0.0000000E+000   0.0000000E+000
   6.4000003E-001   0.0000000E+000   0.0000000E+000   0.0000000E+000   0.0000000E+000
   6.8000004E-001   0.0000000E+000   0.0000000E+000   0.0000000E+000   0.0000000E+000
   7.1999997E-001   0.0000000E+000   0.0000000E+000   0.0000000E+000   0.0000000E+000
   7.5999998E-001   0.0000000E+000   0.0000000E+000   0.0000000E+000   0.0000000E+000
   7.9999998E-001   0.0000000E+000   0.0000000E+000   0.0000000E+000   0.0000000E+000
   8.3999999E-001   0.0000000E+000   0.0000000E+000   0.0000000E+000   0.0000000E+000
   8.8000000E-001   0.0000000E+000   0.0000000E+000   0.0000000E+000   0.0000000E+000
   9.2000000E-001   0.0000000E+000   0.0000000E+000   0.0000000E+000   0.0000000E+000
   9.6000001E-001   0.0000000E+000   0.0000000E+000   0.0000000E+000   0.0000000E+000
   1.0000000E+000   0.0000000E+000   0.0000000E+000   0.0000000E+000   0.0000000E+000
   1.0400000E+000   4.6847432E-006   1.1958828E-007   7.3129779E-006   1.3537685E-007
   1.0800000E+000   1.1912670E-005   3.0535497E-007   1.8704112E-005   3.8925751E-007
   1.1200000E+000   1.9621510E-005   4.6081526E-007   3.0837580E-005   6.4615691E-007
   1.1600000E+000   2.8089340E-005   6.0387868E-007   4.3333573E-005   7.4953169E-007
   1.2000000E+000   3.6949914E-005   8.4513847E-007   5.6744750E-005   9.7604959E-007
   1.2400000E+000   4.7111838E-005   1.1221120E-006   7.0494069E-005   1.1366580E-006
   1.2800001E+000   5.7136265E-005   1.3261157E-006   8.5829782E-005   1.3757621E-006
   1.3200000E+000   6.7405752E-005   1.5143316E-006   1.0063377E-004   1.6576914E-006
   1.3600001E+000   7.8580209E-005   1.6641309E-006   1.1717396E-004   1.9431506E-006
   1.4000000E+000   9.0218695E-005   1.7998464E-006   1.3579699E-004   2.1543396E-006
   1.4399999E+000   1.0244332E-004   1.9257586E-006   1.5428896E-004   2.3354255E-006
   1.4800000E+000   1.1498600E-004   2.1623567E-006   1.7350681E-004   2.5381896E-006
   1.5200000E+000   1.2813024E-004   2.3922434E-006   1.9324874E-004   2.8717417E-006
   1.5600000E+000   1.4131573E-004   2.8369072E-006   2.1514652E-004   3.0076815E-006
   1.6000000E+000   1.5551361E-004   3.0536899E-006   2.3622040E-004   3.1123501E-006
   1.6400000E+000   1.7038292E-004   2.8831383E-006   2.5818611E-004   3.4522668E-006
   1.6800000E+000   1.8582594E-004   3.0807261E-006   2.8055404E-004   3.7921745E-006
   1.7200001E+000   2.0276750E-004   3.3505180E-006   3.0629849E-004   3.8127659E-006
   1.7600000E+000   2.1970087E-004   3.7354841E-006   3.3233909E-004   4.0338425E-006
   1.8000001E+000   2.3581999E-004   3.9391464E-006   3.5914500E-004   4.2871518E-006
   1.8400000E+000   2.5255789E-004   4.0348850E-006   3.8432665E-004   4.5066564E-006
   1.8799999E+000   2.6931162E-004   4.1736179E-006   4.1213424E-004   4.7288392E-006
   1.9200000E+000   2.8625647E-004   4.4111031E-006   4.4230277E-004   4.7327689E-006
   1.9599999E+000   3.0458381E-004   4.6103938E-006   4.7294654E-004   5.2716804E-006
   2.0000000E+000   3.2490147E-004   4.8215825E-006   5.0225401E-004   5.3241400E-006
   2.0400000E+000   3.4409397E-004   4.9829900E-006   5.3239929E-004   5.5254399E-006
   2.0800000E+000   3.6398795E-004   5.5642979E-006   5.6385616E-004   5.9253319E-006
   2.1200000E+000   3.8458151E-004   5.9249499E-006   5.9573119E-004   6.2516460E-006
   2.1600001E+000   4.0618022E-004   6.2816193E-006   6.2965364E-004   6.7419113E-006
   2.2000000E+000   4.2776861E-004   6.4801157E-006   6.6500386E-004   6.8987719E-006
   2.2400001E+000   4.5126377E-004   6.6421786E-006   7.0064815E-004   6.9936761E-006
   2.2800000E+000   4.7314879E-004   7.2663284E-006   7.3737970E-004   7.2285261E-006
   2.3199999E+000   4.9431348E-004   8.5282679E-006   7.7380749E-004   7.5252100E-006
   2.3600000E+000   5.1790247E-004   7.1708238E-006   8.1390500E-004   7.5992493E-006
   2.3999999E+000   5.4344059E-004   7.1434281E-006   8.5384859E-004   7.7878085E-006
   2.4400000E+000   5.6794118E-004   8.5228522E-006   8.9325523E-004   7.7976273E-006
   2.4800000E+000   5.9191329E-004   8.4637027E-006   9.3388025E-004   8.0937023E-006
   2.5200000E+000   6.1586100E-004   7.7021312E-006   9.7558921E-004   8.2798286E-006
   2.5600001E+000   6.4124429E-004   7.8126990E-006   1.0189957E-003   8.1560089E-006
   2.5999999E+000   6.6814432E-004   8.1675760E-006   1.0614126E-003   9.0624192E-006
   2.6400000E+000   6.9278093E-004   8.1347404E-006   1.1062744E-003   9.2656647E-006
   2.6800001E+000   7.1954465E-004   8.4381337E-006   1.1535602E-003   9.7986477E-006
   2.7200001E+000   7.4535798E-004   8.7735305E-006   1.1974101E-003   1.0098035E-005
   2.7599999E+000   7.7456186E-004   9.1161851E-006   1.2429334E-003   1.0267544E-005
   2.8000000E+000   8.0272651E-004   9.4952675E-006   1.2899552E-003   1.0854775E-005
   2.8400001E+000   8.3309805E-004   9.7311655E-006   1.3402185E-003   1.0741197E-005
   2.8799999E+000   8.6269783E-004   1.0030553E-005   1.3918393E-003   1.0351292E-005
   2.9200000E+000   8.9129077E-004   1.0062680E-005   1.4399041E-003   1.0610643E-005
   2.9600000E+000   9.2282432E-004   1.0076872E-005   1.4934650E-003   1.0339034E-005
   3.0000001E+000   9.5296642E-004   1.1815889E-005   1.5498007E-003   1.0988990E-005
   3.0399999E+000   9.8275323E-004   1.2269736E-005   1.6000756E-003   1.1907454E-005
   3.0800000E+000   1.0149946E-003   1.3029081E-005   1.6527500E-003   1.2381507E-005
   3.1200001E+000   1.0499332E-003   1.3496053E-005   1.7076559E-003   1.2523667E-005
   3.1600001E+000   1.0844335E-003   1.3696005E-005   1.7683379E-003   1.2337570E-005
   3.1999999E+000   1.1176187E-003   1.4220764E-005   1.8274834E-003   1.2993280E-005
   3.2400000E+000   1.1518914E-003   1.3729129E-005   1.8845999E-003   1.3298080E-005
   3.2800001E+000   1.1867992E-003   1.3765062E-005   1.9406095E-003   1.3283376E-005
   3.3199999E+000   1.2237152E-003   1.3834102E-005   1.9990238E-003   1.3190494E-005
   3.3600000E+000   1.2593230E-003   1.4018899E-005   2.0589344E-003   1.3121674E-005
   3.4000000E+000   1.2959657E-003   1.4570148E-005   2.1174218E-003   1.3632047E-005
   3.4400001E+000   1.3306837E-003   1.4550438E-005   2.1777658E-003   1.3065169E-005
   3.4799999E+000   1.3647401E-003   1.4561466E-005   2.2413881E-003   1.3236401E-005
   3.5200000E+000   1.3968950E-003   1.5546416E-005   2.3104293E-003   1.3426516E-005
   3.5600001E+000   1.4270692E-003   1.6520504E-005   2.3801302E-003   1.3565923E-005
   3.6000001E+000   1.4637903E-003   1.6935391E-005   2.4463921E-003   1.3703343E-005
   3.6399999E+000   1.5025541E-003   1.7086510E-005   2.5108800E-003   1.5101085E-005
   3.6800000E+000   1.5416141E-003   1.7924016E-005   2.5782675E-003   1.5258994E-005
   3.7200001E+000   1.5810428E-003   1.7916174E-005   2.6496098E-003   1.4833294E-005
   3.7599999E+000   1.6232294E-003   1.8184843E-005   2.7166123E-003   1.5068336E-005
   3.8000000E+000   1.6617612E-003   1.8260320E-005   2.7815843E-003   1.4840225E-005
   3.8400000E+000   1.6975446E-003   1.7590502E-005   2.8555561E-003   1.4196938E-005
   3.8800001E+000   1.7373876E-003   1.8431358E-005   2.9293100E-003   1.8070892E-005
   3.9199999E+000   1.7817132E-003   1.8062436E-005   3.0014148E-003   1.8942219E-005
   3.9600000E+000   1.8212596E-003   1.9007206E-005   3.0797922E-003   1.7615199E-005
   4.0000001E+000   1.8608310E-003   1.8781697E-005   3.1537230E-003   1.8433192E-005
   4.0400001E+000   1.9006854E-003   1.9262289E-005   3.2301702E-003   1.9418423E-005
   4.0799999E+000   1.9372008E-003   1.9638425E-005   3.3155839E-003   2.0335687E-005
   4.1200000E+000   1.9770729E-003   2.0014971E-005   3.3974441E-003   2.0375926E-005
   4.1600001E+000   2.0229708E-003   1.9523918E-005   3.4846838E-003   2.0921630E-005
   4.1999999E+000   2.0651042E-003   1.9320542E-005   3.5716545E-003   2.1111731E-005
   4.2399999E+000   2.1086276E-003   1.9952393E-005   3.6555599E-003   2.1775912E-005
   4.2800000E+000   2.1499837E-003   1.9767095E-005   3.7391446E-003   2.3028760E-005
   4.3200001E+000   2.1882796E-003   1.9410726E-005   3.8205972E-003   2.3809578E-005
   4.3599999E+000   2.2327792E-003   1.9798808E-005   3.9069756E-003   2.7309520E-005
   4.4000000E+000   2.2733633E-003   2.0260877E-005   3.9936249E-003   2.7808075E-005
   4.4400001E+000   2.3226596E-003   2.1235233E-005   4.0857167E-003   2.6914292E-005
   4.4800001E+000   2.3730273E-003   2.1681057E-005   4.1725042E-003   2.6946509E-005
   4.5199999E+000   2.4118240E-003   2.1345954E-005   4.2642337E-003   2.6803564E-005
   4.5600000E+000   2.4523383E-003   2.2523644E-005   4.3593738E-003   2.7680526E-005
   4.6000001E+000   2.4918488E-003   2.2285682E-005   4.4564491E-003   2.7119105E-005
   4.6399999E+000   2.5349837E-003   2.0149793E-005   4.5499670E-003   2.7236853E-005
   4.6799999E+000   2.5801203E-003   2.0913688E-005   4.6446694E-003   2.8331635E-005
   4.7200000E+000   2.6307720E-003   2.1934815E-005   4.7465831E-003   2.8961948E-005
   4.7600001E+000   2.6760926E-003   2.2937918E-005   4.8442142E-003   2.7559251E-005
   4.7999999E+000   2.7174540E-003   2.4016819E-005   4.9469839E-003   2.7625851E-005
   4.8400000E+000   2.7589387E-003   2.3233471E-005   5.0519206E-003   2.7639422E-005
   4.8800001E+000   2.8061574E-003   2.6315806E-005   5.1547262E-003   2.8646627E-005
   4.9200001E+000   2.8474378E-003   2.7783797E-005   5.2637899E-003   2.9207642E-005
   4.9599999E+000   2.8916623E-003   2.8398717E-005   5.3685288E-003   3.0508092E-005
   5.0000000E+000   2.9379301E-003   2.9127627E-005   5.4771302E-003   2.8604174E-005
   5.0400001E+000   2.9877706E-003   2.9965765E-005   5.5868624E-003   2.6953784E-005
   5.0800002E+000   3.0346262E-003   3.1158648E-005   5.6923299E-003   2.7588941E-005
   5.1200002E+000   3.0748002E-003   3.0407085E-005   5.8060765E-003   3.2810998E-005
   5.1599997E+000   3.1119400E-003   2.6663252E-005   5.9132265E-003   3.4354900E-005
   5.1999998E+000   3.1558429E-003   2.6031513E-005   6.0238733E-003   3.3418937E-005
   5.2399999E+000   3.1990824E-003   2.5845114E-005   6.1442026E-003   3.2910504E-005
   5.2800000E+000   3.2427607E-003   2.5880834E-005   6.2598339E-003   3.3161866E-005
   5.3200001E+000   3.2873267E-003   3.0774045E-005   6.3760657E-003   3.1506039E-005
   5.3600001E+000   3.3282176E-003   2.8784162E-005   6.4926267E-003   3.2222136E-005
   5.4000002E+000   3.3704908E-003   2.7969308E-005   6.6158225E-003   3.3294270E-005
   5.4400003E+000   3.4060389E-003   2.6878681E-005   6.7375046E-003   3.2455555E-005
   5.4799998E+000   3.4516714E-003   2.7518032E-005   6.8614587E-003   3.0444997E-005
   5.5199999E+000   3.4937017E-003   2.7719061E-005   6.9918332E-003   2.9657121E-005
   5.5599999E+000   3.5335123E-003   2.5865599E-005   7.1148082E-003   3.2015105E-005
   5.6000000E+000   3.5712539E-003   2.5939481E-005   7.2447773E-003   3.3007784E-005
   5.6400001E+000   3.6119238E-003   2.5804810E-005   7.3776104E-003   3.3466696E-005
   5.6800002E+000   3.6467378E-003   2.4818908E-005   7.5121752E-003   3.5475049E-005
   5.7200003E+000   3.6881706E-003   2.4875257E-005   7.6463533E-003   3.6206778E-005
   5.7599998E+000   3.7294402E-003   2.3972034E-005   7.7909443E-003   3.6269001E-005
   5.7999998E+000   3.7738729E-003   2.3156964E-005   7.9261093E-003   3.7466373E-005
   5.8399999E+000   3.8154536E-003   2.4177434E-005   8.0583166E-003   3.8191376E-005
   5.8800000E+000   3.8520957E-003   2.4906952E-005   8.0885624E-003   3.8221607E-005
   5.9200001E+000   3.8885296E-003   2.4779014E-005   7.5405310E-003   2.8454383E-005
   5.9600002E+000   3.9273287E-003   2.3699699E-005   5.9135292E-003   2.2737511E-005
   6.0000002E+000   3.9683410E-003   2.1319953E-005   3.8269464E-003   1.5035229E-005
   6.0399997E+000   4.0085216E-003   2.2042896E-005   2.2621443E-003   9.3568865E-006
   6.0799998E+000   4.0443346E-003   2.2714204E-005   1.4005164E-003   6.4498842E-006
   6.1199999E+000   4.0855392E-003   2.3536381E-005   9.7748724E-004   4.8882179E-006
   6.1600000E+000   4.1310645E-003   2.6543619E-005   7.7455113E-004   4.0604818E-006
   6.2000000E+000   4.1744317E-003   2.5542074E-005   6.8326121E-004   3.6592402E-006
   6.2400001E+000   4.2206826E-003   2.5331854E-005   6.4839162E-004   3.3834571E-006
   6.2800002E+000   4.2607869E-003   2.7944415E-005   6.4201028E-004   3.7190988E-006
   6.3200003E+000   4.3075884E-003   2.6722540E-005   6.5273625E-004   3.7908547E-006
   6.3599998E+000   4.3486929E-003   2.6224718E-005   6.7298935E-004   4.1687076E-006
   6.3999999E+000   4.3907275E-003   2.6727150E-005   7.0057616E-004   4.4360650E-006
   6.4399999E+000   4.4341961E-003   2.5921595E-005   7.2959511E-004   4.6662145E-006
   6.4800000E+000   4.4797882E-003   2.6601175E-005   7.5989384E-004   4.8915033E-006
   6.5200001E+000   4.5253192E-003   2.7007423E-005   7.9120399E-004   5.2476898E-006
   6.5600002E+000   4.5739616E-003   2.7441101E-005   8.2125874E-004   5.6456834E-006
   6.6000003E+000   4.6264512E-003   3.1230932E-005   8.5278449E-004   5.8789260E-006
   6.6399997E+000   4.6712062E-003   3.1218473E-005   8.8601965E-004   6.0655723E-006
   6.6799998E+000   4.7171416E-003   3.1192135E-005   9.1959170E-004   6.2853852E-006
   6.7199999E+000   4.7687997E-003   3.2115388E-005   9.5568707E-004   6.8921929E-006
   6.7600000E+000   4.8194421E-003   3.0379569E-005   9.8907190E-004   7.2618701E-006
   6.8000001E+000   4.8755336E-003   3.1770140E-005   1.0259728E-003   7.2685939E-006
   6.8400002E+000   4.9255496E-003   3.2266219E-005   1.0629820E-003   7.5517968E-006
   6.8800002E+000   4.9800751E-003   3.3184396E-005   1.0973949E-003   7.8530919E-006
   6.9199997E+000   5.0433849E-003   3.3138566E-005   1.1336968E-003   8.8297365E-006
   6.9599998E+000   5.0991926E-003   3.2698055E-005   1.1654548E-003   9.1552339E-006
   6.9999999E+000   5.1572746E-003   3.2085930E-005   1.1986871E-003   9.1073285E-006
   7.0400000E+000   5.2164446E-003   2.7465714E-005   1.2321672E-003   9.3700481E-006
   7.0800000E+000   5.2719327E-003   2.8170847E-005   1.2619363E-003   9.7903387E-006
   7.1200001E+000   5.3294515E-003   2.8571940E-005   1.2948418E-003   1.0085667E-005
   7.1600002E+000   5.3933392E-003   2.9523803E-005   1.3300795E-003   1.0652913E-005
   7.2000003E+000   5.4555533E-003   2.9931800E-005   1.3636452E-003   1.0598748E-005
   7.2399998E+000   5.5193862E-003   3.0094280E-005   1.3936931E-003   1.0806368E-005
   7.2799999E+000   5.5831000E-003   2.9319194E-005   1.4265420E-003   1.1228517E-005
   7.3199999E+000   5.6452895E-003   2.8706429E-005   1.4582089E-003   1.1597869E-005
   7.3600000E+000   5.7151365E-003   2.7752355E-005   1.4935557E-003   1.1461507E-005
   7.4000001E+000   5.7833412E-003   2.7322225E-005   1.5256787E-003   1.1806315E-005
   7.4400002E+000   5.8542606E-003   2.9265868E-005   1.5562108E-003   1.2173517E-005
   7.4800003E+000   5.9257978E-003   3.1084415E-005   1.5823276E-003   1.2587440E-005
   7.5199997E+000   6.0029075E-003   2.9684968E-005   1.6122370E-003   1.2630251E-005
   7.5599998E+000   6.0768041E-003   3.1012351E-005   1.6439690E-003   1.2258664E-005
   7.5999999E+000   6.1430454E-003   3.0996591E-005   1.6741263E-003   1.2255312E-005
   7.6400000E+000   6.2047590E-003   2.9195537E-005   1.7032372E-003   1.2788309E-005
   7.6800001E+000   6.2650828E-003   3.0740232E-005   1.7271131E-003   1.2735302E-005
   7.7200001E+000   6.3361916E-003   3.5323478E-005   1.7545766E-003   1.3379808E-005
   7.7600002E+000   6.4068357E-003   3.3890547E-005   1.7836108E-003   1.3524986E-005
   7.7999997E+000   6.4758133E-003   3.4282506E-005   1.8099401E-003   1.3347327E-005
   7.8399998E+000   6.5482231E-003   3.2576513E-005   1.8316182E-003   1.3959401E-005
   7.8799999E+000   6.6226111E-003   3.2771747E-005   1.8588627E-003   1.4561754E-005
   7.9200000E+000   6.7006562E-003   3.1771052E-005   1.8838364E-003   1.4286926E-005
   7.9600000E+000   6.7754361E-003   3.1706012E-005   1.9071708E-003   1.4032962E-005
   8.0000001E+000   6.8566685E-003   3.2518902E-005   1.9310726E-003   1.3621410E-005
   8.0400002E+000   6.9341156E-003   3.3922242E-005   1.9608051E-003   1.4463865E-005
   8.0800003E+000   7.0115873E-003   3.2407976E-005   1.9841626E-003   1.5160891E-005
   8.1199998E+000   7.0915705E-003   2.8711173E-005   2.0085272E-003   1.5785802E-005
   8.1599998E+000   7.1717556E-003   2.9258807E-005   2.0327212E-003   1.6768480E-005
   8.1999999E+000   7.2500287E-003   2.7823076E-005   2.0559584E-003   1.6795361E-005
   8.2400000E+000   7.3299140E-003   2.8406985E-005   2.0785847E-003   1.5445487E-005
   8.2800001E+000   7.4112634E-003   2.9683087E-005   2.0992620E-003   1.5583726E-005
   8.3200002E+000   7.4946885E-003   3.0207129E-005   2.1196811E-003   1.6743458E-005
   8.3600003E+000   7.5766711E-003   3.0195420E-005   2.1401599E-003   1.5690096E-005
   8.3999997E+000   7.6677085E-003   3.1152036E-005   2.1601114E-003   1.5864457E-005
   8.4399998E+000   7.7642579E-003   3.1675882E-005   2.1806595E-003   1.6200134E-005
   8.4799999E+000   7.8531353E-003   3.1332272E-005   2.2044160E-003   1.6121331E-005
   8.5200000E+000   7.9435933E-003   3.0593444E-005   2.2228981E-003   1.5784053E-005
   8.5600001E+000   8.0408470E-003   3.0136659E-005   2.2401352E-003   1.6144280E-005
   8.6000001E+000   8.1396744E-003   3.0366702E-005   2.2531690E-003   1.5794579E-005
   8.6400002E+000   8.2364385E-003   3.1066795E-005   2.2700592E-003   1.5248365E-005
   8.6799997E+000   8.3358551E-003   3.1868493E-005   2.2900190E-003   1.5206954E-005
   8.7199998E+000   8.4356569E-003   3.4002438E-005   2.2997607E-003   1.4721167E-005
   8.7599999E+000   8.5353871E-003   3.4095356E-005   2.3092108E-003   1.5602846E-005
   8.8000000E+000   8.6284621E-003   3.3136945E-005   2.3258079E-003   1.6080305E-005
   8.8400000E+000   8.7281465E-003   3.3823554E-005   2.3399686E-003   1.6519476E-005
   8.8800001E+000   8.8273839E-003   3.3821682E-005   2.3487282E-003   1.7038114E-005
   8.9200002E+000   8.9331328E-003   3.4316287E-005   2.3579679E-003   1.6365087E-005
   8.9600003E+000   9.0436507E-003   3.6221642E-005   2.3669879E-003   1.7988082E-005
   8.9999998E+000   9.1492258E-003   3.4368395E-005   2.3761620E-003   1.7992799E-005
   9.0399998E+000   9.2525225E-003   3.5516754E-005   2.3847071E-003   1.7131545E-005
   9.0799999E+000   9.3656813E-003   3.5091505E-005   2.3936375E-003   1.7220266E-005
   9.1200000E+000   9.4730619E-003   3.5834612E-005   2.4019837E-003   1.7796892E-005
   9.1600001E+000   9.5871913E-003   3.6050345E-005   2.4085643E-003   1.8112829E-005
   9.2000002E+000   9.7123143E-003   3.6461653E-005   2.4129492E-003   1.7911274E-005
   9.2400002E+000   9.8271984E-003   3.7944643E-005   2.4158436E-003   1.7659604E-005
   9.2799997E+000   9.9423430E-003   3.6842548E-005   2.4161632E-003   1.6332865E-005
   9.3199998E+000   1.0065425E-002   3.6354819E-005   2.4183476E-003   1.6550773E-005
   9.3599999E+000   1.0182885E-002   3.5217378E-005   2.4176891E-003   1.5893620E-005
   9.4000000E+000   1.0306165E-002   3.5065637E-005   2.4152041E-003   1.6226497E-005
   9.4400001E+000   1.0422232E-002   3.5053916E-005   2.4170981E-003   1.5991194E-005
   9.4800001E+000   1.0553828E-002   3.4783665E-005   2.4123075E-003   1.5892648E-005
   9.5200002E+000   1.0690941E-002   3.2918981E-005   2.4072431E-003   1.4706885E-005
   9.5599997E+000   1.0827229E-002   3.1782278E-005   2.3994316E-003   1.5042407E-005
   9.5999998E+000   1.0961162E-002   2.9673577E-005   2.3877910E-003   1.4671648E-005
   9.6399999E+000   1.1094657E-002   3.1598285E-005   2.3801377E-003   1.2764078E-005
   9.6799999E+000   1.1236781E-002   3.2131930E-005   2.3694232E-003   1.3155989E-005
   9.7200000E+000   1.1370965E-002   3.2728991E-005   2.3556867E-003   1.2984377E-005
   9.7600001E+000   1.1505793E-002   3.2681659E-005   2.3467316E-003   1.2345330E-005
   9.8000002E+000   1.1649116E-002   3.2405064E-005   2.3309326E-003   1.2745039E-005
   9.8400003E+000   1.1802656E-002   3.2619750E-005   2.3141853E-003   1.2334135E-005
   9.8799998E+000   1.1945103E-002   3.1746910E-005   2.2984655E-003   1.1170583E-005
   9.9199998E+000   1.2081942E-002   3.2339331E-005   2.2788434E-003   1.2331862E-005
   9.9599999E+000   1.2233728E-002   3.2677626E-005   2.2627811E-003   1.2252664E-005
   1.0000000E+001   1.2385596E-002   3.3682643E-005   2.2394210E-003   1.2559860E-005
   1.0039999E+001   1.2538349E-002   3.2325263E-005   2.2152458E-003   1.2558597E-005
   1.0080000E+001   1.2699682E-002   3.3061420E-005   2.1906990E-003   1.2313138E-005
   1.0120000E+001   1.2850934E-002   3.3451992E-005   2.1681550E-003   1.1259023E-005
   1.0160000E+001   1.3010516E-002   3.2862482E-005   2.1386857E-003   1.0840042E-005
   1.0200000E+001   1.3176388E-002   3.2390271E-005   2.1115602E-003   1.0205410E-005
   1.0240000E+001   1.3357473E-002   3.5895899E-005   2.0776112E-003   9.3596282E-006
   1.0280000E+001   1.3530599E-002   3.0736066E-005   2.0438517E-003   8.6540972E-006
   1.0319999E+001   1.3700545E-002   3.1321200E-005   2.0088949E-003   9.1285616E-006
   1.0360000E+001   1.3878581E-002   3.3837176E-005   1.9741444E-003   8.9760147E-006
   1.0400000E+001   1.4056621E-002   3.5378428E-005   1.9359073E-003   8.6980281E-006
   1.0440000E+001   1.4232362E-002   3.5379439E-005   1.8966855E-003   8.6647709E-006
   1.0480000E+001   1.4415452E-002   3.5632001E-005   1.8571452E-003   8.5379189E-006
   1.0520000E+001   1.4600698E-002   3.6017910E-005   1.8148078E-003   8.3227041E-006
   1.0560000E+001   1.4783391E-002   3.6124690E-005   1.7704494E-003   8.2905267E-006
   1.0599999E+001   1.4978013E-002   3.7081802E-005   1.7307911E-003   8.1018522E-006
   1.0640000E+001   1.5182970E-002   3.6688288E-005   1.6947579E-003   7.6409586E-006
   1.0680000E+001   1.5378596E-002   3.7466821E-005   1.6693293E-003   7.3251235E-006
   1.0720000E+001   1.5580430E-002   3.7669043E-005   1.6537971E-003   6.6690837E-006
   1.0760000E+001   1.5782406E-002   3.6470197E-005   1.6616428E-003   7.6688611E-006
   1.0800000E+001   1.5997585E-002   3.5557866E-005   1.7171705E-003   7.5410077E-006
   1.0840000E+001   1.6199747E-002   3.5225212E-005   1.8600117E-003   7.0130675E-006
   1.0880001E+001   1.6402189E-002   3.5018045E-005   2.1670699E-003   7.5076127E-006
   1.0920000E+001   1.6613098E-002   3.4217552E-005   2.7980303E-003   8.9202881E-006
   1.0960000E+001   1.6827153E-002   3.3802364E-005   4.1049860E-003   1.1864843E-005
   1.1000000E+001   1.7043751E-002   3.4815309E-005   6.7884621E-003   1.8708705E-005
   1.1040000E+001   1.7259058E-002   3.5284223E-005   1.1728790E-002   3.1628829E-005
   1.1080000E+001   1.7486126E-002   3.4995091E-005   1.8520443E-002   5.2607758E-005
   1.1120000E+001   1.7702293E-002   3.5033306E-005   2.4108438E-002   6.8038384E-005
   1.1160001E+001   1.7935339E-002   3.5249045E-005   2.6422194E-002   7.4364363E-005
   1.1200000E+001   1.8167586E-002   3.4957471E-005   2.6888422E-002   7.5469739E-005
   1.1240000E+001   1.8390363E-002   3.4301166E-005   2.7017168E-002   8.2110842E-005
   1.1280000E+001   1.8627059E-002   3.3425419E-005   2.7131660E-002   8.2829560E-005
   1.1320000E+001   1.8860346E-002   3.3884265E-005   2.7255508E-002   7.9900323E-005
   1.1360000E+001   1.9086394E-002   3.5335852E-005   2.7393313E-002   8.2396469E-005
   1.1400000E+001   1.9309268E-002   3.8288511E-005   2.7523874E-002   8.4547480E-005
   1.1440001E+001   1.9531775E-002   3.9412345E-005   2.7648108E-002   8.2501928E-005
   1.1480000E+001   1.9753652E-002   4.0611952E-005   2.7767232E-002   8.1152490E-005
   1.1520000E+001   1.9973293E-002   4.2612502E-005   2.7897005E-002   8.1591444E-005
   1.1560000E+001   2.0194048E-002   4.4053370E-005   2.8013300E-002   7.9055281E-005
   1.1600000E+001   2.0409281E-002   4.4480835E-005   2.8129230E-002   8.0018144E-005
   1.1640000E+001   2.0632182E-002   4.4322909E-005   2.8255101E-002   8.4356965E-005
   1.1680000E+001   2.0866473E-002   4.8234870E-005   2.8379485E-002   8.3402190E-005
   1.1720001E+001   2.1103921E-002   4.7050798E-005   2.8517624E-002   7.9570979E-005
   1.1760000E+001   2.1323158E-002   4.9545623E-005   2.8646124E-002   7.6521516E-005
   1.1799999E+001   2.1542386E-002   5.1735011E-005   2.8786208E-002   7.4022604E-005
   1.1840000E+001   2.1771824E-002   5.4571908E-005   2.8921353E-002   7.3797004E-005
   1.1880000E+001   2.1997330E-002   5.5967075E-005   2.9056195E-002   7.1525708E-005
   1.1920000E+001   2.2228493E-002   6.1295060E-005   2.9190648E-002   6.5864693E-005
   1.1960000E+001   2.2451673E-002   6.7556425E-005   2.9322496E-002   6.4925763E-005
   1.2000000E+001   2.2672459E-002   6.8839810E-005   2.9474260E-002   6.4824649E-005
   1.2040000E+001   2.2898112E-002   6.6656635E-005   2.9614293E-002   6.5003971E-005
   1.2079999E+001   2.3115941E-002   6.4024031E-005   2.9746168E-002   6.6368378E-005
   1.2120000E+001   2.3347284E-002   6.3233365E-005   2.9888085E-002   6.6509739E-005
   1.2160000E+001   2.3580352E-002   6.4922198E-005   3.0018777E-002   6.9372949E-005
   1.2200000E+001   2.3795634E-002   6.4477909E-005   3.0155225E-002   6.9369516E-005
   1.2240000E+001   2.4020485E-002   6.9047062E-005   3.0303263E-002   6.9079048E-005
   1.2280000E+001   2.4248319E-002   6.6933483E-005   3.0439108E-002   6.9663735E-005
   1.2320000E+001   2.4470762E-002   6.6886860E-005   3.0598713E-002   6.7015383E-005
   1.2359999E+001   2.4705714E-002   6.7587165E-005   3.0748890E-002   6.5911933E-005
   1.2400000E+001   2.4938745E-002   7.1038919E-005   3.0897814E-002   6.6916774E-005
   1.2440000E+001   2.5147164E-002   6.9220319E-005   3.1064065E-002   6.2524703E-005
   1.2480000E+001   2.5380071E-002   7.1308189E-005   3.1218810E-002   5.7795595E-005
   1.2520000E+001   2.5591713E-002   7.2386988E-005   3.1373297E-002   5.8816252E-005
   1.2560000E+001   2.5795868E-002   7.5205235E-005   3.1520565E-002   6.7565055E-005
   1.2600000E+001   2.6012711E-002   7.2467772E-005   3.1674081E-002   7.0182738E-005
   1.2640001E+001   2.6235051E-002   6.9641716E-005   3.1822261E-002   7.4507955E-005
   1.2680000E+001   2.6462914E-002   6.9606130E-005   3.1988312E-002   7.5887470E-005
   1.2720000E+001   2.6696958E-002   6.7975430E-005   3.2137335E-002   7.7565528E-005
   1.2760000E+001   2.6939149E-002   6.8176916E-005   3.2285450E-002   7.6086519E-005
   1.2800000E+001   2.7179920E-002   7.0600855E-005   3.2435342E-002   7.2799424E-005
   1.2840000E+001   2.7416214E-002   6.7701722E-005   3.2606298E-002   6.6950721E-005
   1.2880000E+001   2.7644724E-002   6.5371806E-005   3.2766748E-002   5.0563444E-005
   1.2920001E+001   2.7868158E-002   6.5866718E-005   3.2924641E-002   5.1786152E-005
   1.2960000E+001   2.8104760E-002   6.6617228E-005   3.3094773E-002   6.4336368E-005
   1.3000000E+001   2.8347287E-002   6.5112676E-005   3.3263143E-002   6.8124908E-005
   1.3040000E+001   2.8595742E-002   6.5666520E-005   3.3439829E-002   6.9896904E-005
   1.3080000E+001   2.8820663E-002   6.7311866E-005   3.3623481E-002   7.0615034E-005
   1.3120000E+001   2.9039854E-002   6.8006113E-005   3.3788209E-002   7.0115643E-005
   1.3160000E+001   2.9280865E-002   6.3877440E-005   3.3961136E-002   6.5954037E-005
   1.3200001E+001   2.9516974E-002   6.1460212E-005   3.4132535E-002   6.7259938E-005
   1.3240000E+001   2.9758842E-002   5.6281352E-005   3.4322392E-002   6.9674105E-005
   1.3279999E+001   2.9998730E-002   5.4818495E-005   3.4508472E-002   7.2057691E-005
   1.3320000E+001   3.0239859E-002   5.5131821E-005   3.4680953E-002   6.6775377E-005
   1.3360000E+001   3.0464166E-002   5.5662625E-005   3.4862060E-002   6.2872526E-005
   1.3400000E+001   3.0692474E-002   5.1937611E-005   3.5034710E-002   6.2178972E-005
   1.3440000E+001   3.0911268E-002   5.7042548E-005   3.5215126E-002   6.1864074E-005
   1.3480000E+001   3.1151126E-002   5.7683527E-005   3.5396930E-002   6.0197524E-005
   1.3520000E+001   3.1385011E-002   6.1676216E-005   3.5601190E-002   5.2651482E-005
   1.3559999E+001   3.1630754E-002   6.1264263E-005   3.5790355E-002   5.2681773E-005
   1.3600000E+001   3.1865125E-002   5.9186669E-005   3.5965881E-002   5.3234076E-005
   1.3640000E+001   3.2097573E-002   5.7811478E-005   3.6171337E-002   5.5299292E-005
   1.3680000E+001   3.2336727E-002   5.7091207E-005   3.6364066E-002   5.5048416E-005
   1.3720000E+001   3.2576785E-002   5.1339227E-005   3.6559275E-002   5.3582745E-005
   1.3760000E+001   3.2816898E-002   5.0967984E-005   3.6759034E-002   6.0642028E-005
   1.3800000E+001   3.3042381E-002   5.6334182E-005   3.6937187E-002   6.4239972E-005
   1.3839999E+001   3.3281042E-002   5.1523635E-005   3.7116799E-002   6.0382276E-005
   1.3880000E+001   3.3511355E-002   5.3185205E-005   3.7307356E-002   5.6315753E-005
   1.3920000E+001   3.3734396E-002   5.4811286E-005   3.7507700E-002   5.5907867E-005
   1.3960000E+001   3.3987032E-002   5.5774306E-005   3.7697607E-002   5.8251350E-005
   1.4000000E+001   3.4209128E-002   5.6270948E-005   3.7870700E-002   6.4288197E-005
   1.4040000E+001   3.4424478E-002   5.4393762E-005   3.8051234E-002   6.8752988E-005
   1.4080000E+001   3.4664129E-002   5.3118695E-005   3.8232326E-002   6.6741041E-005
   1.4119999E+001   3.4898875E-002   5.0210652E-005   3.8415235E-002   6.5634339E-005
   1.4160000E+001   3.5133272E-002   5.0991104E-005   3.8603993E-002   6.4159052E-005
   1.4200000E+001   3.5370382E-002   5.3182492E-005   3.8799035E-002   6.2276059E-005
   1.4240000E+001   3.5602049E-002   5.6502443E-005   3.8988010E-002   5.3693410E-005
   1.4280000E+001   3.5842450E-002   5.4906941E-005   3.9189507E-002   5.2306015E-005
   1.4320000E+001   3.6070579E-002   4.8110317E-005   3.9393029E-002   4.8698510E-005
   1.4360000E+001   3.6311846E-002   5.7215931E-005   3.9604912E-002   5.4696525E-005
   1.4400001E+001   3.6548658E-002   5.8028533E-005   3.9804620E-002   5.7475150E-005
   1.4440000E+001   3.6770326E-002   5.7222483E-005   4.0013521E-002   5.7155760E-005
   1.4480000E+001   3.7011730E-002   5.6095126E-005   4.0233444E-002   5.2923195E-005
   1.4520000E+001   3.7254462E-002   6.0558379E-005   4.0433530E-002   5.2861307E-005
   1.4560000E+001   3.7479036E-002   6.3574889E-005   4.0635993E-002   5.3238540E-005
   1.4600000E+001   3.7719030E-002   6.4634052E-005   4.0830628E-002   5.2659265E-005
   1.4640000E+001   3.7969989E-002   6.6553466E-005   4.1018641E-002   5.8564083E-005
   1.4680001E+001   3.8222480E-002   6.8062503E-005   4.1221021E-002   5.8835659E-005
   1.4720000E+001   3.8479951E-002   6.5693776E-005   4.1427107E-002   5.5888758E-005
   1.4760000E+001   3.8742698E-002   6.3100965E-005   4.1627686E-002   5.5782169E-005
   1.4800000E+001   3.9018166E-002   5.9333167E-005   4.1837606E-002   5.4104076E-005
   1.4840000E+001   3.9260122E-002   5.9274234E-005   4.2025482E-002   5.4144310E-005
   1.4880000E+001   3.9501386E-002   6.1024656E-005   4.2228601E-002   5.3678957E-005
   1.4920000E+001   3.9743962E-002   6.4079771E-005   4.2423587E-002   5.5382346E-005
   1.4960001E+001   4.0000596E-002   6.6374382E-005   4.2651304E-002   5.4011774E-005
   1.5000000E+001   4.0246767E-002   6.5927901E-005   4.2855052E-002   5.0525577E-005
   1.5039999E+001   4.0498075E-002   6.7028967E-005   4.3061285E-002   5.3488529E-005
   1.5080000E+001   4.0733335E-002   7.1092742E-005   4.3282057E-002   5.4959503E-005
   1.5120000E+001   4.0975469E-002   7.2119722E-005   4.3506527E-002   5.7389656E-005
   1.5160000E+001   4.1241460E-002   7.2683028E-005   4.3728808E-002   5.9800851E-005
   1.5200000E+001   4.1492662E-002   6.9809237E-005   4.3948771E-002   6.1333629E-005
   1.5240000E+001   4.1750692E-002   6.9379068E-005   4.4170548E-002   6.3730015E-005
   1.5280000E+001   4.2009225E-002   6.9540014E-005   4.4402880E-002   7.3790027E-005
   1.5319999E+001   4.2246456E-002   6.6771404E-005   4.4620393E-002   8.0490056E-005
   1.5360000E+001   4.2476374E-002   6.7661832E-005   4.4841980E-002   7.9090849E-005
   1.5400000E+001   4.2722635E-002   6.8672448E-005   4.5065907E-002   7.9909064E-005
   1.5440000E+001   4.2969734E-002   7.0225678E-005   4.5291921E-002   7.7728070E-005
   1.5480000E+001   4.3222138E-002   6.7785360E-005   4.5500248E-002   7.3501118E-005
   1.5520000E+001   4.3479348E-002   6.7795211E-005   4.5706840E-002   7.1073286E-005
   1.5560000E+001   4.3737060E-002   6.7969813E-005   4.5914518E-002   7.2220267E-005
   1.5599999E+001   4.3977568E-002   7.2436094E-005   4.6134327E-002   7.1851016E-005
   1.5640000E+001   4.4207865E-002   7.6653778E-005   4.6358183E-002   6.4267166E-005
   1.5680000E+001   4.4464035E-002   7.4077611E-005   4.6584436E-002   7.2491990E-005
   1.5720000E+001   4.4709491E-002   7.4392447E-005   4.6799712E-002   7.0847168E-005
   1.5760000E+001   4.4942072E-002   7.5957032E-005   4.7013358E-002   5.8699203E-005
   1.5800000E+001   4.5183403E-002   7.3683225E-005   4.7227802E-002   5.6359960E-005
   1.5840000E+001   4.5442042E-002   7.4060463E-005   4.7452094E-002   5.7551248E-005
   1.5880001E+001   4.5699521E-002   7.1554668E-005   4.7672044E-002   5.9157209E-005
   1.5920000E+001   4.5936593E-002   7.0227050E-005   4.7920092E-002   5.8996148E-005
   1.5960000E+001   4.6180761E-002   6.9516344E-005   4.8143301E-002   6.1533076E-005
   1.6000000E+001   4.6425979E-002   6.8599681E-005   4.8361881E-002   7.6033987E-005
   1.6040000E+001   4.6661003E-002   6.9175637E-005   4.8593814E-002   5.7969016E-005
   1.6080000E+001   4.6927798E-002   7.0671809E-005   4.8830641E-002   7.4030105E-005
   1.6120000E+001   4.7169386E-002   7.2644652E-005   4.9059468E-002   7.3662227E-005
   1.6160001E+001   4.7424657E-002   7.6031722E-005   4.9298057E-002   7.3160254E-005
   1.6200000E+001   4.7692989E-002   8.0861530E-005   4.9534995E-002   7.2209412E-005
   1.6240000E+001   4.7976219E-002   8.5678055E-005   4.9763362E-002   7.5412156E-005
   1.6280000E+001   4.8237351E-002   8.4909608E-005   5.0014758E-002   7.6317106E-005
   1.6320000E+001   4.8495419E-002   8.4175615E-005   5.0264640E-002   7.3311820E-005
   1.6360000E+001   4.8754753E-002   8.7440967E-005   5.0515311E-002   7.3493478E-005
   1.6400000E+001   4.9006104E-002   8.9122121E-005   5.0757544E-002   6.1667743E-005
   1.6440001E+001   4.9267452E-002   8.7782469E-005   5.0984237E-002   5.7508646E-005
   1.6480000E+001   4.9525911E-002   8.2031277E-005   5.1245386E-002   5.8443141E-005
   1.6520000E+001   4.9769314E-002   8.0571664E-005   5.1495940E-002   5.9435994E-005
   1.6560000E+001   5.0052650E-002   7.8928418E-005   5.1750011E-002   6.2525613E-005
   1.6600000E+001   5.0313199E-002   7.9067900E-005   5.1984376E-002   6.2410092E-005
   1.6640000E+001   5.0553281E-002   7.9699357E-005   5.2219377E-002   6.2090090E-005
   1.6680000E+001   5.0798037E-002   7.8897881E-005   5.2469801E-002   6.1982084E-005
   1.6720001E+001   5.1066104E-002   7.8200483E-005   5.2728639E-002   6.3664372E-005
   1.6760000E+001   5.1328840E-002   7.2436881E-005   5.2981442E-002   6.1598961E-005
   1.6799999E+001   5.1574326E-002   7.1101455E-005   5.3224187E-002   6.1816261E-005
   1.6840000E+001   5.1830236E-002   7.2897717E-005   5.3471243E-002   6.3956516E-005
   1.6880000E+001   5.2082842E-002   7.0692392E-005   5.3730557E-002   6.1527977E-005
   1.6920000E+001   5.2352398E-002   7.2170721E-005   5.3955062E-002   6.0664669E-005
   1.6960000E+001   5.2611325E-002   7.3461448E-005   5.4206656E-002   6.4984109E-005
   1.7000000E+001   5.2879830E-002   7.9744200E-005   5.4447497E-002   6.7649367E-005
   1.7040000E+001   5.3133452E-002   8.0672641E-005   5.4680583E-002   5.9737292E-005
   1.7079999E+001   5.3393320E-002   7.7978384E-005   5.4923209E-002   5.9086495E-005
   1.7120000E+001   5.3653548E-002   7.5052655E-005   5.5167634E-002   5.8409142E-005
   1.7160000E+001   5.3926437E-002   7.4784111E-005   5.5404175E-002   5.7811676E-005
   1.7200000E+001   5.4191785E-002   8.4679557E-005   5.5647914E-002   5.8077408E-005
   1.7240000E+001   5.4471556E-002   8.0440473E-005   5.5890092E-002   5.8330529E-005
   1.7280000E+001   5.4768167E-002   8.3266266E-005   5.6144656E-002   5.7859338E-005
   1.7320000E+001   5.5046499E-002   7.9848081E-005   5.6417674E-002   6.1033627E-005
   1.7359999E+001   5.5334217E-002   7.9160372E-005   5.6679938E-002   6.1527617E-005
   1.7400000E+001   5.5625500E-002   8.1715149E-005   5.6955330E-002   6.1175609E-005
   1.7440000E+001   5.5908869E-002   8.1849537E-005   5.7234624E-002   6.0900284E-005
   1.7480000E+001   5.6186818E-002   8.1303691E-005   5.7496238E-002   6.0655962E-005
   1.7520000E+001   5.6436159E-002   8.2218853E-005   5.7755383E-002   6.2441155E-005
   1.7560000E+001   5.6713652E-002   8.1462726E-005   5.8026517E-002   6.0810447E-005
   1.7600000E+001   5.6997418E-002   8.3999459E-005   5.8300817E-002   6.2125663E-005
   1.7640001E+001   5.7281366E-002   8.8240816E-005   5.8560417E-002   6.4393526E-005
   1.7680000E+001   5.7546084E-002   1.0407838E-004   5.8806943E-002   7.8280376E-005
   1.7720000E+001   5.7810886E-002   1.0522640E-004   5.9068728E-002   8.0049321E-005
   1.7760000E+001   5.8100510E-002   1.0784290E-004   5.9337662E-002   7.7876969E-005
   1.7800000E+001   5.8403898E-002   1.0022630E-004   5.9593310E-002   7.5791566E-005
   1.7840000E+001   5.8679019E-002   9.6767807E-005   5.9846679E-002   7.0077960E-005
   1.7880000E+001   5.8931136E-002   1.0437815E-004   6.0114142E-002   6.1587797E-005
   1.7920001E+001   5.9199792E-002   1.0628306E-004   6.0371493E-002   6.8136998E-005
   1.7960000E+001   5.9449665E-002   1.0529029E-004   6.0676228E-002   7.7684644E-005
   1.8000000E+001   5.9739629E-002   1.1628162E-004   6.0961889E-002   6.9953812E-005
   1.8040000E+001   6.0040601E-002   1.2005526E-004   6.1244539E-002   7.0906617E-005
   1.8080000E+001   6.0320001E-002   1.0993608E-004   6.1509330E-002   7.0953683E-005
   1.8120000E+001   6.0600999E-002   9.3374903E-005   6.1770896E-002   6.8621521E-005
   1.8160000E+001   6.0899277E-002   7.9371019E-005   6.2059519E-002   6.8353024E-005
   1.8200001E+001   6.1200164E-002   1.0433840E-004   6.2323664E-002   6.1799357E-005
   1.8240000E+001   6.1481848E-002   1.0754989E-004   6.2588288E-002   6.0667995E-005
   1.8279999E+001   6.1774364E-002   1.0661651E-004   6.2850138E-002   6.1260347E-005
   1.8320000E+001   6.2045970E-002   1.0723498E-004   6.3124282E-002   6.5049572E-005
   1.8360000E+001   6.2308712E-002   8.8183244E-005   6.3406994E-002   6.3155648E-005
   1.8400000E+001   6.2614039E-002   1.1745086E-004   6.3690847E-002   6.6082983E-005
   1.8440000E+001   6.2893510E-002   6.9484439E-005   6.3959750E-002   7.2957171E-005
   1.8480000E+001   6.3176987E-002   6.8915370E-005   6.4247602E-002   7.3163787E-005
   1.8520000E+001   6.3476935E-002   6.8513282E-005   6.4549861E-002   7.3398267E-005
   1.8559999E+001   6.3781375E-002   6.8693729E-005   6.4817739E-002   7.5194192E-005
   1.8600000E+001   6.4080108E-002   6.7715977E-005   6.5100562E-002   7.3281926E-005
   1.8640000E+001   6.4385774E-002   6.7523472E-005   6.5397142E-002   7.5246039E-005
   1.8680000E+001   6.4688620E-002   7.0295268E-005   6.5661008E-002   8.1839691E-005
   1.8720000E+001   6.4992605E-002   7.1242055E-005   6.5940519E-002   8.3893894E-005
   1.8760000E+001   6.5282388E-002   7.0269725E-005   6.6210126E-002   8.7661134E-005
   1.8800000E+001   6.5582025E-002   1.0909154E-004   6.6475714E-002   8.6183999E-005
   1.8839999E+001   6.5891336E-002   1.0341831E-004   6.6755119E-002   9.0174460E-005
   1.8880000E+001   6.6177525E-002   1.0903869E-004   6.7046740E-002   9.2405891E-005
   1.8920000E+001   6.6490557E-002   1.0912068E-004   6.7331075E-002   9.8605846E-005
   1.8960000E+001   6.6804337E-002   1.0558464E-004   6.7638325E-002   1.0234630E-004
   1.9000000E+001   6.7105551E-002   1.0588459E-004   6.7931910E-002   1.0650532E-004
   1.9040000E+001   6.7410033E-002   1.0681376E-004   6.8204698E-002   1.0515834E-004
   1.9080000E+001   6.7698857E-002   1.0981081E-004   6.8490516E-002   1.1127529E-004
   1.9119999E+001   6.7981685E-002   1.1491939E-004   6.8772511E-002   1.0777755E-004
   1.9160000E+001   6.8251746E-002   1.1798827E-004   6.9071631E-002   1.1169870E-004
   1.9200000E+001   6.8524951E-002   1.2131248E-004   6.9386025E-002   1.1997283E-004
   1.9240000E+001   6.8822515E-002   1.2575806E-004   6.9700962E-002   1.2660278E-004
   1.9280000E+001   6.9094517E-002   1.2578158E-004   7.0020882E-002   1.3187933E-004
   1.9320000E+001   6.9405849E-002   1.2488045E-004   7.0364360E-002   1.3421886E-004
   1.9360000E+001   6.9691268E-002   1.2469621E-004   7.0676767E-002   1.3262414E-004
   1.9400001E+001   6.9976878E-002   1.2627990E-004   7.0973999E-002   1.2849728E-004
   1.9440000E+001   7.0293446E-002   1.2533516E-004   7.1292975E-002   1.3063688E-004
   1.9480000E+001   7.0591900E-002   1.2536607E-004   7.1595241E-002   1.3317171E-004
   1.9520000E+001   7.0880381E-002   1.2604399E-004   7.1898704E-002   1.3183934E-004
   1.9560000E+001   7.1184134E-002   1.3785483E-004   7.2209671E-002   1.3223716E-004
   1.9600000E+001   7.1484333E-002   1.4117975E-004   7.2514279E-002   1.3329822E-004
   1.9640000E+001   7.1754703E-002   1.3510377E-004   7.2808210E-002   1.3222498E-004
   1.9680001E+001   7.2052668E-002   1.3236510E-004   7.3108090E-002   1.3546563E-004
   1.9720000E+001   7.2354244E-002   1.3639669E-004   7.3389117E-002   1.3419273E-004
   1.9760000E+001   7.2669218E-002   1.3784910E-004   7.3679842E-002   1.3194371E-004
   1.9800000E+001   7.2969770E-002   1.4183854E-004   7.3961623E-002   1.3387213E-004
   1.9840000E+001   7.3274724E-002   1.5076422E-004   7.4291298E-002   1.3598919E-004
   1.9880000E+001   7.3581242E-002   1.5512312E-004   7.4633987E-002   1.5112735E-004
   1.9920000E+001   7.3915710E-002   1.5907484E-004   7.4934249E-002   1.5509344E-004
   1.9960001E+001   7.4189499E-002   1.3673433E-004   7.5244722E-002   1.5415504E-004
   2.0000000E+001   7.4483062E-002   1.6027415E-004   7.5554565E-002   1.5421639E-004
