   8.0000004E-002   0.0000000E+000   0.0000000E+000   0.0000000E+000   0.0000000E+000
   1.2000000E-001   0.0000000E+000   0.0000000E+000   0.0000000E+000   0.0000000E+000
   1.6000001E-001   0.0000000E+000   0.0000000E+000   0.0000000E+000   0.0000000E+000
   2.0000000E-001   0.0000000E+000   0.0000000E+000   0.0000000E+000   0.0000000E+000
   2.4000000E-001   0.0000000E+000   0.0000000E+000   0.0000000E+000   0.0000000E+000
   2.8000001E-001   0.0000000E+000   0.0000000E+000   0.0000000E+000   0.0000000E+000
   3.2000002E-001   0.0000000E+000   0.0000000E+000   0.0000000E+000   0.0000000E+000
   3.5999998E-001   0.0000000E+000   0.0000000E+000   0.0000000E+000   0.0000000E+000
   3.9999999E-001   0.0000000E+000   0.0000000E+000   0.0000000E+000   0.0000000E+000
   4.4000000E-001   0.0000000E+000   0.0000000E+000   0.0000000E+000   0.0000000E+000
   4.8000000E-001   0.0000000E+000   0.0000000E+000   0.0000000E+000   0.0000000E+000
   5.2000001E-001   0.0000000E+000   0.0000000E+000   0.0000000E+000   0.0000000E+000
   5.6000002E-001   0.0000000E+000   0.0000000E+000   0.0000000E+000   0.0000000E+000
   5.9999999E-001   0.0000000E+000   0.0000000E+000   0.0000000E+000   0.0000000E+000
   6.4000003E-001   0.0000000E+000   0.0000000E+000   0.0000000E+000   0.0000000E+000
   6.8000004E-001   0.0000000E+000   0.0000000E+000   0.0000000E+000   0.0000000E+000
   7.1999997E-001   0.0000000E+000   0.0000000E+000   0.0000000E+000   0.0000000E+000
   7.5999998E-001   0.0000000E+000   0.0000000E+000   0.0000000E+000   0.0000000E+000
   7.9999998E-001   0.0000000E+000   0.0000000E+000   0.0000000E+000   0.0000000E+000
   8.3999999E-001   0.0000000E+000   0.0000000E+000   0.0000000E+000   0.0000000E+000
   8.8000000E-001   0.0000000E+000   0.0000000E+000   0.0000000E+000   0.0000000E+000
   9.2000000E-001   0.0000000E+000   0.0000000E+000   0.0000000E+000   0.0000000E+000
   9.6000001E-001   0.0000000E+000   0.0000000E+000   0.0000000E+000   0.0000000E+000
   1.0000000E+000   0.0000000E+000   0.0000000E+000   0.0000000E+000   0.0000000E+000
   1.0400000E+000   4.4730152E-006   9.4700313E-008   7.0530902E-006   1.2784295E-007
   1.0800000E+000   1.1388156E-005   2.9177482E-007   1.7998254E-005   3.2041995E-007
   1.1200000E+000   1.9318011E-005   5.4610476E-007   2.9776617E-005   5.3144188E-007
   1.1600000E+000   2.7820871E-005   7.0956193E-007   4.1856290E-005   7.2377253E-007
   1.2000000E+000   3.6525323E-005   9.3700928E-007   5.4646961E-005   9.5592089E-007
   1.2400000E+000   4.5857577E-005   9.0136300E-007   6.8735255E-005   1.1266939E-006
   1.2800001E+000   5.5639692E-005   1.0637361E-006   8.4182802E-005   1.4817514E-006
   1.3200000E+000   6.5273242E-005   1.1979970E-006   9.9271179E-005   1.7013440E-006
   1.3600001E+000   7.6188974E-005   1.4746078E-006   1.1611883E-004   1.9647288E-006
   1.4000000E+000   8.7040864E-005   1.6289969E-006   1.3374191E-004   2.1712645E-006
   1.4399999E+000   9.8563150E-005   1.7951118E-006   1.5199676E-004   2.2903757E-006
   1.4800000E+000   1.1049161E-004   2.1481365E-006   1.7111174E-004   2.5070037E-006
   1.5200000E+000   1.2347582E-004   2.4004612E-006   1.9031192E-004   2.7015966E-006
   1.5600000E+000   1.3839326E-004   2.5605136E-006   2.1046570E-004   2.8408739E-006
   1.6000000E+000   1.5282492E-004   2.5751777E-006   2.3212056E-004   3.0700473E-006
   1.6400000E+000   1.6680616E-004   2.6781581E-006   2.5580144E-004   3.3378314E-006
   1.6800000E+000   1.8167182E-004   2.8780965E-006   2.7847615E-004   3.5629512E-006
   1.7200001E+000   1.9784644E-004   3.1551774E-006   3.0056918E-004   4.1764406E-006
   1.7600000E+000   2.1360361E-004   3.2664081E-006   3.2436160E-004   4.7206381E-006
   1.8000001E+000   2.2992983E-004   3.3545322E-006   3.5006091E-004   5.3264615E-006
   1.8400000E+000   2.4750518E-004   3.5247611E-006   3.7490018E-004   5.7938948E-006
   1.8799999E+000   2.6597826E-004   3.7200879E-006   4.0263763E-004   6.2102281E-006
   1.9200000E+000   2.8453235E-004   4.1829522E-006   4.3187085E-004   6.5086018E-006
   1.9599999E+000   3.0129454E-004   4.3925763E-006   4.6045647E-004   6.8026794E-006
   2.0000000E+000   3.1734189E-004   4.5539690E-006   4.9067339E-004   6.8409892E-006
   2.0400000E+000   3.3652632E-004   4.7472599E-006   5.2259428E-004   6.9011541E-006
   2.0800000E+000   3.5704480E-004   4.9729099E-006   5.5359356E-004   7.2741488E-006
   2.1200000E+000   3.7949197E-004   5.0770801E-006   5.8665026E-004   7.3360234E-006
   2.1600001E+000   4.0066189E-004   5.3880263E-006   6.1807329E-004   7.4176716E-006
   2.2000000E+000   4.2152912E-004   5.4185338E-006   6.5119906E-004   7.0291639E-006
   2.2400001E+000   4.4365973E-004   5.4016616E-006   6.8613719E-004   7.2225103E-006
   2.2800000E+000   4.6722130E-004   5.5284035E-006   7.2387473E-004   7.5869072E-006
   2.3199999E+000   4.8991741E-004   5.9157634E-006   7.5856223E-004   7.9297350E-006
   2.3600000E+000   5.1438328E-004   5.8083304E-006   7.9637955E-004   7.9110560E-006
   2.3999999E+000   5.3991476E-004   6.2381294E-006   8.3514253E-004   8.0372432E-006
   2.4400000E+000   5.6195521E-004   6.9290627E-006   8.7602591E-004   8.1146138E-006
   2.4800000E+000   5.8319562E-004   7.5262103E-006   9.1530607E-004   8.4033938E-006
   2.5200000E+000   6.0686875E-004   7.7288785E-006   9.5507107E-004   8.6053908E-006
   2.5600001E+000   6.3417350E-004   7.8684680E-006   9.9742394E-004   8.9774383E-006
   2.5999999E+000   6.6026952E-004   8.3837781E-006   1.0412165E-003   9.2180097E-006
   2.6400000E+000   6.8758227E-004   8.2805831E-006   1.0845437E-003   9.3067923E-006
   2.6800001E+000   7.1406045E-004   8.5352389E-006   1.1295178E-003   8.8596902E-006
   2.7200001E+000   7.4004531E-004   8.8405477E-006   1.1721213E-003   9.2698182E-006
   2.7599999E+000   7.6828005E-004   9.3717047E-006   1.2140636E-003   1.0853597E-005
   2.8000000E+000   7.9782414E-004   9.1783896E-006   1.2613515E-003   1.1632007E-005
   2.8400001E+000   8.2724792E-004   9.9835928E-006   1.3078407E-003   1.1908675E-005
   2.8799999E+000   8.5647977E-004   9.7750214E-006   1.3564931E-003   1.2430493E-005
   2.9200000E+000   8.8675013E-004   9.6868489E-006   1.4061035E-003   1.2980204E-005
   2.9600000E+000   9.1709502E-004   1.0056550E-005   1.4559573E-003   1.3269626E-005
   3.0000001E+000   9.4750555E-004   1.0664991E-005   1.5049620E-003   1.3364400E-005
   3.0399999E+000   9.7937665E-004   1.0659941E-005   1.5563300E-003   1.3317419E-005
   3.0800000E+000   1.0101395E-003   1.1012496E-005   1.6122647E-003   1.4096452E-005
   3.1200001E+000   1.0450339E-003   1.1297184E-005   1.6670055E-003   1.4221254E-005
   3.1600001E+000   1.0797095E-003   1.1435501E-005   1.7239010E-003   1.4353993E-005
   3.1999999E+000   1.1148256E-003   1.1235126E-005   1.7826411E-003   1.3607934E-005
   3.2400000E+000   1.1501473E-003   1.1103957E-005   1.8398891E-003   1.3830617E-005
   3.2800001E+000   1.1806924E-003   1.1305171E-005   1.8962025E-003   1.3837458E-005
   3.3199999E+000   1.2120761E-003   1.0904706E-005   1.9557428E-003   1.4489810E-005
   3.3600000E+000   1.2438267E-003   1.1391613E-005   2.0200079E-003   1.4840134E-005
   3.4000000E+000   1.2788430E-003   1.1148391E-005   2.0850377E-003   1.4997634E-005
   3.4400001E+000   1.3137330E-003   1.1350552E-005   2.1464347E-003   1.5808857E-005
   3.4799999E+000   1.3472104E-003   1.1975694E-005   2.2121177E-003   1.9957931E-005
   3.5200000E+000   1.3818401E-003   1.2066046E-005   2.2743231E-003   1.6637695E-005
   3.5600001E+000   1.4171518E-003   1.2556961E-005   2.3364691E-003   1.7646031E-005
   3.6000001E+000   1.4530489E-003   1.2849111E-005   2.3977546E-003   1.8062126E-005
   3.6399999E+000   1.4920936E-003   1.2781441E-005   2.4630078E-003   1.8338330E-005
   3.6800000E+000   1.5319279E-003   1.2141107E-005   2.5286590E-003   1.8558114E-005
   3.7200001E+000   1.5708163E-003   1.1986213E-005   2.5960815E-003   1.8300609E-005
   3.7599999E+000   1.6091968E-003   1.2423882E-005   2.6654828E-003   1.8302780E-005
   3.8000000E+000   1.6446659E-003   1.2513226E-005   2.7358984E-003   1.8021017E-005
   3.8400000E+000   1.6803381E-003   1.3135601E-005   2.8075438E-003   1.7797841E-005
   3.8800001E+000   1.7165110E-003   1.2974133E-005   2.8804935E-003   1.7320490E-005
   3.9199999E+000   1.7543531E-003   1.2707702E-005   2.9542922E-003   1.6876517E-005
   3.9600000E+000   1.7946891E-003   1.2799022E-005   3.0304577E-003   1.6806110E-005
   4.0000001E+000   1.8342663E-003   1.2835755E-005   3.1047961E-003   1.7280589E-005
   4.0400001E+000   1.8729797E-003   1.2770493E-005   3.1782941E-003   1.7753873E-005
   4.0799999E+000   1.9114972E-003   1.3909314E-005   3.2514938E-003   2.0663680E-005
   4.1200000E+000   1.9511280E-003   1.4455081E-005   3.3295888E-003   1.8710325E-005
   4.1600001E+000   1.9921048E-003   1.5972490E-005   3.4150551E-003   1.7279511E-005
   4.1999999E+000   2.0308007E-003   1.6618750E-005   3.5025449E-003   1.7212126E-005
   4.2399999E+000   2.0696036E-003   1.6717512E-005   3.5922143E-003   1.7584179E-005
   4.2800000E+000   2.1086595E-003   1.2160624E-005   3.6746668E-003   1.8049989E-005
   4.3200001E+000   2.1476307E-003   1.6798321E-005   3.7645318E-003   1.8688881E-005
   4.3599999E+000   2.1829013E-003   1.2036756E-005   3.8498465E-003   1.8635289E-005
   4.4000000E+000   2.2198174E-003   1.3609438E-005   3.9300551E-003   1.7683476E-005
   4.4400001E+000   2.2610653E-003   1.5940980E-005   4.0224143E-003   1.9571202E-005
   4.4800001E+000   2.3013337E-003   1.2674127E-005   4.1120468E-003   1.7703058E-005
   4.5199999E+000   2.3413162E-003   1.4473928E-005   4.2062802E-003   1.6471080E-005
   4.5600000E+000   2.3849479E-003   1.4217809E-005   4.2959490E-003   1.6038651E-005
   4.6000001E+000   2.4232159E-003   1.4056587E-005   4.3937364E-003   1.6076030E-005
   4.6399999E+000   2.4615288E-003   1.4068562E-005   4.4882324E-003   1.5974461E-005
   4.6799999E+000   2.5048680E-003   1.3765946E-005   4.5821979E-003   1.6166239E-005
   4.7200000E+000   2.5560803E-003   1.4058741E-005   4.6835477E-003   1.6686589E-005
   4.7600001E+000   2.6020026E-003   1.4488644E-005   4.7813781E-003   1.7580388E-005
   4.7999999E+000   2.6444775E-003   1.5680724E-005   4.8746912E-003   1.8479745E-005
   4.8400000E+000   2.6878511E-003   1.6584536E-005   4.9750756E-003   1.8093654E-005
   4.8800001E+000   2.7325490E-003   1.7801415E-005   5.0808334E-003   1.8352899E-005
   4.9200001E+000   2.7744222E-003   1.8437413E-005   5.1879770E-003   1.8703680E-005
   4.9599999E+000   2.8144688E-003   1.9366421E-005   5.2973600E-003   1.8533453E-005
   5.0000000E+000   2.8567927E-003   2.0837174E-005   5.4091104E-003   1.6763640E-005
   5.0400001E+000   2.9025787E-003   1.9861222E-005   5.5178591E-003   1.7831505E-005
   5.0800002E+000   2.9510508E-003   1.8837394E-005   5.6370531E-003   1.8660061E-005
   5.1200002E+000   2.9960873E-003   1.9265975E-005   5.7510253E-003   1.9524082E-005
   5.1599997E+000   3.0379965E-003   1.9475501E-005   5.8595008E-003   1.9853263E-005
   5.1999998E+000   3.0818096E-003   1.8098622E-005   5.9779524E-003   2.0113362E-005
   5.2399999E+000   3.1290812E-003   1.8343604E-005   6.0972071E-003   2.0078225E-005
   5.2800000E+000   3.1758766E-003   1.8302616E-005   6.2216328E-003   2.1141585E-005
   5.3200001E+000   3.2151388E-003   1.7467719E-005   6.3392902E-003   2.2663702E-005
   5.3600001E+000   3.2523920E-003   1.8720130E-005   6.4531570E-003   2.3416325E-005
   5.4000002E+000   3.2971445E-003   1.9196054E-005   6.5683297E-003   2.3518872E-005
   5.4400003E+000   3.3438806E-003   1.8536427E-005   6.6847970E-003   2.5531267E-005
   5.4799998E+000   3.3878314E-003   1.9150345E-005   6.8049934E-003   2.5914847E-005
   5.5199999E+000   3.4292776E-003   1.8363727E-005   6.9299437E-003   2.6997654E-005
   5.5599999E+000   3.4677841E-003   1.8397104E-005   7.0501281E-003   3.0461314E-005
   5.6000000E+000   3.5097216E-003   1.8633254E-005   7.1799316E-003   3.1315325E-005
   5.6400001E+000   3.5530958E-003   1.9065669E-005   7.3112543E-003   3.2593549E-005
   5.6800002E+000   3.5932159E-003   1.8847450E-005   7.4470765E-003   3.5037683E-005
   5.7200003E+000   3.6269003E-003   1.8858831E-005   7.5819565E-003   3.5809360E-005
   5.7599998E+000   3.6682087E-003   1.9224364E-005   7.7081574E-003   4.0515991E-005
   5.7999998E+000   3.7119749E-003   1.9222413E-005   7.8476055E-003   4.2260826E-005
   5.8399999E+000   3.7527775E-003   1.8827635E-005   7.9802822E-003   4.4162086E-005
   5.8800000E+000   3.7973814E-003   1.8513662E-005   8.0118231E-003   4.4502381E-005
   5.9200001E+000   3.8358651E-003   1.8560756E-005   7.4763451E-003   4.1952571E-005
   5.9600002E+000   3.8746384E-003   2.1484943E-005   5.8613983E-003   3.4042562E-005
   6.0000002E+000   3.9142482E-003   2.1355439E-005   3.7795044E-003   2.2295531E-005
   6.0399997E+000   3.9516459E-003   2.2310595E-005   2.2315177E-003   1.2664290E-005
   6.0799998E+000   3.9845007E-003   2.3620876E-005   1.3779385E-003   6.9220529E-006
   6.1199999E+000   4.0241777E-003   2.4052095E-005   9.6306143E-004   4.4749628E-006
   6.1600000E+000   4.0640885E-003   2.4268019E-005   7.6581389E-004   3.4705507E-006
   6.2000000E+000   4.1113257E-003   2.3527268E-005   6.7421493E-004   3.4031413E-006
   6.2400001E+000   4.1514118E-003   2.2772535E-005   6.3853381E-004   3.1486042E-006
   6.2800002E+000   4.1843823E-003   2.2485615E-005   6.3377853E-004   3.8183501E-006
   6.3200003E+000   4.2259096E-003   2.3766750E-005   6.4506890E-004   4.2998202E-006
   6.3599998E+000   4.2690453E-003   2.4925132E-005   6.6602193E-004   4.7005103E-006
   6.3999999E+000   4.3060009E-003   2.3649716E-005   6.9186575E-004   4.5506976E-006
   6.4399999E+000   4.3433370E-003   2.3830087E-005   7.1929182E-004   4.7470389E-006
   6.4800000E+000   4.3922901E-003   2.5187249E-005   7.4981604E-004   5.6633630E-006
   6.5200001E+000   4.4421761E-003   2.5339103E-005   7.8130317E-004   7.0521018E-006
   6.5600002E+000   4.4873447E-003   2.5178609E-005   8.1506229E-004   7.6177459E-006
   6.6000003E+000   4.5371086E-003   2.4757205E-005   8.4896315E-004   7.8417341E-006
   6.6399997E+000   4.5846120E-003   2.4031491E-005   8.8286715E-004   7.7969313E-006
   6.6799998E+000   4.6326704E-003   2.3852251E-005   9.1684798E-004   8.2281595E-006
   6.7199999E+000   4.6828238E-003   2.4767627E-005   9.4803941E-004   8.0267310E-006
   6.7600000E+000   4.7337441E-003   2.4997047E-005   9.8073123E-004   8.6404741E-006
   6.8000001E+000   4.7929023E-003   2.5870519E-005   1.0122053E-003   8.8663615E-006
   6.8400002E+000   4.8495648E-003   2.6251408E-005   1.0460617E-003   9.0707257E-006
   6.8800002E+000   4.8946991E-003   2.5862875E-005   1.0801620E-003   9.0195153E-006
   6.9199997E+000   4.9471504E-003   2.4885061E-005   1.1127311E-003   9.2825331E-006
   6.9599998E+000   5.0048230E-003   2.5852045E-005   1.1462573E-003   9.5719082E-006
   6.9999999E+000   5.0580863E-003   1.9599151E-005   1.1791037E-003   1.0024760E-005
   7.0400000E+000   5.1121300E-003   2.0600412E-005   1.2118859E-003   1.0541797E-005
   7.0800000E+000   5.1657918E-003   2.2232348E-005   1.2483631E-003   1.1047829E-005
   7.1200001E+000   5.2253101E-003   2.3963612E-005   1.2811649E-003   1.1745353E-005
   7.1600002E+000   5.2831007E-003   2.7332188E-005   1.3145370E-003   1.1920489E-005
   7.2000003E+000   5.3426972E-003   2.4430122E-005   1.3480977E-003   1.2200383E-005
   7.2399998E+000   5.3950707E-003   2.3955561E-005   1.3836584E-003   1.2201967E-005
   7.2799999E+000   5.4548088E-003   2.3427206E-005   1.4161290E-003   1.2499172E-005
   7.3199999E+000   5.5188545E-003   2.3168645E-005   1.4486442E-003   1.2449853E-005
   7.3600000E+000   5.5868308E-003   2.3388006E-005   1.4797478E-003   1.2192856E-005
   7.4000001E+000   5.6507173E-003   2.3504402E-005   1.5097207E-003   1.4014003E-005
   7.4400002E+000   5.7162728E-003   2.2623264E-005   1.5410862E-003   1.3821965E-005
   7.4800003E+000   5.7798326E-003   2.2784737E-005   1.5726434E-003   1.4513690E-005
   7.5199997E+000   5.8432562E-003   2.2660715E-005   1.6012063E-003   1.5289155E-005
   7.5599998E+000   5.9119994E-003   2.2367653E-005   1.6310673E-003   1.5638754E-005
   7.5999999E+000   5.9761005E-003   2.3318616E-005   1.6595944E-003   1.5770655E-005
   7.6400000E+000   6.0510168E-003   2.4596867E-005   1.6861528E-003   1.5687277E-005
   7.6800001E+000   6.1242240E-003   2.8284165E-005   1.7097155E-003   1.5571068E-005
   7.7200001E+000   6.1925239E-003   2.9530954E-005   1.7342080E-003   1.5420230E-005
   7.7600002E+000   6.2577020E-003   3.0378020E-005   1.7595612E-003   1.4844974E-005
   7.7999997E+000   6.3251202E-003   2.9550383E-005   1.7846531E-003   1.6032364E-005
   7.8399998E+000   6.3964076E-003   2.9965493E-005   1.8097171E-003   1.4776810E-005
   7.8799999E+000   6.4690568E-003   3.2696431E-005   1.8354811E-003   1.5063195E-005
   7.9200000E+000   6.5447881E-003   3.3398048E-005   1.8593788E-003   1.5216047E-005
   7.9600000E+000   6.6252158E-003   3.3283655E-005   1.8878164E-003   1.5284240E-005
   8.0000001E+000   6.7005562E-003   2.9555381E-005   1.9117669E-003   1.6092373E-005
   8.0400002E+000   6.7748362E-003   2.8646002E-005   1.9359373E-003   1.6775921E-005
   8.0800003E+000   6.8472637E-003   2.8502189E-005   1.9614487E-003   1.6979836E-005
   8.1199998E+000   6.9267731E-003   2.8929783E-005   1.9851026E-003   1.5260319E-005
   8.1599998E+000   7.0029329E-003   3.3543311E-005   2.0075949E-003   1.5600380E-005
   8.1999999E+000   7.0940340E-003   3.3746974E-005   2.0269817E-003   1.5519213E-005
   8.2400000E+000   7.1746991E-003   3.3840772E-005   2.0470001E-003   1.6127904E-005
   8.2800001E+000   7.2546996E-003   3.4364210E-005   2.0691040E-003   1.6104372E-005
   8.3200002E+000   7.3396629E-003   3.5385126E-005   2.0913113E-003   1.6046886E-005
   8.3600003E+000   7.4234544E-003   3.6929515E-005   2.1069816E-003   1.6790763E-005
   8.3999997E+000   7.5147125E-003   3.7957827E-005   2.1254350E-003   1.6854292E-005
   8.4399998E+000   7.6000316E-003   4.1290384E-005   2.1423994E-003   1.6794253E-005
   8.4799999E+000   7.6877536E-003   3.6280336E-005   2.1584715E-003   1.6896943E-005
   8.5200000E+000   7.7817827E-003   3.4016928E-005   2.1779238E-003   1.7298822E-005
   8.5600001E+000   7.8828186E-003   3.2771196E-005   2.1985323E-003   1.6837434E-005
   8.6000001E+000   7.9832497E-003   2.7011285E-005   2.2185374E-003   1.5629375E-005
   8.6400002E+000   8.0754621E-003   2.6624381E-005   2.2351157E-003   1.5455628E-005
   8.6799997E+000   8.1697593E-003   2.6381509E-005   2.2540885E-003   1.5185424E-005
   8.7199998E+000   8.2729602E-003   2.9186266E-005   2.2686166E-003   1.5268610E-005
   8.7599999E+000   8.3822843E-003   2.9262473E-005   2.2820517E-003   1.5022402E-005
   8.8000000E+000   8.4934026E-003   2.8454251E-005   2.2908789E-003   1.5498007E-005
   8.8400000E+000   8.6043080E-003   3.1593834E-005   2.3013622E-003   1.5767493E-005
   8.8800001E+000   8.7152979E-003   2.8312835E-005   2.3123934E-003   1.5781998E-005
   8.9200002E+000   8.8181247E-003   2.6785345E-005   2.3220984E-003   1.5910354E-005
   8.9600003E+000   8.9143940E-003   2.8142872E-005   2.3320006E-003   1.5778467E-005
   8.9999998E+000   9.0225421E-003   2.8364330E-005   2.3424999E-003   1.5913335E-005
   9.0399998E+000   9.1383698E-003   3.0650563E-005   2.3517505E-003   1.6006958E-005
   9.0799999E+000   9.2427114E-003   2.9241074E-005   2.3585977E-003   1.5374008E-005
   9.1200000E+000   9.3559551E-003   2.9636677E-005   2.3605201E-003   1.4681715E-005
   9.1600001E+000   9.4750048E-003   3.3570025E-005   2.3671994E-003   1.4758163E-005
   9.2000002E+000   9.5878163E-003   3.1352352E-005   2.3708473E-003   1.4677061E-005
   9.2400002E+000   9.7129474E-003   3.1849917E-005   2.3735658E-003   1.4359458E-005
   9.2799997E+000   9.8440548E-003   3.1557955E-005   2.3761639E-003   1.3520158E-005
   9.3199998E+000   9.9743586E-003   3.1605936E-005   2.3766266E-003   1.2630117E-005
   9.3599999E+000   1.0094890E-002   3.1684239E-005   2.3819452E-003   1.2616879E-005
   9.4000000E+000   1.0220404E-002   3.1524848E-005   2.3815982E-003   1.3021603E-005
   9.4400001E+000   1.0342866E-002   3.0418197E-005   2.3799184E-003   1.2933993E-005
   9.4800001E+000   1.0462319E-002   3.1990898E-005   2.3754791E-003   1.2688822E-005
   9.5200002E+000   1.0586845E-002   3.2273603E-005   2.3718748E-003   1.2523227E-005
   9.5599997E+000   1.0717488E-002   3.1872309E-005   2.3654775E-003   1.2389466E-005
   9.5999998E+000   1.0853783E-002   3.2152222E-005   2.3640005E-003   1.2213516E-005
   9.6399999E+000   1.0994668E-002   3.4245015E-005   2.3573598E-003   1.2610473E-005
   9.6799999E+000   1.1133520E-002   3.3630726E-005   2.3449307E-003   1.3011274E-005
   9.7200000E+000   1.1269145E-002   3.3177646E-005   2.3347599E-003   1.2970643E-005
   9.7600001E+000   1.1406573E-002   3.5095273E-005   2.3223808E-003   1.2781796E-005
   9.8000002E+000   1.1550542E-002   3.5266710E-005   2.3108500E-003   1.2962714E-005
   9.8400003E+000   1.1691291E-002   3.1354117E-005   2.2960954E-003   1.3159210E-005
   9.8799998E+000   1.1843229E-002   3.2223170E-005   2.2761294E-003   1.3219266E-005
   9.9199998E+000   1.1998526E-002   3.2987797E-005   2.2581465E-003   1.3144654E-005
   9.9599999E+000   1.2154836E-002   3.3072401E-005   2.2458648E-003   1.3300140E-005
   1.0000000E+001   1.2315715E-002   3.3701755E-005   2.2275810E-003   1.3031694E-005
   1.0039999E+001   1.2479915E-002   3.6034028E-005   2.2077228E-003   1.2544084E-005
   1.0080000E+001   1.2637811E-002   3.5432870E-005   2.1864875E-003   1.2276028E-005
   1.0120000E+001   1.2798684E-002   3.6167468E-005   2.1612714E-003   1.2107114E-005
   1.0160000E+001   1.2966488E-002   3.5208879E-005   2.1307917E-003   1.2004509E-005
   1.0200000E+001   1.3135438E-002   3.5206868E-005   2.1032652E-003   1.2028852E-005
   1.0240000E+001   1.3305646E-002   3.5499552E-005   2.0735836E-003   1.1874790E-005
   1.0280000E+001   1.3471512E-002   4.6147417E-005   2.0429145E-003   1.1923713E-005
   1.0319999E+001   1.3647877E-002   4.0406098E-005   2.0098085E-003   1.1644259E-005
   1.0360000E+001   1.3821274E-002   4.0509796E-005   1.9740452E-003   1.1697157E-005
   1.0400000E+001   1.4005288E-002   3.9403721E-005   1.9373070E-003   1.1420765E-005
   1.0440000E+001   1.4191330E-002   3.6928346E-005   1.8993909E-003   1.1043176E-005
   1.0480000E+001   1.4383123E-002   3.5413200E-005   1.8578043E-003   1.0312543E-005
   1.0520000E+001   1.4572048E-002   3.8205353E-005   1.8186030E-003   1.0009320E-005
   1.0560000E+001   1.4760914E-002   5.4211679E-005   1.7771244E-003   1.0181199E-005
   1.0599999E+001   1.4951262E-002   3.9225456E-005   1.7376476E-003   8.4462605E-006
   1.0640000E+001   1.5152364E-002   3.9746604E-005   1.7035904E-003   7.6899833E-006
   1.0680000E+001   1.5347388E-002   6.1885029E-005   1.6790346E-003   7.6115002E-006
   1.0720000E+001   1.5546324E-002   6.2074288E-005   1.6651391E-003   6.7873898E-006
   1.0760000E+001   1.5749672E-002   4.1236599E-005   1.6711841E-003   6.2825841E-006
   1.0800000E+001   1.5959083E-002   4.0061530E-005   1.7234781E-003   6.3305540E-006
   1.0840000E+001   1.6169820E-002   4.1844606E-005   1.8679538E-003   5.7748346E-006
   1.0880001E+001   1.6380165E-002   4.3125290E-005   2.1720795E-003   6.0050020E-006
   1.0920000E+001   1.6591814E-002   4.3493666E-005   2.7996923E-003   7.0870730E-006
   1.0960000E+001   1.6807180E-002   4.4677053E-005   4.1064179E-003   9.6922115E-006
   1.1000000E+001   1.7019152E-002   4.4355131E-005   6.7884421E-003   1.6381652E-005
   1.1040000E+001   1.7235882E-002   4.2105667E-005   1.1725396E-002   2.8000478E-005
   1.1080000E+001   1.7450511E-002   3.8772353E-005   1.8528710E-002   4.4108810E-005
   1.1120000E+001   1.7673237E-002   4.1676726E-005   2.4138832E-002   5.4297031E-005
   1.1160001E+001   1.7896666E-002   4.3020726E-005   2.6442363E-002   5.8723155E-005
   1.1200000E+001   1.8118370E-002   4.5335325E-005   2.6907061E-002   5.8333442E-005
   1.1240000E+001   1.8349388E-002   4.7165435E-005   2.7032004E-002   5.8614133E-005
   1.1280000E+001   1.8589401E-002   4.7781578E-005   2.7137647E-002   6.0097873E-005
   1.1320000E+001   1.8814377E-002   4.8159544E-005   2.7260016E-002   6.0944295E-005
   1.1360000E+001   1.9033276E-002   4.8512553E-005   2.7377839E-002   6.2632817E-005
   1.1400000E+001   1.9257154E-002   4.7521990E-005   2.7504555E-002   6.3394414E-005
   1.1440001E+001   1.9487471E-002   4.7136133E-005   2.7618414E-002   6.3219458E-005
   1.1480000E+001   1.9710616E-002   5.0196609E-005   2.7722231E-002   6.1611978E-005
   1.1520000E+001   1.9939363E-002   4.6261493E-005   2.7842630E-002   5.8487587E-005
   1.1560000E+001   2.0162277E-002   4.5849811E-005   2.7967618E-002   6.1927789E-005
   1.1600000E+001   2.0381073E-002   4.5412413E-005   2.8092741E-002   6.4340398E-005
   1.1640000E+001   2.0604617E-002   4.6673660E-005   2.8226304E-002   6.0815954E-005
   1.1680000E+001   2.0841167E-002   4.8986269E-005   2.8346473E-002   6.1923015E-005
   1.1720001E+001   2.1068125E-002   5.0392147E-005   2.8486683E-002   6.2859994E-005
   1.1760000E+001   2.1282915E-002   5.2371598E-005   2.8630069E-002   6.5366051E-005
   1.1799999E+001   2.1499649E-002   5.2573259E-005   2.8768998E-002   6.2310208E-005
   1.1840000E+001   2.1725296E-002   5.2174194E-005   2.8916808E-002   5.8694610E-005
   1.1880000E+001   2.1954872E-002   5.3751105E-005   2.9061956E-002   5.7197432E-005
   1.1920000E+001   2.2176438E-002   5.5360478E-005   2.9208158E-002   5.6355374E-005
   1.1960000E+001   2.2404690E-002   5.4222514E-005   2.9364642E-002   7.3010543E-005
   1.2000000E+001   2.2637373E-002   5.4420091E-005   2.9495617E-002   7.1569147E-005
   1.2040000E+001   2.2851864E-002   5.3493478E-005   2.9623125E-002   4.8587730E-005
   1.2079999E+001   2.3080232E-002   5.4082780E-005   2.9767097E-002   4.7795488E-005
   1.2120000E+001   2.3303508E-002   5.3647056E-005   2.9917790E-002   4.7270406E-005
   1.2160000E+001   2.3538376E-002   5.2509498E-005   3.0071287E-002   6.7076398E-005
   1.2200000E+001   2.3770028E-002   5.2081368E-005   3.0220499E-002   6.6057019E-005
   1.2240000E+001   2.3990587E-002   5.2039893E-005   3.0362918E-002   6.5049408E-005
   1.2280000E+001   2.4209283E-002   5.2098155E-005   3.0518489E-002   6.4358054E-005
   1.2320000E+001   2.4435309E-002   5.1847152E-005   3.0672152E-002   6.5089296E-005
   1.2359999E+001   2.4656841E-002   4.9849580E-005   3.0829061E-002   6.4079364E-005
   1.2400000E+001   2.4868367E-002   4.8710390E-005   3.0977471E-002   6.2759199E-005
   1.2440000E+001   2.5080291E-002   4.7205356E-005   3.1126776E-002   6.3699302E-005
   1.2480000E+001   2.5305077E-002   4.5876172E-005   3.1280956E-002   5.3024042E-005
   1.2520000E+001   2.5535560E-002   4.2961117E-005   3.1448058E-002   5.1800690E-005
   1.2560000E+001   2.5778391E-002   4.2150684E-005   3.1613528E-002   5.5561454E-005
   1.2600000E+001   2.6017944E-002   4.3602921E-005   3.1782228E-002   6.4610046E-005
   1.2640001E+001   2.6263571E-002   4.4104984E-005   3.1949731E-002   6.3285604E-005
   1.2680000E+001   2.6497221E-002   4.6075703E-005   3.2091304E-002   7.1776119E-005
   1.2720000E+001   2.6740015E-002   4.6417183E-005   3.2249885E-002   7.1922435E-005
   1.2760000E+001   2.6971075E-002   4.6747506E-005   3.2420216E-002   7.4862496E-005
   1.2800000E+001   2.7194198E-002   4.6787433E-005   3.2580744E-002   7.2468089E-005
   1.2840000E+001   2.7413734E-002   5.1723166E-005   3.2735574E-002   7.2277340E-005
   1.2880000E+001   2.7634157E-002   4.7891963E-005   3.2884639E-002   7.2522882E-005
   1.2920001E+001   2.7856746E-002   4.1010565E-005   3.3039335E-002   7.0086686E-005
   1.2960000E+001   2.8082957E-002   4.1661686E-005   3.3200798E-002   6.8873281E-005
   1.3000000E+001   2.8313650E-002   4.6381728E-005   3.3363959E-002   6.3304897E-005
   1.3040000E+001   2.8534865E-002   5.0471513E-005   3.3523602E-002   6.7330940E-005
   1.3080000E+001   2.8771373E-002   5.1347705E-005   3.3688257E-002   6.7334513E-005
   1.3120000E+001   2.8992235E-002   5.3923326E-005   3.3856151E-002   6.4621834E-005
   1.3160000E+001   2.9232091E-002   5.4802159E-005   3.4037494E-002   7.0727209E-005
   1.3200001E+001   2.9461195E-002   5.4554165E-005   3.4238853E-002   6.8324646E-005
   1.3240000E+001   2.9689549E-002   5.3446326E-005   3.4413027E-002   6.6054516E-005
   1.3279999E+001   2.9928816E-002   5.1417769E-005   3.4594325E-002   6.3028798E-005
   1.3320000E+001   3.0157029E-002   5.0145748E-005   3.4757759E-002   6.5935827E-005
   1.3360000E+001   3.0377295E-002   5.0558615E-005   3.4940793E-002   7.6171300E-005
   1.3400000E+001   3.0606921E-002   5.6773151E-005   3.5125444E-002   7.8891070E-005
   1.3440000E+001   3.0856358E-002   6.1924178E-005   3.5303717E-002   6.6729857E-005
   1.3480000E+001   3.1113590E-002   6.3331275E-005   3.5497317E-002   6.6986963E-005
   1.3520000E+001   3.1354861E-002   6.3101650E-005   3.5677678E-002   6.6362705E-005
   1.3559999E+001   3.1587210E-002   6.3792148E-005   3.5863503E-002   6.6502136E-005
   1.3600000E+001   3.1812681E-002   6.1962268E-005   3.6042549E-002   6.7185361E-005
   1.3640000E+001   3.2033565E-002   6.2704565E-005   3.6215196E-002   6.6363207E-005
   1.3680000E+001   3.2255381E-002   6.3453987E-005   3.6409200E-002   6.6025066E-005
   1.3720000E+001   3.2505665E-002   6.2815157E-005   3.6582110E-002   7.1904773E-005
   1.3760000E+001   3.2749992E-002   6.2150671E-005   3.6777174E-002   7.2623188E-005
   1.3800000E+001   3.2982310E-002   6.2418924E-005   3.6971692E-002   7.0083344E-005
   1.3839999E+001   3.3231097E-002   6.2094138E-005   3.7157260E-002   7.0136094E-005
   1.3880000E+001   3.3470914E-002   5.9234612E-005   3.7353135E-002   6.9455572E-005
   1.3920000E+001   3.3703427E-002   5.6506816E-005   3.7542435E-002   7.4153214E-005
   1.3960000E+001   3.3961057E-002   5.7708914E-005   3.7726884E-002   6.9293219E-005
   1.4000000E+001   3.4206034E-002   5.9498754E-005   3.7914124E-002   6.8822398E-005
   1.4040000E+001   3.4446104E-002   5.7032956E-005   3.8097199E-002   6.3698580E-005
   1.4080000E+001   3.4691095E-002   5.7082927E-005   3.8294347E-002   6.3438094E-005
   1.4119999E+001   3.4921438E-002   5.9215352E-005   3.8507166E-002   6.1289404E-005
   1.4160000E+001   3.5156019E-002   5.9816250E-005   3.8686100E-002   6.8351128E-005
   1.4200000E+001   3.5394478E-002   5.7656724E-005   3.8894578E-002   6.8758103E-005
   1.4240000E+001   3.5623421E-002   5.7716640E-005   3.9094074E-002   6.8154091E-005
   1.4280000E+001   3.5876021E-002   5.7216350E-005   3.9285477E-002   7.1586270E-005
   1.4320000E+001   3.6111224E-002   5.9844892E-005   3.9481743E-002   7.7959890E-005
   1.4360000E+001   3.6355633E-002   6.2060424E-005   3.9672820E-002   7.2661769E-005
   1.4400001E+001   3.6597163E-002   6.3891724E-005   3.9849397E-002   6.9246627E-005
   1.4440000E+001   3.6863080E-002   6.5385063E-005   4.0052052E-002   7.0404940E-005
   1.4480000E+001   3.7117789E-002   6.7000377E-005   4.0277049E-002   6.9414243E-005
   1.4520000E+001   3.7345616E-002   6.8549327E-005   4.0492640E-002   6.6883600E-005
   1.4560000E+001   3.7589428E-002   6.7093634E-005   4.0699046E-002   7.4691074E-005
   1.4600000E+001   3.7818273E-002   6.4345468E-005   4.0892101E-002   6.6212819E-005
   1.4640000E+001   3.8040565E-002   6.2364714E-005   4.1074948E-002   6.6990808E-005
   1.4680001E+001   3.8266179E-002   6.1342174E-005   4.1258334E-002   6.7947960E-005
   1.4720000E+001   3.8511556E-002   5.6794396E-005   4.1460691E-002   6.8865436E-005
   1.4760000E+001   3.8753391E-002   5.5237318E-005   4.1682781E-002   5.5348407E-005
   1.4800000E+001   3.8989991E-002   5.5007737E-005   4.1904910E-002   5.4868366E-005
   1.4840000E+001   3.9239448E-002   5.5000186E-005   4.2121855E-002   5.2002475E-005
   1.4880000E+001   3.9470836E-002   5.3985508E-005   4.2326875E-002   4.9897636E-005
   1.4920000E+001   3.9720671E-002   5.4275932E-005   4.2531670E-002   5.1374260E-005
   1.4960001E+001   3.9972447E-002   5.4172239E-005   4.2732436E-002   5.1859351E-005
   1.5000000E+001   4.0229654E-002   5.4481570E-005   4.2947592E-002   6.8232491E-005
   1.5039999E+001   4.0470324E-002   5.5664354E-005   4.3156652E-002   6.7934263E-005
   1.5080000E+001   4.0719544E-002   5.6063010E-005   4.3361025E-002   6.9324362E-005
   1.5120000E+001   4.0970311E-002   5.5907005E-005   4.3578393E-002   6.7552713E-005
   1.5160000E+001   4.1226595E-002   5.7034104E-005   4.3798455E-002   6.4127412E-005
   1.5200000E+001   4.1484779E-002   5.6776331E-005   4.4025400E-002   6.3457365E-005
   1.5240000E+001   4.1739921E-002   5.6155675E-005   4.4239604E-002   6.5299778E-005
   1.5280000E+001   4.2000213E-002   5.5618657E-005   4.4460621E-002   6.9004022E-005
   1.5319999E+001   4.2256512E-002   5.7150328E-005   4.4695289E-002   6.7013834E-005
   1.5360000E+001   4.2495795E-002   5.8175712E-005   4.4903368E-002   6.2122071E-005
   1.5400000E+001   4.2754810E-002   6.1348496E-005   4.5113603E-002   6.0435296E-005
   1.5440000E+001   4.3023224E-002   6.3113964E-005   4.5331245E-002   5.9703547E-005
   1.5480000E+001   4.3278850E-002   6.6688258E-005   4.5539720E-002   6.0290030E-005
   1.5520000E+001   4.3507214E-002   6.7599945E-005   4.5759559E-002   6.3839440E-005
   1.5560000E+001   4.3741673E-002   6.9855939E-005   4.5978227E-002   6.3443020E-005
   1.5599999E+001   4.3990476E-002   7.2325476E-005   4.6210531E-002   6.3977583E-005
   1.5640000E+001   4.4214732E-002   7.5956957E-005   4.6432931E-002   6.3017271E-005
   1.5680000E+001   4.4462526E-002   7.3615886E-005   4.6660292E-002   5.9892655E-005
   1.5720000E+001   4.4689908E-002   7.9973911E-005   4.6919772E-002   5.8892540E-005
   1.5760000E+001   4.4948266E-002   8.3913179E-005   4.7161967E-002   6.1829866E-005
   1.5800000E+001   4.5187201E-002   6.8790092E-005   4.7395810E-002   6.4758903E-005
   1.5840000E+001   4.5447206E-002   7.0493287E-005   4.7625858E-002   6.3498973E-005
   1.5880001E+001   4.5711920E-002   7.1900261E-005   4.7862576E-002   5.9906221E-005
   1.5920000E+001   4.5980085E-002   7.6846889E-005   4.8091802E-002   5.9130516E-005
   1.5960000E+001   4.6251076E-002   7.9045857E-005   4.8311454E-002   5.8388448E-005
   1.6000000E+001   4.6503351E-002   8.2231058E-005   4.8533883E-002   6.1325638E-005
   1.6040000E+001   4.6764194E-002   8.2717950E-005   4.8761526E-002   6.1540944E-005
   1.6080000E+001   4.7031388E-002   8.1788397E-005   4.9001608E-002   6.0638060E-005
   1.6120000E+001   4.7278294E-002   8.4851063E-005   4.9257524E-002   6.6301841E-005
   1.6160001E+001   4.7544297E-002   8.4744554E-005   4.9481740E-002   6.5468524E-005
   1.6200000E+001   4.7815710E-002   8.1511524E-005   4.9705208E-002   6.5285973E-005
   1.6240000E+001   4.8043092E-002   7.5904999E-005   4.9932237E-002   6.3351865E-005
   1.6280000E+001   4.8274465E-002   7.5058738E-005   5.0174166E-002   6.3433841E-005
   1.6320000E+001   4.8529193E-002   6.9660380E-005   5.0405659E-002   6.1271219E-005
   1.6360000E+001   4.8794831E-002   6.4037621E-005   5.0650817E-002   6.3632961E-005
   1.6400000E+001   4.9064364E-002   6.3999245E-005   5.0920120E-002   6.7529055E-005
   1.6440001E+001   4.9323876E-002   7.3095829E-005   5.1177407E-002   7.0857425E-005
   1.6480000E+001   4.9568983E-002   7.3153662E-005   5.1419660E-002   7.0714827E-005
   1.6520000E+001   4.9822864E-002   6.6767283E-005   5.1669788E-002   6.9472262E-005
   1.6560000E+001   5.0056740E-002   6.6128391E-005   5.1933625E-002   7.3041697E-005
   1.6600000E+001   5.0308460E-002   6.4703042E-005   5.2194961E-002   7.1754833E-005
   1.6640000E+001   5.0568945E-002   6.5095243E-005   5.2438818E-002   7.6183705E-005
   1.6680000E+001   5.0830387E-002   6.3781263E-005   5.2694213E-002   7.4976658E-005
   1.6720001E+001   5.1084504E-002   6.3890270E-005   5.2932698E-002   7.2086202E-005
   1.6760000E+001   5.1361658E-002   6.5397768E-005   5.3184106E-002   7.4292008E-005
   1.6799999E+001   5.1634749E-002   6.4914883E-005   5.3430905E-002   7.6369838E-005
   1.6840000E+001   5.1888367E-002   6.4199238E-005   5.3667247E-002   7.9083850E-005
   1.6880000E+001   5.2168548E-002   6.0665311E-005   5.3893300E-002   7.9603402E-005
   1.6920000E+001   5.2433789E-002   6.0258755E-005   5.4144013E-002   7.7284174E-005
   1.6960000E+001   5.2719232E-002   5.8790678E-005   5.4386373E-002   7.5186770E-005
   1.7000000E+001   5.2983035E-002   6.0371233E-005   5.4629645E-002   7.4734911E-005
   1.7040000E+001   5.3256885E-002   6.1738482E-005   5.4884536E-002   7.7635376E-005
   1.7079999E+001   5.3514609E-002   6.0447962E-005   5.5124081E-002   7.6514243E-005
   1.7120000E+001   5.3768330E-002   6.3373019E-005   5.5364798E-002   7.4235301E-005
   1.7160000E+001   5.4026937E-002   6.5630969E-005   5.5626179E-002   7.5684773E-005
   1.7200000E+001   5.4285367E-002   6.5281380E-005   5.5876359E-002   7.2496349E-005
   1.7240000E+001   5.4540828E-002   7.0282911E-005   5.6124877E-002   7.3204126E-005
   1.7280000E+001   5.4807992E-002   7.2208471E-005   5.6375030E-002   6.2312782E-005
   1.7320000E+001   5.5086305E-002   7.5498148E-005   5.6639797E-002   6.7432176E-005
   1.7359999E+001   5.5352394E-002   8.2041307E-005   5.6902299E-002   7.0726926E-005
   1.7400000E+001   5.5625817E-002   9.6278393E-005   5.7152286E-002   7.1717951E-005
   1.7440000E+001   5.5902978E-002   8.7431698E-005   5.7412124E-002   6.9135042E-005
   1.7480000E+001   5.6160265E-002   9.2950168E-005   5.7667326E-002   8.2326774E-005
   1.7520000E+001   5.6421288E-002   9.2798114E-005   5.7923556E-002   8.3753702E-005
   1.7560000E+001   5.6679878E-002   8.5826852E-005   5.8170304E-002   8.4296442E-005
   1.7600000E+001   5.6959896E-002   9.0301655E-005   5.8434052E-002   8.2885794E-005
   1.7640001E+001   5.7251206E-002   8.8890895E-005   5.8698426E-002   8.4083570E-005
   1.7680000E+001   5.7519240E-002   7.1389616E-005   5.8960332E-002   8.7237790E-005
   1.7720000E+001   5.7795665E-002   6.8583533E-005   5.9241032E-002   8.0628241E-005
   1.7760000E+001   5.8075735E-002   8.5051775E-005   5.9515466E-002   7.6238944E-005
   1.7800000E+001   5.8347525E-002   8.6416197E-005   5.9798211E-002   7.6444595E-005
   1.7840000E+001   5.8607265E-002   8.1908695E-005   6.0075821E-002   7.5896467E-005
   1.7880000E+001   5.8871340E-002   8.6166748E-005   6.0326346E-002   7.7156465E-005
   1.7920001E+001   5.9182254E-002   8.4251326E-005   6.0563135E-002   7.9983485E-005
   1.7960000E+001   5.9465358E-002   8.4292378E-005   6.0834558E-002   8.6530080E-005
   1.8000000E+001   5.9733340E-002   8.2310530E-005   6.1130294E-002   8.7963796E-005
   1.8040000E+001   6.0010259E-002   8.2779046E-005   6.1410051E-002   8.5559194E-005
   1.8080000E+001   6.0295064E-002   9.0165884E-005   6.1695734E-002   8.3934522E-005
   1.8120000E+001   6.0586903E-002   9.6304208E-005   6.1976961E-002   8.4010500E-005
   1.8160000E+001   6.0863609E-002   9.8402558E-005   6.2252468E-002   8.5592778E-005
   1.8200001E+001   6.1147462E-002   1.0393121E-004   6.2508204E-002   8.8941102E-005
   1.8240000E+001   6.1435424E-002   1.0164223E-004   6.2771624E-002   8.9679900E-005
   1.8279999E+001   6.1707328E-002   9.8902389E-005   6.3053842E-002   8.6858299E-005
   1.8320000E+001   6.1971418E-002   9.4588944E-005   6.3332002E-002   8.6185243E-005
   1.8360000E+001   6.2242915E-002   8.9008067E-005   6.3602475E-002   8.6777856E-005
   1.8400000E+001   6.2494423E-002   8.8867528E-005   6.3895803E-002   8.5003962E-005
   1.8440000E+001   6.2788432E-002   7.6119170E-005   6.4163369E-002   8.5941358E-005
   1.8480000E+001   6.3071034E-002   7.5089390E-005   6.4457171E-002   8.2679480E-005
   1.8520000E+001   6.3361367E-002   7.2873297E-005   6.4734064E-002   8.4963998E-005
   1.8559999E+001   6.3661312E-002   7.0645156E-005   6.5027652E-002   8.3322924E-005
   1.8600000E+001   6.3981236E-002   7.2003346E-005   6.5307625E-002   8.4335746E-005
   1.8640000E+001   6.4267659E-002   7.9121146E-005   6.5593822E-002   8.3054052E-005
   1.8680000E+001   6.4570077E-002   7.2516919E-005   6.5868060E-002   8.6057937E-005
   1.8720000E+001   6.4887519E-002   8.5169036E-005   6.6154125E-002   8.0965956E-005
   1.8760000E+001   6.5188358E-002   8.7542242E-005   6.6446057E-002   8.2298382E-005
   1.8800000E+001   6.5494667E-002   9.2315543E-005   6.6734533E-002   8.2001301E-005
   1.8839999E+001   6.5799681E-002   9.7297183E-005   6.7003938E-002   8.2934308E-005
   1.8880000E+001   6.6100216E-002   9.8194903E-005   6.7295425E-002   8.4560105E-005
   1.8920000E+001   6.6386652E-002   9.6535488E-005   6.7607701E-002   8.6909789E-005
   1.8960000E+001   6.6666835E-002   7.7145745E-005   6.7904390E-002   8.7955636E-005
   1.9000000E+001   6.6981032E-002   7.6728733E-005   6.8183893E-002   9.2302158E-005
   1.9040000E+001   6.7310901E-002   7.6889270E-005   6.8478061E-002   9.0483100E-005
   1.9080000E+001   6.7622119E-002   7.6457592E-005   6.8769730E-002   9.1674146E-005
   1.9119999E+001   6.7923332E-002   8.0051590E-005   6.9058337E-002   9.4086088E-005
   1.9160000E+001   6.8215469E-002   9.9285771E-005   6.9336354E-002   9.4437009E-005
   1.9200000E+001   6.8510320E-002   9.8986227E-005   6.9633411E-002   9.7577417E-005
   1.9240000E+001   6.8806960E-002   1.1135571E-004   6.9949935E-002   1.0392452E-004
   1.9280000E+001   6.9110833E-002   1.1642986E-004   7.0245305E-002   1.0636626E-004
   1.9320000E+001   6.9402891E-002   1.0839020E-004   7.0531813E-002   1.0435054E-004
   1.9360000E+001   6.9709293E-002   1.0262791E-004   7.0820308E-002   1.0257984E-004
   1.9400001E+001   7.0006151E-002   1.0059246E-004   7.1096954E-002   1.0276390E-004
   1.9440000E+001   7.0324319E-002   1.0409642E-004   7.1401034E-002   1.0533117E-004
   1.9480000E+001   7.0621627E-002   1.0906401E-004   7.1690334E-002   1.0228321E-004
   1.9520000E+001   7.0923980E-002   1.2239264E-004   7.1987505E-002   1.0450677E-004
   1.9560000E+001   7.1220165E-002   1.2439928E-004   7.2260937E-002   1.0955885E-004
   1.9600000E+001   7.1498405E-002   1.1889945E-004   7.2565253E-002   1.1003815E-004
   1.9640000E+001   7.1783161E-002   1.0379519E-004   7.2875691E-002   1.1325357E-004
   1.9680001E+001   7.2051108E-002   1.0080898E-004   7.3170827E-002   1.1241016E-004
   1.9720000E+001   7.2332102E-002   1.0236899E-004   7.3485178E-002   1.1566959E-004
   1.9760000E+001   7.2631424E-002   1.0651724E-004   7.3804983E-002   1.1398815E-004
   1.9800000E+001   7.2903215E-002   1.1106346E-004   7.4105976E-002   1.1340564E-004
   1.9840000E+001   7.3196615E-002   1.1406339E-004   7.4420316E-002   1.1375602E-004
   1.9880000E+001   7.3519432E-002   1.1439844E-004   7.4733193E-002   1.1528525E-004
   1.9920000E+001   7.3825644E-002   1.1751852E-004   7.5025202E-002   1.1869936E-004
   1.9960001E+001   7.4138666E-002   1.1896893E-004   7.5340118E-002   1.2077609E-004
   2.0000000E+001   7.4424715E-002   1.2351795E-004   7.5662588E-002   1.2573787E-004
