         0.4000         0.0000         0.0000         0.0000         0.0000
         0.6000         0.0000         0.0000         0.0000         0.0000
         0.8000         0.0000         0.0000         0.0000         0.0000
         1.0000         0.0000         0.0000         0.0000         0.0000
         1.2000         0.7966         0.0125         0.8057         0.0118
         1.4000         2.4965         0.0342         2.4683         0.0310
         1.6000         4.6107         0.0517         4.6217         0.0499
         1.8000         7.2195         0.0764         7.2185         0.0683
         2.0000        10.3595         0.0918        10.3560         0.1006
         2.2000        14.0037         0.1164        13.9542         0.1201
         2.4000        18.0420         0.1212        17.9924         0.1274
         2.6000        22.6510         0.1581        22.6639         0.1531
         2.8000        27.6282         0.1915        27.6818         0.1556
         3.0000        33.2653         0.2397        33.1898         0.1781
         3.2000        39.2927         0.1994        39.3092         0.2002
         3.4000        45.6224         0.1963        45.6542         0.2218
         3.6000        52.3541         0.1908        52.5070         0.2053
         3.8000        59.9977         0.2436        59.9855         0.2150
         4.0000        68.0535         0.2714        68.1047         0.2857
         4.2000        76.5698         0.2891        76.4584         0.3249
         4.4000        85.5212         0.2913        85.2945         0.3342
         4.6000        94.8090         0.3275        94.7651         0.3299
         4.8000       104.7362         0.2722       104.6755         0.3851
         5.0000       115.0587         0.2519       114.9278         0.3672
         5.2000       125.9791         0.2813       125.9511         0.2696
         5.4000       137.3528         0.2807       137.3909         0.2888
         5.6000       148.6404         0.3168       149.3494         0.2692
         5.8000       158.5309         0.3166       164.5587         0.3214
         6.0000       149.9333         0.3231       198.7474         0.5103
         6.2000        96.5653         0.2329        47.9942         0.1107
         6.4000        81.1956         0.2133        74.7655         0.2028
         6.6000        84.6376         0.2470        83.7296         0.2310
         6.8000        90.6261         0.2507        90.4259         0.2612
         7.0000        97.0717         0.3024        97.1560         0.2837
         7.2000       104.1724         0.3083       104.0622         0.3009
         7.4000       111.0552         0.3196       111.2550         0.2880
         7.6000       118.1629         0.2951       118.5378         0.3003
         7.8000       125.6998         0.3196       125.8300         0.2925
         8.0000       133.4432         0.2772       133.5505         0.3063
         8.2000       141.2681         0.3787       141.4622         0.3662
         8.4000       149.5273         0.6277       149.5208         0.5524
         8.6000       157.9232         0.6972       157.9543         0.6973
         8.8000       166.8409         0.7437       166.7079         0.7430
         9.0000       175.6522         0.5960       176.2151         0.7285
         9.2000       185.1660         0.6940       185.4320         0.7833
         9.4000       194.5647         0.8346       194.6534         0.8579
         9.6000       203.7873         0.8111       203.9499         0.6307
         9.8000       213.5760         0.8001       213.6552         0.7015
        10.0000       223.5896         0.7521       223.3208         0.7168
        10.2000       233.6898         0.6967       233.6368         0.6798
        10.4000       244.3712         0.5427       244.0744         0.7415
        10.6000       256.7630         0.4837       253.6436         0.5444
        10.8000       279.2268         0.5545       254.1637         0.5130
        11.0000       377.3390         0.8557       179.6042         0.4387
        11.2000       647.9910         1.1025       843.7190         1.2612
        11.4000       762.1755         1.1170       787.9460         1.2418
        11.6000       803.3629         1.1594       806.2109         1.2256
        11.8000       834.3801         1.1025       834.8131         1.0069
        12.0000       864.0534         1.3012       864.4423         1.0260
        12.2000       895.0862         1.4571       894.9890         1.1596
        12.4000       927.1813         1.5823       926.9013         1.4878
        12.6000       958.5776         1.5019       958.9631         1.6261
        12.8000       990.2421         1.5077       990.8470         1.4208
        13.0000      1023.8620         1.3381      1023.2925         1.5159
        13.2000      1056.0285         1.4041      1055.9841         1.4612
        13.4000      1089.8319         1.4521      1089.9070         1.3587
        13.6000      1124.0300         1.3115      1123.8713         1.4150
        13.8000      1158.7224         1.3692      1158.5803         1.5131
        14.0000      1193.7863         1.3663      1193.5933         1.2522
        14.2000      1229.1409         1.3099      1229.1118         1.4007
        14.4000      1265.0817         1.3214      1264.8327         1.3857
        14.6000      1300.7350         1.0205      1301.6230         1.2060
        14.8000      1339.5351         0.9512      1339.3240         1.0566
        15.0000      1377.9277         1.0737      1377.5471         1.1752
        15.2000      1415.4888         1.4028      1415.3584         1.1492
        15.4000      1454.3447         1.8380      1453.7852         1.5949
        15.6000      1494.1992         1.7152      1494.5545         1.7066
        15.8000      1533.9387         1.4591      1535.0904         1.3782
        16.0000      1576.1244         2.1747      1576.4112         1.4701
        16.2000      1616.9707         1.9894      1616.7847         1.7900
        16.4000      1658.6063         1.8241      1658.1635         1.8165
        16.6000      1699.6581         1.6001      1700.4613         1.4931
        16.8000      1741.8563         1.4925      1741.6591         1.5678
        17.0000      1785.6375         1.1855      1785.3959         1.5565
        17.2000      1828.9384         1.3183      1828.9707         1.4227
        17.4000      1872.8725         1.3796      1872.5975         1.5065
        17.6000      1917.2458         1.4807      1917.7680         1.4828
        17.8000      1961.9464         1.2055      1962.4997         1.1929
        18.0000      2008.6193         1.2234      2008.6859         1.3105
        18.2000      2054.0894         1.1979      2054.6090         1.3267
        18.4000      2102.0572         1.2017      2102.0663         1.4362
        18.6000      2149.1844         1.3976      2149.9101         1.4005
        18.8000      2198.1247         1.5271      2197.4562         1.3051
        19.0000      2247.3834         1.4060      2246.6118         1.3757
        19.2000      2295.9955         1.9099      2296.4151         1.9324
        19.4000      2345.6758         2.7368      2346.6943         2.3460
        19.6000      2397.7531         2.7814      2398.2179         2.7367
        19.8000      2449.4820         3.2313      2449.4831         3.1713
        20.0000      2500.8971         3.9370      2501.6293         3.4287
