         0.0800         0.0000         0.0000         0.0000         0.0000         0.0000
         0.1200         0.0000         0.0000         0.0000         0.0000         0.0000
         0.1600         0.0000         0.0000         0.0000         0.0000         0.0000
         0.2000         0.0000         0.0000         0.0000         0.0000         0.0000
         0.2400         0.0000         0.0000         0.0000         0.0000         0.0000
         0.2800         0.0000         0.0000         0.0000         0.0000         0.0000
         0.3200         0.0000         0.0000         0.0000         0.0000         0.0000
         0.3600         0.0000         0.0000         0.0000         0.0000         0.0000
         0.4000         0.0000         0.0000         0.0000         0.0000         0.0000
         0.4400         0.0000         0.0000         0.0000         0.0000         0.0000
         0.4800         0.0000         0.0000         0.0000         0.0000         0.0000
         0.5200         0.0000         0.0000         0.0000         0.0000         0.0000
         0.5600         0.0000         0.0000         0.0000         0.0000         0.0000
         0.6000         0.0000         0.0000         0.0000         0.0000         0.0000
         0.6400         0.0000         0.0000         0.0000         0.0000         0.0000
         0.6800         0.0000         0.0000         0.0000         0.0000         0.0000
         0.7200         0.0000         0.0000         0.0000         0.0000         0.0000
         0.7600         0.0000         0.0000         0.0000         0.0000         0.0000
         0.8000         0.0000         0.0000         0.0000         0.0000         0.0000
         0.8400         0.0000         0.0000         0.0000         0.0000         0.0000
         0.8800         0.0000         0.0000         0.0000         0.0000         0.0000
         0.9200         0.0000         0.0000         0.0000         0.0000         0.0000
         0.9600         0.0000         0.0000         0.0000         0.0000         0.0000
         1.0000         0.0000         0.0000         0.0000         0.0000         0.0000
         1.0400         0.0000         0.0000         0.0001         0.0001         0.0000
         1.0800         0.0000         0.0000         0.0005         0.0003         0.0000
         1.1200         0.0000         0.0000         0.0004         0.0003         0.0000
         1.1600         0.0000         0.0000         0.0004         0.0002         0.0000
         1.2000         0.0000         0.0000         0.0003         0.0003         0.0000
         1.2400         0.0001         0.0001         0.0004         0.0003         0.0000
         1.2800         0.0002         0.0001         0.0006         0.0003         0.0000
         1.3200         0.0001         0.0001         0.0009         0.0005         0.0000
         1.3600         0.0002         0.0001         0.0013         0.0006         0.0000
         1.4000         0.0001         0.0001         0.0015         0.0007         0.0000
         1.4400         0.0003         0.0002         0.0021         0.0009         0.0000
         1.4800         0.0003         0.0002         0.0025         0.0011         0.0000
         1.5200         0.0004         0.0002         0.0023         0.0010         0.0000
         1.5600         0.0004         0.0002         0.0029         0.0014         0.0000
         1.6000         0.0008         0.0005         0.0030         0.0012         0.0000
         1.6400         0.0011         0.0008         0.0031         0.0011         0.0000
         1.6800         0.0018         0.0013         0.0038         0.0013         0.0000
         1.7200         0.0019         0.0013         0.0043         0.0014         0.0000
         1.7600         0.0019         0.0012         0.0051         0.0017         0.0000
         1.8000         0.0016         0.0010         0.0055         0.0021         0.0000
         1.8400         0.0020         0.0009         0.0047         0.0016         0.0000
         1.8800         0.0021         0.0011         0.0052         0.0016         0.0000
         1.9200         0.0024         0.0010         0.0058         0.0017         0.0000
         1.9600         0.0033         0.0011         0.0058         0.0016         0.0000
         2.0000         0.0033         0.0010         0.0069         0.0019         0.0000
         2.0400         0.0039         0.0012         0.0072         0.0022         0.0000
         2.0800         0.0054         0.0016         0.0078         0.0023         0.0000
         2.1200         0.0059         0.0016         0.0077         0.0022         0.0000
         2.1600         0.0063         0.0018         0.0075         0.0021         0.0000
         2.2000         0.0080         0.0021         0.0077         0.0022         0.0000
         2.2400         0.0086         0.0024         0.0085         0.0024         0.0000
         2.2800         0.0092         0.0026         0.0080         0.0024         0.0000
         2.3200         0.0102         0.0030         0.0085         0.0022         0.0000
         2.3600         0.0099         0.0029         0.0082         0.0020         0.0000
         2.4000         0.0101         0.0035         0.0086         0.0022         0.0000
         2.4400         0.0109         0.0037         0.0097         0.0025         0.0000
         2.4800         0.0121         0.0044         0.0112         0.0028         0.0000
         2.5200         0.0123         0.0042         0.0111         0.0039         0.0000
         2.5600         0.0137         0.0040         0.0109         0.0048         0.0000
         2.6000         0.0141         0.0042         0.0106         0.0043         0.0000
         2.6400         0.0136         0.0040         0.0100         0.0032         0.0000
         2.6800         0.0141         0.0040         0.0116         0.0033         0.0000
         2.7200         0.0141         0.0040         0.0119         0.0032         0.0000
         2.7600         0.0146         0.0039         0.0123         0.0028         0.0000
         2.8000         0.0153         0.0041         0.0126         0.0043         0.0000
         2.8400         0.0163         0.0038         0.0140         0.0047         0.0000
         2.8800         0.0161         0.0039         0.0141         0.0047         0.0000
         2.9200         0.0181         0.0041         0.0148         0.0042         0.0000
         2.9600         0.0193         0.0042         0.0151         0.0043         0.0000
         3.0000         0.0188         0.0041         0.0144         0.0041         0.0000
         3.0400         0.0193         0.0042         0.0142         0.0038         0.0000
         3.0800         0.0214         0.0045         0.0151         0.0042         0.0000
         3.1200         0.0214         0.0044         0.0163         0.0042         0.0000
         3.1600         0.0225         0.0059         0.0165         0.0043         0.0000
         3.2000         0.0237         0.0048         0.0169         0.0044         0.0000
         3.2400         0.0228         0.0060         0.0170         0.0046         0.0000
         3.2800         0.0243         0.0065         0.0186         0.0048         0.0000
         3.3200         0.0227         0.0062         0.0184         0.0047         0.0000
         3.3600         0.0232         0.0065         0.0182         0.0042         0.0000
         3.4000         0.0247         0.0078         0.0179         0.0040         0.0000
         3.4400         0.0273         0.0091         0.0172         0.0039         0.0000
         3.4800         0.0276         0.0090         0.0185         0.0043         0.0000
         3.5200         0.0287         0.0085         0.0190         0.0047         0.0000
         3.5600         0.0281         0.0106         0.0198         0.0050         0.0000
         3.6000         0.0290         0.0109         0.0197         0.0050         0.0000
         3.6400         0.0305         0.0132         0.0203         0.0052         0.0000
         3.6800         0.0302         0.0117         0.0200         0.0051         0.0000
         3.7200         0.0306         0.0099         0.0204         0.0055         0.0000
         3.7600         0.0330         0.0124         0.0204         0.0054         0.0000
         3.8000         0.0339         0.0136         0.0204         0.0053         0.0000
         3.8400         0.0356         0.0126         0.0219         0.0063         0.0000
         3.8800         0.0385         0.0130         0.0236         0.0077         0.0000
         3.9200         0.0411         0.0163         0.0256         0.0083         0.0000
         3.9600         0.0426         0.0175         0.0278         0.0082         0.0000
         4.0000         0.0436         0.0184         0.0275         0.0077         0.0000
         4.0400         0.0451         0.0196         0.0297         0.0087         0.0000
         4.0800         0.0454         0.0194         0.0305         0.0089         0.0000
         4.1200         0.0455         0.0185         0.0289         0.0090         0.0000
         4.1600         0.0476         0.0188         0.0322         0.0108         0.0000
         4.2000         0.0502         0.0202         0.0330         0.0109         0.0000
         4.2400         0.0521         0.0215         0.0342         0.0110         0.0000
         4.2800         0.0566         0.0233         0.0356         0.0113         0.0000
         4.3200         0.0591         0.0255         0.0389         0.0119         0.0000
         4.3600         0.0623         0.0249         0.0389         0.0121         0.0000
         4.4000         0.0612         0.0228         0.0390         0.0125         0.0000
         4.4400         0.0604         0.0233         0.0396         0.0121         0.0000
         4.4800         0.0607         0.0228         0.0394         0.0105         0.0000
         4.5200         0.0622         0.0228         0.0397         0.0086         0.0000
         4.5600         0.0615         0.0218         0.0388         0.0116         0.0000
         4.6000         0.0629         0.0224         0.0378         0.0100         0.0000
         4.6400         0.0652         0.0235         0.0363         0.0102         0.0000
         4.6800         0.0652         0.0225         0.0359         0.0105         0.0000
         4.7200         0.0676         0.0241         0.0365         0.0100         0.0000
         4.7600         0.0686         0.0253         0.0348         0.0071         0.0000
         4.8000         0.0684         0.0248         0.0339         0.0114         0.0000
         4.8400         0.0751         0.0264         0.0334         0.0114         0.0000
         4.8800         0.0744         0.0279         0.0320         0.0112         0.0000
         4.9200         0.0785         0.0296         0.0317         0.0105         0.0000
         4.9600         0.0818         0.0317         0.0311         0.0100         0.0000
         5.0000         0.0817         0.0336         0.0303         0.0057         0.0000
         5.0400         0.0837         0.0352         0.0313         0.0100         0.0000
         5.0800         0.0897         0.0370         0.0326         0.0097         0.0000
         5.1200         0.0902         0.0359         0.0333         0.0096         0.0000
         5.1600         0.0941         0.0362         0.0360         0.0105         0.0000
         5.2000         0.0995         0.0384         0.0342         0.0103         0.0000
         5.2400         0.1038         0.0396         0.0331         0.0068         0.0000
         5.2800         0.1083         0.0392         0.0322         0.0084         0.0000
         5.3200         0.1076         0.0386         0.0334         0.0066         0.0000
         5.3600         0.1117         0.0390         0.0326         0.0077         0.0000
         5.4000         0.1161         0.0410         0.0328         0.0076         0.0000
         5.4400         0.1198         0.0408         0.0311         0.0063         0.0000
         5.4800         0.1210         0.0411         0.0299         0.0057        -0.0000
         5.5200         0.1280         0.0425         0.0266         0.0047        -0.0000
         5.5600         0.1364         0.0475         0.0242         0.0041        -0.0000
         5.6000         0.1395         0.0478         0.0216         0.0038        -0.0000
         5.6400         0.1422         0.0490         0.0213         0.0046        -0.0000
         5.6800         0.1459         0.0497         0.0190         0.0045        -0.0000
         5.7200         0.1481         0.0522         0.0172         0.0041        -0.0000
         5.7600         0.1538         0.0535         0.0165         0.0032        -0.0000
         5.8000         0.1565         0.0538         0.0140         0.0018        -0.0000
         5.8400         0.1617         0.0565         0.0121         0.0027        -0.0000
         5.8800         0.1639         0.0590         0.0105         0.0023        -0.0021
         5.9200         0.1716         0.0608         0.0079         0.0014        -0.0339
         5.9600         0.1765         0.0607         0.0058         0.0010        -0.1937
         6.0000         0.1820         0.0660         0.0032         0.0006        -0.5693
         6.0400         0.1890         0.0702         0.3249         0.0915        -1.1036
         6.0800         0.1912         0.0680         0.3246         0.0911        -1.6517
         6.1200         0.1977         0.0685         0.3327         0.0998        -2.1073
         6.1600         0.2044         0.0698         0.3334         0.1016        -2.4386
         6.2000         0.2111         0.0713         0.3438         0.1077        -2.6595
         6.2400         0.2177         0.0709         0.3439         0.1116        -2.7989
         6.2800         0.2271         0.0749         0.3424         0.1067        -2.8836
         6.3200         0.2360         0.0784         0.3573         0.1144        -2.9337
         6.3600         0.2424         0.0811         0.3614         0.1154        -2.9628
         6.4000         0.2482         0.0840         0.3632         0.1189        -2.9794
         6.4400         0.2441         0.0849         0.3777         0.1246        -2.9887
         6.4800         0.2469         0.0849         0.3837         0.1302        -2.9939
         6.5200         0.2525         0.0876         0.3920         0.1362        -2.9967
         6.5600         0.2634         0.0921         0.3947         0.1358        -2.9983
         6.6000         0.2711         0.0968         0.3958         0.1328        -2.9991
         6.6400         0.2760         0.0984         0.3967         0.1293        -2.9995
         6.6800         0.2771         0.1004         0.4048         0.1344        -2.9998
         6.7200         0.2889         0.1038         0.4098         0.1333        -2.9999
         6.7600         0.2893         0.1025         0.4203         0.1392        -2.9999
         6.8000         0.2937         0.1044         0.4195         0.1368        -3.0000
         6.8400         0.3034         0.1089         0.4142         0.1378        -3.0000
         6.8800         0.3138         0.1123         0.4198         0.1440        -3.0000
         6.9200         0.3247         0.1160         0.4230         0.1456        -3.0000
         6.9600         0.3315         0.1202         0.4275         0.1516        -3.0000
         7.0000         0.3421         0.1257         0.4310         0.1548        -3.0000
         7.0400         0.3476         0.1293         0.4288         0.1559        -3.0000
         7.0800         0.3490         0.1290         0.4347         0.1587        -3.0000
         7.1200         0.3527         0.1295         0.4331         0.1559        -3.0000
         7.1600         0.3582         0.1291         0.4345         0.1575        -3.0000
         7.2000         0.3670         0.1316         0.4358         0.1581        -3.0000
         7.2400         0.3645         0.1336         0.4365         0.1594        -3.0000
         7.2800         0.3721         0.1369         0.4494         0.1671        -3.0000
         7.3200         0.3825         0.1433         0.4615         0.1717        -3.0000
         7.3600         0.3921         0.1456         0.4611         0.1728        -3.0000
         7.4000         0.4008         0.1494         0.4700         0.1748        -3.0000
         7.4400         0.4071         0.1531         0.4730         0.1755        -3.0000
         7.4800         0.4087         0.1528         0.4778         0.1791        -3.0000
         7.5200         0.4162         0.1535         0.4905         0.1848        -3.0000
         7.5600         0.4207         0.1543         0.4949         0.1907        -3.0000
         7.6000         0.4226         0.1545         0.4938         0.1888        -3.0000
         7.6400         0.4267         0.1563         0.4942         0.1926        -3.0000
         7.6800         0.4350         0.1588         0.5025         0.1969        -3.0000
         7.7200         0.4405         0.1594         0.5050         0.1946        -3.0000
         7.7600         0.4493         0.1635         0.5113         0.1958        -3.0000
         7.8000         0.4485         0.1678         0.5227         0.1980        -3.0000
         7.8400         0.4536         0.1662         0.5271         0.1984        -3.0000
         7.8800         0.4684         0.1709         0.5285         0.1966        -3.0000
         7.9200         0.4852         0.1769         0.5447         0.2007        -3.0000
         7.9600         0.4881         0.1726         0.5541         0.2025        -3.0000
         8.0000         0.5030         0.1797         0.5533         0.1972        -3.0000
         8.0400         0.5282         0.1870         0.5552         0.1968        -3.0000
         8.0800         0.5330         0.1892         0.5576         0.1967        -3.0000
         8.1200         0.5473         0.1935         0.5578         0.1968        -3.0000
         8.1600         0.5486         0.1917         0.5608         0.1946        -3.0000
         8.2000         0.5464         0.1870         0.5649         0.1903        -3.0000
         8.2400         0.5496         0.1880         0.5653         0.1937        -3.0000
         8.2800         0.5498         0.1854         0.5770         0.1936        -3.0000
         8.3200         0.5595         0.1936         0.5843         0.1976        -3.0000
         8.3600         0.5704         0.1924         0.5899         0.1977        -3.0000
         8.4000         0.5743         0.1967         0.5945         0.1943        -3.0000
         8.4400         0.5842         0.2008         0.6005         0.1960        -3.0000
         8.4800         0.5927         0.2067         0.6111         0.1994        -3.0000
         8.5200         0.5904         0.2073         0.6202         0.2049        -3.0000
         8.5600         0.5918         0.1996         0.6276         0.2053        -3.0000
         8.6000         0.5941         0.2001         0.6431         0.2108        -3.0000
         8.6400         0.6052         0.1988         0.6527         0.2156        -3.0000
         8.6800         0.6128         0.2023         0.6708         0.2114        -3.0000
         8.7200         0.6146         0.2043         0.6791         0.2166        -3.0000
         8.7600         0.6123         0.2035         0.6798         0.2196        -3.0000
         8.8000         0.6206         0.2032         0.6902         0.2209        -3.0000
         8.8400         0.6328         0.2055         0.7006         0.2231        -3.0000
         8.8800         0.6410         0.2075         0.7078         0.2268        -3.0000
         8.9200         0.6443         0.2103         0.7231         0.2353        -3.0000
         8.9600         0.6461         0.2123         0.7378         0.2423        -3.0000
         9.0000         0.6443         0.2164         0.7439         0.2376        -3.0000
         9.0400         0.6634         0.2254         0.7528         0.2400        -3.0000
         9.0800         0.6656         0.2243         0.7626         0.2458        -3.0000
         9.1200         0.6680         0.2217         0.7762         0.2472        -3.0000
         9.1600         0.6757         0.2270         0.7857         0.2473        -3.0000
         9.2000         0.6882         0.2340         0.7984         0.2449        -3.0000
         9.2400         0.6909         0.2296         0.8045         0.2474        -3.0000
         9.2800         0.6966         0.2301         0.8228         0.2533        -3.0000
         9.3200         0.6983         0.2226         0.8328         0.2537        -3.0000
         9.3600         0.7113         0.2240         0.8451         0.2558        -3.0000
         9.4000         0.7243         0.2210         0.8677         0.2579        -3.0000
         9.4400         0.7263         0.2209         0.8770         0.2614        -3.0000
         9.4800         0.7320         0.2240         0.8752         0.2611        -3.0000
         9.5200         0.7251         0.2190         0.8845         0.2605        -3.0000
         9.5600         0.7351         0.2192         0.8957         0.2595        -3.0000
         9.6000         0.7362         0.2195         0.8888         0.2546        -3.0000
         9.6400         0.7466         0.2204         0.8970         0.2566        -3.0000
         9.6800         0.7516         0.2238         0.9166         0.2638        -3.0000
         9.7200         0.7606         0.2246         0.9357         0.2678        -3.0000
         9.7600         0.7561         0.2245         0.9400         0.2785        -3.0000
         9.8000         0.7712         0.2288         0.9550         0.2821        -3.0000
         9.8400         0.7697         0.2298         0.9699         0.2838        -3.0000
         9.8800         0.7738         0.2233         0.9896         0.2874        -3.0000
         9.9200         0.7754         0.2222         1.0099         0.2945        -3.0000
         9.9600         0.7728         0.2167         1.0194         0.2970        -3.0000
        10.0000         0.7715         0.2200         1.0456         0.2997        -3.0000
        10.0400         0.7843         0.2262         1.0617         0.3038        -3.0000
        10.0800         0.7919         0.2282         1.0876         0.3192        -3.0000
        10.1200         0.8035         0.2308         1.0860         0.3214        -3.0000
        10.1600         0.7990         0.2314         1.1079         0.3248        -3.0000
        10.2000         0.8070         0.2338         1.1216         0.3277        -3.0000
        10.2400         0.8083         0.2385         1.1512         0.3323        -3.0000
        10.2800         0.8112         0.2372         1.1770         0.3365        -3.0000
        10.3200         0.8173         0.2271         1.2065         0.3469        -2.9999
        10.3600         0.8138         0.2297         1.2262         0.3534        -2.9999
        10.4000         0.8138         0.2275         1.2256         0.3506        -2.9998
        10.4400         0.8052         0.2216         1.2401         0.3520        -2.9995
        10.4800         0.8089         0.2187         1.2558         0.3612        -2.9991
        10.5200         0.7948         0.2149         1.2811         0.3641        -2.9983
        10.5600         0.7940         0.2144         1.2998         0.3707        -2.9967
        10.6000         0.7883         0.2188         1.3262         0.3861        -2.9939
        10.6400         0.7892         0.2175         1.3443         0.3921        -2.9887
        10.6800         0.7799         0.2115         1.3716         0.3957        -2.9794
        10.7200         0.7761         0.2070         1.4060         0.3981        -2.9628
        10.7600         0.7680         0.2003         1.4403         0.4067        -2.9337
        10.8000         0.7642         0.1951         1.4677         0.4081        -2.8836
        10.8400         0.7567         0.1914         1.5064         0.4164        -2.7989
        10.8800         0.7568         0.1897         1.5417         0.4235        -2.6595
        10.9200         0.7498         0.1901         1.5622         0.4279        -2.4386
        10.9600         0.7545         0.1968         1.5951         0.4388        -2.1073
        11.0000         0.7493         0.1922         1.6235         0.4432        -1.6517
        11.0400         0.7421         0.1905         0.0228         0.0038        -1.1036
        11.0800         0.7353         0.1884         0.0418         0.0060        -0.5693
        11.1200         0.7358         0.1935         0.0604         0.0107        -0.1937
        11.1600         0.7229         0.1882         0.0785         0.0117        -0.0339
        11.2000         0.7230         0.1896         0.0970         0.0144        -0.0021
        11.2400         0.7284         0.1874         0.1176         0.0166        -0.0000
        11.2800         0.7401         0.1849         0.1368         0.0197        -0.0000
        11.3200         0.7310         0.1776         0.1521         0.0261        -0.0000
        11.3600         0.7166         0.1767         0.1705         0.0276        -0.0000
        11.4000         0.7085         0.1674         0.1886         0.0224        -0.0000
        11.4400         0.7063         0.1626         0.2037         0.0286        -0.0000
        11.4800         0.7021         0.1575         0.2172         0.0329        -0.0000
        11.5200         0.7067         0.1586         0.2329         0.0372        -0.0000
        11.5600         0.7104         0.1574         0.2524         0.0396        -0.0000
        11.6000         0.7078         0.1558         0.2663         0.0420        -0.0000
        11.6400         0.7113         0.1566         0.2801         0.0437         0.0000
        11.6800         0.7044         0.1539         0.2923         0.0464         0.0000
        11.7200         0.7044         0.1526         0.3090         0.0505         0.0000
        11.7600         0.7180         0.1550         0.3207         0.0532         0.0000
        11.8000         0.7216         0.1516         0.3291         0.0500         0.0000
        11.8400         0.7181         0.1481         0.3433         0.0531         0.0000
        11.8800         0.7147         0.1460         0.3624         0.0558         0.0000
        11.9200         0.7168         0.1458         0.3801         0.0554         0.0000
        11.9600         0.7187         0.1409         0.3953         0.0611         0.0000
        12.0000         0.7173         0.1420         0.4117         0.0620         0.0000
        12.0400         0.7200         0.1413         0.4353         0.0604         0.0000
        12.0800         0.7289         0.1431         0.4465         0.0668         0.0000
        12.1200         0.7350         0.1442         0.4592         0.0705         0.0000
        12.1600         0.7352         0.1429         0.4734         0.0705         0.0000
        12.2000         0.7299         0.1370         0.4886         0.0727         0.0000
        12.2400         0.7434         0.1362         0.5086         0.0783         0.0000
        12.2800         0.7470         0.1331         0.5316         0.0801         0.0000
        12.3200         0.7549         0.1383         0.5374         0.0820         0.0000
        12.3600         0.7639         0.1383         0.5429         0.0821         0.0000
        12.4000         0.7750         0.1373         0.5512         0.0844         0.0000
        12.4400         0.7747         0.1366         0.5582         0.0854         0.0000
        12.4800         0.7813         0.1350         0.5571         0.0904         0.0000
        12.5200         0.7904         0.1324         0.5695         0.0917         0.0000
        12.5600         0.7884         0.1188         0.5898         0.0960         0.0000
        12.6000         0.7981         0.1138         0.5989         0.0976         0.0000
        12.6400         0.7962         0.1117         0.6266         0.1049         0.0000
        12.6800         0.8011         0.1116         0.6309         0.1051         0.0000
        12.7200         0.8040         0.1107         0.6494         0.1044         0.0000
        12.7600         0.8062         0.1111         0.6636         0.0941         0.0000
        12.8000         0.8195         0.1156         0.6834         0.1021         0.0000
        12.8400         0.8292         0.1151         0.7103         0.0994         0.0000
        12.8800         0.8373         0.1195         0.7216         0.1004         0.0000
        12.9200         0.8480         0.1205         0.7365         0.1034         0.0000
        12.9600         0.8515         0.1197         0.7518         0.1044         0.0000
        13.0000         0.8679         0.1205         0.7606         0.1020         0.0000
        13.0400         0.8816         0.1191         0.7795         0.1027         0.0000
        13.0800         0.8828         0.1229         0.7894         0.1003         0.0000
        13.1200         0.8914         0.1296         0.8023         0.1000         0.0000
        13.1600         0.9091         0.1304         0.8058         0.0991         0.0000
        13.2000         0.9150         0.1301         0.8237         0.1007         0.0000
        13.2400         0.9225         0.1274         0.8298         0.1052         0.0000
        13.2800         0.9346         0.1207         0.8505         0.1070         0.0000
        13.3200         0.9452         0.1288         0.8639         0.1071         0.0000
        13.3600         0.9602         0.1335         0.8765         0.1028         0.0000
        13.4000         0.9805         0.1403         0.8863         0.1024         0.0000
        13.4400         1.0063         0.1416         0.9005         0.1000         0.0000
        13.4800         1.0322         0.1471         0.9104         0.0979         0.0000
        13.5200         1.0416         0.1463         0.9324         0.1012         0.0000
        13.5600         1.0466         0.1487         0.9409         0.0970         0.0000
        13.6000         1.0600         0.1490         0.9595         0.0959         0.0000
        13.6400         1.0548         0.1443         0.9683         0.0975         0.0000
        13.6800         1.0740         0.1411         0.9849         0.1023         0.0000
        13.7200         1.0811         0.1371         1.0037         0.1040         0.0000
        13.7600         1.0892         0.1358         1.0205         0.1067         0.0000
        13.8000         1.1038         0.1353         1.0263         0.1072         0.0000
        13.8400         1.1238         0.1387         1.0515         0.1089         0.0000
        13.8800         1.1398         0.1410         1.0592         0.1100         0.0000
        13.9200         1.1621         0.1324         1.0787         0.1081         0.0000
        13.9600         1.1793         0.1336         1.0896         0.1091         0.0000
        14.0000         1.1873         0.1342         1.1056         0.1086         0.0000
        14.0400         1.1937         0.1226         1.1190         0.1080         0.0000
        14.0800         1.1962         0.1257         1.1406         0.1109         0.0000
        14.1200         1.1988         0.1232         1.1605         0.1094         0.0000
        14.1600         1.2150         0.1235         1.1623         0.1061         0.0000
        14.2000         1.2204         0.1190         1.1807         0.1017         0.0000
        14.2400         1.2240         0.1132         1.2066         0.1039         0.0000
        14.2800         1.2449         0.1138         1.2051         0.1039         0.0000
        14.3200         1.2616         0.1138         1.2214         0.1022         0.0000
        14.3600         1.2768         0.1129         1.2265         0.1040         0.0000
        14.4000         1.2893         0.1144         1.2375         0.1034         0.0000
        14.4400         1.3054         0.1173         1.2573         0.1064         0.0000
        14.4800         1.3211         0.1168         1.2640         0.1054         0.0000
        14.5200         1.3257         0.1185         1.2713         0.1019         0.0000
        14.5600         1.3459         0.1188         1.2880         0.1067         0.0000
        14.6000         1.3549         0.1130         1.3154         0.1066         0.0000
        14.6400         1.3568         0.1122         1.3281         0.1061         0.0000
        14.6800         1.3669         0.1143         1.3390         0.1016         0.0000
        14.7200         1.3786         0.1148         1.3637         0.0995         0.0000
        14.7600         1.3832         0.1148         1.3859         0.0996         0.0000
        14.8000         1.4044         0.1170         1.3920         0.1009         0.0000
        14.8400         1.4218         0.1181         1.3954         0.0988         0.0000
        14.8800         1.4336         0.1133         1.4103         0.0921         0.0000
        14.9200         1.4433         0.1124         1.4191         0.0964         0.0000
        14.9600         1.4570         0.1133         1.4499         0.0983         0.0000
        15.0000         1.4707         0.1048         1.4592         0.1018         0.0000
        15.0400         1.4855         0.1035         1.4820         0.0996         0.0000
        15.0800         1.5019         0.1040         1.4963         0.1061         0.0000
        15.1200         1.5245         0.1041         1.5238         0.1092         0.0000
        15.1600         1.5366         0.1047         1.5411         0.1113         0.0000
        15.2000         1.5400         0.1002         1.5555         0.1108         0.0000
        15.2400         1.5738         0.1026         1.5766         0.1077         0.0000
        15.2800         1.5860         0.0964         1.5776         0.1072         0.0000
        15.3200         1.5873         0.0933         1.5841         0.1081         0.0000
        15.3600         1.6089         0.0923         1.6064         0.1033         0.0000
        15.4000         1.6259         0.0898         1.6146         0.0955         0.0000
        15.4400         1.6479         0.0906         1.6362         0.0960         0.0000
        15.4800         1.6607         0.0920         1.6382         0.0971         0.0000
        15.5200         1.6613         0.0892         1.6406         0.0988         0.0000
        15.5600         1.6728         0.0893         1.6587         0.0946         0.0000
        15.6000         1.6935         0.0928         1.6785         0.0922         0.0000
        15.6400         1.7143         0.0954         1.6992         0.0929         0.0000
        15.6800         1.7466         0.0909         1.7225         0.0914         0.0000
        15.7200         1.7632         0.0936         1.7392         0.0888         0.0000
        15.7600         1.7783         0.0913         1.7426         0.0890         0.0000
        15.8000         1.8090         0.0953         1.7472         0.0908         0.0000
        15.8400         1.8234         0.0991         1.7705         0.0912         0.0000
        15.8800         1.8224         0.0992         1.7915         0.0915         0.0000
        15.9200         1.8361         0.1057         1.8111         0.0902         0.0000
        15.9600         1.8447         0.1062         1.8225         0.0956         0.0000
        16.0000         1.8491         0.1081         1.8541         0.0968         0.0000
        16.0400         1.8665         0.1068         1.8703         0.0973         0.0000
        16.0800         1.8762         0.1040         1.8948         0.0977         0.0000
        16.1200         1.9010         0.0979         1.9073         0.0972         0.0000
        16.1600         1.9163         0.0936         1.9123         0.0941         0.0000
        16.2000         1.9230         0.0943         1.9178         0.0938         0.0000
        16.2400         1.9365         0.1005         1.9222         0.0900         0.0000
        16.2800         1.9498         0.0876         1.9287         0.0966         0.0000
        16.3200         1.9870         0.0992         1.9549         0.0943         0.0000
        16.3600         1.9899         0.1060         1.9658         0.0979         0.0000
        16.4000         2.0006         0.1027         1.9787         0.1006         0.0000
        16.4400         2.0123         0.1064         2.0003         0.1172         0.0000
        16.4800         2.0356         0.1067         2.0186         0.1162         0.0000
        16.5200         2.0586         0.1044         2.0324         0.1181         0.0000
        16.5600         2.0757         0.1021         2.0529         0.1085         0.0000
        16.6000         2.0709         0.1033         2.0629         0.1086         0.0000
        16.6400         2.0972         0.1036         2.0669         0.1155         0.0000
        16.6800         2.1163         0.1084         2.0864         0.1095         0.0000
        16.7200         2.1322         0.1116         2.1039         0.1131         0.0000
        16.7600         2.1676         0.1087         2.1201         0.1180         0.0000
        16.8000         2.1853         0.1068         2.1493         0.1151         0.0000
        16.8400         2.1959         0.1056         2.1723         0.1232         0.0000
        16.8800         2.2298         0.1038         2.1969         0.1326         0.0000
        16.9200         2.2624         0.1155         2.2221         0.1346         0.0000
        16.9600         2.2934         0.1187         2.2500         0.1450         0.0000
        17.0000         2.3124         0.1342         2.2746         0.1525         0.0000
        17.0400         2.3466         0.1259         2.2939         0.1474         0.0000
        17.0800         2.3643         0.1460         2.3126         0.1959         0.0000
        17.1200         2.3797         0.1537         2.3480         0.2015         0.0000
        17.1600         2.3991         0.1544         2.3533         0.2042         0.0000
        17.2000         2.4477         0.1676         2.3682         0.2085         0.0000
        17.2400         2.4734         0.1781         2.3831         0.2042         0.0000
        17.2800         2.5210         0.1800         2.4286         0.2072         0.0000
        17.3200         2.5487         0.1916         2.4540         0.2121         0.0000
        17.3600         2.5640         0.1985         2.4733         0.2196         0.0000
        17.4000         2.5708         0.2041         2.4868         0.2275         0.0000
        17.4400         2.5925         0.2098         2.5122         0.2347         0.0000
        17.4800         2.6273         0.2258         2.5319         0.2435         0.0000
        17.5200         2.6334         0.2277         2.5520         0.2517         0.0000
        17.5600         2.6611         0.2354         2.5807         0.2579         0.0000
        17.6000         2.6946         0.2559         2.6113         0.2787         0.0000
        17.6400         2.6900         0.2472         2.6519         0.2950         0.0000
        17.6800         2.7128         0.2546         2.6725         0.3080         0.0000
        17.7200         2.7337         0.2412         2.7032         0.3016         0.0000
        17.7600         2.7545         0.2416         2.7330         0.3214         0.0000
        17.8000         2.7704         0.2401         2.7525         0.3245         0.0000
        17.8400         2.7766         0.2497         2.7618         0.3307         0.0000
        17.8800         2.7988         0.2518         2.7757         0.3431         0.0000
        17.9200         2.8041         0.2601         2.8041         0.3490         0.0000
        17.9600         2.8174         0.2665         2.8117         0.3572         0.0000
        18.0000         2.8309         0.2739         2.8538         0.3636         0.0000
        18.0400         2.8489         0.2856         2.8738         0.3611         0.0000
        18.0800         2.8837         0.2884         2.9031         0.3887         0.0000
        18.1200         2.9105         0.3217         2.9238         0.3757         0.0000
        18.1600         2.9365         0.3335         2.9507         0.3876         0.0000
        18.2000         2.9604         0.3545         2.9793         0.3956         0.0000
        18.2400         2.9786         0.3624         3.0079         0.3914         0.0000
        18.2800         2.9743         0.3735         3.0326         0.3995         0.0000
        18.3200         2.9935         0.3868         3.0405         0.4104         0.0000
        18.3600         3.0224         0.3864         3.0582         0.4211         0.0000
        18.4000         3.0368         0.4006         3.0627         0.4277         0.0000
        18.4400         3.0445         0.4124         3.0863         0.4338         0.0000
        18.4800         3.0605         0.4076         3.1110         0.4431         0.0000
        18.5200         3.1069         0.4228         3.1137         0.4507         0.0000
        18.5600         3.1390         0.4301         3.1242         0.4609         0.0000
        18.6000         3.1480         0.4382         3.1472         0.4680         0.0000
        18.6400         3.1766         0.4465         3.1571         0.4728         0.0000
        18.6800         3.2046         0.4605         3.2004         0.4736         0.0000
        18.7200         3.2323         0.4764         3.2301         0.4769         0.0000
        18.7600         3.2308         0.4864         3.2440         0.4731         0.0000
        18.8000         3.2663         0.4950         3.2637         0.4859         0.0000
        18.8400         3.2910         0.5094         3.2903         0.4892         0.0000
        18.8800         3.3085         0.5140         3.3194         0.4942         0.0000
        18.9200         3.3269         0.5234         3.3610         0.5025         0.0000
        18.9600         3.3454         0.5320         3.3783         0.5176         0.0000
        19.0000         3.3763         0.5374         3.3876         0.5147         0.0000
        19.0400         3.4041         0.5506         3.3980         0.5109         0.0000
        19.0800         3.4437         0.5649         3.4103         0.5216         0.0000
        19.1200         3.4637         0.5724         3.4128         0.5416         0.0000
        19.1600         3.4989         0.5843         3.4266         0.5483         0.0000
        19.2000         3.5194         0.5875         3.4681         0.5606         0.0000
        19.2400         3.5372         0.5907         3.5002         0.5761         0.0000
        19.2800         3.5702         0.6131         3.5248         0.5900         0.0000
        19.3200         3.5954         0.6171         3.5425         0.6135         0.0000
        19.3600         3.6262         0.6239         3.5773         0.6271         0.0000
        19.4000         3.6734         0.6194         3.5831         0.6335         0.0000
        19.4400         3.7177         0.6362         3.6178         0.6432         0.0000
        19.4800         3.7584         0.6600         3.6418         0.6463         0.0000
        19.5200         3.7961         0.6624         3.6761         0.6658         0.0000
        19.5600         3.8190         0.6846         3.6806         0.6694         0.0000
        19.6000         3.8231         0.6635         3.7031         0.6596         0.0000
        19.6400         3.8736         0.7081         3.7282         0.6754         0.0000
        19.6800         3.8958         0.7258         3.7481         0.6763         0.0000
        19.7200         3.9364         0.7263         3.7660         0.6827         0.0000
        19.7600         3.9592         0.7427         3.8149         0.6726         0.0000
        19.8000         3.9640         0.7354         3.8584         0.6959         0.0000
        19.8400         3.9928         0.7503         3.9004         0.7090         0.0000
        19.8800         4.0127         0.7739         3.9300         0.7100         0.0000
        19.9200         4.0196         0.7771         3.9346         0.7191         0.0000
        19.9600         3.8090         0.7045         3.6905         0.6660         0.0000
        20.0000         2.8401         0.5233         2.7508         0.4995         0.0000
