         0.0800         0.0000         0.0000         0.0000         0.0000         0.0000
         0.1200         0.0000         0.0000         0.0000         0.0000         0.0000
         0.1600         0.0000         0.0000         0.0000         0.0000         0.0000
         0.2000         0.0000         0.0000         0.0000         0.0000         0.0000
         0.2400         0.0000         0.0000         0.0000         0.0000         0.0000
         0.2800         0.0000         0.0000         0.0000         0.0000         0.0000
         0.3200         0.0000         0.0000         0.0000         0.0000         0.0000
         0.3600         0.0000         0.0000         0.0000         0.0000         0.0000
         0.4000         0.0000         0.0000         0.0000         0.0000         0.0000
         0.4400         0.0000         0.0000         0.0000         0.0000         0.0000
         0.4800         0.0000         0.0000         0.0000         0.0000         0.0000
         0.5200         0.0000         0.0000         0.0000         0.0000         0.0000
         0.5600         0.0000         0.0000         0.0000         0.0000         0.0000
         0.6000         0.0000         0.0000         0.0000         0.0000         0.0000
         0.6400         0.0000         0.0000         0.0000         0.0000         0.0000
         0.6800         0.0000         0.0000         0.0000         0.0000         0.0000
         0.7200         0.0000         0.0000         0.0000         0.0000         0.0000
         0.7600         0.0000         0.0000         0.0000         0.0000         0.0000
         0.8000         0.0000         0.0000         0.0000         0.0000         0.0000
         0.8400         0.0000         0.0000         0.0000         0.0000         0.0000
         0.8800         0.0000         0.0000         0.0000         0.0000         0.0000
<<<<<<< HEAD
         0.9200         0.0001         0.0000         0.0000         0.0000         0.0000
         0.9600         0.0002         0.0001         0.0001         0.0000         0.0000
         1.0000         0.0012         0.0001         0.0010         0.0001         0.0000
         1.0400         0.0036         0.0004         0.0028         0.0005         0.0000
         1.0800         0.0059         0.0006         0.0054         0.0008         0.0000
         1.1200         0.0093         0.0009         0.0076         0.0011         0.0000
         1.1600         0.0135         0.0012         0.0113         0.0016         0.0000
         1.2000         0.0185         0.0015         0.0154         0.0018         0.0000
         1.2400         0.0239         0.0023         0.0179         0.0020         0.0000
         1.2800         0.0286         0.0026         0.0218         0.0024         0.0000
         1.3200         0.0330         0.0028         0.0254         0.0027         0.0000
         1.3600         0.0375         0.0029         0.0305         0.0033         0.0000
         1.4000         0.0443         0.0036         0.0333         0.0035         0.0000
         1.4400         0.0485         0.0039         0.0353         0.0039         0.0000
         1.4800         0.0510         0.0040         0.0385         0.0041         0.0000
         1.5200         0.0565         0.0043         0.0433         0.0039         0.0000
         1.5600         0.0649         0.0048         0.0479         0.0043         0.0000
         1.6000         0.0688         0.0052         0.0517         0.0041         0.0000
         1.6400         0.0753         0.0056         0.0556         0.0044         0.0000
         1.6800         0.0819         0.0064         0.0598         0.0048         0.0000
         1.7200         0.0925         0.0064         0.0631         0.0047         0.0000
         1.7600         0.1035         0.0069         0.0687         0.0045         0.0000
         1.8000         0.1129         0.0077         0.0730         0.0044         0.0000
         1.8400         0.1227         0.0084         0.0835         0.0056         0.0000
         1.8800         0.1304         0.0079         0.0893         0.0061         0.0000
         1.9200         0.1436         0.0080         0.1002         0.0069         0.0000
         1.9600         0.1539         0.0083         0.1119         0.0073         0.0000
         2.0000         0.1605         0.0104         0.1196         0.0074         0.0000
         2.0400         0.1696         0.0108         0.1263         0.0077         0.0000
         2.0800         0.1772         0.0104         0.1368         0.0082         0.0000
         2.1200         0.1909         0.0113         0.1512         0.0088         0.0000
         2.1600         0.2029         0.0109         0.1560         0.0089         0.0000
         2.2000         0.2129         0.0114         0.1663         0.0083         0.0000
         2.2400         0.2186         0.0114         0.1741         0.0093         0.0000
         2.2800         0.2274         0.0100         0.1838         0.0095         0.0000
         2.3200         0.2396         0.0102         0.1961         0.0122         0.0000
         2.3600         0.2491         0.0103         0.2067         0.0134         0.0000
         2.4000         0.2659         0.0108         0.2179         0.0138         0.0000
         2.4400         0.2810         0.0110         0.2300         0.0119         0.0000
         2.4800         0.2903         0.0105         0.2353         0.0122         0.0000
         2.5200         0.3063         0.0108         0.2439         0.0144         0.0000
         2.5600         0.3155         0.0109         0.2572         0.0141         0.0000
         2.6000         0.3319         0.0109         0.2653         0.0111         0.0000
         2.6400         0.3464         0.0111         0.2786         0.0161         0.0000
         2.6800         0.3581         0.0115         0.2928         0.0127         0.0000
         2.7200         0.3736         0.0129         0.2992         0.0115         0.0000
         2.7600         0.3928         0.0125         0.3168         0.0173         0.0000
         2.8000         0.3995         0.0134         0.3341         0.0157         0.0000
         2.8400         0.4217         0.0140         0.3459         0.0152         0.0000
         2.8800         0.4376         0.0151         0.3583         0.0122         0.0000
         2.9200         0.4598         0.0154         0.3694         0.0156         0.0000
         2.9600         0.4798         0.0166         0.3811         0.0164         0.0000
         3.0000         0.4929         0.0204         0.3937         0.0204         0.0000
         3.0400         0.5058         0.0211         0.4085         0.0168         0.0000
         3.0800         0.5248         0.0212         0.4167         0.0167         0.0000
         3.1200         0.5451         0.0225         0.4313         0.0200         0.0000
         3.1600         0.5610         0.0229         0.4451         0.0177         0.0000
         3.2000         0.5827         0.0301         0.4507         0.0179         0.0000
         3.2400         0.6057         0.0302         0.4618         0.0186         0.0000
         3.2800         0.6158         0.0290         0.4726         0.0186         0.0000
         3.3200         0.6401         0.0265         0.4873         0.0182         0.0000
         3.3600         0.6597         0.0283         0.4982         0.0198         0.0000
         3.4000         0.6778         0.0252         0.5138         0.0279         0.0000
         3.4400         0.6996         0.0249         0.5293         0.0286         0.0000
         3.4800         0.7167         0.0276         0.5350         0.0281         0.0000
         3.5200         0.7360         0.0250         0.5532         0.0226         0.0000
         3.5600         0.7672         0.0266         0.5643         0.0379         0.0000
         3.6000         0.7903         0.0260         0.5752         0.0393         0.0000
         3.6400         0.8194         0.0262         0.5930         0.0408         0.0000
         3.6800         0.8473         0.0254         0.6043         0.0291         0.0000
         3.7200         0.8793         0.0267         0.6270         0.0274         0.0000
         3.7600         0.9056         0.0226         0.6406         0.0249         0.0000
         3.8000         0.9359         0.0258         0.6555         0.0254         0.0000
         3.8400         0.9500         0.0247         0.6553         0.0226         0.0000
         3.8800         0.9823         0.0199         0.6659         0.0261         0.0000
         3.9200         1.0135         0.0255         0.6909         0.0318         0.0000
         3.9600         1.0548         0.0241         0.7102         0.0331         0.0000
         4.0000         1.0739         0.0228         0.7196         0.0438         0.0000
         4.0400         1.1130         0.0226         0.7269         0.0442         0.0000
         4.0800         1.1378         0.0234         0.7269         0.0306         0.0000
         4.1200         1.1544         0.0232         0.7383         0.0392         0.0000
         4.1600         1.1748         0.0230         0.7422         0.0360         0.0000
         4.2000         1.2025         0.0240         0.7570         0.0255         0.0000
         4.2400         1.2390         0.0257         0.7643         0.0314         0.0000
         4.2800         1.2693         0.0232         0.7760         0.0324         0.0000
         4.3200         1.3180         0.0218         0.7879         0.0250         0.0000
         4.3600         1.3483         0.0238         0.7801         0.0375         0.0000
         4.4000         1.3849         0.0261         0.7818         0.0346         0.0000
         4.4400         1.4329         0.0272         0.7883         0.0345         0.0000
         4.4800         1.4667         0.0285         0.7828         0.0342         0.0000
         4.5200         1.5002         0.0299         0.7829         0.0325         0.0000
         4.5600         1.5344         0.0324         0.7922         0.0305         0.0000
         4.6000         1.5887         0.0325         0.8033         0.0289         0.0000
         4.6400         1.6300         0.0338         0.8065         0.0249         0.0000
         4.6800         1.6713         0.0323         0.8070         0.0271         0.0000
         4.7200         1.7055         0.0340         0.8004         0.0259         0.0000
         4.7600         1.7528         0.0375         0.8042         0.0258         0.0000
         4.8000         1.8019         0.0367         0.8086         0.0274         0.0000
         4.8400         1.8438         0.0344         0.7922         0.0287         0.0000
         4.8800         1.8816         0.0333         0.7971         0.0266         0.0000
         4.9200         1.9226         0.0334         0.7993         0.0257         0.0000
         4.9600         1.9749         0.0339         0.7945         0.0236         0.0000
         5.0000         2.0402         0.0342         0.7926         0.0227         0.0000
         5.0400         2.0938         0.0329         0.7892         0.0236         0.0000
         5.0800         2.1644         0.0396         0.7871         0.0230         0.0000
         5.1200         2.2291         0.0388         0.7796         0.0224         0.0000
         5.1600         2.2958         0.0415         0.7746         0.0221         0.0000
         5.2000         2.3522         0.0421         0.7605         0.0231         0.0000
         5.2400         2.4258         0.0411         0.7353         0.0201         0.0000
         5.2800         2.4893         0.0408         0.7213         0.0199         0.0000
         5.3200         2.5635         0.0393         0.7060         0.0206         0.0000
         5.3600         2.6347         0.0416         0.6920         0.0217         0.0000
         5.4000         2.7207         0.0440         0.6594         0.0203         0.0000
         5.4400         2.7930         0.0535         0.6453         0.0202         0.0000
         5.4800         2.8744         0.0551         0.6196         0.0182        -0.0000
         5.5200         2.9753         0.0582         0.5947         0.0175        -0.0000
         5.5600         3.0672         0.0541         0.5719         0.0166        -0.0000
         5.6000         3.1630         0.0580         0.5466         0.0165        -0.0000
         5.6400         3.2356         0.0595         0.5151         0.0154        -0.0000
         5.6800         3.3320         0.0621         0.4755         0.0140        -0.0000
         5.7200         3.4274         0.0601         0.4457         0.0133        -0.0000
         5.7600         3.5301         0.0471         0.4005         0.0126        -0.0000
         5.8000         3.6410         0.0507         0.3558         0.0110        -0.0000
         5.8400         3.7289         0.0498         0.3054         0.0088        -0.0000
         5.8800         3.8451         0.0493         0.2549         0.0074        -0.0021
         5.9200         3.9732         0.0819         0.1965         0.0056        -0.0339
         5.9600         4.0664         0.0912         0.1383         0.0040        -0.1937
         6.0000         4.2198         0.0861         0.0755         0.0023        -0.5693
         6.0400         4.3537         0.0956         7.4156         0.0943        -1.1036
         6.0800         4.4827         0.0969         7.4357         0.0939        -1.6517
         6.1200         4.6069         0.0964         7.4483         0.0971        -2.1073
         6.1600         4.7231         0.0987         7.4679         0.1185        -2.4386
         6.2000         4.8405         0.1053         7.5078         0.0888        -2.6595
         6.2400         4.9631         0.1011         7.5328         0.1476        -2.7989
         6.2800         5.0785         0.0995         7.5988         0.1160        -2.8836
         6.3200         5.2112         0.0990         7.6704         0.1139        -2.9337
         6.3600         5.3371         0.1034         7.7027         0.1518        -2.9628
         6.4000         5.4436         0.1029         7.7431         0.1507        -2.9794
         6.4400         5.5757         0.0970         7.8213         0.1406        -2.9887
         6.4800         5.6854         0.0998         7.8477         0.1121        -2.9939
         6.5200         5.8017         0.1007         7.9028         0.1349        -2.9967
         6.5600         5.9424         0.1046         7.9658         0.0967        -2.9983
         6.6000         6.0354         0.1111         8.0531         0.0930        -2.9991
         6.6400         6.1862         0.0615         8.1492         0.0942        -2.9995
         6.6800         6.3289         0.0791         8.2456         0.0960        -2.9998
         6.7200         6.4177         0.0607         8.3287         0.1331        -2.9999
         6.7600         6.5767         0.0649         8.3917         0.1414        -2.9999
         6.8000         6.6714         0.0639         8.4557         0.1465        -3.0000
         6.8400         6.7769         0.0644         8.4995         0.1486        -3.0000
         6.8800         6.8927         0.0680         8.5624         0.1546        -3.0000
         6.9200         7.0276         0.0667         8.6512         0.1350        -3.0000
         6.9600         7.1406         0.0635         8.7186         0.1531        -3.0000
         7.0000         7.2497         0.0632         8.7979         0.1433        -3.0000
         7.0400         7.3373         0.0615         8.8737         0.1409        -3.0000
         7.0800         7.4656         0.0615         8.9349         0.1278        -3.0000
         7.1200         7.5870         0.0639         9.0203         0.0943        -3.0000
         7.1600         7.7228         0.0643         9.1168         0.1228        -3.0000
         7.2000         7.8317         0.0723         9.1715         0.1194        -3.0000
         7.2400         7.9189         0.0750         9.2506         0.1102        -3.0000
         7.2800         8.0652         0.0742         9.3702         0.1271        -3.0000
         7.3200         8.1480         0.1003         9.4718         0.1215        -3.0000
         7.3600         8.2418         0.1052         9.5724         0.1231        -3.0000
         7.4000         8.3444         0.0987         9.6527         0.1358        -3.0000
         7.4400         8.4864         0.0951         9.7451         0.1319        -3.0000
         7.4800         8.6112         0.1199         9.8543         0.1298        -3.0000
         7.5200         8.7220         0.0933         9.9604         0.1345        -3.0000
         7.5600         8.8386         0.1035        10.0391         0.1331        -3.0000
         7.6000         8.9592         0.1006        10.1256         0.1370        -3.0000
         7.6400         9.0642         0.0852        10.1995         0.1644        -3.0000
         7.6800         9.1720         0.0864        10.2594         0.1985        -3.0000
         7.7200         9.2955         0.1012        10.3621         0.1928        -3.0000
         7.7600         9.3987         0.1378        10.4509         0.1997        -3.0000
         7.8000         9.5014         0.1289        10.5237         0.2068        -3.0000
         7.8400         9.6024         0.0939        10.6151         0.2318        -3.0000
         7.8800         9.6928         0.0890        10.7177         0.2414        -3.0000
         7.9200         9.8163         0.1192        10.7919         0.2209        -3.0000
         7.9600         9.9175         0.0682        10.9002         0.2291        -3.0000
         8.0000        10.0562         0.1347        11.0057         0.2309        -3.0000
         8.0400        10.1546         0.1355        11.1226         0.2189        -3.0000
         8.0800        10.2846         0.1385        11.2262         0.1554        -3.0000
         8.1200        10.3823         0.1515        11.3447         0.1490        -3.0000
         8.1600        10.5237         0.1288        11.4691         0.1386        -3.0000
         8.2000        10.6112         0.1269        11.6078         0.1444        -3.0000
         8.2400        10.7085         0.1246        11.7193         0.1451        -3.0000
         8.2800        10.7941         0.1184        11.8269         0.1516        -3.0000
         8.3200        10.9175         0.1066        11.9716         0.1511        -3.0000
         8.3600        11.0025         0.1195        12.0835         0.1717        -3.0000
         8.4000        11.0977         0.1192        12.2118         0.1562        -3.0000
         8.4400        11.1861         0.1316        12.3499         0.1858        -3.0000
         8.4800        11.2821         0.1250        12.4603         0.1917        -3.0000
         8.5200        11.3973         0.1394        12.6476         0.2307        -3.0000
         8.5600        11.5037         0.1457        12.7688         0.1929        -3.0000
         8.6000        11.5795         0.1180        12.8847         0.2273        -3.0000
         8.6400        11.6357         0.1389        13.0435         0.2108        -3.0000
         8.6800        11.7351         0.1375        13.1957         0.1329        -3.0000
         8.7200        11.8610         0.1521        13.3350         0.1572        -3.0000
         8.7600        11.9752         0.1506        13.4822         0.1655        -3.0000
         8.8000        11.9949         0.1488        13.6373         0.1706        -3.0000
         8.8400        12.0915         0.1584        13.8140         0.1675        -3.0000
         8.8800        12.1723         0.1675        14.0093         0.1836        -3.0000
         8.9200        12.2357         0.1377        14.1451         0.1835        -3.0000
         8.9600        12.3354         0.1368        14.3350         0.2011        -3.0000
         9.0000        12.4374         0.1461        14.5031         0.1934        -3.0000
         9.0400        12.5665         0.1565        14.7067         0.2116        -3.0000
         9.0800        12.6571         0.1548        14.8987         0.2176        -3.0000
         9.1200        12.7423         0.1731        15.0210         0.2093        -3.0000
         9.1600        12.8278         0.1617        15.2161         0.2339        -3.0000
         9.2000        12.8811         0.1581        15.3924         0.2348        -3.0000
         9.2400        12.9971         0.1560        15.5297         0.2082        -3.0000
         9.2800        13.1017         0.1645        15.7006         0.2118        -3.0000
         9.3200        13.2110         0.1700        15.8613         0.2077        -3.0000
         9.3600        13.3220         0.2063        16.0271         0.1993        -3.0000
         9.4000        13.4442         0.1680        16.2262         0.1882        -3.0000
         9.4400        13.5302         0.1732        16.4060         0.1978        -3.0000
         9.4800        13.5786         0.1928        16.6172         0.2284        -3.0000
         9.5200        13.6574         0.1981        16.8597         0.2290        -3.0000
         9.5600        13.7207         0.1834        17.0782         0.2404        -3.0000
         9.6000        13.8201         0.1745        17.2998         0.2089        -3.0000
         9.6400        13.8267         0.1654        17.5245         0.2087        -3.0000
         9.6800        13.9126         0.1548        17.7871         0.1901        -3.0000
         9.7200        13.9279         0.1539        17.9855         0.1914        -3.0000
         9.7600        13.9697         0.1468        18.1900         0.2012        -3.0000
         9.8000        14.0393         0.1866        18.3895         0.1966        -3.0000
         9.8400        14.0947         0.1914        18.6297         0.2080        -3.0000
         9.8800        14.1058         0.1863        18.9068         0.2019        -3.0000
         9.9200        14.1337         0.1471        19.1594         0.1409        -3.0000
         9.9600        14.1940         0.1507        19.3570         0.1542        -3.0000
        10.0000        14.2355         0.1885        19.5833         0.2089        -3.0000
        10.0400        14.2684         0.1829        19.8271         0.1429        -3.0000
        10.0800        14.3244         0.1956        20.0576         0.1475        -3.0000
        10.1200        14.4029         0.1494        20.3792         0.1514        -3.0000
        10.1600        14.4056         0.1468        20.6841         0.1484        -3.0000
        10.2000        14.3770         0.1289        20.9498         0.1325        -3.0000
        10.2400        14.3452         0.1308        21.2085         0.1408        -3.0000
        10.2800        14.3714         0.0966        21.5459         0.1901        -3.0000
        10.3200        14.3784         0.1330        21.7991         0.2230        -2.9999
        10.3600        14.3968         0.0952        22.1389         0.2355        -2.9999
        10.4000        14.3725         0.1198        22.4053         0.2562        -2.9998
        10.4400        14.3695         0.1022        22.7545         0.2682        -2.9995
        10.4800        14.3049         0.1018        23.0487         0.2985        -2.9991
        10.5200        14.2231         0.1183        23.3458         0.3006        -2.9983
        10.5600        14.1710         0.1077        23.6601         0.3169        -2.9967
        10.6000        14.1473         0.1113        24.0786         0.3177        -2.9939
        10.6400        14.0549         0.1078        24.4323         0.3292        -2.9887
        10.6800        14.0104         0.1131        24.8465         0.3190        -2.9794
        10.7200        13.9249         0.1132        25.2175         0.3185        -2.9628
        10.7600        13.7930         0.1069        25.5686         0.3239        -2.9337
        10.8000        13.6732         0.1033        26.0572         0.3150        -2.8836
        10.8400        13.5543         0.0908        26.5196         0.3178        -2.7989
        10.8800        13.4126         0.0859        26.9744         0.3085        -2.6595
        10.9200        13.3024         0.0800        27.4221         0.3031        -2.4386
        10.9600        13.1764         0.0836        27.8850         0.2711        -2.1073
        11.0000        12.9921         0.0827        28.3086         0.2690        -1.6517
        11.0400        12.8366         0.0798         0.3358         0.0040        -1.1036
        11.0800        12.6726         0.0773         0.6110         0.0068        -0.5693
        11.1200        12.4830         0.0738         0.8816         0.0095        -0.1937
        11.1600        12.3653         0.0777         1.1415         0.0125        -0.0339
        11.2000        12.2219         0.0791         1.4010         0.0164        -0.0021
        11.2400        12.0519         0.0795         1.6449         0.0175        -0.0000
        11.2800        11.9215         0.0777         1.8895         0.0191        -0.0000
        11.3200        11.7936         0.0779         2.1436         0.0214        -0.0000
        11.3600        11.6690         0.0718         2.3889         0.0236        -0.0000
        11.4000        11.5620         0.0666         2.6143         0.0250        -0.0000
        11.4400        11.4980         0.0647         2.8296         0.0256        -0.0000
        11.4800        11.4322         0.0592         3.0423         0.0276        -0.0000
        11.5200        11.4066         0.0581         3.2562         0.0328        -0.0000
        11.5600        11.3194         0.0548         3.4508         0.0303        -0.0000
        11.6000        11.2317         0.0597         3.6377         0.0292        -0.0000
        11.6400        11.1421         0.0549         3.8316         0.0322         0.0000
        11.6800        11.0476         0.0571         4.0250         0.0369         0.0000
        11.7200        10.9541         0.0573         4.2238         0.0416         0.0000
        11.7600        10.9149         0.0658         4.4171         0.0444         0.0000
        11.8000        10.8466         0.0663         4.5925         0.0447         0.0000
        11.8400        10.7765         0.0650         4.7801         0.0441         0.0000
        11.8800        10.7679         0.0641         4.9512         0.0507         0.0000
        11.9200        10.7075         0.0604         5.1345         0.0565         0.0000
        11.9600        10.6613         0.0557         5.2975         0.0597         0.0000
        12.0000        10.6021         0.0574         5.4635         0.0557         0.0000
        12.0400        10.5944         0.0589         5.6162         0.0733         0.0000
        12.0800        10.5737         0.0602         5.7802         0.0759         0.0000
        12.1200        10.5685         0.0631         5.9148         0.0718         0.0000
        12.1600        10.5337         0.0603         6.0598         0.0687         0.0000
        12.2000        10.5083         0.0588         6.1792         0.0628         0.0000
        12.2400        10.4866         0.0568         6.3131         0.0632         0.0000
        12.2800        10.4893         0.0544         6.4487         0.0644         0.0000
        12.3200        10.4373         0.0556         6.5672         0.0608         0.0000
        12.3600        10.4293         0.0565         6.7103         0.0651         0.0000
        12.4000        10.4140         0.0583         6.8497         0.0668         0.0000
        12.4400        10.4137         0.0572         6.9431         0.0681         0.0000
        12.4800        10.4134         0.0558         7.0612         0.0696         0.0000
        12.5200        10.4440         0.0571         7.1925         0.0534         0.0000
        12.5600        10.4380         0.0557         7.3064         0.0541         0.0000
        12.6000        10.4650         0.0615         7.4283         0.0646         0.0000
        12.6400        10.4783         0.0657         7.5481         0.0659         0.0000
        12.6800        10.5091         0.0668         7.6627         0.0591         0.0000
        12.7200        10.5201         0.0730         7.7991         0.0599         0.0000
        12.7600        10.5661         0.0791         7.9153         0.0674         0.0000
        12.8000        10.5409         0.0881         8.0375         0.0680         0.0000
        12.8400        10.6017         0.0705         8.1657         0.0660         0.0000
        12.8800        10.5956         0.1015         8.2989         0.0665         0.0000
        12.9200        10.6547         0.0914         8.4355         0.0708         0.0000
        12.9600        10.6722         0.0902         8.5301         0.0676         0.0000
        13.0000        10.6885         0.0944         8.6555         0.0726         0.0000
        13.0400        10.7054         0.0864         8.7626         0.0809         0.0000
        13.0800        10.7260         0.0860         8.8688         0.0890         0.0000
        13.1200        10.7979         0.0933         9.0044         0.0835         0.0000
        13.1600        10.8491         0.0872         9.0720         0.0867         0.0000
        13.2000        10.8951         0.0884         9.1496         0.0834         0.0000
        13.2400        10.9492         0.0904         9.2527         0.0898         0.0000
        13.2800        10.9887         0.0831         9.3735         0.0853         0.0000
        13.3200        11.0469         0.0819         9.4773         0.0787         0.0000
        13.3600        11.0294         0.0786         9.5604         0.0784         0.0000
        13.4000        11.1137         0.0792         9.6630         0.0801         0.0000
        13.4400        11.1540         0.0824         9.7900         0.0885         0.0000
        13.4800        11.2165         0.0801         9.8936         0.0994         0.0000
        13.5200        11.2633         0.0807        10.0321         0.0913         0.0000
        13.5600        11.3423         0.0857        10.1290         0.0863         0.0000
        13.6000        11.4094         0.0880        10.2058         0.0876         0.0000
        13.6400        11.4331         0.0807        10.2460         0.0861         0.0000
        13.6800        11.5349         0.0767        10.3235         0.0808         0.0000
        13.7200        11.5838         0.0719        10.4282         0.0869         0.0000
        13.7600        11.6180         0.0685        10.5146         0.0799         0.0000
        13.8000        11.6669         0.0748        10.6208         0.0798         0.0000
        13.8400        11.7219         0.0766        10.6771         0.0777         0.0000
        13.8800        11.7399         0.0811        10.7865         0.0791         0.0000
        13.9200        11.7483         0.0826        10.8847         0.0735         0.0000
        13.9600        11.8009         0.0789        10.9480         0.0725         0.0000
        14.0000        11.8525         0.0677        11.0257         0.0608         0.0000
        14.0400        11.9114         0.0698        11.1230         0.0666         0.0000
        14.0800        11.9992         0.0685        11.1876         0.0691         0.0000
        14.1200        12.0647         0.0760        11.2614         0.0777         0.0000
        14.1600        12.1190         0.0805        11.3492         0.0837         0.0000
        14.2000        12.1890         0.0926        11.4358         0.0778         0.0000
        14.2400        12.2532         0.0929        11.5487         0.0793         0.0000
        14.2800        12.3371         0.0921        11.6370         0.0820         0.0000
        14.3200        12.4463         0.0905        11.7276         0.0811         0.0000
        14.3600        12.5265         0.0956        11.7984         0.0815         0.0000
        14.4000        12.5632         0.0931        11.8805         0.0899         0.0000
        14.4400        12.5870         0.0858        11.9995         0.0865         0.0000
        14.4800        12.6310         0.0824        12.1226         0.0879         0.0000
        14.5200        12.6746         0.0887        12.2316         0.0788         0.0000
        14.5600        12.7795         0.0943        12.3040         0.0822         0.0000
        14.6000        12.7952         0.1236        12.3955         0.0892         0.0000
        14.6400        12.8269         0.1163        12.4721         0.0917         0.0000
        14.6800        12.9213         0.1313        12.5121         0.0879         0.0000
        14.7200        12.9630         0.1187        12.5850         0.0927         0.0000
        14.7600        13.0146         0.0885        12.6908         0.0943         0.0000
        14.8000        13.0838         0.1263        12.7458         0.0931         0.0000
        14.8400        13.1899         0.1257        12.8495         0.0787         0.0000
        14.8800        13.2718         0.1246        12.9497         0.0761         0.0000
        14.9200        13.3209         0.1298        13.0549         0.0908         0.0000
        14.9600        13.3988         0.1227        13.1129         0.0835         0.0000
        15.0000        13.4410         0.1062        13.1585         0.0876         0.0000
        15.0400        13.4973         0.1121        13.2280         0.0831         0.0000
        15.0800        13.5831         0.1039        13.3440         0.0908         0.0000
        15.1200        13.6939         0.1065        13.4232         0.0986         0.0000
        15.1600        13.8009         0.1086        13.5070         0.0897         0.0000
        15.2000        13.9401         0.1151        13.5929         0.0964         0.0000
        15.2400        14.0129         0.1045        13.6632         0.1011         0.0000
        15.2800        14.0682         0.1120        13.7393         0.0990         0.0000
        15.3200        14.1564         0.1130        13.8541         0.1042         0.0000
        15.3600        14.2562         0.1115        13.9474         0.1060         0.0000
        15.4000        14.3099         0.1212        14.0638         0.1056         0.0000
        15.4400        14.4061         0.1103        14.1610         0.1069         0.0000
        15.4800        14.5210         0.1096        14.1968         0.1040         0.0000
        15.5200        14.6276         0.1086        14.3065         0.1090         0.0000
        15.5600        14.6507         0.1128        14.4062         0.1090         0.0000
        15.6000        14.7817         0.1026        14.5036         0.1564         0.0000
        15.6400        14.8467         0.1074        14.5845         0.1472         0.0000
        15.6800        14.9184         0.0950        14.6607         0.1546         0.0000
        15.7200        15.0240         0.1037        14.7526         0.1170         0.0000
        15.7600        15.0977         0.1099        14.8321         0.1287         0.0000
        15.8000        15.1992         0.1063        14.8829         0.1170         0.0000
        15.8400        15.2253         0.1076        15.0138         0.1151         0.0000
        15.8800        15.2599         0.1119        15.0861         0.1176         0.0000
        15.9200        15.2885         0.1116        15.1687         0.1209         0.0000
        15.9600        15.3920         0.1176        15.2384         0.1062         0.0000
        16.0000        15.4829         0.1150        15.3180         0.0939         0.0000
        16.0400        15.5262         0.1040        15.4366         0.0988         0.0000
        16.0800        15.6187         0.1086        15.4800         0.1010         0.0000
        16.1200        15.7126         0.1087        15.5523         0.0944         0.0000
        16.1600        15.7636         0.1174        15.6904         0.0960         0.0000
        16.2000        15.8369         0.1201        15.8090         0.1087         0.0000
        16.2400        15.8849         0.1222        15.8902         0.1220         0.0000
        16.2800        15.9843         0.1204        15.9824         0.1280         0.0000
        16.3200        16.0754         0.1158        16.0214         0.1225         0.0000
        16.3600        16.1818         0.1088        16.1250         0.1197         0.0000
        16.4000        16.2643         0.1044        16.2102         0.1422         0.0000
        16.4400        16.3514         0.1053        16.3287         0.1083         0.0000
        16.4800        16.4379         0.1079        16.3923         0.1141         0.0000
        16.5200        16.5263         0.1139        16.5548         0.1581         0.0000
        16.5600        16.5883         0.1190        16.6552         0.1129         0.0000
        16.6000        16.6481         0.1232        16.8091         0.1189         0.0000
        16.6400        16.8005         0.1214        16.8915         0.1274         0.0000
        16.6800        16.8787         0.1193        16.9848         0.1278         0.0000
        16.7200        16.9911         0.1295        17.0485         0.1307         0.0000
        16.7600        17.0492         0.1174        17.1630         0.1416         0.0000
        16.8000        17.1655         0.1162        17.2267         0.1277         0.0000
        16.8400        17.2217         0.1423        17.3199         0.1281         0.0000
        16.8800        17.2650         0.1147        17.4366         0.1224         0.0000
        16.9200        17.3450         0.1150        17.5494         0.1224         0.0000
        16.9600        17.3800         0.1113        17.6234         0.1053         0.0000
        17.0000        17.4538         0.1098        17.7602         0.1155         0.0000
        17.0400        17.5513         0.1085        17.7759         0.1100         0.0000
        17.0800        17.6291         0.1032        17.8519         0.0951         0.0000
        17.1200        17.7825         0.1146        17.9722         0.1027         0.0000
        17.1600        17.8645         0.1392        18.0615         0.0997         0.0000
        17.2000        17.9759         0.1221        18.1188         0.1087         0.0000
        17.2400        18.0484         0.1247        18.2336         0.0799         0.0000
        17.2800        18.1074         0.1308        18.3874         0.0778         0.0000
        17.3200        18.2487         0.1211        18.4855         0.1163         0.0000
        17.3600        18.3426         0.1218        18.5655         0.1094         0.0000
        17.4000        18.4586         0.1211        18.6663         0.1108         0.0000
        17.4400        18.5410         0.1089        18.7668         0.1414         0.0000
        17.4800        18.6545         0.0989        18.9089         0.1460         0.0000
        17.5200        18.7540         0.0890        18.9824         0.1555         0.0000
        17.5600        18.8861         0.1044        19.0951         0.1020         0.0000
        17.6000        18.9321         0.1101        19.1457         0.1011         0.0000
        17.6400        19.0480         0.1023        19.1609         0.0979         0.0000
        17.6800        19.1677         0.1275        19.2164         0.1204         0.0000
        17.7200        19.3110         0.1328        19.3198         0.1160         0.0000
        17.7600        19.4295         0.1331        19.3897         0.1301         0.0000
        17.8000        19.5011         0.1106        19.4933         0.1305         0.0000
        17.8400        19.5859         0.1186        19.5893         0.1298         0.0000
        17.8800        19.7267         0.1013        19.6681         0.0986         0.0000
        17.9200        19.8622         0.1221        19.7849         0.0986         0.0000
        17.9600        19.9789         0.1107        19.8952         0.1111         0.0000
        18.0000        20.0901         0.1300        19.9949         0.1068         0.0000
        18.0400        20.2130         0.1432        20.0950         0.1126         0.0000
        18.0800        20.2205         0.1352        20.1848         0.1129         0.0000
        18.1200        20.3543         0.1363        20.2809         0.1044         0.0000
        18.1600        20.4242         0.1297        20.3976         0.1027         0.0000
        18.2000        20.4561         0.1260        20.4773         0.1378         0.0000
        18.2400        20.5897         0.1050        20.5538         0.1889         0.0000
        18.2800        20.7057         0.1409        20.6660         0.1928         0.0000
        18.3200        20.8071         0.1228        20.7516         0.2356         0.0000
        18.3600        20.8921         0.1328        20.8504         0.2074         0.0000
        18.4000        20.9857         0.1343        20.9055         0.2253         0.0000
        18.4400        21.0770         0.1401        20.9470         0.2242         0.0000
        18.4800        21.1492         0.1479        21.0387         0.2395         0.0000
        18.5200        21.2671         0.1426        21.1335         0.2430         0.0000
        18.5600        21.2900         0.1423        21.2145         0.2524         0.0000
        18.6000        21.3460         0.1387        21.3476         0.2664         0.0000
        18.6400        21.4344         0.1463        21.4672         0.2581         0.0000
        18.6800        21.5456         0.1391        21.5609         0.2801         0.0000
        18.7200        21.6234         0.1399        21.6105         0.2739         0.0000
        18.7600        21.6991         0.1367        21.6438         0.2637         0.0000
        18.8000        21.8173         0.1432        21.7373         0.2580         0.0000
        18.8400        21.9208         0.1501        21.8168         0.2733         0.0000
        18.8800        22.0024         0.1490        21.9411         0.3418         0.0000
        18.9200        22.1018         0.1528        22.0035         0.3534         0.0000
        18.9600        22.1970         0.1430        22.0875         0.3444         0.0000
        19.0000        22.2701         0.1439        22.1775         0.3775         0.0000
        19.0400        22.4140         0.1543        22.2853         0.3900         0.0000
        19.0800        22.5719         0.1640        22.3421         0.3954         0.0000
        19.1200        22.7019         0.1590        22.4404         0.3946         0.0000
        19.1600        22.7621         0.1714        22.5742         0.4047         0.0000
        19.2000        22.8197         0.1683        22.6951         0.3147         0.0000
        19.2400        22.8849         0.1610        22.8064         0.3145         0.0000
        19.2800        23.0262         0.2294        22.9137         0.3587         0.0000
        19.3200        23.1091         0.2185        23.0010         0.3182         0.0000
        19.3600        23.2067         0.2364        23.1102         0.2508         0.0000
        19.4000        23.2961         0.1778        23.2273         0.2415         0.0000
        19.4400        23.3578         0.3079        23.3228         0.2463         0.0000
        19.4800        23.4771         0.2826        23.3882         0.2476         0.0000
        19.5200        23.5724         0.2988        23.4656         0.2408         0.0000
        19.5600        23.6325         0.1504        23.5750         0.2397         0.0000
        19.6000        23.7301         0.3303        23.6692         0.2442         0.0000
        19.6400        23.8335         0.3273        23.7598         0.2391         0.0000
        19.6800        23.8940         0.3595        23.8644         0.2624         0.0000
        19.7200        24.0490         0.3685        24.0003         0.2562         0.0000
        19.7600        24.1154         0.3495        24.1262         0.2626         0.0000
        19.8000        24.2675         0.2814        24.2106         0.2689         0.0000
        19.8400        24.3494         0.2548        24.3386         0.2579         0.0000
        19.8800        24.4536         0.2719        24.4023         0.2464         0.0000
        19.9200        24.3497         0.2664        24.3810         0.2393         0.0000
        19.9600        22.9085         0.2460        22.9306         0.2264         0.0000
        20.0000        17.0082         0.1718        17.0212         0.1374         0.0000
=======
         0.9200         0.0000         0.0000         0.0000         0.0000         0.0000
         0.9600         0.0000         0.0000         0.0000         0.0000         0.0000
         1.0000         0.0011         0.0000         0.0003         0.0000         0.0000
         1.0400         0.0173         0.0003         0.0052         0.0002         0.0000
         1.0800         0.0437         0.0008         0.0135         0.0004         0.0000
         1.1200         0.0721         0.0013         0.0220         0.0007         0.0000
         1.1600         0.1030         0.0019         0.0308         0.0010         0.0000
         1.2000         0.1358         0.0025         0.0408         0.0013         0.0000
         1.2400         0.1724         0.0031         0.0513         0.0017         0.0000
         1.2800         0.2090         0.0036         0.0620         0.0020         0.0000
         1.3200         0.2460         0.0041         0.0723         0.0023         0.0000
         1.3600         0.2844         0.0046         0.0836         0.0027         0.0000
         1.4000         0.3270         0.0051         0.0969         0.0031         0.0000
         1.4400         0.3735         0.0060         0.1092         0.0035         0.0000
         1.4800         0.4202         0.0066         0.1223         0.0040         0.0000
         1.5200         0.4683         0.0070         0.1364         0.0044         0.0000
         1.5600         0.5190         0.0074         0.1501         0.0047         0.0000
         1.6000         0.5717         0.0085         0.1650         0.0050         0.0000
         1.6400         0.6273         0.0089         0.1791         0.0052         0.0000
         1.6800         0.6853         0.0098         0.1953         0.0055         0.0000
         1.7200         0.7408         0.0110         0.2103         0.0058         0.0000
         1.7600         0.8021         0.0120         0.2263         0.0062         0.0000
         1.8000         0.8608         0.0126         0.2450         0.0067         0.0000
         1.8400         0.9260         0.0137         0.2598         0.0070         0.0000
         1.8800         0.9902         0.0142         0.2743         0.0071         0.0000
         1.9200         1.0608         0.0153         0.2913         0.0072         0.0000
         1.9600         1.1314         0.0162         0.3074         0.0072         0.0000
         2.0000         1.1971         0.0166         0.3280         0.0072         0.0000
         2.0400         1.2653         0.0171         0.3485         0.0075         0.0000
         2.0800         1.3384         0.0178         0.3656         0.0079         0.0000
         2.1200         1.4151         0.0181         0.3847         0.0083         0.0000
         2.1600         1.4914         0.0188         0.4034         0.0085         0.0000
         2.2000         1.5735         0.0202         0.4244         0.0088         0.0000
         2.2400         1.6575         0.0213         0.4471         0.0091         0.0000
         2.2800         1.7491         0.0236         0.4700         0.0095         0.0000
         2.3200         1.8401         0.0250         0.4920         0.0097         0.0000
         2.3600         1.9314         0.0253         0.5127         0.0101         0.0000
         2.4000         2.0220         0.0265         0.5344         0.0109         0.0000
         2.4400         2.1224         0.0358         0.5582         0.0111         0.0000
         2.4800         2.2212         0.0295         0.5801         0.0116         0.0000
         2.5200         2.3208         0.0293         0.6000         0.0113         0.0000
         2.5600         2.4265         0.0292         0.6205         0.0122         0.0000
         2.6000         2.5320         0.0307         0.6467         0.0130         0.0000
         2.6400         2.6444         0.0364         0.6740         0.0133         0.0000
         2.6800         2.7551         0.0392         0.7001         0.0159         0.0000
         2.7200         2.8690         0.0421         0.7261         0.0148         0.0000
         2.7600         2.9804         0.0427         0.7520         0.0131         0.0000
         2.8000         3.1035         0.0447         0.7780         0.0135         0.0000
         2.8400         3.2263         0.0468         0.8021         0.0139         0.0000
         2.8800         3.3508         0.0426         0.8261         0.0165         0.0000
         2.9200         3.4824         0.0432         0.8518         0.0146         0.0000
         2.9600         3.6091         0.0431         0.8753         0.0145         0.0000
         3.0000         3.7365         0.0443         0.8981         0.0152         0.0000
         3.0400         3.8659         0.0456         0.9202         0.0179         0.0000
         3.0800         4.0052         0.0463         0.9433         0.0178         0.0000
         3.1200         4.1475         0.0460         0.9702         0.0183         0.0000
         3.1600         4.2882         0.0460         0.9932         0.0178         0.0000
         3.2000         4.4316         0.0458         1.0198         0.0175         0.0000
         3.2400         4.5851         0.0463         1.0428         0.0175         0.0000
         3.2800         4.7372         0.0473         1.0690         0.0168         0.0000
         3.3200         4.8827         0.0493         1.0888         0.0174         0.0000
         3.3600         5.0388         0.0517         1.1120         0.0175         0.0000
         3.4000         5.2021         0.0553         1.1429         0.0189         0.0000
         3.4400         5.3622         0.0569         1.1692         0.0193         0.0000
         3.4800         5.5322         0.0558         1.1904         0.0193         0.0000
         3.5200         5.6982         0.0574         1.2115         0.0202         0.0000
         3.5600         5.8725         0.0583         1.2334         0.0202         0.0000
         3.6000         6.0318         0.0592         1.2583         0.0204         0.0000
         3.6400         6.2081         0.0598         1.2749         0.0222         0.0000
         3.6800         6.3862         0.0600         1.2999         0.0217         0.0000
         3.7200         6.5774         0.0607         1.3212         0.0215         0.0000
         3.7600         6.7705         0.0627         1.3405         0.0220         0.0000
         3.8000         6.9662         0.0625         1.3593         0.0211         0.0000
         3.8400         7.1491         0.0578         1.3766         0.0206         0.0000
         3.8800         7.3355         0.0553         1.3917         0.0206         0.0000
         3.9200         7.5384         0.0564         1.4045         0.0207         0.0000
         3.9600         7.7509         0.0588         1.4159         0.0211         0.0000
         4.0000         7.9517         0.0574         1.4290         0.0204         0.0000
         4.0400         8.1423         0.0563         1.4467         0.0194         0.0000
         4.0800         8.3417         0.0612         1.4616         0.0199         0.0000
         4.1200         8.5518         0.0611         1.4797         0.0212         0.0000
         4.1600         8.7750         0.0615         1.4907         0.0218         0.0000
         4.2000         8.9966         0.0643         1.4998         0.0235         0.0000
         4.2400         9.2170         0.0670         1.5057         0.0224         0.0000
         4.2800         9.4428         0.0648         1.5140         0.0209         0.0000
         4.3200         9.6825         0.0667         1.5227         0.0209         0.0000
         4.3600         9.9073         0.0673         1.5325         0.0207         0.0000
         4.4000        10.1398         0.0677         1.5343         0.0211         0.0000
         4.4400        10.3781         0.0713         1.5336         0.0205         0.0000
         4.4800        10.6194         0.0698         1.5354         0.0200         0.0000
         4.5200        10.8552         0.0668         1.5319         0.0190         0.0000
         4.5600        11.1138         0.0682         1.5361         0.0181         0.0000
         4.6000        11.3852         0.0707         1.5336         0.0180         0.0000
         4.6400        11.6556         0.0789         1.5259         0.0183         0.0000
         4.6800        11.9397         0.0790         1.5162         0.0182         0.0000
         4.7200        12.2178         0.0816         1.5091         0.0179         0.0000
         4.7600        12.4835         0.0836         1.5022         0.0179         0.0000
         4.8000        12.7614         0.0996         1.4957         0.0179         0.0000
         4.8400        13.0356         0.0994         1.4851         0.0179         0.0000
         4.8800        13.3264         0.1037         1.4722         0.0166         0.0000
         4.9200        13.6288         0.1075         1.4595         0.0171         0.0000
         4.9600        13.9485         0.1082         1.4467         0.0157         0.0000
         5.0000        14.2407         0.1085         1.4346         0.0145         0.0000
         5.0400        14.5398         0.1094         1.4135         0.0137         0.0000
         5.0800        14.8576         0.1087         1.3874         0.0140         0.0000
         5.1200        15.1598         0.1152         1.3613         0.0133         0.0000
         5.1600        15.4841         0.1138         1.3361         0.0128         0.0000
         5.2000        15.8119         0.1112         1.3047         0.0126         0.0000
         5.2400        16.1515         0.1076         1.2721         0.0121         0.0000
         5.2800        16.5006         0.0969         1.2371         0.0120         0.0000
         5.3200        16.8525         0.1100         1.1971         0.0119         0.0000
         5.3600        17.1875         0.1171         1.1512         0.0112         0.0000
         5.4000        17.5344         0.1026         1.1078         0.0109         0.0000
         5.4400        17.8822         0.1024         1.0622         0.0106         0.0000
         5.4800        18.2594         0.1228         1.0120         0.0102        -0.0000
         5.5200        18.6390         0.1251         0.9606         0.0097        -0.0000
         5.5600        18.9912         0.1313         0.9049         0.0093        -0.0000
         5.6000        19.3665         0.1281         0.8491         0.0084        -0.0000
         5.6400        19.7503         0.1288         0.7872         0.0077        -0.0000
         5.6800        20.1225         0.1316         0.7206         0.0074        -0.0000
         5.7200        20.4941         0.1363         0.6522         0.0068        -0.0000
         5.7600        20.8931         0.1425         0.5840         0.0060        -0.0000
         5.8000        21.3114         0.1424         0.5088         0.0050        -0.0000
         5.8400        21.7395         0.1375         0.4302         0.0039        -0.0000
         5.8800        22.1761         0.1295         0.3476         0.0031        -0.0021
         5.9200        22.5959         0.1274         0.2590         0.0023        -0.0339
         5.9600        23.0202         0.1285         0.1661         0.0015        -0.1937
         6.0000        23.4693         0.1275         0.0701         0.0007        -0.5693
         6.0400        23.9136         0.1268        45.6159         0.1034        -1.1036
         6.0800        24.3724         0.1341        46.0945         0.1038        -1.6517
         6.1200        24.8202         0.1194        46.5822         0.1068        -2.1073
         6.1600        25.2277         0.1277        47.0796         0.1071        -2.4386
         6.2000        25.6753         0.1256        47.5887         0.1107        -2.6595
         6.2400        26.1408         0.1205        48.1308         0.1126        -2.7989
         6.2800        26.5802         0.1174        48.6929         0.1148        -2.8836
         6.3200        27.0317         0.1100        49.2466         0.1166        -2.9337
         6.3600        27.4910         0.1231        49.8018         0.1319        -2.9628
         6.4000        27.9457         0.1116        50.3353         0.1105        -2.9794
         6.4400        28.4112         0.1121        50.8766         0.1113        -2.9887
         6.4800        28.8543         0.1183        51.4361         0.1089        -2.9939
         6.5200        29.3343         0.1230        51.9943         0.1069        -2.9967
         6.5600        29.8062         0.1348        52.5815         0.1157        -2.9983
         6.6000        30.2540         0.1436        53.1742         0.1143        -2.9991
         6.6400        30.7095         0.1304        53.7374         0.1143        -2.9995
         6.6800        31.1440         0.1204        54.3091         0.1159        -2.9998
         6.7200        31.5824         0.1022        54.8716         0.1147        -2.9999
         6.7600        32.0470         0.1201        55.4679         0.1109        -2.9999
         6.8000        32.5378         0.0960        56.0782         0.1179        -3.0000
         6.8400        32.9902         0.0935        56.6852         0.1229        -3.0000
         6.8800        33.4595         0.0941        57.3087         0.1161        -3.0000
         6.9200        33.8982         0.0933        57.9345         0.1107        -3.0000
         6.9600        34.3686         0.0994        58.5822         0.1143        -3.0000
         7.0000        34.8532         0.1009        59.2289         0.1168        -3.0000
         7.0400        35.3442         0.1044        59.8394         0.1171        -3.0000
         7.0800        35.8258         0.0982        60.5020         0.1167        -3.0000
         7.1200        36.2807         0.1043        61.2282         0.1157        -3.0000
         7.1600        36.7342         0.1000        61.9449         0.1162        -3.0000
         7.2000        37.1805         0.0979        62.6036         0.1329        -3.0000
         7.2400        37.6266         0.0950        63.2593         0.1355        -3.0000
         7.2800        38.0864         0.0965        63.9727         0.1364        -3.0000
         7.3200        38.5616         0.0992        64.6672         0.1375        -3.0000
         7.3600        39.0312         0.1108        65.3764         0.1324        -3.0000
         7.4000        39.4967         0.0945        66.1028         0.1390        -3.0000
         7.4400        39.9792         0.0933        66.8171         0.1398        -3.0000
         7.4800        40.4518         0.0975        67.5205         0.1405        -3.0000
         7.5200        40.9005         0.1010        68.2289         0.1414        -3.0000
         7.5600        41.3527         0.0997        68.9756         0.1475        -3.0000
         7.6000        41.7997         0.1014        69.7247         0.1435        -3.0000
         7.6400        42.2651         0.1002        70.4665         0.1456        -3.0000
         7.6800        42.7010         0.1033        71.2034         0.1457        -3.0000
         7.7200        43.1541         0.0969        71.9637         0.1416        -3.0000
         7.7600        43.6111         0.0970        72.7270         0.1332        -3.0000
         7.8000        44.0844         0.0990        73.4910         0.1331        -3.0000
         7.8400        44.5453         0.0979        74.2893         0.1234        -3.0000
         7.8800        44.9989         0.0999        75.0792         0.1225        -3.0000
         7.9200        45.4479         0.0988        75.8957         0.1205        -3.0000
         7.9600        45.9003         0.1000        76.6843         0.1226        -3.0000
         8.0000        46.3338         0.1070        77.5504         0.1238        -3.0000
         8.0400        46.7531         0.1042        78.4038         0.1413        -3.0000
         8.0800        47.1887         0.1052        79.2632         0.1475        -3.0000
         8.1200        47.6272         0.1015        80.0833         0.1498        -3.0000
         8.1600        48.0437         0.0984        80.9513         0.1501        -3.0000
         8.2000        48.4923         0.1020        81.7938         0.1466        -3.0000
         8.2400        48.8850         0.0996        82.6754         0.1451        -3.0000
         8.2800        49.3104         0.0951        83.5677         0.1572        -3.0000
         8.3200        49.7270         0.0965        84.4684         0.1595        -3.0000
         8.3600        50.1282         0.0968        85.3608         0.1615        -3.0000
         8.4000        50.5422         0.0991        86.2808         0.1723        -3.0000
         8.4400        50.9342         0.0997        87.2057         0.1804        -3.0000
         8.4800        51.3370         0.0977        88.1599         0.1764        -3.0000
         8.5200        51.7299         0.0972        89.0791         0.1580        -3.0000
         8.5600        52.1080         0.1021        90.0368         0.1523        -3.0000
         8.6000        52.5412         0.1013        91.0576         0.1666        -3.0000
         8.6400        52.9638         0.1098        92.0433         0.1794        -3.0000
         8.6800        53.3560         0.1088        93.0557         0.1677        -3.0000
         8.7200        53.7326         0.1178        94.0226         0.1628        -3.0000
         8.7600        54.1449         0.1146        95.0406         0.1623        -3.0000
         8.8000        54.5124         0.1124        96.0573         0.1643        -3.0000
         8.8400        54.8919         0.1082        97.1010         0.1692        -3.0000
         8.8800        55.2365         0.0989        98.1325         0.1678        -3.0000
         8.9200        55.6271         0.0986        99.1980         0.1690        -3.0000
         8.9600        55.9937         0.1062       100.2151         0.1700        -3.0000
         9.0000        56.3371         0.0902       101.2989         0.1766        -3.0000
         9.0400        56.6572         0.0917       102.3934         0.1783        -3.0000
         9.0800        57.0057         0.1086       103.5401         0.1745        -3.0000
         9.1200        57.3909         0.1089       104.6425         0.1728        -3.0000
         9.1600        57.7474         0.1045       105.7554         0.1756        -3.0000
         9.2000        58.0510         0.1048       106.9082         0.1743        -3.0000
         9.2400        58.3568         0.1043       108.0693         0.1874        -3.0000
         9.2800        58.6591         0.1045       109.2647         0.1907        -3.0000
         9.3200        58.9762         0.1003       110.3971         0.2044        -3.0000
         9.3600        59.2669         0.1057       111.5796         0.1969        -3.0000
         9.4000        59.5814         0.1088       112.7885         0.2002        -3.0000
         9.4400        59.9272         0.1141       114.0211         0.2114        -3.0000
         9.4800        60.2834         0.0977       115.2264         0.2102        -3.0000
         9.5200        60.6086         0.1002       116.4886         0.2019        -3.0000
         9.5600        60.9090         0.0990       117.7774         0.2095        -3.0000
         9.6000        61.1800         0.1016       119.0519         0.2093        -3.0000
         9.6400        61.4391         0.1160       120.2996         0.2119        -3.0000
         9.6800        61.6927         0.1058       121.6001         0.2160        -3.0000
         9.7200        61.9792         0.1076       122.9024         0.2262        -3.0000
         9.7600        62.2096         0.1091       124.2181         0.2371        -3.0000
         9.8000        62.4210         0.1091       125.5633         0.2321        -3.0000
         9.8400        62.6208         0.1044       126.9224         0.2382        -3.0000
         9.8800        62.8453         0.0994       128.3119         0.2262        -3.0000
         9.9200        63.0292         0.1031       129.7518         0.2348        -3.0000
         9.9600        63.2438         0.1008       131.1670         0.2316        -3.0000
        10.0000        63.4150         0.1010       132.5575         0.2429        -3.0000
        10.0400        63.6080         0.1074       133.9384         0.2481        -3.0000
        10.0800        63.7763         0.1114       135.3747         0.2370        -3.0000
        10.1200        63.9319         0.1142       136.8226         0.2458        -3.0000
        10.1600        64.0651         0.1186       138.3049         0.2528        -3.0000
        10.2000        64.2286         0.1176       139.7911         0.2531        -3.0000
        10.2400        64.3729         0.1197       141.2831         0.2429        -3.0000
        10.2800        64.4925         0.1147       142.8142         0.2466        -3.0000
        10.3200        64.5816         0.1098       144.3194         0.2409        -2.9999
        10.3600        64.6850         0.0944       145.8940         0.2434        -2.9999
        10.4000        64.7655         0.0944       147.5205         0.2515        -2.9998
        10.4400        64.8477         0.0957       149.1004         0.2662        -2.9995
        10.4800        64.8842         0.0955       150.7117         0.2856        -2.9991
        10.5200        64.9126         0.0942       152.4208         0.3029        -2.9983
        10.5600        64.9285         0.0964       154.0911         0.3005        -2.9967
        10.6000        64.9311         0.1043       155.7337         0.3028        -2.9939
        10.6400        64.9259         0.1075       157.3936         0.2934        -2.9887
        10.6800        64.9110         0.1075       159.1237         0.2946        -2.9794
        10.7200        64.8938         0.1089       160.8692         0.3132        -2.9628
        10.7600        64.8914         0.1188       162.6261         0.3168        -2.9337
        10.8000        64.8125         0.1116       164.4290         0.3194        -2.8836
        10.8400        64.7360         0.1105       166.1878         0.3379        -2.7989
        10.8800        64.6517         0.1065       168.0084         0.3288        -2.6595
        10.9200        64.5596         0.1053       169.8311         0.3372        -2.4386
        10.9600        64.4257         0.1078       171.6577         0.3400        -2.1073
        11.0000        64.2792         0.1087       173.5121         0.3393        -1.6517
        11.0400        64.1604         0.1085         0.4529         0.0016        -1.1036
        11.0800        64.0060         0.1084         1.0873         0.0039        -0.5693
        11.1200        63.8457         0.1056         1.7251         0.0067        -0.1937
        11.1600        63.7365         0.1075         2.3619         0.0088        -0.0339
        11.2000        63.5946         0.1267         2.9881         0.0108        -0.0021
        11.2400        63.4410         0.1296         3.6176         0.0128        -0.0000
        11.2800        63.3050         0.1205         4.2376         0.0146        -0.0000
        11.3200        63.2249         0.1158         4.8631         0.0159        -0.0000
        11.3600        63.1492         0.1088         5.4875         0.0176        -0.0000
        11.4000        63.0957         0.1109         6.1046         0.0198        -0.0000
        11.4400        62.9831         0.1054         6.7171         0.0231        -0.0000
        11.4800        62.8714         0.1027         7.3341         0.0266        -0.0000
        11.5200        62.7832         0.1045         7.9469         0.0322        -0.0000
        11.5600        62.7003         0.1040         8.5620         0.0329        -0.0000
        11.6000        62.5750         0.1028         9.1675         0.0316        -0.0000
        11.6400        62.4969         0.1035         9.7534         0.0336         0.0000
        11.6800        62.4555         0.1045        10.3645         0.0334         0.0000
        11.7200        62.4131         0.1071        10.9601         0.0348         0.0000
        11.7600        62.3812         0.1079        11.5438         0.0364         0.0000
        11.8000        62.2990         0.1107        12.1138         0.0372         0.0000
        11.8400        62.2358         0.1119        12.6883         0.0379         0.0000
        11.8800        62.2193         0.1112        13.2590         0.0389         0.0000
        11.9200        62.1818         0.1124        13.8220         0.0394         0.0000
        11.9600        62.1405         0.1145        14.3902         0.0413         0.0000
        12.0000        62.1009         0.1189        14.9507         0.0435         0.0000
        12.0400        62.0693         0.1203        15.5092         0.0461         0.0000
        12.0800        62.0712         0.1288        16.0841         0.0476         0.0000
        12.1200        62.0364         0.1283        16.6473         0.0485         0.0000
        12.1600        62.0405         0.1257        17.2160         0.0526         0.0000
        12.2000        61.9988         0.1292        17.7828         0.0563         0.0000
        12.2400        61.9859         0.1316        18.3626         0.0569         0.0000
        12.2800        61.9870         0.1308        18.9297         0.0586         0.0000
        12.3200        61.9957         0.1343        19.4769         0.0627         0.0000
        12.3600        61.9841         0.1325        20.0318         0.0634         0.0000
        12.4000        62.0307         0.1351        20.5730         0.0637         0.0000
        12.4400        62.0562         0.1436        21.1291         0.0639         0.0000
        12.4800        62.1412         0.1437        21.6752         0.0672         0.0000
        12.5200        62.1772         0.1422        22.1935         0.0677         0.0000
        12.5600        62.1801         0.1407        22.7125         0.0685         0.0000
        12.6000        62.1906         0.1382        23.2370         0.0762         0.0000
        12.6400        62.2349         0.1369        23.7698         0.0792         0.0000
        12.6800        62.2818         0.1445        24.3127         0.0821         0.0000
        12.7200        62.3160         0.1454        24.8395         0.0820         0.0000
        12.7600        62.3676         0.1431        25.3934         0.0821         0.0000
        12.8000        62.4260         0.1423        25.8964         0.0829         0.0000
        12.8400        62.5212         0.1415        26.4011         0.0854         0.0000
        12.8800        62.5878         0.1375        26.9255         0.0864         0.0000
        12.9200        62.6682         0.1419        27.4689         0.0857         0.0000
        12.9600        62.7610         0.1395        27.9789         0.0878         0.0000
        13.0000        62.8552         0.1475        28.4872         0.0881         0.0000
        13.0400        62.9512         0.1451        29.0076         0.0877         0.0000
        13.0800        63.0139         0.1427        29.5237         0.0882         0.0000
        13.1200        63.0914         0.1393        30.0304         0.0899         0.0000
        13.1600        63.1973         0.1315        30.5424         0.0947         0.0000
        13.2000        63.2912         0.1293        31.0309         0.0928         0.0000
        13.2400        63.3777         0.1311        31.5531         0.0950         0.0000
        13.2800        63.4785         0.1301        32.0538         0.0973         0.0000
        13.3200        63.6185         0.1286        32.5414         0.1008         0.0000
        13.3600        63.7700         0.1280        33.0499         0.0982         0.0000
        13.4000        63.9174         0.1289        33.5781         0.0983         0.0000
        13.4400        64.0200         0.1286        34.0642         0.0949         0.0000
        13.4800        64.1527         0.1249        34.5557         0.0933         0.0000
        13.5200        64.2761         0.1216        35.0588         0.0950         0.0000
        13.5600        64.3901         0.1223        35.5736         0.0957         0.0000
        13.6000        64.5298         0.1187        36.0625         0.0955         0.0000
        13.6400        64.6821         0.1157        36.5703         0.0954         0.0000
        13.6800        64.8256         0.1178        37.1024         0.0971         0.0000
        13.7200        64.9585         0.1234        37.6042         0.0981         0.0000
        13.7600        65.0995         0.1223        38.1016         0.0985         0.0000
        13.8000        65.2197         0.1191        38.5827         0.0964         0.0000
        13.8400        65.3738         0.1176        39.0790         0.0945         0.0000
        13.8800        65.5409         0.1170        39.5664         0.0966         0.0000
        13.9200        65.6671         0.1153        40.0537         0.0971         0.0000
        13.9600        65.8023         0.1196        40.5449         0.0940         0.0000
        14.0000        65.9353         0.1180        41.0418         0.0822         0.0000
        14.0400        66.1067         0.1189        41.5081         0.0900         0.0000
        14.0800        66.2889         0.1191        41.9840         0.0879         0.0000
        14.1200        66.4460         0.1184        42.4919         0.0910         0.0000
        14.1600        66.6304         0.1144        42.9275         0.0922         0.0000
        14.2000        66.8038         0.1116        43.3995         0.0953         0.0000
        14.2400        66.9859         0.1175        43.8646         0.0970         0.0000
        14.2800        67.1490         0.1230        44.2968         0.0982         0.0000
        14.3200        67.3201         0.1266        44.7334         0.0912         0.0000
        14.3600        67.4851         0.1226        45.2159         0.0894         0.0000
        14.4000        67.6962         0.1125        45.7057         0.0948         0.0000
        14.4400        67.8764         0.1064        46.2187         0.0973         0.0000
        14.4800        68.0874         0.1027        46.6901         0.0979         0.0000
        14.5200        68.3225         0.1026        47.1471         0.1002         0.0000
        14.5600        68.5308         0.0942        47.5869         0.0993         0.0000
        14.6000        68.7579         0.0975        48.0561         0.0967         0.0000
        14.6400        68.9444         0.0970        48.4964         0.0908         0.0000
        14.6800        69.1449         0.1077        48.9787         0.0894         0.0000
        14.7200        69.3544         0.1075        49.4618         0.0897         0.0000
        14.7600        69.5625         0.1094        49.9577         0.0921         0.0000
        14.8000        69.7638         0.1196        50.4360         0.0975         0.0000
        14.8400        69.9861         0.1236        50.9087         0.0940         0.0000
        14.8800        70.2176         0.1300        51.3288         0.0897         0.0000
        14.9200        70.4382         0.1356        51.7648         0.0891         0.0000
        14.9600        70.6380         0.1323        52.2039         0.0885         0.0000
        15.0000        70.8151         0.1324        52.6606         0.0882         0.0000
        15.0400        71.0421         0.1376        53.1097         0.0879         0.0000
        15.0800        71.2838         0.1148        53.5763         0.0838         0.0000
        15.1200        71.5163         0.1135        54.0256         0.0847         0.0000
        15.1600        71.7559         0.1600        54.4838         0.0893         0.0000
        15.2000        71.9905         0.1606        54.9655         0.0883         0.0000
        15.2400        72.2030         0.1535        55.4254         0.0864         0.0000
        15.2800        72.4614         0.1264        55.8813         0.0822         0.0000
        15.3200        72.7375         0.1578        56.3577         0.0800         0.0000
        15.3600        72.9750         0.1628        56.8059         0.0832         0.0000
        15.4000        73.2405         0.1626        57.2305         0.0823         0.0000
        15.4400        73.4918         0.1579        57.6689         0.0827         0.0000
        15.4800        73.7604         0.1559        58.1143         0.0833         0.0000
        15.5200        74.0269         0.1531        58.5657         0.0814         0.0000
        15.5600        74.3047         0.1503        59.0177         0.0818         0.0000
        15.6000        74.5861         0.1383        59.4736         0.0844         0.0000
        15.6400        74.8756         0.1347        59.9482         0.0851         0.0000
        15.6800        75.1984         0.1444        60.4210         0.0887         0.0000
        15.7200        75.5170         0.1345        60.8626         0.0892         0.0000
        15.7600        75.8107         0.1351        61.3233         0.0883         0.0000
        15.8000        76.0741         0.1401        61.7970         0.0848         0.0000
        15.8400        76.3676         0.1465        62.2502         0.0856         0.0000
        15.8800        76.6549         0.1459        62.7028         0.0870         0.0000
        15.9200        76.9396         0.1462        63.1838         0.0909         0.0000
        15.9600        77.2407         0.1613        63.6186         0.0912         0.0000
        16.0000        77.5323         0.1519        64.0772         0.0907         0.0000
        16.0400        77.7911         0.1624        64.5366         0.0907         0.0000
        16.0800        78.0779         0.1581        64.9924         0.0896         0.0000
        16.1200        78.3829         0.1603        65.4365         0.0855         0.0000
        16.1600        78.6746         0.1334        65.9203         0.0848         0.0000
        16.2000        78.9774         0.1419        66.3447         0.0863         0.0000
        16.2400        79.3118         0.1406        66.7839         0.0864         0.0000
        16.2800        79.6476         0.1594        67.2157         0.0891         0.0000
        16.3200        79.9518         0.1649        67.6712         0.0912         0.0000
        16.3600        80.2706         0.1773        68.0878         0.0865         0.0000
        16.4000        80.5932         0.1836        68.5343         0.0856         0.0000
        16.4400        80.9092         0.1596        69.0215         0.0886         0.0000
        16.4800        81.2376         0.1445        69.4682         0.0979         0.0000
        16.5200        81.5150         0.1448        69.8874         0.0942         0.0000
        16.5600        81.8162         0.1483        70.3570         0.0954         0.0000
        16.6000        82.1218         0.1818        70.7850         0.0979         0.0000
        16.6400        82.4526         0.1796        71.2500         0.1028         0.0000
        16.6800        82.7627         0.1784        71.7052         0.1000         0.0000
        16.7200        83.0819         0.1853        72.1372         0.0992         0.0000
        16.7600        83.3824         0.2154        72.5636         0.0967         0.0000
        16.8000        83.7372         0.2269        73.0219         0.0967         0.0000
        16.8400        84.0548         0.2359        73.4704         0.1033         0.0000
        16.8800        84.4247         0.2378        73.9316         0.0974         0.0000
        16.9200        84.7257         0.2456        74.3669         0.0941         0.0000
        16.9600        85.0372         0.2412        74.8212         0.0941         0.0000
        17.0000        85.3591         0.2444        75.2336         0.0930         0.0000
        17.0400        85.6988         0.2415        75.6981         0.0935         0.0000
        17.0800        85.9991         0.2335        76.1344         0.0926         0.0000
        17.1200        86.3549         0.2313        76.5350         0.0966         0.0000
        17.1600        86.7030         0.2199        76.9553         0.0992         0.0000
        17.2000        87.0748         0.2403        77.4084         0.1025         0.0000
        17.2400        87.4428         0.2302        77.8617         0.1126         0.0000
        17.2800        87.8127         0.2236        78.2658         0.1424         0.0000
        17.3200        88.1494         0.2350        78.6831         0.1427         0.0000
        17.3600        88.5110         0.2399        79.1064         0.1162         0.0000
        17.4000        88.8956         0.2434        79.5544         0.1418         0.0000
        17.4400        89.2409         0.2161        79.9426         0.1414         0.0000
        17.4800        89.6283         0.2018        80.3752         0.1497         0.0000
        17.5200        89.9979         0.2035        80.7976         0.1634         0.0000
        17.5600        90.3848         0.2156        81.1953         0.1646         0.0000
        17.6000        90.7579         0.2117        81.6147         0.1706         0.0000
        17.6400        91.1042         0.2313        82.0252         0.1691         0.0000
        17.6800        91.4483         0.2155        82.4183         0.1723         0.0000
        17.7200        91.8170         0.2344        82.8217         0.1825         0.0000
        17.7600        92.1695         0.2270        83.2447         0.1785         0.0000
        17.8000        92.5627         0.2208        83.7099         0.1740         0.0000
        17.8400        92.9519         0.2181        84.1746         0.1774         0.0000
        17.8800        93.3663         0.2247        84.6635         0.1753         0.0000
        17.9200        93.7743         0.2224        85.1006         0.1716         0.0000
        17.9600        94.1288         0.2307        85.5431         0.1732         0.0000
        18.0000        94.5501         0.2450        86.0067         0.1771         0.0000
        18.0400        94.9646         0.2442        86.4279         0.1745         0.0000
        18.0800        95.3429         0.2358        86.9059         0.1770         0.0000
        18.1200        95.7503         0.2421        87.3423         0.1720         0.0000
        18.1600        96.1631         0.2441        87.7888         0.1743         0.0000
        18.2000        96.5570         0.2526        88.2354         0.1783         0.0000
        18.2400        96.9531         0.2551        88.7258         0.1749         0.0000
        18.2800        97.3250         0.2462        89.2213         0.1809         0.0000
        18.3200        97.7427         0.2495        89.6883         0.1809         0.0000
        18.3600        98.1125         0.2577        90.1302         0.1806         0.0000
        18.4000        98.4982         0.2604        90.6271         0.1784         0.0000
        18.4400        98.8321         0.2587        91.0652         0.1811         0.0000
        18.4800        99.2564         0.2631        91.5445         0.1780         0.0000
        18.5200        99.6509         0.2525        91.9626         0.1753         0.0000
        18.5600       100.0846         0.2535        92.3894         0.1722         0.0000
        18.6000       100.4847         0.2741        92.8066         0.1806         0.0000
        18.6400       100.9377         0.2684        93.2408         0.1810         0.0000
        18.6800       101.3623         0.2700        93.6869         0.1801         0.0000
        18.7200       101.7892         0.2737        94.1112         0.1831         0.0000
        18.7600       102.2031         0.2793        94.5427         0.1857         0.0000
        18.8000       102.6271         0.2801        94.9873         0.1761         0.0000
        18.8400       103.0821         0.2859        95.4450         0.1809         0.0000
        18.8800       103.5405         0.2818        95.9140         0.1810         0.0000
        18.9200       103.9515         0.2787        96.3511         0.1845         0.0000
        18.9600       104.4024         0.2941        96.8287         0.1899         0.0000
        19.0000       104.8698         0.2923        97.2497         0.1868         0.0000
        19.0400       105.3318         0.2924        97.7354         0.1739         0.0000
        19.0800       105.7978         0.2658        98.1908         0.1705         0.0000
        19.1200       106.2391         0.2713        98.6172         0.1788         0.0000
        19.1600       106.7367         0.2742        99.1086         0.1853         0.0000
        19.2000       107.2032         0.2766        99.5761         0.2011         0.0000
        19.2400       107.6783         0.2822       100.0285         0.1996         0.0000
        19.2800       108.1150         0.2791       100.5167         0.2078         0.0000
        19.3200       108.5565         0.2843       100.9948         0.2502         0.0000
        19.3600       109.0069         0.2960       101.4697         0.2722         0.0000
        19.4000       109.4252         0.3009       101.9426         0.2844         0.0000
        19.4400       109.8805         0.3155       102.4119         0.2955         0.0000
        19.4800       110.3224         0.3156       102.8836         0.2910         0.0000
        19.5200       110.7610         0.3049       103.3238         0.2809         0.0000
        19.5600       111.2086         0.3443       103.7816         0.2895         0.0000
        19.6000       111.6795         0.3581       104.1643         0.2898         0.0000
        19.6400       112.1945         0.3307       104.6042         0.2799         0.0000
        19.6800       112.6787         0.3292       105.0506         0.2738         0.0000
        19.7200       113.1200         0.3303       105.4892         0.2569         0.0000
        19.7600       113.6152         0.3247       105.9523         0.2476         0.0000
        19.8000       114.1392         0.3049       106.4217         0.2530         0.0000
        19.8400       114.6085         0.2941       106.8478         0.2432         0.0000
        19.8800       115.1133         0.2913       107.2788         0.2471         0.0000
        19.9200       115.5638         0.2987       107.7771         0.2409         0.0000
        19.9600       116.0336         0.3024       108.2784         0.2485         0.0000
        20.0000       102.2263         0.2588        95.4482         0.2232         0.0000
>>>>>>> 9cdd54589e7c3ef1f5632549fa4c04677abcdfb6
