   8.0000004E-002   0.0000000E+000   0.0000000E+000   0.0000000E+000   0.0000000E+000
   1.2000000E-001   0.0000000E+000   0.0000000E+000   0.0000000E+000   0.0000000E+000
   1.6000001E-001   0.0000000E+000   0.0000000E+000   0.0000000E+000   0.0000000E+000
   2.0000000E-001   0.0000000E+000   0.0000000E+000   0.0000000E+000   0.0000000E+000
   2.4000000E-001   0.0000000E+000   0.0000000E+000   0.0000000E+000   0.0000000E+000
   2.8000001E-001   0.0000000E+000   0.0000000E+000   0.0000000E+000   0.0000000E+000
   3.2000002E-001   0.0000000E+000   0.0000000E+000   0.0000000E+000   0.0000000E+000
   3.5999998E-001   0.0000000E+000   0.0000000E+000   0.0000000E+000   0.0000000E+000
   3.9999999E-001   0.0000000E+000   0.0000000E+000   0.0000000E+000   0.0000000E+000
   4.4000000E-001   0.0000000E+000   0.0000000E+000   0.0000000E+000   0.0000000E+000
   4.8000000E-001   0.0000000E+000   0.0000000E+000   0.0000000E+000   0.0000000E+000
   5.2000001E-001   0.0000000E+000   0.0000000E+000   0.0000000E+000   0.0000000E+000
   5.6000002E-001   0.0000000E+000   0.0000000E+000   0.0000000E+000   0.0000000E+000
   5.9999999E-001   0.0000000E+000   0.0000000E+000   0.0000000E+000   0.0000000E+000
   6.4000003E-001   0.0000000E+000   0.0000000E+000   0.0000000E+000   0.0000000E+000
   6.8000004E-001   0.0000000E+000   0.0000000E+000   0.0000000E+000   0.0000000E+000
   7.1999997E-001   0.0000000E+000   0.0000000E+000   0.0000000E+000   0.0000000E+000
   7.5999998E-001   0.0000000E+000   0.0000000E+000   0.0000000E+000   0.0000000E+000
   7.9999998E-001   0.0000000E+000   0.0000000E+000   0.0000000E+000   0.0000000E+000
   8.3999999E-001   0.0000000E+000   0.0000000E+000   0.0000000E+000   0.0000000E+000
   8.8000000E-001   0.0000000E+000   0.0000000E+000   0.0000000E+000   0.0000000E+000
   9.2000000E-001   0.0000000E+000   0.0000000E+000   0.0000000E+000   0.0000000E+000
   9.6000001E-001   0.0000000E+000   0.0000000E+000   0.0000000E+000   0.0000000E+000
   1.0000000E+000   0.0000000E+000   0.0000000E+000   0.0000000E+000   0.0000000E+000
   1.0400000E+000   0.0000000E+000   0.0000000E+000   4.2980040E-007   4.2830661E-007
   1.0800000E+000   8.6321977E-008   8.6257933E-008   1.9312880E-006   1.2516062E-006
   1.1200000E+000   3.1773746E-008   3.1750172E-008   1.5974073E-006   1.0823341E-006
   1.1600000E+000   1.1330750E-007   1.1322344E-007   1.4383124E-006   9.9343815E-007
   1.2000000E+000   1.9826313E-007   1.9811604E-007   1.3525260E-006   9.6376925E-007
   1.2400000E+000   3.3476955E-007   3.3452118E-007   1.6108551E-006   1.0822276E-006
   1.2800001E+000   6.9487554E-007   5.4179242E-007   3.1240005E-006   1.9519805E-006
   1.3200000E+000   4.2844416E-007   3.2645539E-007   3.4148683E-006   1.8191733E-006
   1.3600001E+000   1.0750406E-006   9.6545756E-007   5.6387439E-006   2.8707871E-006
   1.4000000E+000   4.6392431E-007   4.6358011E-007   6.2289019E-006   3.2389431E-006
   1.4399999E+000   1.3434224E-006   8.0360212E-007   1.0378939E-005   4.2175262E-006
   1.4800000E+000   1.3204701E-006   6.7045201E-007   1.1332538E-005   5.1462950E-006
   1.5200000E+000   2.0235580E-006   1.0790773E-006   8.7540213E-006   4.1790738E-006
   1.5600000E+000   2.0975985E-006   1.3273850E-006   1.2510100E-005   5.7518315E-006
   1.6000000E+000   3.4271733E-006   2.3614531E-006   1.3035655E-005   5.2414169E-006
   1.6400000E+000   4.8485113E-006   3.0663773E-006   1.4413919E-005   5.2025221E-006
   1.6800000E+000   9.0141441E-006   6.8410959E-006   1.6920229E-005   5.6524473E-006
   1.7200001E+000   8.5149914E-006   6.0396293E-006   1.9731740E-005   6.6313368E-006
   1.7600000E+000   8.0328847E-006   5.3571992E-006   2.2191128E-005   7.3924486E-006
   1.8000001E+000   7.8273600E-006   4.6150240E-006   2.6300989E-005   1.0224904E-005
   1.8400000E+000   9.1691454E-006   4.0488383E-006   2.1451767E-005   7.4392937E-006
   1.8799999E+000   9.3575217E-006   4.8403261E-006   2.3739806E-005   7.1564267E-006
   1.9200000E+000   1.2101747E-005   4.5669217E-006   2.6019471E-005   8.0376566E-006
   1.9599999E+000   1.4553047E-005   4.9643519E-006   2.5453706E-005   6.9311716E-006
   2.0000000E+000   1.5009981E-005   4.5508300E-006   3.0334396E-005   9.1214826E-006
   2.0400000E+000   1.7669381E-005   5.1008883E-006   3.0301105E-005   9.2012250E-006
   2.0800000E+000   2.3181590E-005   6.9312159E-006   3.4456957E-005   1.0434503E-005
   2.1200000E+000   2.6355159E-005   7.1987526E-006   3.5229255E-005   9.9902140E-006
   2.1600001E+000   2.8796080E-005   8.3231159E-006   3.3532699E-005   9.2420723E-006
   2.2000000E+000   3.6680511E-005   1.0005211E-005   3.3110681E-005   9.1932994E-006
   2.2400001E+000   3.9976679E-005   1.1042886E-005   3.7957977E-005   1.0442547E-005
   2.2800000E+000   4.4270653E-005   1.2461309E-005   3.3619538E-005   9.5045251E-006
   2.3199999E+000   4.3474258E-005   1.2708638E-005   3.7415593E-005   9.8658469E-006
   2.3600000E+000   4.3012297E-005   1.2657386E-005   3.7085290E-005   9.3533485E-006
   2.3999999E+000   4.7426639E-005   1.6720553E-005   3.7736397E-005   9.4160843E-006
   2.4400000E+000   4.8351222E-005   1.7003285E-005   4.2983578E-005   1.1464519E-005
   2.4800000E+000   5.5009974E-005   1.9797848E-005   4.7730977E-005   1.2205739E-005
   2.5200000E+000   5.7730666E-005   1.9190440E-005   4.7671812E-005   1.6988267E-005
   2.5600001E+000   6.1990265E-005   1.8898145E-005   4.9909176E-005   2.1822314E-005
   2.5999999E+000   6.3721730E-005   1.8623647E-005   4.8880401E-005   2.0230401E-005
   2.6400000E+000   6.0854448E-005   1.4291534E-005   4.5983285E-005   1.4936825E-005
   2.6800001E+000   6.5171842E-005   1.8141400E-005   5.0768074E-005   1.4642182E-005
   2.7200001E+000   6.4151691E-005   1.8767725E-005   5.3620956E-005   1.4542759E-005
   2.7599999E+000   6.4875531E-005   1.7745778E-005   5.4973584E-005   1.8907460E-005
   2.8000000E+000   7.0081474E-005   1.9154733E-005   6.1981365E-005   1.4915008E-005
   2.8400001E+000   7.5970758E-005   1.6977572E-005   6.2990501E-005   2.1318269E-005
   2.8799999E+000   7.1051838E-005   1.8606265E-005   6.2151941E-005   1.8008715E-005
   2.9200000E+000   8.1764091E-005   1.8670862E-005   6.7090672E-005   2.1962884E-005
   2.9600000E+000   8.7350517E-005   2.0486130E-005   6.5620856E-005   1.8325505E-005
   3.0000001E+000   8.4561351E-005   1.8070068E-005   6.5148126E-005   1.9323338E-005
   3.0399999E+000   8.6255951E-005   1.8751963E-005   6.4263693E-005   1.7568021E-005
   3.0800000E+000   9.6497585E-005   1.9894301E-005   6.7124240E-005   1.8918304E-005
   3.1200001E+000   9.8512795E-005   2.0045294E-005   7.4013386E-005   1.8920346E-005
   3.1600001E+000   1.0293206E-004   2.7254347E-005   7.2896219E-005   1.9478278E-005
   3.1999999E+000   1.0353938E-004   2.0765374E-005   7.9261441E-005   2.0439881E-005
   3.2400000E+000   1.0700342E-004   3.1842232E-005   7.5773048E-005   1.9912060E-005
   3.2800001E+000   1.0946679E-004   3.3153715E-005   8.2357508E-005   2.0940748E-005
   3.3199999E+000   1.0167242E-004   2.7429864E-005   8.5500168E-005   2.0078944E-005
   3.3600000E+000   1.0682188E-004   2.9749535E-005   8.2761246E-005   1.8916646E-005
   3.4000000E+000   1.1441148E-004   3.4205457E-005   7.9243601E-005   1.7391400E-005
   3.4400001E+000   1.2286541E-004   3.9988595E-005   7.7850233E-005   1.7808579E-005
   3.4799999E+000   1.2676256E-004   4.1015074E-005   8.6266859E-005   2.0053473E-005
   3.5200000E+000   1.2644434E-004   3.7770945E-005   8.5362603E-005   2.0803708E-005
   3.5600001E+000   1.2768367E-004   3.6422102E-005   9.0660522E-005   2.3350355E-005
   3.6000001E+000   1.3015073E-004   4.8959733E-005   8.9756462E-005   2.2212719E-005
   3.6399999E+000   1.3894874E-004   5.2426434E-005   9.0508073E-005   2.3616625E-005
   3.6800000E+000   1.3720622E-004   4.0392397E-005   8.8838731E-005   2.2937880E-005
   3.7200001E+000   1.3476905E-004   4.2870927E-005   9.1285095E-005   2.4428389E-005
   3.7599999E+000   1.4907082E-004   6.3681832E-005   9.3081633E-005   2.4515009E-005
   3.8000000E+000   1.5204569E-004   6.1566964E-005   9.3989967E-005   2.4495855E-005
   3.8400000E+000   1.6346563E-004   6.5887802E-005   9.5430465E-005   2.5692382E-005
   3.8800001E+000   1.6961279E-004   6.7249421E-005   1.0186936E-004   3.2701075E-005
   3.9199999E+000   1.9019680E-004   7.5997074E-005   1.1244992E-004   3.6957429E-005
   3.9600000E+000   1.9337307E-004   7.9302040E-005   1.2479697E-004   3.6404887E-005
   4.0000001E+000   1.9575419E-004   8.1705272E-005   1.2422753E-004   3.0968262E-005
   4.0400001E+000   1.9963139E-004   8.7097985E-005   1.3275124E-004   3.1859857E-005
   4.0799999E+000   2.0455744E-004   8.7269100E-005   1.3804144E-004   3.9932969E-005
   4.1200000E+000   2.0710411E-004   8.3947675E-005   1.2961676E-004   4.0799072E-005
   4.1600001E+000   2.1350382E-004   8.3326724E-005   1.4477733E-004   4.8846733E-005
   4.1999999E+000   2.3123021E-004   9.2182253E-005   1.4854992E-004   4.7776733E-005
   4.2399999E+000   2.3853201E-004   9.8210939E-005   1.5266756E-004   4.8949150E-005
   4.2800000E+000   2.5594322E-004   1.0516719E-004   1.5519830E-004   4.9213160E-005
   4.3200001E+000   2.6771914E-004   1.0080807E-004   1.6686828E-004   5.1156852E-005
   4.3599999E+000   2.7724312E-004   1.0901461E-004   1.7367941E-004   5.4329292E-005
   4.4000000E+000   2.7708654E-004   1.0326264E-004   1.7392515E-004   5.4894088E-005
   4.4400001E+000   2.7375458E-004   1.0588830E-004   1.7585895E-004   5.7177411E-005
   4.4800001E+000   2.7463939E-004   1.0458628E-004   1.8091382E-004   4.7037831E-005
   4.5199999E+000   2.7622930E-004   1.0079143E-004   1.8040501E-004   3.8968796E-005
   4.5600000E+000   2.7918911E-004   9.9198557E-005   1.7138581E-004   5.0791033E-005
   4.6000001E+000   2.8149436E-004   9.9862886E-005   1.7061585E-004   5.2307853E-005
   4.6399999E+000   2.9431406E-004   1.0559207E-004   1.6483711E-004   5.1789237E-005
   4.6799999E+000   2.9595027E-004   1.0127243E-004   1.6197643E-004   5.3613617E-005
   4.7200000E+000   2.9837959E-004   1.0276151E-004   1.6376473E-004   4.4039529E-005
   4.7600001E+000   3.0660684E-004   1.0843318E-004   1.5866954E-004   5.1473888E-005
   4.7999999E+000   3.0896130E-004   1.0906210E-004   1.4906071E-004   4.9597401E-005
   4.8400000E+000   3.4290738E-004   1.1958221E-004   1.4933526E-004   5.1032884E-005
   4.8800001E+000   3.3608038E-004   1.2559505E-004   1.4476893E-004   5.0382287E-005
   4.9200001E+000   3.5019750E-004   1.3124987E-004   1.4110114E-004   4.6307732E-005
   4.9599999E+000   3.7036954E-004   1.4307249E-004   1.4114772E-004   4.3953559E-005
   5.0000000E+000   3.6845675E-004   1.5063591E-004   1.3818737E-004   4.2952812E-005
   5.0400001E+000   3.7890506E-004   1.5633938E-004   1.3887741E-004   4.4474355E-005
   5.0800002E+000   4.0166621E-004   1.6316334E-004   1.5171870E-004   4.4567745E-005
   5.1200002E+000   4.0043456E-004   1.6055485E-004   1.5010314E-004   4.3732033E-005
   5.1599997E+000   4.2452584E-004   1.6123952E-004   1.6440451E-004   4.7540372E-005
   5.1999998E+000   4.4421789E-004   1.7035382E-004   1.5458803E-004   3.9994136E-005
   5.2399999E+000   4.6350271E-004   1.7097113E-004   1.4906186E-004   3.0940798E-005
   5.2800000E+000   4.9036049E-004   1.7712929E-004   1.4374976E-004   3.7591293E-005
   5.3200001E+000   4.9548527E-004   1.7861198E-004   1.5138214E-004   2.9422768E-005
   5.3600001E+000   5.0674050E-004   1.7861371E-004   1.4840835E-004   3.5081731E-005
   5.4000002E+000   5.2223688E-004   1.8269407E-004   1.5012469E-004   3.3364900E-005
   5.4400003E+000   5.4020355E-004   1.8248818E-004   1.4058882E-004   2.8413882E-005
   5.4799998E+000   5.4021330E-004   1.8419795E-004   1.3145274E-004   2.5373481E-005
   5.5199999E+000   5.7833969E-004   1.9262707E-004   1.2264511E-004   2.1450657E-005
   5.5599999E+000   6.1567259E-004   2.1479826E-004   1.1078151E-004   1.9250502E-005
   5.6000000E+000   6.2750944E-004   2.1586482E-004   1.0193027E-004   1.6712425E-005
   5.6400001E+000   6.3004593E-004   2.1505876E-004   9.6929683E-005   2.1573436E-005
   5.6800002E+000   6.6306478E-004   2.2629181E-004   8.5129706E-005   1.9147550E-005
   5.7200003E+000   6.6201657E-004   2.3224025E-004   7.8521825E-005   1.6265178E-005
   5.7599998E+000   7.0464010E-004   2.4606837E-004   7.3892171E-005   1.5050289E-005
   5.7999998E+000   7.0633723E-004   2.4420267E-004   6.2912101E-005   1.2638650E-005
   5.8399999E+000   7.2814927E-004   2.5379428E-004   5.4860198E-005   1.2166457E-005
   5.8800000E+000   7.3406724E-004   2.6611032E-004   4.9596226E-005   1.0651097E-005
   5.9200001E+000   7.7301525E-004   2.7434753E-004   3.4841368E-005   5.1261070E-006
   5.9600002E+000   7.7839439E-004   2.7521354E-004   2.6236427E-005   4.8318979E-006
   6.0000002E+000   8.1656884E-004   2.9605126E-004   1.4998194E-005   2.2055740E-006
   6.0399997E+000   8.5740761E-004   3.2050276E-004   1.3116535E-003   3.7107635E-004
   6.0799998E+000   8.5717192E-004   3.0298268E-004   1.3819063E-003   3.9154398E-004
   6.1199999E+000   8.8978264E-004   3.0757360E-004   1.4764200E-003   4.4423946E-004
   6.1600000E+000   9.2044505E-004   3.1415318E-004   1.5049144E-003   4.5964529E-004
   6.2000000E+000   9.5203427E-004   3.1990364E-004   1.5352945E-003   4.7937900E-004
   6.2400001E+000   9.8354468E-004   3.2229477E-004   1.5544725E-003   5.0229093E-004
   6.2800002E+000   1.0290168E-003   3.3982566E-004   1.5295580E-003   4.7647033E-004
   6.3200003E+000   1.0569842E-003   3.5168380E-004   1.6216086E-003   5.0958767E-004
   6.3599998E+000   1.0947985E-003   3.6573739E-004   1.6158080E-003   5.1945937E-004
   6.3999999E+000   1.1180275E-003   3.7680091E-004   1.6244385E-003   5.3326350E-004
   6.4399999E+000   1.0975889E-003   3.8621169E-004   1.6864386E-003   5.5662142E-004
   6.4800000E+000   1.1157694E-003   3.8509177E-004   1.7331205E-003   5.8973432E-004
   6.5200001E+000   1.1386180E-003   3.9844066E-004   1.7533312E-003   6.0907892E-004
   6.5600002E+000   1.1847495E-003   4.0980415E-004   1.7612946E-003   5.9539925E-004
   6.6000003E+000   1.2088701E-003   4.3410706E-004   1.7810697E-003   6.0692695E-004
   6.6399997E+000   1.2244337E-003   4.3925344E-004   1.7884630E-003   5.8705985E-004
   6.6799998E+000   1.2478929E-003   4.5169142E-004   1.8194054E-003   6.1211944E-004
   6.7199999E+000   1.2951548E-003   4.6337101E-004   1.8446883E-003   5.9748875E-004
   6.7600000E+000   1.3067286E-003   4.6206807E-004   1.8866022E-003   6.2221766E-004
   6.8000001E+000   1.3219074E-003   4.6705688E-004   1.8866924E-003   6.1817040E-004
   6.8400002E+000   1.3633349E-003   4.9043554E-004   1.8733441E-003   6.2237126E-004
   6.8800002E+000   1.4248819E-003   5.1010209E-004   1.8876980E-003   6.4516019E-004
   6.9199997E+000   1.4473283E-003   5.1454160E-004   1.8870696E-003   6.5041163E-004
   6.9599998E+000   1.4908685E-003   5.3653411E-004   1.9039614E-003   6.7525878E-004
   6.9999999E+000   1.5357472E-003   5.5923975E-004   1.9203791E-003   6.9197139E-004
   7.0400000E+000   1.5536099E-003   5.8300142E-004   1.9225222E-003   6.9360471E-004
   7.0800000E+000   1.5738171E-003   5.8388345E-004   1.9523698E-003   7.1059878E-004
   7.1200001E+000   1.6007819E-003   5.8861975E-004   1.9456509E-003   7.0147530E-004
   7.1600002E+000   1.6110066E-003   5.8412687E-004   1.9708984E-003   7.1487349E-004
   7.2000003E+000   1.6542990E-003   5.8940225E-004   1.9553081E-003   7.1491123E-004
   7.2399998E+000   1.6470529E-003   6.0647183E-004   1.9757894E-003   7.2085489E-004
   7.2799999E+000   1.6736426E-003   6.1769761E-004   2.0297982E-003   7.4738731E-004
   7.3199999E+000   1.7302547E-003   6.5009661E-004   2.0879460E-003   7.8088603E-004
   7.3600000E+000   1.7522350E-003   6.2149701E-004   2.0758649E-003   7.7476022E-004
   7.4000001E+000   1.8096789E-003   6.7499620E-004   2.1148713E-003   7.8315464E-004
   7.4400002E+000   1.8391463E-003   6.9070954E-004   2.1262317E-003   7.8716495E-004
   7.4800003E+000   1.8468778E-003   6.7585175E-004   2.1531287E-003   8.0691067E-004
   7.5199997E+000   1.8606691E-003   6.8300351E-004   2.2071950E-003   8.3140396E-004
   7.5599998E+000   1.9055687E-003   7.0275931E-004   2.2165841E-003   8.5419344E-004
   7.5999999E+000   1.9097280E-003   6.9777100E-004   2.2247342E-003   8.4871813E-004
   7.6400000E+000   1.9241441E-003   7.0742173E-004   2.2144968E-003   8.6051326E-004
   7.6800001E+000   1.9584687E-003   7.0891986E-004   2.2564233E-003   8.8473379E-004
   7.7200001E+000   1.9871152E-003   7.1946173E-004   2.2742671E-003   8.7730493E-004
   7.7600002E+000   2.0045943E-003   7.3304858E-004   2.3067826E-003   8.8241718E-004
   7.7999997E+000   2.0286236E-003   7.5663025E-004   2.3551047E-003   8.8960423E-004
   7.8399998E+000   2.0316528E-003   7.4695670E-004   2.3675484E-003   8.9604850E-004
   7.8799999E+000   2.1030009E-003   7.7713355E-004   2.3901488E-003   8.8411788E-004
   7.9200000E+000   2.1690345E-003   7.9416351E-004   2.4482386E-003   8.9949676E-004
   7.9600000E+000   2.2009382E-003   7.7740176E-004   2.4945734E-003   9.0650620E-004
   8.0000001E+000   2.2521605E-003   7.9704477E-004   2.4976967E-003   8.9839647E-004
   8.0400002E+000   2.3734400E-003   8.3692427E-004   2.4961809E-003   8.8467161E-004
   8.0800003E+000   2.3840709E-003   8.5065042E-004   2.5138970E-003   8.7703178E-004
   8.1199998E+000   2.4567214E-003   8.6445875E-004   2.5156859E-003   8.8873611E-004
   8.1599998E+000   2.4642461E-003   8.5967265E-004   2.5422987E-003   8.8039236E-004
   8.1999999E+000   2.4653964E-003   8.5753300E-004   2.5391413E-003   8.4990969E-004
   8.2400000E+000   2.4821240E-003   8.5306760E-004   2.5456197E-003   8.7296487E-004
   8.2800001E+000   2.4788094E-003   8.2681632E-004   2.5850010E-003   8.6364529E-004
   8.3200002E+000   2.5158502E-003   8.6054079E-004   2.6249430E-003   8.8626544E-004
   8.3600003E+000   2.5553338E-003   8.6255491E-004   2.6454759E-003   8.8226948E-004
   8.3999997E+000   2.6039134E-003   8.8242393E-004   2.6722753E-003   8.7947241E-004
   8.4399998E+000   2.6108004E-003   8.9383479E-004   2.7066488E-003   8.9083111E-004
   8.4799999E+000   2.6627857E-003   9.1884944E-004   2.7397582E-003   8.9337326E-004
   8.5200000E+000   2.6603921E-003   9.2847291E-004   2.7994326E-003   9.2478487E-004
   8.5600001E+000   2.6572814E-003   8.9058893E-004   2.8024253E-003   9.1724005E-004
   8.6000001E+000   2.6834564E-003   9.1116868E-004   2.9017910E-003   9.4825355E-004
   8.6400002E+000   2.7123286E-003   9.0154249E-004   2.9389321E-003   9.4565367E-004
   8.6799997E+000   2.7578342E-003   9.0827158E-004   2.9970656E-003   9.5145170E-004
   8.7199998E+000   2.7593908E-003   9.2066835E-004   3.0548440E-003   9.7933361E-004
   8.7599999E+000   2.7628877E-003   9.1742373E-004   3.0824867E-003   9.9746914E-004
   8.8000000E+000   2.7847546E-003   9.1613106E-004   3.0965981E-003   9.9332298E-004
   8.8400000E+000   2.8529439E-003   9.3027110E-004   3.1485320E-003   9.9941688E-004
   8.8800001E+000   2.8790228E-003   9.3098446E-004   3.1806527E-003   1.0248364E-003
   8.9200002E+000   2.8903319E-003   9.4260570E-004   3.2331134E-003   1.0456358E-003
   8.9600003E+000   2.9169831E-003   9.5023083E-004   3.3280687E-003   1.0884980E-003
   8.9999998E+000   2.9052325E-003   9.8308366E-004   3.3452986E-003   1.0670795E-003
   9.0399998E+000   2.9886675E-003   1.0086929E-003   3.3882114E-003   1.0807630E-003
   9.0799999E+000   3.0133260E-003   1.0128674E-003   3.4204042E-003   1.1029104E-003
   9.1200000E+000   3.0311823E-003   1.0078645E-003   3.4958412E-003   1.1147530E-003
   9.1600001E+000   3.0516395E-003   1.0278608E-003   3.5168468E-003   1.1066680E-003
   9.2000002E+000   3.0799219E-003   1.0412578E-003   3.6019422E-003   1.1079973E-003
   9.2400002E+000   3.1250944E-003   1.0360227E-003   3.5931820E-003   1.1140518E-003
   9.2799997E+000   3.1325374E-003   1.0303810E-003   3.6931010E-003   1.1357809E-003
   9.3199998E+000   3.1418324E-003   1.0050475E-003   3.7618210E-003   1.1548202E-003
   9.3599999E+000   3.2004169E-003   1.0102046E-003   3.8160242E-003   1.1541325E-003
   9.4000000E+000   3.2647664E-003   9.9883096E-004   3.9128749E-003   1.1681203E-003
   9.4400001E+000   3.2583294E-003   9.8948790E-004   3.9494933E-003   1.1815606E-003
   9.4800001E+000   3.2996808E-003   1.0103193E-003   3.9529089E-003   1.1796216E-003
   9.5200002E+000   3.2600913E-003   9.8573785E-004   3.9837209E-003   1.1889991E-003
   9.5599997E+000   3.3184002E-003   9.9200340E-004   4.0102163E-003   1.1692442E-003
   9.5999998E+000   3.3041582E-003   9.8918089E-004   4.0080827E-003   1.1455398E-003
   9.6399999E+000   3.3606157E-003   9.9394564E-004   4.0432544E-003   1.1579378E-003
   9.6799999E+000   3.3854025E-003   1.0062102E-003   4.1193672E-003   1.1770046E-003
   9.7200000E+000   3.4155776E-003   1.0070605E-003   4.2054057E-003   1.2069072E-003
   9.7600001E+000   3.4089150E-003   1.0074634E-003   4.2475977E-003   1.2525533E-003
   9.8000002E+000   3.4643911E-003   1.0314674E-003   4.2926955E-003   1.2666909E-003
   9.8400003E+000   3.4686237E-003   1.0242174E-003   4.3550574E-003   1.2741566E-003
   9.8799998E+000   3.4675724E-003   9.9912738E-004   4.4507725E-003   1.3024793E-003
   9.9199998E+000   3.4992480E-003   1.0157543E-003   4.5350088E-003   1.3229554E-003
   9.9599999E+000   3.4743718E-003   9.8220202E-004   4.5953683E-003   1.3364439E-003
   1.0000000E+001   3.4878267E-003   9.8808946E-004   4.7333191E-003   1.3573017E-003
   1.0039999E+001   3.5145003E-003   1.0181327E-003   4.7873044E-003   1.3763405E-003
   1.0080000E+001   3.5759232E-003   1.0283224E-003   4.9090020E-003   1.4383988E-003
   1.0120000E+001   3.6339138E-003   1.0471854E-003   4.8919065E-003   1.4450766E-003
   1.0160000E+001   3.5772626E-003   1.0267472E-003   4.9918568E-003   1.4667412E-003
   1.0200000E+001   3.6345438E-003   1.0533669E-003   5.0551872E-003   1.4713397E-003
   1.0240000E+001   3.6300530E-003   1.0630543E-003   5.1730077E-003   1.4921728E-003
   1.0280000E+001   3.6480632E-003   1.0671762E-003   5.2824795E-003   1.5154358E-003
   1.0319999E+001   3.6901605E-003   1.0356956E-003   5.4371359E-003   1.5552040E-003
   1.0360000E+001   3.6441716E-003   1.0294158E-003   5.5071785E-003   1.5878644E-003
   1.0400000E+001   3.6621707E-003   1.0162648E-003   5.5213974E-003   1.5800579E-003
   1.0440000E+001   3.6422884E-003   1.0013492E-003   5.5955434E-003   1.5892732E-003
   1.0480000E+001   3.6306456E-003   9.8948405E-004   5.6422676E-003   1.5985748E-003
   1.0520000E+001   3.5709858E-003   9.6627647E-004   5.7732431E-003   1.6495168E-003
   1.0560000E+001   3.5819985E-003   9.7252388E-004   5.8403827E-003   1.6771787E-003
   1.0599999E+001   3.5346769E-003   9.7269009E-004   5.9915237E-003   1.7320855E-003
   1.0640000E+001   3.5579164E-003   9.7949271E-004   6.0668979E-003   1.7696784E-003
   1.0680000E+001   3.5060082E-003   9.5766797E-004   6.1903636E-003   1.7862427E-003
   1.0720000E+001   3.4875791E-003   9.3549834E-004   6.2947078E-003   1.8068189E-003
   1.0760000E+001   3.4408268E-003   9.1427264E-004   6.4742099E-003   1.8456859E-003
   1.0800000E+001   3.4541251E-003   8.8236053E-004   6.6323618E-003   1.8428962E-003
   1.0840000E+001   3.4138118E-003   8.6489465E-004   6.7557516E-003   1.8694325E-003
   1.0880001E+001   3.4026372E-003   8.4862320E-004   6.9177565E-003   1.8978542E-003
   1.0920000E+001   3.3891563E-003   8.6235286E-004   6.9803268E-003   1.9326103E-003
   1.0960000E+001   3.3886314E-003   8.7800760E-004   6.7608906E-003   1.8494924E-003
   1.1000000E+001   3.3762199E-003   8.4839701E-004   6.5164841E-003   1.7741674E-003
   1.1040000E+001   3.3448088E-003   8.6648516E-004   1.0385054E-004   1.8049168E-005
   1.1080000E+001   3.3239927E-003   8.4687124E-004   1.8834070E-004   3.1926634E-005
   1.1120000E+001   3.3166665E-003   8.6795050E-004   2.7612305E-004   4.7173455E-005
   1.1160001E+001   3.2456991E-003   8.5410684E-004   3.4836339E-004   5.1811188E-005
   1.1200000E+001   3.2667306E-003   8.5768212E-004   4.3079357E-004   7.6890083E-005
   1.1240000E+001   3.2737988E-003   8.4200021E-004   5.2888900E-004   7.6045934E-005
   1.1280000E+001   3.3131492E-003   8.1683781E-004   6.2109664E-004   1.0762640E-004
   1.1320000E+001   3.2947794E-003   7.9468330E-004   6.8701246E-004   1.1716135E-004
   1.1360000E+001   3.2377790E-003   8.0152677E-004   7.6427611E-004   1.2263608E-004
   1.1400000E+001   3.2032880E-003   7.5570560E-004   8.5940228E-004   1.3256757E-004
   1.1440001E+001   3.1648716E-003   7.2860204E-004   9.1849387E-004   1.2841984E-004
   1.1480000E+001   3.1553174E-003   7.0742507E-004   9.9691242E-004   1.4677341E-004
   1.1520000E+001   3.1971078E-003   7.2124627E-004   1.0587524E-003   1.7139875E-004
   1.1560000E+001   3.1932678E-003   7.0789016E-004   1.1393081E-003   1.7930443E-004
   1.1600000E+001   3.1691610E-003   6.9856255E-004   1.1909713E-003   1.8323084E-004
   1.1640000E+001   3.1937739E-003   7.0987665E-004   1.2633320E-003   1.9592686E-004
   1.1680000E+001   3.1631906E-003   6.8721031E-004   1.3221661E-003   2.1567609E-004
   1.1720001E+001   3.1520515E-003   6.8443637E-004   1.4002238E-003   2.3223963E-004
   1.1760000E+001   3.2239835E-003   6.9493527E-004   1.4457473E-003   2.3830795E-004
   1.1799999E+001   3.2536513E-003   6.7774820E-004   1.4844040E-003   2.2561984E-004
   1.1840000E+001   3.2117894E-003   6.7417019E-004   1.5515005E-003   2.4015987E-004
   1.1880000E+001   3.2282547E-003   6.5253690E-004   1.6325739E-003   2.5140650E-004
   1.1920000E+001   3.2214707E-003   6.5554277E-004   1.7149050E-003   2.4854295E-004
   1.1960000E+001   3.2202331E-003   6.3011019E-004   1.7806800E-003   2.7326685E-004
   1.2000000E+001   3.2267658E-003   6.3288394E-004   1.8546426E-003   2.8039919E-004
   1.2040000E+001   3.2322192E-003   6.3460778E-004   1.9412334E-003   2.6987538E-004
   1.2079999E+001   3.2870623E-003   6.4526709E-004   1.9950367E-003   2.9733142E-004
   1.2120000E+001   3.2862907E-003   6.4726408E-004   2.0729557E-003   3.1644513E-004
   1.2160000E+001   3.2921091E-003   6.3521685E-004   2.1359908E-003   3.1968328E-004
   1.2200000E+001   3.2803534E-003   6.1741807E-004   2.2000490E-003   3.2727926E-004
   1.2240000E+001   3.3215749E-003   6.1099342E-004   2.2850526E-003   3.5478683E-004
   1.2280000E+001   3.3465332E-003   5.8631598E-004   2.3811567E-003   3.5836166E-004
   1.2320000E+001   3.3918986E-003   6.0924616E-004   2.4265491E-003   3.6768538E-004
   1.2359999E+001   3.4418815E-003   6.1599984E-004   2.4492641E-003   3.6596091E-004
   1.2400000E+001   3.4979164E-003   6.0494962E-004   2.4798910E-003   3.8073182E-004
   1.2440000E+001   3.4860527E-003   6.2372423E-004   2.5208860E-003   3.8498759E-004
   1.2480000E+001   3.4972357E-003   5.9793685E-004   2.5204806E-003   4.1332833E-004
   1.2520000E+001   3.5448917E-003   5.9556159E-004   2.5502325E-003   4.1161975E-004
   1.2560000E+001   3.5354021E-003   5.3201745E-004   2.6730483E-003   4.3344059E-004
   1.2600000E+001   3.5815898E-003   5.1483623E-004   2.6924144E-003   4.3731406E-004
   1.2640001E+001   3.5799414E-003   4.9454089E-004   2.8462604E-003   4.7410001E-004
   1.2680000E+001   3.6311231E-003   5.0653915E-004   2.8503403E-003   4.7311939E-004
   1.2720000E+001   3.6308985E-003   5.0238872E-004   2.9278254E-003   4.7435987E-004
   1.2760000E+001   3.6567402E-003   5.0102898E-004   2.9863556E-003   4.7390608E-004
   1.2800000E+001   3.6775623E-003   5.1741513E-004   3.0819674E-003   4.6426827E-004
   1.2840000E+001   3.7331359E-003   5.1596510E-004   3.1974690E-003   4.5092353E-004
   1.2880000E+001   3.7597718E-003   5.7381734E-004   3.2649944E-003   4.5398457E-004
   1.2920001E+001   3.8122934E-003   5.3905905E-004   3.3197773E-003   4.6746151E-004
   1.2960000E+001   3.8249644E-003   5.4057279E-004   3.4011937E-003   4.6841256E-004
   1.3000000E+001   3.9046694E-003   5.4814798E-004   3.4085324E-003   4.6378663E-004
   1.3040000E+001   3.9697873E-003   5.3895334E-004   3.5087145E-003   4.6211684E-004
   1.3080000E+001   3.9696616E-003   5.7959955E-004   3.5607116E-003   4.5621614E-004
   1.3120000E+001   4.0062805E-003   5.8777242E-004   3.6177852E-003   4.3494945E-004
   1.3160000E+001   4.0710718E-003   5.7473499E-004   3.6451421E-003   4.4940127E-004
   1.3200001E+001   4.1307892E-003   5.8345057E-004   3.7096403E-003   4.4242787E-004
   1.3240000E+001   4.1367903E-003   5.7867483E-004   3.7419674E-003   4.7336672E-004
   1.3279999E+001   4.2254460E-003   5.6554163E-004   3.8334586E-003   4.8035967E-004
   1.3320000E+001   4.2738752E-003   5.7753607E-004   3.8898406E-003   4.6101854E-004
   1.3360000E+001   4.3203760E-003   5.9798684E-004   3.9397853E-003   4.6594368E-004
   1.3400000E+001   4.4057636E-003   6.3370213E-004   3.9897099E-003   4.6387161E-004
   1.3440000E+001   4.5361629E-003   6.3395409E-004   4.0648987E-003   4.5247698E-004
   1.3480000E+001   4.6404711E-003   6.6247466E-004   4.0923945E-003   4.3930436E-004
   1.3520000E+001   4.6669710E-003   6.5459299E-004   4.2131329E-003   4.4425803E-004
   1.3559999E+001   4.7108034E-003   6.6432907E-004   4.2207352E-003   4.5483781E-004
   1.3600000E+001   4.7784177E-003   6.6377612E-004   4.3027440E-003   4.3676493E-004
   1.3640000E+001   4.7500274E-003   6.5083297E-004   4.3484875E-003   4.3363731E-004
   1.3680000E+001   4.8397012E-003   6.3400742E-004   4.4367690E-003   4.6284782E-004
   1.3720000E+001   4.8767466E-003   6.2042469E-004   4.5277158E-003   4.7003522E-004
   1.3760000E+001   4.8929829E-003   6.0507024E-004   4.6015131E-003   4.8897184E-004
   1.3800000E+001   4.9723932E-003   6.0728810E-004   4.6207246E-003   4.8186382E-004
   1.3839999E+001   5.0571176E-003   6.2173512E-004   4.7164318E-003   4.8899102E-004
   1.3880000E+001   5.1198530E-003   6.2067205E-004   4.7667434E-003   4.9088592E-004
   1.3920000E+001   5.2091436E-003   5.9735295E-004   4.8626683E-003   4.8513278E-004
   1.3960000E+001   5.3138616E-003   6.0697586E-004   4.9070016E-003   4.7567722E-004
   1.4000000E+001   5.3282789E-003   5.9811212E-004   4.9696467E-003   4.8228268E-004
   1.4040000E+001   5.3498697E-003   5.6383007E-004   5.0209829E-003   4.8979589E-004
   1.4080000E+001   5.3922005E-003   5.6884163E-004   5.1238955E-003   4.8832098E-004
   1.4119999E+001   5.4006754E-003   5.5299520E-004   5.2308312E-003   4.9651980E-004
   1.4160000E+001   5.4514329E-003   5.3749552E-004   5.2394451E-003   4.7646667E-004
   1.4200000E+001   5.4952587E-003   5.3618199E-004   5.3177477E-003   4.5767892E-004
   1.4240000E+001   5.4928074E-003   5.0240009E-004   5.4165876E-003   4.6405550E-004
   1.4280000E+001   5.6052039E-003   5.1599584E-004   5.4347270E-003   4.6426652E-004
   1.4320000E+001   5.6523045E-003   5.1436296E-004   5.4795788E-003   4.5732611E-004
   1.4360000E+001   5.7244531E-003   5.0936288E-004   5.5122847E-003   4.5414265E-004
   1.4400001E+001   5.7811394E-003   5.1513329E-004   5.5753878E-003   4.5597552E-004
   1.4440000E+001   5.8616305E-003   5.1886759E-004   5.6921606E-003   4.8113167E-004
   1.4480000E+001   5.9178750E-003   5.2297035E-004   5.7011914E-003   4.7303809E-004
   1.4520000E+001   5.9619209E-003   5.2702061E-004   5.7259453E-003   4.5913523E-004
   1.4560000E+001   6.0815573E-003   5.3885072E-004   5.8056433E-003   4.8255826E-004
   1.4600000E+001   6.0778306E-003   4.9682678E-004   5.9199096E-003   4.7378692E-004
   1.4640000E+001   6.0931710E-003   5.0141951E-004   5.9397427E-003   4.7851234E-004
   1.4680001E+001   6.1548709E-003   5.1641783E-004   6.0336550E-003   4.6510283E-004
   1.4720000E+001   6.2080754E-003   5.2213956E-004   6.1255136E-003   4.5253328E-004
   1.4760000E+001   6.2121372E-003   5.1489694E-004   6.2400402E-003   4.4982866E-004
   1.4800000E+001   6.3337655E-003   5.2866040E-004   6.2703386E-003   4.5232277E-004
   1.4840000E+001   6.3862197E-003   5.3559847E-004   6.2735966E-003   4.4002397E-004
   1.4880000E+001   6.4456698E-003   5.0486912E-004   6.3406779E-003   4.1284353E-004
   1.4920000E+001   6.5012396E-003   5.0610273E-004   6.3662053E-003   4.3315819E-004
   1.4960001E+001   6.5601947E-003   5.1321654E-004   6.5264552E-003   4.4516203E-004
   1.5000000E+001   6.6207843E-003   4.6647215E-004   6.5652359E-003   4.5732550E-004
   1.5039999E+001   6.6944219E-003   4.7048952E-004   6.6513916E-003   4.5286847E-004
   1.5080000E+001   6.7650497E-003   4.6279596E-004   6.7222352E-003   4.7178641E-004
   1.5120000E+001   6.8360876E-003   4.6841012E-004   6.8389303E-003   4.9770222E-004
   1.5160000E+001   6.8860764E-003   4.6155107E-004   6.9186246E-003   4.9493098E-004
   1.5200000E+001   6.9505971E-003   4.5380046E-004   7.0025616E-003   4.9992396E-004
   1.5240000E+001   7.0729863E-003   4.5170449E-004   7.0686532E-003   4.8371936E-004
   1.5280000E+001   7.1296209E-003   4.3546716E-004   7.0960739E-003   4.8062887E-004
   1.5319999E+001   7.1492085E-003   4.2212225E-004   7.1433542E-003   4.8632785E-004
   1.5360000E+001   7.2444234E-003   4.1574954E-004   7.2173478E-003   4.6061814E-004
   1.5400000E+001   7.3021221E-003   4.0535653E-004   7.2728199E-003   4.3045890E-004
   1.5440000E+001   7.3944754E-003   4.0711814E-004   7.3785811E-003   4.4490053E-004
   1.5480000E+001   7.4814749E-003   4.1321906E-004   7.3472785E-003   4.2650012E-004
   1.5520000E+001   7.4824509E-003   4.0192565E-004   7.4183711E-003   4.4819547E-004
   1.5560000E+001   7.5543788E-003   4.0470913E-004   7.4507242E-003   4.1684296E-004
   1.5599999E+001   7.6159602E-003   4.1273804E-004   7.5478836E-003   4.2161824E-004
   1.5640000E+001   7.6998812E-003   4.2420683E-004   7.6457664E-003   4.2210136E-004
   1.5680000E+001   7.8873325E-003   4.2352356E-004   7.7297285E-003   4.2001697E-004
   1.5720000E+001   7.9467358E-003   4.2706791E-004   7.8610253E-003   4.1061694E-004
   1.5760000E+001   8.0119148E-003   4.1374652E-004   7.8502703E-003   4.0153625E-004
   1.5800000E+001   8.1313762E-003   4.2161807E-004   7.8718540E-003   4.2925340E-004
   1.5840000E+001   8.2039929E-003   4.4651322E-004   7.9856132E-003   4.0627391E-004
   1.5880001E+001   8.2141528E-003   4.4852609E-004   8.0148435E-003   4.1305269E-004
   1.5920000E+001   8.2846387E-003   4.6840717E-004   8.1545988E-003   4.1844923E-004
   1.5960000E+001   8.3127073E-003   4.6868835E-004   8.2036299E-003   4.3754385E-004
   1.6000000E+001   8.3162866E-003   4.8047689E-004   8.3402011E-003   4.3506227E-004
   1.6040000E+001   8.4251197E-003   4.8046001E-004   8.4249380E-003   4.3563425E-004
   1.6080000E+001   8.4577839E-003   4.6433885E-004   8.5221884E-003   4.4205702E-004
   1.6120000E+001   8.5688424E-003   4.3600400E-004   8.5608929E-003   4.3942728E-004
   1.6160001E+001   8.6064710E-003   4.1198729E-004   8.5859889E-003   4.2180005E-004
   1.6200000E+001   8.6558893E-003   4.3241877E-004   8.6448205E-003   4.2512218E-004
   1.6240000E+001   8.7392861E-003   4.5160490E-004   8.6300447E-003   3.9955000E-004
   1.6280000E+001   8.7739121E-003   3.9542207E-004   8.6952119E-003   4.3027855E-004
   1.6320000E+001   8.9382237E-003   4.4912471E-004   8.7809774E-003   4.2858258E-004
   1.6360000E+001   8.9797348E-003   4.7564931E-004   8.8506626E-003   4.6696568E-004
   1.6400000E+001   9.0371690E-003   4.7124997E-004   8.8958894E-003   4.6337758E-004
   1.6440001E+001   9.0839988E-003   4.6516276E-004   8.9679256E-003   5.2862225E-004
   1.6480000E+001   9.1442571E-003   4.7698283E-004   9.1021861E-003   5.2011432E-004
   1.6520000E+001   9.2575764E-003   4.8583246E-004   9.1567427E-003   5.2834320E-004
   1.6560000E+001   9.3321407E-003   4.6114655E-004   9.2537650E-003   4.8475422E-004
   1.6600000E+001   9.3295302E-003   4.7527321E-004   9.2724581E-003   4.8717237E-004
   1.6640000E+001   9.4576199E-003   4.6912347E-004   9.2868302E-003   5.0459134E-004
   1.6680000E+001   9.5221091E-003   4.7860607E-004   9.3898766E-003   4.9805111E-004
   1.6720001E+001   9.5864094E-003   4.9151196E-004   9.4578049E-003   5.1113551E-004
   1.6760000E+001   9.7638417E-003   4.9932692E-004   9.5352135E-003   5.2682318E-004
   1.6799999E+001   9.8231812E-003   4.7668858E-004   9.6854544E-003   5.0183732E-004
   1.6840000E+001   9.8945492E-003   4.6555311E-004   9.8026652E-003   5.5245145E-004
   1.6880000E+001   1.0053344E-002   4.5186947E-004   9.8851048E-003   6.0858273E-004
   1.6920000E+001   1.0179003E-002   5.1163281E-004   1.0011125E-002   5.9434924E-004
   1.6960000E+001   1.0290448E-002   5.3629908E-004   1.0102705E-002   6.5653008E-004
   1.7000000E+001   1.0423857E-002   5.4377560E-004   1.0239122E-002   6.6070395E-004
   1.7040000E+001   1.0543034E-002   5.4152680E-004   1.0316070E-002   6.5743870E-004
   1.7079999E+001   1.0611431E-002   6.5724049E-004   1.0409661E-002   8.7573364E-004
   1.7120000E+001   1.0708246E-002   6.8514001E-004   1.0561457E-002   8.8852696E-004
   1.7160000E+001   1.0766313E-002   6.8358196E-004   1.0588513E-002   9.2039091E-004
   1.7200000E+001   1.0984971E-002   7.6470940E-004   1.0669413E-002   9.0915509E-004
   1.7240000E+001   1.1153567E-002   8.0727025E-004   1.0721069E-002   9.1730661E-004
   1.7280000E+001   1.1349227E-002   8.2161473E-004   1.0900673E-002   9.5412903E-004
   1.7320000E+001   1.1469975E-002   8.5255920E-004   1.1011027E-002   9.5429611E-004
   1.7359999E+001   1.1511803E-002   8.9462400E-004   1.1139598E-002   9.9596708E-004
   1.7400000E+001   1.1565242E-002   9.3155910E-004   1.1172998E-002   1.0180285E-003
   1.7440000E+001   1.1668707E-002   9.5736847E-004   1.1331047E-002   1.0613542E-003
   1.7480000E+001   1.1826870E-002   1.0036397E-003   1.1412563E-002   1.0775333E-003
   1.7520000E+001   1.1859630E-002   1.0211503E-003   1.1512243E-002   1.1175031E-003
   1.7560000E+001   1.1956395E-002   1.0667633E-003   1.1562455E-002   1.1593444E-003
   1.7600000E+001   1.2171880E-002   1.1967865E-003   1.1756179E-002   1.3057787E-003
   1.7640001E+001   1.2090735E-002   1.1032419E-003   1.1923562E-002   1.3241662E-003
   1.7680000E+001   1.2193059E-002   1.1116936E-003   1.2036627E-002   1.3842559E-003
   1.7720000E+001   1.2335614E-002   1.1013313E-003   1.2184253E-002   1.3721458E-003
   1.7760000E+001   1.2417069E-002   1.0978225E-003   1.2275417E-002   1.4561454E-003
   1.7800000E+001   1.2500326E-002   1.0645788E-003   1.2379773E-002   1.4498420E-003
   1.7840000E+001   1.2515920E-002   1.1093056E-003   1.2447042E-002   1.4962922E-003
   1.7880000E+001   1.2555517E-002   1.1348559E-003   1.2473676E-002   1.5456318E-003
   1.7920001E+001   1.2665524E-002   1.2061275E-003   1.2614336E-002   1.5382013E-003
   1.7960000E+001   1.2688156E-002   1.1554891E-003   1.2659343E-002   1.6137096E-003
   1.8000000E+001   1.2735776E-002   1.2426263E-003   1.2835786E-002   1.6336899E-003
   1.8040000E+001   1.2860314E-002   1.3070090E-003   1.2942269E-002   1.6430427E-003
   1.8080000E+001   1.2979475E-002   1.2925561E-003   1.3034473E-002   1.7490394E-003
   1.8120000E+001   1.3099825E-002   1.4279911E-003   1.3175246E-002   1.7000130E-003
   1.8160000E+001   1.3226699E-002   1.5127641E-003   1.3259809E-002   1.7464102E-003
   1.8200001E+001   1.3363495E-002   1.5821052E-003   1.3388529E-002   1.8075354E-003
   1.8240000E+001   1.3398504E-002   1.5771530E-003   1.3550038E-002   1.7865726E-003
   1.8279999E+001   1.3384587E-002   1.6689543E-003   1.3647047E-002   1.8086577E-003
   1.8320000E+001   1.3483763E-002   1.7686817E-003   1.3722590E-002   1.8654662E-003
   1.8360000E+001   1.3604929E-002   1.7331403E-003   1.3769396E-002   1.8862125E-003
   1.8400000E+001   1.3607842E-002   1.8178322E-003   1.3815918E-002   1.9364891E-003
   1.8440000E+001   1.3676915E-002   1.8560402E-003   1.3883458E-002   1.9471753E-003
   1.8480000E+001   1.3774188E-002   1.8187500E-003   1.3988031E-002   1.9790902E-003
   1.8520000E+001   1.3978691E-002   1.9063463E-003   1.4010698E-002   2.0371160E-003
   1.8559999E+001   1.4167724E-002   1.9159137E-003   1.4051751E-002   2.0777394E-003
   1.8600000E+001   1.4180231E-002   1.9681419E-003   1.4172844E-002   2.1062820E-003
   1.8640000E+001   1.4318193E-002   2.0306691E-003   1.4232998E-002   2.1400259E-003
   1.8680000E+001   1.4404373E-002   2.0711501E-003   1.4451722E-002   2.1646004E-003
   1.8720000E+001   1.4538639E-002   2.1310267E-003   1.4543131E-002   2.1496452E-003
   1.8760000E+001   1.4545504E-002   2.1778771E-003   1.4629240E-002   2.1159351E-003
   1.8800000E+001   1.4702956E-002   2.2301803E-003   1.4710818E-002   2.1784353E-003
   1.8839999E+001   1.4814190E-002   2.2750289E-003   1.4817675E-002   2.2010264E-003
   1.8880000E+001   1.4870466E-002   2.3165157E-003   1.4931319E-002   2.2090220E-003
   1.8920000E+001   1.5008111E-002   2.3642153E-003   1.5114886E-002   2.2840189E-003
   1.8960000E+001   1.5037247E-002   2.3923602E-003   1.5182857E-002   2.2701290E-003
   1.9000000E+001   1.5128416E-002   2.4257982E-003   1.5214250E-002   2.3420911E-003
   1.9040000E+001   1.5294674E-002   2.4816601E-003   1.5343710E-002   2.2858445E-003
   1.9080000E+001   1.5479867E-002   2.5238106E-003   1.5329173E-002   2.3269869E-003
   1.9119999E+001   1.5567661E-002   2.5592035E-003   1.5425178E-002   2.4516464E-003
   1.9160000E+001   1.5750722E-002   2.6403826E-003   1.5421084E-002   2.4472354E-003
   1.9200000E+001   1.5843281E-002   2.6647392E-003   1.5622737E-002   2.5473561E-003
   1.9240000E+001   1.5927265E-002   2.6774900E-003   1.5716714E-002   2.5978652E-003
   1.9280000E+001   1.6067680E-002   2.7661642E-003   1.5846519E-002   2.6706657E-003
   1.9320000E+001   1.6202131E-002   2.7836692E-003   1.5998053E-002   2.7513701E-003
   1.9360000E+001   1.6359420E-002   2.8374040E-003   1.6087570E-002   2.8154649E-003
   1.9400001E+001   1.6525082E-002   2.8096137E-003   1.6113505E-002   2.8108089E-003
   1.9440000E+001   1.6708308E-002   2.8712881E-003   1.6237892E-002   2.8904458E-003
   1.9480000E+001   1.6890615E-002   2.9790471E-003   1.6420859E-002   2.9521275E-003
   1.9520000E+001   1.7048047E-002   2.9681038E-003   1.6571194E-002   3.0050654E-003
   1.9560000E+001   1.7172426E-002   3.0866937E-003   1.6528968E-002   2.9932463E-003
   1.9600000E+001   1.7245895E-002   2.9906490E-003   1.6674238E-002   2.9786657E-003
   1.9640000E+001   1.7395540E-002   3.1900330E-003   1.6802169E-002   3.0105572E-003
   1.9680001E+001   1.7536954E-002   3.2751463E-003   1.6887296E-002   3.0523335E-003
   1.9720000E+001   1.7732843E-002   3.2768288E-003   1.6963613E-002   3.0666672E-003
   1.9760000E+001   1.7839125E-002   3.3655742E-003   1.7156229E-002   3.0390321E-003
   1.9800000E+001   1.7801119E-002   3.3085184E-003   1.7373915E-002   3.1441990E-003
   1.9840000E+001   1.7984183E-002   3.3716389E-003   1.7536151E-002   3.1763409E-003
   1.9880000E+001   1.8011400E-002   3.4672408E-003   1.7651889E-002   3.2065349E-003
   1.9920000E+001   1.8247897E-002   3.5184102E-003   1.7854705E-002   3.2721000E-003
   1.9960001E+001   1.8408302E-002   3.4075185E-003   1.7859502E-002   3.2386534E-003
   2.0000000E+001   1.8480066E-002   3.4075933E-003   1.8000188E-002   3.2920209E-003
