   8.0000004E-002   0.0000000E+000   0.0000000E+000   0.0000000E+000   0.0000000E+000
   1.2000000E-001   0.0000000E+000   0.0000000E+000   0.0000000E+000   0.0000000E+000
   1.6000001E-001   0.0000000E+000   0.0000000E+000   0.0000000E+000   0.0000000E+000
   2.0000000E-001   0.0000000E+000   0.0000000E+000   0.0000000E+000   0.0000000E+000
   2.4000000E-001   0.0000000E+000   0.0000000E+000   0.0000000E+000   0.0000000E+000
   2.8000001E-001   0.0000000E+000   0.0000000E+000   0.0000000E+000   0.0000000E+000
   3.2000002E-001   0.0000000E+000   0.0000000E+000   0.0000000E+000   0.0000000E+000
   3.5999998E-001   0.0000000E+000   0.0000000E+000   0.0000000E+000   0.0000000E+000
   3.9999999E-001   0.0000000E+000   0.0000000E+000   0.0000000E+000   0.0000000E+000
   4.4000000E-001   0.0000000E+000   0.0000000E+000   0.0000000E+000   0.0000000E+000
   4.8000000E-001   0.0000000E+000   0.0000000E+000   0.0000000E+000   0.0000000E+000
   5.2000001E-001   0.0000000E+000   0.0000000E+000   0.0000000E+000   0.0000000E+000
   5.6000002E-001   0.0000000E+000   0.0000000E+000   0.0000000E+000   0.0000000E+000
   5.9999999E-001   0.0000000E+000   0.0000000E+000   0.0000000E+000   0.0000000E+000
   6.4000003E-001   0.0000000E+000   0.0000000E+000   0.0000000E+000   0.0000000E+000
   6.8000004E-001   0.0000000E+000   0.0000000E+000   0.0000000E+000   0.0000000E+000
   7.1999997E-001   0.0000000E+000   0.0000000E+000   0.0000000E+000   0.0000000E+000
   7.5999998E-001   0.0000000E+000   0.0000000E+000   0.0000000E+000   0.0000000E+000
   7.9999998E-001   0.0000000E+000   0.0000000E+000   0.0000000E+000   0.0000000E+000
   8.3999999E-001   0.0000000E+000   0.0000000E+000   0.0000000E+000   0.0000000E+000
   8.8000000E-001   0.0000000E+000   0.0000000E+000   0.0000000E+000   0.0000000E+000
   9.2000000E-001   0.0000000E+000   0.0000000E+000   0.0000000E+000   0.0000000E+000
   9.6000001E-001   0.0000000E+000   0.0000000E+000   0.0000000E+000   0.0000000E+000
   1.0000000E+000   0.0000000E+000   0.0000000E+000   0.0000000E+000   0.0000000E+000
<<<<<<< HEAD
   1.0400000E+000   1.4029118E-005   2.1054257E-006   1.6164301E-005   1.8865181E-006
   1.0800000E+000   2.6578489E-005   3.2962561E-006   2.6520426E-005   3.0025482E-006
   1.1200000E+000   4.3929743E-005   5.6966206E-006   4.2701213E-005   5.0624655E-006
   1.1600000E+000   6.0360487E-005   7.5726226E-006   5.8031720E-005   6.5544965E-006
   1.2000000E+000   7.7817263E-005   8.2310208E-006   7.6746162E-005   8.4586101E-006
   1.2400000E+000   9.9995393E-005   1.1050603E-005   9.5853151E-005   9.3498033E-006
   1.2800001E+000   1.1641193E-004   1.2062307E-005   1.1454626E-004   1.1512402E-005
   1.3200000E+000   1.3976930E-004   1.4777650E-005   1.4036648E-004   1.2237411E-005
   1.3600001E+000   1.6255111E-004   1.4245844E-005   1.6279070E-004   1.3814846E-005
   1.4000000E+000   1.8962636E-004   1.6178105E-005   1.8268269E-004   1.6095441E-005
   1.4399999E+000   2.1124129E-004   1.9188114E-005   2.0448289E-004   1.5999497E-005
   1.4800000E+000   2.3599696E-004   1.7492381E-005   2.2934670E-004   1.9336439E-005
   1.5200000E+000   2.6595306E-004   2.2182090E-005   2.4806137E-004   2.2854602E-005
   1.5600000E+000   3.0274105E-004   2.3185335E-005   2.6741008E-004   2.4904717E-005
   1.6000000E+000   3.2731910E-004   2.6603680E-005   3.1037966E-004   2.4676441E-005
   1.6400000E+000   3.6320274E-004   3.1454942E-005   3.4100503E-004   2.4905492E-005
   1.6800000E+000   4.0428479E-004   3.7893314E-005   3.5935347E-004   2.5642814E-005
   1.7200001E+000   4.3628912E-004   3.9621893E-005   3.7748897E-004   2.6060383E-005
   1.7600000E+000   4.7777411E-004   4.6595128E-005   4.1760934E-004   2.9119088E-005
   1.8000001E+000   5.1620856E-004   4.8653640E-005   4.5956245E-004   3.0141267E-005
   1.8400000E+000   5.4594288E-004   5.5158899E-005   4.8193479E-004   3.2412285E-005
   1.8799999E+000   5.9461322E-004   5.1124880E-005   5.2539820E-004   3.5198908E-005
   1.9200000E+000   6.2891479E-004   5.2995339E-005   5.5329598E-004   3.7329475E-005
   1.9599999E+000   6.9071356E-004   5.8246695E-005   5.9051758E-004   3.9014055E-005
   2.0000000E+000   7.4568245E-004   5.9318323E-005   6.3418834E-004   3.9330498E-005
   2.0400000E+000   7.8685802E-004   5.4889229E-005   6.7005576E-004   4.1198994E-005
   2.0800000E+000   8.3412947E-004   6.3384844E-005   7.1599254E-004   4.7453120E-005
   2.1200000E+000   8.8453287E-004   5.9153748E-005   7.7081957E-004   5.3272058E-005
   2.1600001E+000   9.2948602E-004   5.8829435E-005   8.1995044E-004   5.8450932E-005
   2.2000000E+000   9.7698859E-004   6.4080202E-005   8.7727629E-004   5.8993535E-005
   2.2400001E+000   1.0302862E-003   6.7280715E-005   9.2532347E-004   6.8734199E-005
   2.2800000E+000   1.1011692E-003   7.1306331E-005   1.0034328E-003   6.7393970E-005
   2.3199999E+000   1.1310403E-003   7.4646354E-005   1.0516799E-003   7.0717839E-005
   2.3600000E+000   1.2137526E-003   7.3934011E-005   1.1102071E-003   6.8564329E-005
   2.3999999E+000   1.2877821E-003   8.0944472E-005   1.1813748E-003   7.1442109E-005
   2.4400000E+000   1.3584640E-003   8.6663722E-005   1.2442340E-003   7.3342002E-005
   2.4800000E+000   1.4281096E-003   8.9751197E-005   1.2948277E-003   7.6301636E-005
   2.5200000E+000   1.4773573E-003   9.3740692E-005   1.3220085E-003   7.4512401E-005
   2.5600001E+000   1.5311241E-003   8.9588691E-005   1.3700737E-003   7.7243410E-005
   2.5999999E+000   1.5932122E-003   7.8150304E-005   1.4274874E-003   7.2088420E-005
   2.6400000E+000   1.6602088E-003   6.9405951E-005   1.4536553E-003   6.6063726E-005
   2.6800001E+000   1.7030630E-003   7.2084596E-005   1.5190042E-003   6.3253487E-005
   2.7200001E+000   1.7800172E-003   6.4637556E-005   1.5873727E-003   5.3708432E-005
   2.7599999E+000   1.8329612E-003   6.1905308E-005   1.6186009E-003   6.9732582E-005
   2.8000000E+000   1.9091332E-003   6.2778045E-005   1.6923954E-003   7.2092254E-005
   2.8400001E+000   1.9964677E-003   6.7672022E-005   1.7540339E-003   8.3583644E-005
   2.8799999E+000   2.0762516E-003   7.4611239E-005   1.7875275E-003   7.9469493E-005
   2.9200000E+000   2.1496573E-003   7.6061230E-005   1.8686395E-003   8.8434474E-005
   2.9600000E+000   2.2504749E-003   7.7939176E-005   1.9152922E-003   9.5995635E-005
   3.0000001E+000   2.3112950E-003   8.4543764E-005   1.9978711E-003   1.0569633E-004
   3.0399999E+000   2.4174650E-003   9.4460735E-005   2.0383751E-003   9.7206159E-005
   3.0800000E+000   2.4908142E-003   9.5321397E-005   2.1101304E-003   1.0561769E-004
   3.1200001E+000   2.5602070E-003   9.7196880E-005   2.1662835E-003   9.9648975E-005
   3.1600001E+000   2.6616679E-003   1.0206312E-004   2.1901873E-003   1.0619457E-004
   3.1999999E+000   2.7521207E-003   1.0085072E-004   2.2440836E-003   9.8319178E-005
   3.2400000E+000   2.8323333E-003   1.0160472E-004   2.2721841E-003   1.1369222E-004
   3.2800001E+000   2.9074266E-003   1.1143147E-004   2.3692951E-003   1.0842658E-004
   3.3199999E+000   3.0035394E-003   1.0510179E-004   2.4039477E-003   9.8773001E-005
   3.3600000E+000   3.1368471E-003   1.0481497E-004   2.4276924E-003   1.1127909E-004
   3.4000000E+000   3.2593637E-003   9.7069102E-005   2.4655164E-003   1.1793250E-004
   3.4400001E+000   3.3452712E-003   9.6517313E-005   2.5253231E-003   1.2264057E-004
   3.4799999E+000   3.4233057E-003   1.0295985E-004   2.5658082E-003   1.0012871E-004
   3.5200000E+000   3.4853644E-003   8.9542355E-005   2.6180596E-003   9.3774386E-005
   3.5600001E+000   3.6329362E-003   1.0684746E-004   2.7053911E-003   9.7585594E-005
   3.6000001E+000   3.7288729E-003   8.9631489E-005   2.7232812E-003   9.6283285E-005
   3.6399999E+000   3.8534625E-003   9.0910689E-005   2.7521766E-003   9.0798663E-005
   3.6800000E+000   4.0133957E-003   8.0386349E-005   2.7566684E-003   8.8974039E-005
   3.7200001E+000   4.1375950E-003   7.3934347E-005   2.7712401E-003   9.5058660E-005
   3.7599999E+000   4.2112588E-003   7.2241424E-005   2.8450565E-003   1.0615101E-004
   3.8000000E+000   4.2987258E-003   7.2560042E-005   2.9264241E-003   1.1663473E-004
   3.8400000E+000   4.3819606E-003   7.5452276E-005   2.9820895E-003   1.1391162E-004
   3.8800001E+000   4.5203062E-003   6.9318801E-005   3.0659790E-003   1.2089640E-004
   3.9199999E+000   4.6400845E-003   7.5757066E-005   3.1136700E-003   1.1681884E-004
   3.9600000E+000   4.7960580E-003   7.9780185E-005   3.1773928E-003   1.2147437E-004
   4.0000001E+000   4.9877745E-003   7.7686940E-005   3.2947947E-003   1.3414155E-004
   4.0400001E+000   5.1759506E-003   9.5935534E-005   3.3578738E-003   1.3704021E-004
   4.0799999E+000   5.3270674E-003   8.8049792E-005   3.3693732E-003   1.5555356E-004
   4.1200000E+000   5.5291401E-003   9.7417016E-005   3.4121720E-003   1.4106478E-004
   4.1600001E+000   5.7773715E-003   1.0193754E-004   3.4755496E-003   1.3057958E-004
   4.1999999E+000   5.9204512E-003   1.0716960E-004   3.5499687E-003   1.2910062E-004
   4.2399999E+000   6.1838940E-003   1.1793267E-004   3.5811550E-003   1.3769579E-004
   4.2800000E+000   6.3191283E-003   1.1401758E-004   3.6168851E-003   1.2224365E-004
   4.3200001E+000   6.4971376E-003   1.0580650E-004   3.6988039E-003   1.2512760E-004
   4.3599999E+000   6.6545550E-003   1.0949030E-004   3.7108121E-003   1.1974490E-004
   4.4000000E+000   6.8086430E-003   1.1013902E-004   3.7695227E-003   1.0686432E-004
   4.4400001E+000   6.9883348E-003   1.1056465E-004   3.7893188E-003   1.1068652E-004
   4.4800001E+000   7.0757973E-003   1.2254283E-004   3.8338139E-003   1.0250388E-004
   4.5199999E+000   7.2371309E-003   1.2783442E-004   3.8462357E-003   9.9826319E-005
   4.5600000E+000   7.4661190E-003   1.3606844E-004   3.8695041E-003   1.0636040E-004
   4.6000001E+000   7.6530610E-003   1.3637385E-004   3.8725786E-003   1.0435668E-004
   4.6399999E+000   7.9602404E-003   1.4389633E-004   3.9086900E-003   1.0700733E-004
   4.6799999E+000   8.1062309E-003   1.3936274E-004   3.9189514E-003   1.0570018E-004
   4.7200000E+000   8.3226378E-003   1.3232131E-004   4.0009364E-003   1.0756016E-004
   4.7600001E+000   8.5539658E-003   1.4404833E-004   3.9883945E-003   1.0805087E-004
   4.7999999E+000   8.7694464E-003   1.4175462E-004   3.9694052E-003   1.0538668E-004
   4.8400000E+000   8.9334644E-003   1.3894080E-004   3.9367503E-003   9.6884510E-005
   4.8800001E+000   9.2136872E-003   1.4158387E-004   3.9557632E-003   1.0046617E-004
   4.9200001E+000   9.4245371E-003   1.5530145E-004   3.9528701E-003   1.0533769E-004
   4.9599999E+000   9.7820900E-003   1.7871608E-004   3.9066174E-003   9.2161015E-005
   5.0000000E+000   1.0059098E-002   1.7133715E-004   3.8825725E-003   9.3116542E-005
   5.0400001E+000   1.0382548E-002   1.6947447E-004   3.8420733E-003   1.0161556E-004
   5.0800002E+000   1.0704901E-002   1.6857195E-004   3.8608009E-003   1.0099529E-004
   5.1200002E+000   1.1029080E-002   2.2120799E-004   3.8294818E-003   9.9831165E-005
   5.1599997E+000   1.1316489E-002   1.9435089E-004   3.7631067E-003   9.4002088E-005
   5.1999998E+000   1.1606574E-002   1.6545480E-004   3.7447604E-003   9.1584349E-005
   5.2399999E+000   1.1947365E-002   1.5906328E-004   3.6885617E-003   9.4464929E-005
   5.2800000E+000   1.2334525E-002   1.5305151E-004   3.5841165E-003   9.2320401E-005
   5.3200001E+000   1.2648885E-002   1.6405657E-004   3.4667388E-003   8.4420596E-005
   5.3600001E+000   1.2956193E-002   1.8469567E-004   3.3791134E-003   7.8599379E-005
   5.4000002E+000   1.3284652E-002   1.9253473E-004   3.2758105E-003   7.6820473E-005
   5.4400003E+000   1.3724994E-002   1.9347643E-004   3.1822770E-003   7.3893598E-005
   5.4799998E+000   1.4076569E-002   2.0675893E-004   3.0933107E-003   6.9489222E-005
   5.5199999E+000   1.4544152E-002   2.0488197E-004   2.9469641E-003   7.1013443E-005
   5.5599999E+000   1.4882620E-002   2.0662387E-004   2.7988966E-003   6.4872565E-005
   5.6000000E+000   1.5328244E-002   2.1686230E-004   2.7025758E-003   6.3307568E-005
   5.6400001E+000   1.5684311E-002   2.0941572E-004   2.5194857E-003   6.0820450E-005
   5.6800002E+000   1.6183323E-002   1.9115033E-004   2.3496767E-003   5.7328607E-005
   5.7200003E+000   1.6649578E-002   1.7503327E-004   2.1505233E-003   5.4827060E-005
   5.7599998E+000   1.7160708E-002   2.0529936E-004   1.9408640E-003   4.7762873E-005
   5.7999998E+000   1.7637349E-002   1.9980762E-004   1.7050231E-003   4.7337232E-005
   5.8399999E+000   1.8173136E-002   1.9474461E-004   1.4681702E-003   3.6511809E-005
   5.8800000E+000   1.8723811E-002   1.9648392E-004   1.2217942E-003   3.5147293E-005
   5.9200001E+000   1.9299530E-002   1.9319527E-004   9.9110663E-004   3.1347639E-005
   5.9600002E+000   1.9737144E-002   1.9963788E-004   6.7198142E-004   2.1045209E-005
   6.0000002E+000   2.0504274E-002   2.1476665E-004   3.7761947E-004   1.2706445E-005
   6.0399997E+000   2.1122863E-002   2.2127685E-004   3.2129058E-002   3.8990761E-004
   6.0799998E+000   2.1715586E-002   2.2449708E-004   3.3866637E-002   3.9192488E-004
   6.1199999E+000   2.2235415E-002   2.1323074E-004   3.5835035E-002   4.1368848E-004
   6.1600000E+000   2.2904421E-002   2.1223567E-004   3.6295956E-002   4.1866491E-004
   6.2000000E+000   2.3646075E-002   2.1893083E-004   3.6324485E-002   4.0852254E-004
   6.2400001E+000   2.4355258E-002   2.1449271E-004   3.6475164E-002   4.2462038E-004
   6.2800002E+000   2.4935797E-002   1.9254928E-004   3.6625293E-002   4.1038366E-004
   6.3200003E+000   2.5549645E-002   2.1059303E-004   3.6869720E-002   3.7770952E-004
   6.3599998E+000   2.6208218E-002   2.2665436E-004   3.6990316E-002   3.6745532E-004
   6.3999999E+000   2.6724742E-002   2.2145173E-004   3.7387901E-002   3.2482646E-004
   6.4399999E+000   2.7385382E-002   2.2889444E-004   3.7598884E-002   3.3552972E-004
   6.4800000E+000   2.7913497E-002   2.4062335E-004   3.7806128E-002   3.6274349E-004
   6.5200001E+000   2.8491471E-002   2.7387304E-004   3.8066275E-002   3.6959922E-004
   6.5600002E+000   2.9096492E-002   2.4706373E-004   3.8188658E-002   3.5227768E-004
   6.6000003E+000   2.9718571E-002   2.4049616E-004   3.8543653E-002   3.4021777E-004
   6.6399997E+000   3.0086650E-002   2.3722928E-004   3.8871291E-002   3.2335618E-004
   6.6799998E+000   3.0666935E-002   2.3407828E-004   3.9400948E-002   3.0728602E-004
   6.7199999E+000   3.1001306E-002   2.3185285E-004   3.9714709E-002   3.0492271E-004
   6.7600000E+000   3.1647478E-002   2.2534206E-004   4.0219163E-002   3.1932364E-004
   6.8000001E+000   3.2108512E-002   2.2199143E-004   4.0455515E-002   3.0749735E-004
   6.8400002E+000   3.2733610E-002   2.3720729E-004   4.0796965E-002   2.7000201E-004
   6.8800002E+000   3.3174868E-002   2.3592096E-004   4.1138539E-002   2.7218188E-004
   6.9199997E+000   3.3771618E-002   2.2314788E-004   4.1536602E-002   2.7639607E-004
   6.9599998E+000   3.4329065E-002   2.2710889E-004   4.1936383E-002   2.7705123E-004
   6.9999999E+000   3.4845358E-002   1.8975974E-004   4.2254378E-002   3.0562010E-004
   7.0400000E+000   3.5219995E-002   2.4469377E-004   4.2682079E-002   3.3731743E-004
   7.0800000E+000   3.5765813E-002   2.6694098E-004   4.3142863E-002   3.4827522E-004
   7.1200001E+000   3.6383462E-002   2.5530802E-004   4.3522389E-002   3.3990078E-004
   7.1600002E+000   3.6930032E-002   2.7993941E-004   4.3801478E-002   3.3746326E-004
   7.2000003E+000   3.7503403E-002   2.7288280E-004   4.4268697E-002   3.6867166E-004
   7.2399998E+000   3.8045353E-002   3.6833991E-004   4.4637046E-002   4.1481585E-004
   7.2799999E+000   3.8569337E-002   3.1357932E-004   4.5115305E-002   4.5124559E-004
   7.3199999E+000   3.9121467E-002   4.5783030E-004   4.5362148E-002   4.0255060E-004
   7.3600000E+000   3.9672858E-002   4.7522384E-004   4.5531944E-002   3.9704538E-004
   7.4000001E+000   4.0261853E-002   4.6914511E-004   4.6006002E-002   3.6619694E-004
   7.4400002E+000   4.0757286E-002   4.3538912E-004   4.6386810E-002   4.2829403E-004
   7.4800003E+000   4.1445691E-002   3.7573642E-004   4.6830831E-002   4.6170352E-004
   7.5199997E+000   4.1948277E-002   3.7266497E-004   4.7356523E-002   4.8452078E-004
   7.5599998E+000   4.2368078E-002   3.1210280E-004   4.7824148E-002   4.8321367E-004
   7.5999999E+000   4.2895183E-002   3.2381451E-004   4.8431882E-002   5.1626335E-004
   7.6400000E+000   4.3489587E-002   3.0998228E-004   4.8836318E-002   4.5703727E-004
   7.6800001E+000   4.3975627E-002   3.4570135E-004   4.9321578E-002   4.7816915E-004
   7.7200001E+000   4.4362119E-002   3.3953538E-004   4.9830593E-002   4.9890404E-004
   7.7600002E+000   4.4963096E-002   3.5475930E-004   5.0367765E-002   4.8916903E-004
   7.7999997E+000   4.5395967E-002   3.2350466E-004   5.0820010E-002   4.0818242E-004
   7.8399998E+000   4.5982899E-002   3.2426619E-004   5.1350206E-002   4.0791678E-004
   7.8799999E+000   4.6570986E-002   3.4006844E-004   5.1679008E-002   4.5750923E-004
   7.9200000E+000   4.7016051E-002   3.1613462E-004   5.2290448E-002   4.1972047E-004
   7.9600000E+000   4.7468413E-002   3.4262910E-004   5.2854693E-002   3.8606723E-004
   8.0000001E+000   4.7929056E-002   3.1962541E-004   5.3554626E-002   4.3913732E-004
   8.0400002E+000   4.8294515E-002   2.8867607E-004   5.4027950E-002   4.4118560E-004
   8.0800003E+000   4.8818295E-002   3.0960052E-004   5.4528549E-002   4.3785426E-004
   8.1199998E+000   4.9463595E-002   3.0106892E-004   5.4970276E-002   4.4850058E-004
   8.1599998E+000   5.0096698E-002   3.4154969E-004   5.5642073E-002   4.4868973E-004
   8.1999999E+000   5.0888370E-002   3.2570046E-004   5.6091683E-002   3.6430031E-004
   8.2400000E+000   5.1235562E-002   4.0915656E-004   5.6738715E-002   3.5366768E-004
   8.2800001E+000   5.1816294E-002   3.8842681E-004   5.7312674E-002   3.4854663E-004
   8.3200002E+000   5.2077892E-002   4.5922369E-004   5.7866045E-002   3.6038545E-004
   8.3600003E+000   5.2618579E-002   4.4299549E-004   5.8373562E-002   3.1700431E-004
   8.3999997E+000   5.2919367E-002   4.2591737E-004   5.8825971E-002   3.7102816E-004
   8.4399998E+000   5.3575749E-002   4.0984615E-004   5.9137732E-002   4.1206815E-004
   8.4799999E+000   5.3947429E-002   3.9396333E-004   5.9779360E-002   4.8496137E-004
   8.5200000E+000   5.4399481E-002   4.6766478E-004   6.0195674E-002   4.4772904E-004
   8.5600001E+000   5.4716353E-002   5.4266664E-004   6.0846037E-002   4.5065028E-004
   8.6000001E+000   5.5260857E-002   4.0044463E-004   6.1450759E-002   4.5067104E-004
   8.6400002E+000   5.5649897E-002   4.2636168E-004   6.2330038E-002   4.0812751E-004
   8.6799997E+000   5.5957140E-002   4.3416708E-004   6.2950759E-002   5.0263733E-004
   8.7199998E+000   5.6416473E-002   5.8915889E-004   6.3672456E-002   5.6358103E-004
   8.7599999E+000   5.6702430E-002   4.7965551E-004   6.4313855E-002   5.7810754E-004
   8.8000000E+000   5.7036574E-002   4.4413237E-004   6.4804443E-002   5.9201855E-004
   8.8400000E+000   5.7428851E-002   4.3441602E-004   6.5368698E-002   5.4212793E-004
   8.8800001E+000   5.7830013E-002   3.8906365E-004   6.6059429E-002   6.1117113E-004
   8.9200002E+000   5.8451583E-002   4.1267913E-004   6.6559178E-002   5.5910264E-004
   8.9600003E+000   5.8886533E-002   4.6660612E-004   6.7356209E-002   5.0329166E-004
   8.9999998E+000   5.9332146E-002   5.8020695E-004   6.8051285E-002   4.5206176E-004
   9.0399998E+000   5.9603555E-002   5.5180724E-004   6.8616171E-002   4.5293574E-004
   9.0799999E+000   6.0040400E-002   6.2456311E-004   6.9331888E-002   3.6047988E-004
   9.1200000E+000   6.0311176E-002   6.2487394E-004   7.0098520E-002   4.2204547E-004
   9.1600001E+000   6.0681260E-002   6.5272296E-004   7.0679476E-002   4.2838649E-004
   9.2000002E+000   6.0868470E-002   6.5688154E-004   7.1737298E-002   3.2709878E-004
   9.2400002E+000   6.1106993E-002   6.7444144E-004   7.2379270E-002   3.5204498E-004
   9.2799997E+000   6.1236800E-002   6.4106215E-004   7.3131821E-002   3.6149554E-004
   9.3199998E+000   6.1679848E-002   6.3541302E-004   7.3939639E-002   4.1602583E-004
   9.3599999E+000   6.1860397E-002   5.6940721E-004   7.4895643E-002   4.0062759E-004
   9.4000000E+000   6.2255275E-002   6.0416177E-004   7.5808110E-002   3.9529509E-004
   9.4400001E+000   6.2606833E-002   5.5366884E-004   7.6708044E-002   3.8403036E-004
   9.4800001E+000   6.3134915E-002   5.9495623E-004   7.7729283E-002   3.8715360E-004
   9.5200002E+000   6.3456618E-002   4.9524175E-004   7.8550028E-002   3.7094577E-004
   9.5599997E+000   6.3765667E-002   7.8616725E-004   7.9434370E-002   3.7469901E-004
   9.5999998E+000   6.4288548E-002   6.5636952E-004   8.0695105E-002   3.7864147E-004
   9.6399999E+000   6.4586834E-002   5.4683549E-004   8.1668449E-002   3.5769455E-004
   9.6799999E+000   6.4903010E-002   5.0563204E-004   8.2722169E-002   3.8082083E-004
   9.7200000E+000   6.5030712E-002   5.5296543E-004   8.3950216E-002   3.6378816E-004
   9.7600001E+000   6.5242649E-002   5.5200675E-004   8.4856057E-002   3.5860221E-004
   9.8000002E+000   6.5446602E-002   4.4735999E-004   8.5944813E-002   3.4028965E-004
   9.8400003E+000   6.5492430E-002   5.0411060E-004   8.6971830E-002   3.4632792E-004
   9.8799998E+000   6.5617726E-002   5.0065152E-004   8.8041464E-002   3.3544815E-004
   9.9199998E+000   6.5949029E-002   5.1945874E-004   8.8967005E-002   3.3716279E-004
   9.9599999E+000   6.6135559E-002   5.4173040E-004   9.0208066E-002   3.6803482E-004
   1.0000000E+001   6.6327228E-002   7.5893777E-004   9.1525777E-002   3.6730450E-004
   1.0039999E+001   6.6566645E-002   6.9517428E-004   9.2970850E-002   4.9899459E-004
   1.0080000E+001   6.6645508E-002   7.2988610E-004   9.3859933E-002   4.4045000E-004
   1.0120000E+001   6.6593317E-002   6.8342801E-004   9.4913742E-002   4.5262829E-004
   1.0160000E+001   6.6693865E-002   6.8686013E-004   9.6194840E-002   4.6690829E-004
   1.0200000E+001   6.6829085E-002   6.5304679E-004   9.7321409E-002   4.6391539E-004
   1.0240000E+001   6.6836224E-002   6.5170388E-004   9.8795258E-002   5.8118526E-004
   1.0280000E+001   6.6725290E-002   4.1946979E-004   1.0029771E-001   6.9213540E-004
   1.0319999E+001   6.6635482E-002   4.6232684E-004   1.0161996E-001   7.0910584E-004
   1.0360000E+001   6.6577354E-002   4.4436339E-004   1.0292052E-001   8.2687081E-004
   1.0400000E+001   6.6471218E-002   4.7829474E-004   1.0425203E-001   8.4911186E-004
   1.0440000E+001   6.6381595E-002   5.4736373E-004   1.0550326E-001   8.4948295E-004
   1.0480000E+001   6.6227175E-002   4.1028104E-004   1.0710262E-001   7.8033288E-004
   1.0520000E+001   6.6077104E-002   4.5626231E-004   1.0841689E-001   8.5473613E-004
   1.0560000E+001   6.5983728E-002   4.3810888E-004   1.1022072E-001   8.5013608E-004
   1.0599999E+001   6.5649250E-002   3.6137232E-004   1.1169506E-001   7.3248927E-004
   1.0640000E+001   6.5312446E-002   3.7258899E-004   1.1328082E-001   7.7626400E-004
   1.0680000E+001   6.5155027E-002   4.8879742E-004   1.1474761E-001   9.7064602E-004
   1.0720000E+001   6.4785782E-002   4.7929043E-004   1.1640753E-001   9.9757525E-004
   1.0760000E+001   6.4391243E-002   5.0914749E-004   1.1812973E-001   1.0226664E-003
   1.0800000E+001   6.3757628E-002   3.8293683E-004   1.2002250E-001   8.5609591E-004
   1.0840000E+001   6.3233720E-002   4.0827962E-004   1.2227585E-001   8.5647134E-004
   1.0880001E+001   6.2776659E-002   3.8209127E-004   1.2423901E-001   8.7550768E-004
   1.0920000E+001   6.2226825E-002   3.5448469E-004   1.2556170E-001   9.3629842E-004
   1.0960000E+001   6.1475508E-002   3.4168187E-004   1.2149650E-001   9.0826433E-004
   1.1000000E+001   6.0649394E-002   3.2008425E-004   1.1676800E-001   8.2555042E-004
   1.1040000E+001   5.9945859E-002   3.3167109E-004   1.5355686E-003   1.8402409E-005
   1.1080000E+001   5.9132789E-002   3.3215219E-004   2.7745795E-003   3.4847737E-005
   1.1120000E+001   5.8237129E-002   3.6849712E-004   4.0670135E-003   5.3428725E-005
   1.1160001E+001   5.7594080E-002   3.3524161E-004   5.2466282E-003   5.9919754E-005
   1.1200000E+001   5.6948941E-002   3.3448042E-004   6.3921405E-003   7.1944467E-005
   1.1240000E+001   5.6276156E-002   4.1105729E-004   7.5276976E-003   8.6298985E-005
   1.1280000E+001   5.5621016E-002   3.9574473E-004   8.6707170E-003   9.8198558E-005
   1.1320000E+001   5.4983034E-002   3.8837117E-004   9.7392337E-003   1.0461111E-004
   1.1360000E+001   5.4567340E-002   4.0069839E-004   1.0703113E-002   1.1624381E-004
   1.1400000E+001   5.3901549E-002   3.7980798E-004   1.1772002E-002   1.2271524E-004
   1.1440001E+001   5.3491193E-002   4.0593966E-004   1.2784340E-002   1.4598227E-004
   1.1480000E+001   5.2900842E-002   3.5630701E-004   1.3784887E-002   1.5298402E-004
   1.1520000E+001   5.2272561E-002   3.5347069E-004   1.4702660E-002   1.5753763E-004
   1.1560000E+001   5.1943082E-002   4.0680389E-004   1.5562041E-002   1.5865272E-004
   1.1600000E+001   5.1309896E-002   3.3093504E-004   1.6476759E-002   1.5820283E-004
   1.1640000E+001   5.1031198E-002   3.6386144E-004   1.7382623E-002   1.6707464E-004
   1.1680000E+001   5.0859144E-002   3.6973456E-004   1.8235891E-002   1.7771254E-004
   1.1720001E+001   5.0452982E-002   3.4637777E-004   1.9197204E-002   2.2829000E-004
   1.1760000E+001   5.0172094E-002   3.2349803E-004   2.0006464E-002   1.8288521E-004
   1.1799999E+001   4.9916919E-002   3.3522605E-004   2.0792140E-002   1.9484385E-004
   1.1840000E+001   4.9580640E-002   3.2190283E-004   2.1711153E-002   1.8514674E-004
   1.1880000E+001   4.9304536E-002   3.4671272E-004   2.2425641E-002   1.8999629E-004
   1.1920000E+001   4.9102990E-002   3.1495229E-004   2.3198404E-002   1.8618686E-004
   1.1960000E+001   4.8951039E-002   3.3524265E-004   2.3886035E-002   1.9536018E-004
   1.2000000E+001   4.8742523E-002   3.2040238E-004   2.4602113E-002   1.9873968E-004
   1.2040000E+001   4.8732787E-002   3.2585750E-004   2.5319045E-002   1.9962792E-004
   1.2079999E+001   4.8549636E-002   3.1761206E-004   2.6000583E-002   2.2928666E-004
   1.2120000E+001   4.8482641E-002   3.0720133E-004   2.6718527E-002   2.2418223E-004
   1.2160000E+001   4.8404933E-002   3.0704270E-004   2.7476535E-002   2.2720662E-004
   1.2200000E+001   4.8413385E-002   2.9219039E-004   2.8105219E-002   2.2739217E-004
   1.2240000E+001   4.8444205E-002   2.9482375E-004   2.8774473E-002   2.4030442E-004
   1.2280000E+001   4.8263357E-002   3.6366603E-004   2.9508114E-002   2.5855714E-004
   1.2320000E+001   4.8324243E-002   3.9108699E-004   3.0129355E-002   2.5733923E-004
   1.2359999E+001   4.8499248E-002   3.7173292E-004   3.0822289E-002   2.6877652E-004
   1.2400000E+001   4.8423597E-002   4.5095795E-004   3.1339053E-002   2.4423645E-004
   1.2440000E+001   4.8311212E-002   5.1462486E-004   3.1943889E-002   2.4472655E-004
   1.2480000E+001   4.8346826E-002   4.6238019E-004   3.2547777E-002   2.4159629E-004
   1.2520000E+001   4.8313639E-002   4.7085349E-004   3.3119221E-002   2.2264845E-004
   1.2560000E+001   4.8312986E-002   5.2665935E-004   3.3527470E-002   2.2814385E-004
   1.2600000E+001   4.8435564E-002   4.5510041E-004   3.4108883E-002   2.2673237E-004
   1.2640001E+001   4.8352133E-002   3.7768367E-004   3.4660406E-002   2.4154072E-004
   1.2680000E+001   4.8384304E-002   3.4192553E-004   3.5174631E-002   2.2695859E-004
   1.2720000E+001   4.8456339E-002   3.5125232E-004   3.5660760E-002   2.5303272E-004
   1.2760000E+001   4.8423681E-002   3.4061569E-004   3.6419691E-002   2.6634886E-004
   1.2800000E+001   4.8665933E-002   3.5875140E-004   3.6822036E-002   2.7376872E-004
   1.2840000E+001   4.8477184E-002   3.8462686E-004   3.7341877E-002   2.6598695E-004
   1.2880000E+001   4.8457655E-002   3.6621856E-004   3.7847948E-002   2.8983408E-004
   1.2920001E+001   4.8430480E-002   3.7105031E-004   3.8445373E-002   2.6705046E-004
   1.2960000E+001   4.8637703E-002   3.8270837E-004   3.8900313E-002   2.5295477E-004
   1.3000000E+001   4.8605941E-002   4.6330266E-004   3.9455073E-002   2.1789137E-004
   1.3040000E+001   4.8701322E-002   4.1910623E-004   4.0035582E-002   2.2224845E-004
   1.3080000E+001   4.8726445E-002   5.1034981E-004   4.0496511E-002   2.4101639E-004
   1.3120000E+001   4.8689641E-002   5.4416647E-004   4.0957583E-002   2.4015482E-004
   1.3160000E+001   4.9065271E-002   5.7168811E-004   4.1421545E-002   2.2699604E-004
   1.3200001E+001   4.9252729E-002   4.6673533E-004   4.1682737E-002   2.3602791E-004
   1.3240000E+001   4.9568139E-002   4.9261541E-004   4.2109783E-002   2.4777210E-004
   1.3279999E+001   4.9641227E-002   4.6980465E-004   4.2579566E-002   2.6418022E-004
   1.3320000E+001   4.9625802E-002   5.2300114E-004   4.2808233E-002   2.6623728E-004
   1.3360000E+001   4.9849574E-002   4.5531908E-004   4.3163193E-002   2.5859030E-004
   1.3400000E+001   4.9847584E-002   4.3599415E-004   4.3617569E-002   2.5370709E-004
   1.3440000E+001   4.9972463E-002   3.9734918E-004   4.3931677E-002   2.1591242E-004
   1.3480000E+001   5.0066737E-002   4.2208093E-004   4.4316155E-002   2.1975407E-004
   1.3520000E+001   5.0099903E-002   3.7716163E-004   4.4650676E-002   2.3887257E-004
   1.3559999E+001   5.0336218E-002   3.8853558E-004   4.4987286E-002   2.8308243E-004
   1.3600000E+001   5.0462087E-002   4.0479942E-004   4.5236063E-002   2.7954824E-004
   1.3640000E+001   5.0736838E-002   3.9599516E-004   4.5452106E-002   3.2013395E-004
   1.3680000E+001   5.1016534E-002   3.5179630E-004   4.5577481E-002   2.8730209E-004
   1.3720000E+001   5.1081942E-002   3.4262409E-004   4.5867302E-002   2.8510677E-004
   1.3760000E+001   5.1258596E-002   3.6186509E-004   4.6092265E-002   2.7197060E-004
   1.3800000E+001   5.1456611E-002   3.5730822E-004   4.6496898E-002   3.0472796E-004
   1.3839999E+001   5.1639016E-002   3.8134804E-004   4.7001966E-002   2.7935899E-004
   1.3880000E+001   5.1743116E-002   4.0958879E-004   4.7301354E-002   2.7859257E-004
   1.3920000E+001   5.1880783E-002   4.2360373E-004   4.7831715E-002   2.8969816E-004
   1.3960000E+001   5.2058186E-002   4.1095881E-004   4.8045076E-002   2.9053853E-004
   1.4000000E+001   5.2179564E-002   3.8991063E-004   4.8552636E-002   2.7283189E-004
   1.4040000E+001   5.2579379E-002   4.0197603E-004   4.8985544E-002   3.0224196E-004
   1.4080000E+001   5.2787773E-002   3.6634102E-004   4.9289779E-002   2.8222914E-004
   1.4119999E+001   5.3097521E-002   3.2657701E-004   4.9656508E-002   3.0025917E-004
   1.4160000E+001   5.3199944E-002   3.2352324E-004   5.0219218E-002   3.3800257E-004
   1.4200000E+001   5.3570268E-002   3.6599433E-004   5.0388669E-002   3.2501391E-004
   1.4240000E+001   5.3600587E-002   3.6462254E-004   5.0759749E-002   3.0386890E-004
   1.4280000E+001   5.3951233E-002   3.4869256E-004   5.0968108E-002   2.9927828E-004
   1.4320000E+001   5.4237692E-002   3.4752752E-004   5.1542253E-002   3.0213511E-004
   1.4360000E+001   5.4511933E-002   3.5046870E-004   5.1981123E-002   3.5930764E-004
   1.4400001E+001   5.4801911E-002   3.2007189E-004   5.2193004E-002   4.0358641E-004
   1.4440000E+001   5.4937284E-002   3.3162433E-004   5.2335299E-002   3.8820428E-004
   1.4480000E+001   5.5302845E-002   3.3656961E-004   5.2754920E-002   4.2112816E-004
   1.4520000E+001   5.5493831E-002   3.6563294E-004   5.3065835E-002   3.8720907E-004
   1.4560000E+001   5.5909542E-002   3.5854781E-004   5.3597811E-002   3.9429667E-004
   1.4600000E+001   5.6098236E-002   3.7068355E-004   5.3950469E-002   4.2062032E-004
   1.4640000E+001   5.6401873E-002   3.5575010E-004   5.4290869E-002   4.0656806E-004
   1.4680001E+001   5.6746935E-002   3.2865686E-004   5.4770342E-002   4.1019960E-004
   1.4720000E+001   5.7023523E-002   3.4179865E-004   5.5020929E-002   4.6031187E-004
   1.4760000E+001   5.7375857E-002   3.2664925E-004   5.5469513E-002   3.6572012E-004
   1.4800000E+001   5.7732730E-002   3.5473080E-004   5.6010907E-002   3.3873509E-004
   1.4840000E+001   5.8020988E-002   3.6564875E-004   5.6296451E-002   3.4317606E-004
   1.4880000E+001   5.8233436E-002   3.5370419E-004   5.6635418E-002   3.1602623E-004
   1.4920000E+001   5.8440663E-002   3.6687107E-004   5.6980335E-002   3.1816881E-004
   1.4960001E+001   5.8827919E-002   3.8753884E-004   5.7599874E-002   3.1672576E-004
   1.5000000E+001   5.9147833E-002   3.9936788E-004   5.7966876E-002   3.1036321E-004
   1.5039999E+001   5.9355636E-002   3.6603146E-004   5.8203637E-002   3.4098729E-004
   1.5080000E+001   5.9722229E-002   3.8161927E-004   5.8455343E-002   3.5243084E-004
   1.5120000E+001   6.0008733E-002   4.1132691E-004   5.8672465E-002   3.7702834E-004
   1.5160000E+001   6.0360540E-002   4.1456313E-004   5.9166070E-002   4.1056427E-004
   1.5200000E+001   6.0565109E-002   4.2118914E-004   5.9440784E-002   4.1553676E-004
   1.5240000E+001   6.0869143E-002   4.1296008E-004   5.9835166E-002   4.1813988E-004
   1.5280000E+001   6.1081358E-002   4.1595203E-004   6.0186795E-002   3.9285822E-004
   1.5319999E+001   6.1428165E-002   4.0264825E-004   6.0481140E-002   4.0641894E-004
   1.5360000E+001   6.1632569E-002   4.1230541E-004   6.0742959E-002   4.5635745E-004
   1.5400000E+001   6.1918216E-002   4.1868477E-004   6.1174796E-002   4.2816679E-004
   1.5440000E+001   6.2276551E-002   3.2856737E-004   6.1563030E-002   4.8603588E-004
   1.5480000E+001   6.2502678E-002   3.4792192E-004   6.1790127E-002   4.4849224E-004
   1.5520000E+001   6.2743657E-002   4.4298684E-004   6.2238894E-002   4.4411184E-004
   1.5560000E+001   6.3350731E-002   4.9256257E-004   6.2370178E-002   4.3229310E-004
   1.5599999E+001   6.3660664E-002   5.1782132E-004   6.3081083E-002   4.4260884E-004
   1.5640000E+001   6.4015859E-002   5.1217155E-004   6.3348059E-002   4.3911704E-004
   1.5680000E+001   6.4275662E-002   5.3902173E-004   6.3882372E-002   4.2846525E-004
   1.5720000E+001   6.4864206E-002   6.7362144E-004   6.4083717E-002   4.3676101E-004
   1.5760000E+001   6.5044448E-002   6.6483904E-004   6.4304955E-002   4.3806114E-004
   1.5800000E+001   6.5373427E-002   7.4326586E-004   6.4757593E-002   4.3790137E-004
   1.5840000E+001   6.5896098E-002   5.5204503E-004   6.4856404E-002   4.2733649E-004
   1.5880001E+001   6.6039973E-002   5.2755827E-004   6.5358704E-002   4.4205423E-004
   1.5920000E+001   6.6205037E-002   5.5319633E-004   6.5791345E-002   4.6265595E-004
   1.5960000E+001   6.6663629E-002   5.1820615E-004   6.6166732E-002   4.2792225E-004
   1.6000000E+001   6.7006294E-002   5.8731169E-004   6.6600816E-002   4.9764634E-004
   1.6040000E+001   6.7404374E-002   5.6083821E-004   6.6815674E-002   5.1986450E-004
   1.6080000E+001   6.7779162E-002   5.2219985E-004   6.7246568E-002   5.0907239E-004
   1.6120000E+001   6.8138078E-002   4.6236385E-004   6.7679005E-002   5.8425433E-004
   1.6160001E+001   6.8448710E-002   4.8096243E-004   6.8255331E-002   4.7888423E-004
   1.6200000E+001   6.8976845E-002   4.6183279E-004   6.8670359E-002   4.6698584E-004
   1.6240000E+001   6.9468082E-002   4.4259191E-004   6.9164413E-002   4.6284172E-004
   1.6280000E+001   6.9727207E-002   4.2947821E-004   6.9265886E-002   3.9179558E-004
   1.6320000E+001   7.0208375E-002   4.9711578E-004   6.9593640E-002   4.1440192E-004
   1.6360000E+001   7.0503705E-002   4.8511915E-004   7.0008878E-002   3.9284364E-004
   1.6400000E+001   7.0617913E-002   5.1516990E-004   7.0306721E-002   3.7166520E-004
   1.6440001E+001   7.1140478E-002   5.2962948E-004   7.0661074E-002   3.5636508E-004
   1.6480000E+001   7.1718240E-002   4.9715395E-004   7.1082691E-002   3.4554430E-004
   1.6520000E+001   7.1990688E-002   4.8031682E-004   7.1505412E-002   3.3624732E-004
   1.6560000E+001   7.2426438E-002   4.8625407E-004   7.1730036E-002   4.1060101E-004
   1.6600000E+001   7.2818863E-002   4.5668821E-004   7.2180038E-002   4.0093029E-004
   1.6640000E+001   7.3332291E-002   4.6283716E-004   7.2760835E-002   4.4016962E-004
   1.6680000E+001   7.3690889E-002   4.7338184E-004   7.3037398E-002   4.2930617E-004
   1.6720001E+001   7.4409041E-002   4.7818427E-004   7.3300364E-002   3.8482338E-004
   1.6760000E+001   7.4965574E-002   4.8291844E-004   7.3649884E-002   4.3085051E-004
   1.6799999E+001   7.5371605E-002   4.7282758E-004   7.4127678E-002   3.3166533E-004
   1.6840000E+001   7.5549792E-002   4.5916168E-004   7.4643043E-002   4.5473118E-004
   1.6880000E+001   7.6026695E-002   4.8565124E-004   7.4746319E-002   4.7237372E-004
   1.6920000E+001   7.6362674E-002   4.5033562E-004   7.5095441E-002   4.8255256E-004
   1.6960000E+001   7.6534505E-002   4.8452557E-004   7.5673999E-002   4.5324208E-004
   1.7000000E+001   7.7042373E-002   4.6442600E-004   7.5793435E-002   4.5654691E-004
   1.7040000E+001   7.7452038E-002   4.2365001E-004   7.6148752E-002   4.3473368E-004
   1.7079999E+001   7.7975162E-002   3.6460724E-004   7.6567734E-002   3.8949905E-004
   1.7120000E+001   7.8481072E-002   4.1089197E-004   7.7025026E-002   4.0671752E-004
   1.7160000E+001   7.9039999E-002   4.6377567E-004   7.7519072E-002   3.9184234E-004
   1.7200000E+001   7.9119864E-002   4.6872786E-004   7.8030816E-002   4.2424183E-004
   1.7240000E+001   7.9535198E-002   3.8043228E-004   7.8307048E-002   4.3087176E-004
   1.7280000E+001   7.9880354E-002   3.4342789E-004   7.8730488E-002   4.1430404E-004
   1.7320000E+001   8.0216237E-002   3.2276134E-004   7.9395890E-002   4.0099919E-004
   1.7359999E+001   8.0661699E-002   4.1796069E-004   7.9813875E-002   4.0778753E-004
   1.7400000E+001   8.1169537E-002   3.9469547E-004   8.0320783E-002   3.9244203E-004
   1.7440000E+001   8.1420656E-002   3.3322858E-004   8.0545218E-002   3.9876282E-004
   1.7480000E+001   8.1540830E-002   3.2120798E-004   8.0789652E-002   3.6690128E-004
   1.7520000E+001   8.1902493E-002   3.1082193E-004   8.1064421E-002   3.8962426E-004
   1.7560000E+001   8.2294624E-002   3.0403875E-004   8.1772575E-002   4.0594738E-004
   1.7600000E+001   8.2484375E-002   3.2110515E-004   8.2064090E-002   3.7573374E-004
   1.7640001E+001   8.2880369E-002   3.6920646E-004   8.2473393E-002   3.9318017E-004
   1.7680000E+001   8.3250451E-002   4.4472979E-004   8.3054363E-002   3.7875228E-004
   1.7720000E+001   8.3862006E-002   4.1452345E-004   8.3331194E-002   3.9172036E-004
   1.7760000E+001   8.4122903E-002   4.4302957E-004   8.3720984E-002   3.6466352E-004
   1.7800000E+001   8.4329446E-002   4.0328118E-004   8.4246502E-002   3.9982163E-004
   1.7840000E+001   8.4620214E-002   4.2203200E-004   8.4597856E-002   3.5435102E-004
   1.7880000E+001   8.5049878E-002   4.1291903E-004   8.4752660E-002   3.7500238E-004
   1.7920001E+001   8.5509066E-002   4.0987404E-004   8.5235574E-002   4.0256187E-004
   1.7960000E+001   8.6157562E-002   4.0733321E-004   8.5478533E-002   3.5380549E-004
   1.8000000E+001   8.6573385E-002   4.9894792E-004   8.5730290E-002   3.8418883E-004
   1.8040000E+001   8.6987032E-002   5.2465537E-004   8.6196084E-002   3.8381271E-004
   1.8080000E+001   8.7508890E-002   4.8582624E-004   8.6522589E-002   3.7165374E-004
   1.8120000E+001   8.7887438E-002   4.8832402E-004   8.6987208E-002   3.9077521E-004
   1.8160000E+001   8.8466822E-002   4.2259852E-004   8.7390597E-002   3.9865367E-004
   1.8200001E+001   8.8880368E-002   4.7721102E-004   8.7784250E-002   3.6884613E-004
   1.8240000E+001   8.9553484E-002   5.3038548E-004   8.8253323E-002   4.1118807E-004
   1.8279999E+001   8.9750961E-002   5.5823876E-004   8.8825388E-002   3.9294066E-004
   1.8320000E+001   9.0108685E-002   4.4361584E-004   8.9232301E-002   3.7060753E-004
   1.8360000E+001   9.0608484E-002   4.2819057E-004   8.9447089E-002   4.2080080E-004
   1.8400000E+001   9.1137139E-002   5.5775545E-004   8.9839260E-002   4.4639494E-004
   1.8440000E+001   9.1562813E-002   6.0379725E-004   8.9946077E-002   4.5877595E-004
   1.8480000E+001   9.1879136E-002   5.8023624E-004   9.0213359E-002   4.4245888E-004
   1.8520000E+001   9.2252636E-002   5.2919040E-004   9.0808926E-002   4.2379791E-004
   1.8559999E+001   9.2935945E-002   5.0746852E-004   9.1365387E-002   4.2693246E-004
   1.8600000E+001   9.3565291E-002   5.1663470E-004   9.2062335E-002   4.2750615E-004
   1.8640000E+001   9.4001730E-002   5.3220878E-004   9.2561644E-002   3.8155614E-004
   1.8680000E+001   9.4159611E-002   4.9780755E-004   9.2996300E-002   4.1787059E-004
   1.8720000E+001   9.4650157E-002   4.7971715E-004   9.3403473E-002   4.0408813E-004
   1.8760000E+001   9.5078920E-002   4.6616966E-004   9.3685988E-002   4.5908031E-004
   1.8800000E+001   9.5368303E-002   4.8895206E-004   9.4186878E-002   4.2576504E-004
   1.8839999E+001   9.5636339E-002   4.8279924E-004   9.4514463E-002   4.1119110E-004
   1.8880000E+001   9.5909661E-002   4.9996276E-004   9.5132589E-002   4.3626037E-004
   1.8920000E+001   9.6205351E-002   4.5332897E-004   9.5799567E-002   4.2005942E-004
   1.8960000E+001   9.6731926E-002   4.8000036E-004   9.6226980E-002   4.2331372E-004
   1.9000000E+001   9.7103075E-002   4.4810793E-004   9.6855171E-002   4.2455448E-004
   1.9040000E+001   9.7364828E-002   4.6815260E-004   9.7118653E-002   4.7554269E-004
   1.9080000E+001   9.7885464E-002   4.5983525E-004   9.7456466E-002   4.3903184E-004
   1.9119999E+001   9.8333508E-002   3.9749206E-004   9.7854741E-002   5.7330988E-004
   1.9160000E+001   9.8926552E-002   4.0983173E-004   9.8222446E-002   4.3219746E-004
   1.9200000E+001   9.9501478E-002   4.4324547E-004   9.8744966E-002   5.0208167E-004
   1.9240000E+001   9.9827691E-002   4.2101384E-004   9.9353833E-002   4.0080776E-004
   1.9280000E+001   1.0006441E-001   4.3968640E-004   9.9987704E-002   4.0158289E-004
   1.9320000E+001   1.0078708E-001   4.7470013E-004   1.0037111E-001   4.4248451E-004
   1.9360000E+001   1.0095294E-001   5.3716527E-004   1.0075493E-001   5.1373337E-004
   1.9400001E+001   1.0144185E-001   5.7784862E-004   1.0144648E-001   5.3466268E-004
   1.9440000E+001   1.0171477E-001   5.7693656E-004   1.0201717E-001   5.3110504E-004
   1.9480000E+001   1.0235037E-001   6.3587258E-004   1.0273784E-001   5.6262749E-004
   1.9520000E+001   1.0275695E-001   7.2804929E-004   1.0291790E-001   6.3641921E-004
   1.9560000E+001   1.0340605E-001   7.1169622E-004   1.0324888E-001   6.3101566E-004
   1.9600000E+001   1.0360690E-001   7.7258774E-004   1.0374421E-001   6.8046923E-004
   1.9640000E+001   1.0408944E-001   7.0796787E-004   1.0436572E-001   7.6557860E-004
   1.9680001E+001   1.0456932E-001   8.0887037E-004   1.0464333E-001   7.9466882E-004
   1.9720000E+001   1.0487360E-001   9.1333645E-004   1.0509311E-001   7.8370168E-004
   1.9760000E+001   1.0532445E-001   7.0465630E-004   1.0574983E-001   8.2998035E-004
   1.9800000E+001   1.0587235E-001   7.7199863E-004   1.0605935E-001   8.0451397E-004
   1.9840000E+001   1.0630698E-001   7.6081829E-004   1.0649886E-001   8.4016186E-004
   1.9880000E+001   1.0679873E-001   8.5619466E-004   1.0706499E-001   8.2762325E-004
   1.9920000E+001   1.0696862E-001   8.0803618E-004   1.0725581E-001   9.3264256E-004
   1.9960001E+001   1.0735084E-001   8.1919035E-004   1.0741324E-001   8.8174137E-004
   2.0000000E+001   1.0764741E-001   8.1252201E-004   1.0781401E-001   9.4165916E-004
=======
   1.0400000E+000   7.8356704E-006   1.3432545E-007   2.2769730E-006   7.6329767E-008
   1.0800000E+000   1.9719954E-005   3.4430184E-007   5.7091813E-006   2.1499042E-007
   1.1200000E+000   3.2361842E-005   5.6481945E-007   9.5341007E-006   3.0331563E-007
   1.1600000E+000   4.5709161E-005   8.3554913E-007   1.3791061E-005   4.2360723E-007
   1.2000000E+000   5.9883830E-005   1.0041371E-006   1.8056202E-005   5.5364729E-007
   1.2400000E+000   7.5422984E-005   1.2182717E-006   2.2653988E-005   6.6391132E-007
   1.2800001E+000   9.2496641E-005   1.4108917E-006   2.7808179E-005   7.8499297E-007
   1.3200000E+000   1.1062683E-004   1.6463582E-006   3.2967763E-005   8.7205797E-007
   1.3600001E+000   1.2915972E-004   2.0743986E-006   3.8259830E-005   1.0011313E-006
   1.4000000E+000   1.4775571E-004   2.3663664E-006   4.4090448E-005   1.1377997E-006
   1.4399999E+000   1.6750619E-004   2.5639852E-006   5.0376315E-005   1.2791126E-006
   1.4800000E+000   1.8864421E-004   2.7796966E-006   5.5905159E-005   1.4464910E-006
   1.5200000E+000   2.1040468E-004   3.0208983E-006   6.2051766E-005   1.5191581E-006
   1.5600000E+000   2.3322877E-004   3.1779497E-006   6.8578599E-005   1.7384121E-006
   1.6000000E+000   2.5744445E-004   3.3754964E-006   7.5827485E-005   1.8919641E-006
   1.6400000E+000   2.8242392E-004   3.7100019E-006   8.2458045E-005   1.9604155E-006
   1.6800000E+000   3.0644754E-004   4.3248222E-006   8.8898567E-005   1.9268721E-006
   1.7200001E+000   3.3202464E-004   4.8354771E-006   9.6835946E-005   2.0206184E-006
   1.7600000E+000   3.5978679E-004   5.0279988E-006   1.0560144E-004   2.1540325E-006
   1.8000001E+000   3.9014415E-004   5.5172700E-006   1.1400285E-004   2.2644509E-006
   1.8400000E+000   4.2071988E-004   5.8646233E-006   1.2265094E-004   2.3421485E-006
   1.8799999E+000   4.5275406E-004   5.7058690E-006   1.3091082E-004   2.4460574E-006
   1.9200000E+000   4.8204757E-004   5.9062953E-006   1.3942399E-004   2.6417493E-006
   1.9599999E+000   5.1376537E-004   6.1290017E-006   1.4815581E-004   2.8508108E-006
   2.0000000E+000   5.4763289E-004   6.4711495E-006   1.5701716E-004   2.9048213E-006
   2.0400000E+000   5.8077323E-004   6.9016354E-006   1.6661515E-004   3.0123984E-006
   2.0800000E+000   6.1542212E-004   7.3649494E-006   1.7682426E-004   3.1814573E-006
   2.1200000E+000   6.5276055E-004   7.7049015E-006   1.8603948E-004   3.3303483E-006
   2.1600001E+000   6.8871525E-004   7.9305370E-006   1.9496736E-004   3.4406573E-006
   2.2000000E+000   7.2441441E-004   8.0526332E-006   2.0477390E-004   3.5634446E-006
   2.2400001E+000   7.6504777E-004   8.9057683E-006   2.1421748E-004   3.7334313E-006
   2.2800000E+000   8.0478251E-004   9.1542881E-006   2.2424749E-004   3.9638238E-006
   2.3199999E+000   8.4659567E-004   9.1431855E-006   2.3425557E-004   4.0157129E-006
   2.3600000E+000   8.8821661E-004   9.4607927E-006   2.4386394E-004   4.1372590E-006
   2.3999999E+000   9.3183834E-004   9.5364070E-006   2.5464799E-004   4.2479088E-006
   2.4400000E+000   9.7696893E-004   9.7763917E-006   2.6590808E-004   4.4487187E-006
   2.4800000E+000   1.0214350E-003   1.0237099E-005   2.7626150E-004   4.9686496E-006
   2.5200000E+000   1.0681750E-003   1.0654420E-005   2.8635419E-004   5.2798409E-006
   2.5600001E+000   1.1171086E-003   1.1308749E-005   2.9606380E-004   5.3779681E-006
   2.5999999E+000   1.1643134E-003   1.1147746E-005   3.0676317E-004   5.5612138E-006
   2.6400000E+000   1.2085476E-003   1.1701082E-005   3.1724893E-004   5.5323534E-006
   2.6800001E+000   1.2565741E-003   1.2112660E-005   3.2682888E-004   5.5303744E-006
   2.7200001E+000   1.3069327E-003   1.2153081E-005   3.3805640E-004   5.4907810E-006
   2.7599999E+000   1.3614272E-003   1.3057914E-005   3.5094637E-004   5.6337601E-006
   2.8000000E+000   1.4137698E-003   1.3451675E-005   3.6195734E-004   5.2901250E-006
   2.8400001E+000   1.4707558E-003   1.3968840E-005   3.7423769E-004   5.3015325E-006
   2.8799999E+000   1.5267785E-003   1.4319071E-005   3.8719305E-004   5.7446930E-006
   2.9200000E+000   1.5834436E-003   1.4437568E-005   3.9983636E-004   5.6186118E-006
   2.9600000E+000   1.6431993E-003   1.4744411E-005   4.1189823E-004   5.7440166E-006
   3.0000001E+000   1.7023788E-003   1.4989975E-005   4.2223796E-004   6.2014506E-006
   3.0399999E+000   1.7628267E-003   1.4072786E-005   4.3398552E-004   6.2109163E-006
   3.0800000E+000   1.8234008E-003   1.3896530E-005   4.4471232E-004   6.2172685E-006
   3.1200001E+000   1.8886593E-003   1.4206747E-005   4.5603027E-004   6.5189065E-006
   3.1600001E+000   1.9513494E-003   1.5731624E-005   4.6546662E-004   6.5361012E-006
   3.1999999E+000   2.0175808E-003   1.6420379E-005   4.7369611E-004   6.4138343E-006
   3.2400000E+000   2.0868988E-003   1.7100850E-005   4.8274001E-004   6.3341439E-006
   3.2800001E+000   2.1566532E-003   1.7563758E-005   4.9432316E-004   6.6370578E-006
   3.3199999E+000   2.2227233E-003   1.7579231E-005   5.0532265E-004   6.8828848E-006
   3.3600000E+000   2.2950838E-003   1.7272367E-005   5.1594523E-004   7.1965509E-006
   3.4000000E+000   2.3685880E-003   1.7366737E-005   5.2835819E-004   7.2806633E-006
   3.4400001E+000   2.4404498E-003   1.7516235E-005   5.3915461E-004   7.1403984E-006
   3.4799999E+000   2.5139597E-003   1.7614764E-005   5.5073607E-004   6.9818028E-006
   3.5200000E+000   2.5925194E-003   1.8584894E-005   5.5935638E-004   6.9287221E-006
   3.5600001E+000   2.6653641E-003   1.8919641E-005   5.6888404E-004   7.1283649E-006
   3.6000001E+000   2.7427177E-003   1.8459829E-005   5.7842713E-004   7.1667243E-006
   3.6399999E+000   2.8201069E-003   1.7705434E-005   5.8650022E-004   7.1930185E-006
   3.6800000E+000   2.9004048E-003   1.8151091E-005   5.9762236E-004   7.3020256E-006
   3.7200001E+000   2.9783183E-003   1.8431810E-005   6.0946108E-004   7.3927625E-006
   3.7599999E+000   3.0574963E-003   1.8471762E-005   6.1748533E-004   7.4512734E-006
   3.8000000E+000   3.1414173E-003   1.8964508E-005   6.2680991E-004   7.4448332E-006
   3.8400000E+000   3.2248454E-003   1.9218080E-005   6.3644651E-004   7.3784806E-006
   3.8800001E+000   3.3112774E-003   1.9928066E-005   6.4200497E-004   7.2880046E-006
   3.9199999E+000   3.4056161E-003   2.0868867E-005   6.4707449E-004   7.3471673E-006
   3.9600000E+000   3.4952254E-003   2.1187293E-005   6.5443843E-004   8.0084932E-006
   4.0000001E+000   3.5929378E-003   2.1413346E-005   6.6160374E-004   8.0607233E-006
   4.0400001E+000   3.6885249E-003   2.1834915E-005   6.6695714E-004   7.8993429E-006
   4.0799999E+000   3.7819677E-003   2.2092013E-005   6.7151454E-004   7.8818270E-006
   4.1200000E+000   3.8736386E-003   2.2831618E-005   6.7632157E-004   7.9433683E-006
   4.1600001E+000   3.9687263E-003   2.2445045E-005   6.7900383E-004   7.7965104E-006
   4.1999999E+000   4.0662172E-003   2.2523427E-005   6.8257297E-004   8.0260136E-006
   4.2399999E+000   4.1617809E-003   2.2558019E-005   6.8855480E-004   7.6006942E-006
   4.2800000E+000   4.2619110E-003   2.3142726E-005   6.9397705E-004   7.3981336E-006
   4.3200001E+000   4.3652490E-003   2.2679330E-005   6.9751231E-004   6.9275964E-006
   4.3599999E+000   4.4708389E-003   2.3330011E-005   6.9929686E-004   7.0692450E-006
   4.4000000E+000   4.5811554E-003   2.2597540E-005   7.0366584E-004   7.3147630E-006
   4.4400001E+000   4.6930203E-003   2.2557848E-005   7.0699405E-004   6.9417851E-006
   4.4800001E+000   4.8031427E-003   2.2091814E-005   7.0941672E-004   7.0949532E-006
   4.5199999E+000   4.9192435E-003   2.2416993E-005   7.1200463E-004   6.9839141E-006
   4.5600000E+000   5.0388694E-003   2.0918569E-005   7.1140261E-004   6.9556520E-006
   4.6000001E+000   5.1573762E-003   2.0333042E-005   7.1118636E-004   6.8555236E-006
   4.6399999E+000   5.2733340E-003   2.0270700E-005   7.0983888E-004   6.6838700E-006
   4.6799999E+000   5.3938243E-003   2.1010519E-005   7.1027954E-004   6.9751284E-006
   4.7200000E+000   5.5200562E-003   2.1176667E-005   7.0677467E-004   7.0762844E-006
   4.7600001E+000   5.6416808E-003   2.1260001E-005   7.0187786E-004   6.6806889E-006
   4.7999999E+000   5.7704111E-003   2.1665603E-005   6.9674511E-004   6.7622954E-006
   4.8400000E+000   5.8932554E-003   2.1966159E-005   6.9185345E-004   7.2118064E-006
   4.8800001E+000   6.0245900E-003   2.2376329E-005   6.8422779E-004   6.9401770E-006
   4.9200001E+000   6.1581504E-003   2.2883428E-005   6.7635879E-004   6.7861008E-006
   4.9599999E+000   6.2902661E-003   2.5804018E-005   6.7009355E-004   7.1442967E-006
   5.0000000E+000   6.4224644E-003   2.5727835E-005   6.6144046E-004   7.0854558E-006
   5.0400001E+000   6.5620956E-003   2.6330126E-005   6.4972400E-004   6.6292761E-006
   5.0800002E+000   6.7028168E-003   2.7901252E-005   6.3591208E-004   6.0738919E-006
   5.1200002E+000   6.8451018E-003   3.0034869E-005   6.2338481E-004   5.6459698E-006
   5.1599997E+000   6.9888591E-003   2.8354191E-005   6.1147080E-004   5.4840808E-006
   5.1999998E+000   7.1291144E-003   2.9800168E-005   5.9681316E-004   5.2475688E-006
   5.2399999E+000   7.2861392E-003   3.0396960E-005   5.8095314E-004   5.1622702E-006
   5.2800000E+000   7.4410839E-003   3.0281255E-005   5.6556475E-004   4.9849897E-006
   5.3200001E+000   7.5992367E-003   3.0595305E-005   5.4644087E-004   4.9155251E-006
   5.3600001E+000   7.7556903E-003   3.0316900E-005   5.2813855E-004   5.0584694E-006
   5.4000002E+000   7.9153439E-003   2.8010699E-005   5.0746188E-004   5.1167961E-006
   5.4400003E+000   8.0705544E-003   2.8553146E-005   4.8530348E-004   4.7333878E-006
   5.4799998E+000   8.2370427E-003   2.8511730E-005   4.6285008E-004   4.5482410E-006
   5.5199999E+000   8.4101305E-003   2.8742244E-005   4.3824729E-004   3.8331306E-006
   5.5599999E+000   8.5793011E-003   2.8955424E-005   4.1368443E-004   3.6621959E-006
   5.6000000E+000   8.7482103E-003   2.8765250E-005   3.8853948E-004   3.7894776E-006
   5.6400001E+000   8.9247208E-003   2.9113361E-005   3.6139390E-004   3.5378688E-006
   5.6800002E+000   9.1025830E-003   2.9898925E-005   3.3148742E-004   3.2049163E-006
   5.7200003E+000   9.2923638E-003   3.0037816E-005   2.9873591E-004   2.6524214E-006
   5.7599998E+000   9.4715478E-003   2.9549840E-005   2.6531700E-004   2.4203164E-006
   5.7999998E+000   9.6515770E-003   2.8686757E-005   2.2830299E-004   2.0838071E-006
   5.8399999E+000   9.8399774E-003   2.8432874E-005   1.9189453E-004   1.7355702E-006
   5.8800000E+000   1.0027449E-002   2.8539271E-005   1.5391372E-004   1.4414317E-006
   5.9200001E+000   1.0222777E-002   2.8529379E-005   1.1565117E-004   1.0577035E-006
   5.9600002E+000   1.0416631E-002   2.8919554E-005   7.5014507E-005   7.0541847E-007
   6.0000002E+000   1.0621308E-002   2.8969623E-005   3.1596681E-005   2.9025064E-007
   6.0399997E+000   1.0825991E-002   2.9330676E-005   1.9406870E-002   6.3979429E-005
   6.0799998E+000   1.1031950E-002   3.6205317E-005   2.0730752E-002   6.8296114E-005
   6.1199999E+000   1.1233324E-002   4.0084603E-005   2.0958779E-002   7.0422440E-005
   6.1600000E+000   1.1437695E-002   3.8336273E-005   2.1192396E-002   6.9458676E-005
   6.2000000E+000   1.1639453E-002   4.0617094E-005   2.1427252E-002   6.7129355E-005
   6.2400001E+000   1.1841953E-002   3.9480835E-005   2.1665834E-002   6.7793087E-005
   6.2800002E+000   1.2046512E-002   3.9522663E-005   2.1910383E-002   6.4321047E-005
   6.3200003E+000   1.2246343E-002   3.8822611E-005   2.2158432E-002   6.2305600E-005
   6.3599998E+000   1.2453189E-002   3.7587788E-005   2.2399251E-002   6.0468302E-005
   6.3999999E+000   1.2659846E-002   3.9753960E-005   2.2648855E-002   6.1419738E-005
   6.4399999E+000   1.2851199E-002   4.1216490E-005   2.2895946E-002   6.0946186E-005
   6.4800000E+000   1.3047676E-002   4.1628523E-005   2.3148736E-002   6.2078510E-005
   6.5200001E+000   1.3248607E-002   4.1355835E-005   2.3401727E-002   6.2954649E-005
   6.5600002E+000   1.3462980E-002   4.0680331E-005   2.3673447E-002   6.4133836E-005
   6.6000003E+000   1.3679764E-002   3.8641576E-005   2.3931345E-002   6.4524754E-005
   6.6399997E+000   1.3885357E-002   4.0656792E-005   2.4192323E-002   6.6582412E-005
   6.6799998E+000   1.4091160E-002   4.0721407E-005   2.4436587E-002   6.6546426E-005
   6.7199999E+000   1.4298972E-002   4.2079669E-005   2.4704244E-002   6.4678880E-005
   6.7600000E+000   1.4505232E-002   4.2071565E-005   2.4979725E-002   6.5728855E-005
   6.8000001E+000   1.4702010E-002   4.1521819E-005   2.5262049E-002   6.4293423E-005
   6.8400002E+000   1.4910331E-002   4.0902898E-005   2.5544082E-002   6.8736590E-005
   6.8800002E+000   1.5119309E-002   4.1768656E-005   2.5827176E-002   6.5547831E-005
   6.9199997E+000   1.5322645E-002   4.0773754E-005   2.6115798E-002   6.3827625E-005
   6.9599998E+000   1.5522011E-002   4.1711743E-005   2.6411910E-002   5.8739506E-005
   6.9999999E+000   1.5730818E-002   4.2310707E-005   2.6706486E-002   5.5630276E-005
   7.0400000E+000   1.5921446E-002   4.3540774E-005   2.7004879E-002   6.3310862E-005
   7.0800000E+000   1.6120703E-002   4.3591854E-005   2.7309055E-002   6.4186823E-005
   7.1200001E+000   1.6331953E-002   4.1735017E-005   2.7595453E-002   6.2917211E-005
   7.1600002E+000   1.6541582E-002   4.0427351E-005   2.7892912E-002   5.7748744E-005
   7.2000003E+000   1.6756666E-002   4.0151816E-005   2.8192863E-002   5.7006791E-005
   7.2399998E+000   1.6970068E-002   4.1001308E-005   2.8506344E-002   5.6386915E-005
   7.2799999E+000   1.7180214E-002   3.8158681E-005   2.8816853E-002   5.5893661E-005
   7.3199999E+000   1.7398211E-002   3.7730580E-005   2.9156466E-002   5.2703314E-005
   7.3600000E+000   1.7614188E-002   3.8503701E-005   2.9475573E-002   5.3961691E-005
   7.4000001E+000   1.7833749E-002   3.8893633E-005   2.9800364E-002   5.3654249E-005
   7.4400002E+000   1.8038081E-002   4.0364990E-005   3.0129245E-002   5.3812244E-005
   7.4800003E+000   1.8242842E-002   4.1281577E-005   3.0476229E-002   5.1871170E-005
   7.5199997E+000   1.8446340E-002   4.2993984E-005   3.0807176E-002   4.9109380E-005
   7.5599998E+000   1.8652373E-002   4.6846044E-005   3.1141843E-002   4.8843564E-005
   7.5999999E+000   1.8865406E-002   4.7368336E-005   3.1491814E-002   4.7111179E-005
   7.6400000E+000   1.9069955E-002   4.8848317E-005   3.1843976E-002   5.0298514E-005
   7.6800001E+000   1.9260501E-002   5.1614160E-005   3.2188743E-002   5.0431712E-005
   7.7200001E+000   1.9460295E-002   5.5388155E-005   3.2524967E-002   5.2575293E-005
   7.7600002E+000   1.9654904E-002   5.7397994E-005   3.2860147E-002   5.5366681E-005
   7.7999997E+000   1.9848246E-002   5.7943455E-005   3.3188374E-002   5.7647557E-005
   7.8399998E+000   2.0045922E-002   5.5816721E-005   3.3546528E-002   6.1405977E-005
   7.8799999E+000   2.0240119E-002   5.2677200E-005   3.3897371E-002   7.8021152E-005
   7.9200000E+000   2.0442743E-002   5.7185825E-005   3.4255464E-002   8.1910739E-005
   7.9600000E+000   2.0645302E-002   5.6870687E-005   3.4616707E-002   6.2990178E-005
   8.0000001E+000   2.0853433E-002   5.8141749E-005   3.4983928E-002   6.3043218E-005
   8.0400002E+000   2.1047082E-002   5.9356775E-005   3.5365381E-002   6.4213227E-005
   8.0800003E+000   2.1240724E-002   5.4673217E-005   3.5766384E-002   9.0503560E-005
   8.1199998E+000   2.1425436E-002   5.5262190E-005   3.6142463E-002   9.1622800E-005
   8.1599998E+000   2.1598924E-002   4.5387080E-005   3.6525551E-002   6.5258408E-005
   8.1999999E+000   2.1772155E-002   4.6701510E-005   3.6913544E-002   9.9600605E-005
   8.2400000E+000   2.1953574E-002   4.5434544E-005   3.7311700E-002   1.0408549E-004
   8.2800001E+000   2.2145165E-002   4.6552460E-005   3.7699286E-002   9.5689123E-005
   8.3200002E+000   2.2346034E-002   6.3028360E-005   3.8098867E-002   9.5166073E-005
   8.3600003E+000   2.2526121E-002   6.4080644E-005   3.8510271E-002   9.8766333E-005
   8.3999997E+000   2.2700114E-002   4.7661265E-005   3.8937045E-002   1.1288085E-004
   8.4399998E+000   2.2885328E-002   4.6506316E-005   3.9368586E-002   1.1032084E-004
   8.4799999E+000   2.3072504E-002   4.7110451E-005   3.9796004E-002   1.0868606E-004
   8.5200000E+000   2.3247842E-002   6.9854012E-005   4.0220586E-002   1.0173918E-004
   8.5600001E+000   2.3423465E-002   6.8622172E-005   4.0672295E-002   1.0313966E-004
   8.6000001E+000   2.3607397E-002   5.6336731E-005   4.1118833E-002   1.1604209E-004
   8.6400002E+000   2.3792140E-002   4.5621044E-005   4.1559157E-002   1.0279284E-004
   8.6799997E+000   2.3976006E-002   6.8032820E-005   4.1996561E-002   1.0483574E-004
   8.7199998E+000   2.4142962E-002   7.1129847E-005   4.2441226E-002   1.0299256E-004
   8.7599999E+000   2.4310687E-002   6.9909249E-005   4.2903366E-002   1.2443639E-004
   8.8000000E+000   2.4485172E-002   6.2894364E-005   4.3362242E-002   1.2446365E-004
   8.8400000E+000   2.4656742E-002   7.6264114E-005   4.3821459E-002   1.3463947E-004
   8.8800001E+000   2.4826514E-002   5.7979795E-005   4.4278683E-002   1.3955677E-004
   8.9200002E+000   2.4992439E-002   5.7429113E-005   4.4754900E-002   1.3364035E-004
   8.9600003E+000   2.5145802E-002   5.8569764E-005   4.5235500E-002   1.3514962E-004
   8.9999998E+000   2.5309080E-002   5.8870762E-005   4.5740432E-002   1.4219582E-004
   9.0399998E+000   2.5466464E-002   5.9424243E-005   4.6240571E-002   1.4013772E-004
   9.0799999E+000   2.5623393E-002   6.4257120E-005   4.6732273E-002   1.4224362E-004
   9.1200000E+000   2.5780580E-002   6.6801198E-005   4.7221471E-002   1.3842823E-004
   9.1600001E+000   2.5936749E-002   6.6712458E-005   4.7720564E-002   1.3832217E-004
   9.2000002E+000   2.6081685E-002   6.7117155E-005   4.8228819E-002   1.4243160E-004
   9.2400002E+000   2.6241749E-002   6.2726106E-005   4.8726983E-002   1.4648138E-004
   9.2799997E+000   2.6377333E-002   5.9261687E-005   4.9253713E-002   1.4723549E-004
   9.3199998E+000   2.6518579E-002   5.8829252E-005   4.9779289E-002   1.5283303E-004
   9.3599999E+000   2.6662498E-002   5.9568894E-005   5.0278715E-002   1.6264419E-004
   9.4000000E+000   2.6799306E-002   5.6668119E-005   5.0799476E-002   1.6836163E-004
   9.4400001E+000   2.6937423E-002   5.7793294E-005   5.1338542E-002   1.7599708E-004
   9.4800001E+000   2.7056792E-002   5.7022585E-005   5.1894519E-002   1.8001901E-004
   9.5200002E+000   2.7172016E-002   6.0091174E-005   5.2451836E-002   1.9088033E-004
   9.5599997E+000   2.7285216E-002   6.2749803E-005   5.3007678E-002   1.9155192E-004
   9.5999998E+000   2.7413176E-002   6.3114409E-005   5.3563687E-002   1.8526452E-004
   9.6399999E+000   2.7534323E-002   6.5587365E-005   5.4141098E-002   1.8094668E-004
   9.6799999E+000   2.7641547E-002   6.6661331E-005   5.4733682E-002   1.8760431E-004
   9.7200000E+000   2.7774690E-002   6.4085941E-005   5.5335771E-002   1.9725191E-004
   9.7600001E+000   2.7909132E-002   6.5084382E-005   5.5932391E-002   1.9815369E-004
   9.8000002E+000   2.8020480E-002   6.7765607E-005   5.6521937E-002   1.8823536E-004
   9.8400003E+000   2.8141165E-002   6.8171578E-005   5.7121104E-002   1.9372008E-004
   9.8799998E+000   2.8244818E-002   6.8636205E-005   5.7737357E-002   1.8984900E-004
   9.9199998E+000   2.8326817E-002   6.7810063E-005   5.8358435E-002   1.8656114E-004
   9.9599999E+000   2.8422622E-002   6.7588929E-005   5.8974415E-002   1.8098460E-004
   1.0000000E+001   2.8503362E-002   6.9620919E-005   5.9593165E-002   1.8003736E-004
   1.0039999E+001   2.8581764E-002   6.7566699E-005   6.0209365E-002   1.7577669E-004
   1.0080000E+001   2.8658883E-002   6.4515561E-005   6.0840426E-002   1.8093159E-004
   1.0120000E+001   2.8724227E-002   6.6776519E-005   6.1499380E-002   1.7720026E-004
   1.0160000E+001   2.8796141E-002   6.7137553E-005   6.2163524E-002   1.7339789E-004
   1.0200000E+001   2.8854493E-002   6.5539202E-005   6.2824926E-002   1.7878994E-004
   1.0240000E+001   2.8924201E-002   6.8483037E-005   6.3504199E-002   1.8371537E-004
   1.0280000E+001   2.8978001E-002   6.9947253E-005   6.4177132E-002   1.8089906E-004
   1.0319999E+001   2.9027002E-002   6.7528638E-005   6.4865213E-002   1.8196250E-004
   1.0360000E+001   2.9071757E-002   6.2959912E-005   6.5575175E-002   1.9768574E-004
   1.0400000E+001   2.9102848E-002   5.8941059E-005   6.6298220E-002   2.0903447E-004
   1.0440000E+001   2.9132120E-002   5.6882724E-005   6.7032956E-002   2.1698359E-004
   1.0480000E+001   2.9168329E-002   5.8454030E-005   6.7788135E-002   2.2022388E-004
   1.0520000E+001   2.9184033E-002   5.9024396E-005   6.8556383E-002   2.2884705E-004
   1.0560000E+001   2.9193406E-002   5.5639151E-005   6.9338781E-002   2.4433282E-004
   1.0599999E+001   2.9201403E-002   5.7632237E-005   7.0102900E-002   2.4464801E-004
   1.0640000E+001   2.9208292E-002   5.7417427E-005   7.0835391E-002   2.4263837E-004
   1.0680000E+001   2.9197321E-002   5.7725736E-005   7.1594905E-002   2.3914946E-004
   1.0720000E+001   2.9177808E-002   5.8283056E-005   7.2383035E-002   2.2838699E-004
   1.0760000E+001   2.9153703E-002   5.6636013E-005   7.3181670E-002   2.2598756E-004
   1.0800000E+001   2.9129400E-002   5.6783433E-005   7.3992316E-002   2.2915173E-004
   1.0840000E+001   2.9109535E-002   5.6939997E-005   7.4806536E-002   2.4444511E-004
   1.0880001E+001   2.9075970E-002   5.6477245E-005   7.5616459E-002   2.4809669E-004
   1.0920000E+001   2.9044792E-002   5.6671247E-005   7.6451367E-002   2.5491679E-004
   1.0960000E+001   2.8991691E-002   5.9084465E-005   7.7295497E-002   2.6564865E-004
   1.1000000E+001   2.8926947E-002   5.7103883E-005   7.3875644E-002   2.4263178E-004
   1.1040000E+001   2.8849384E-002   5.6578793E-005   2.0289306E-004   6.7200994E-007
   1.1080000E+001   2.8786718E-002   5.6722864E-005   4.9022919E-004   1.7482980E-006
   1.1120000E+001   2.8740639E-002   5.6837506E-005   7.7645122E-004   2.8789009E-006
   1.1160001E+001   2.8691258E-002   6.5737345E-005   1.0638527E-003   3.6930403E-006
   1.1200000E+001   2.8641597E-002   5.6860105E-005   1.3481182E-003   4.4305442E-006
   1.1240000E+001   2.8574149E-002   6.9643874E-005   1.6265199E-003   5.7836297E-006
   1.1280000E+001   2.8536788E-002   7.0737973E-005   1.9098666E-003   6.3647756E-006
   1.1320000E+001   2.8494282E-002   7.1596202E-005   2.1875171E-003   7.2087623E-006
   1.1360000E+001   2.8448654E-002   5.6664700E-005   2.4626915E-003   8.5813731E-006
   1.1400000E+001   2.8397901E-002   5.6911385E-005   2.7392386E-003   9.4012641E-006
   1.1440001E+001   2.8359392E-002   6.9714362E-005   3.0187905E-003   1.0229649E-005
   1.1480000E+001   2.8332970E-002   7.1271099E-005   3.2974358E-003   1.0713135E-005
   1.1520000E+001   2.8305124E-002   6.4787268E-005   3.5676876E-003   1.1260020E-005
   1.1560000E+001   2.8271616E-002   6.7881344E-005   3.8369956E-003   1.2317267E-005
   1.1600000E+001   2.8230054E-002   6.8130055E-005   4.1097970E-003   1.3729948E-005
   1.1640000E+001   2.8200346E-002   7.0634732E-005   4.3733773E-003   1.4122935E-005
   1.1680000E+001   2.8184656E-002   7.3485830E-005   4.6392664E-003   1.4187505E-005
   1.1720001E+001   2.8162902E-002   7.2819781E-005   4.8975644E-003   1.4680523E-005
   1.1760000E+001   2.8127172E-002   7.2310549E-005   5.1559426E-003   1.5250773E-005
   1.1799999E+001   2.8102542E-002   8.8481407E-005   5.4201985E-003   1.5796739E-005
   1.1840000E+001   2.8093749E-002   9.3941916E-005   5.6827544E-003   1.7008080E-005
   1.1880000E+001   2.8067576E-002   6.4632370E-005   5.9436468E-003   1.8425843E-005
   1.1920000E+001   2.8057055E-002   9.7149612E-005   6.2007109E-003   1.8450092E-005
   1.1960000E+001   2.8054111E-002   9.6628440E-005   6.4571934E-003   1.8903555E-005
   1.2000000E+001   2.8051011E-002   9.6844520E-005   6.7151598E-003   1.9218729E-005
   1.2040000E+001   2.8047635E-002   9.7020508E-005   6.9770513E-003   1.9581931E-005
   1.2079999E+001   2.8047620E-002   9.8144400E-005   7.2287040E-003   1.9616184E-005
   1.2120000E+001   2.8039714E-002   9.5644424E-005   7.4736341E-003   2.0425354E-005
   1.2160000E+001   2.8019816E-002   1.0070793E-004   7.7191119E-003   2.1237465E-005
   1.2200000E+001   2.8011661E-002   1.0750862E-004   7.9755311E-003   2.1492764E-005
   1.2240000E+001   2.8020846E-002   1.0024002E-004   8.2229898E-003   2.2244431E-005
   1.2280000E+001   2.8016987E-002   6.7134619E-005   8.4709505E-003   2.2266714E-005
   1.2320000E+001   2.8025946E-002   6.3368340E-005   8.7144877E-003   2.4165609E-005
   1.2359999E+001   2.8032491E-002   6.0492654E-005   8.9630601E-003   2.5769396E-005
   1.2400000E+001   2.8035994E-002   6.1713918E-005   9.2108062E-003   2.7140324E-005
   1.2440000E+001   2.8047065E-002   6.1961764E-005   9.4589167E-003   2.7416736E-005
   1.2480000E+001   2.8052740E-002   6.3333068E-005   9.7019958E-003   2.8105646E-005
   1.2520000E+001   2.8062097E-002   6.4825400E-005   9.9534840E-003   3.1255011E-005
   1.2560000E+001   2.8075805E-002   6.3376146E-005   1.0200054E-002   3.2113682E-005
   1.2600000E+001   2.8089052E-002   8.7966781E-005   1.0444482E-002   3.1764791E-005
   1.2640001E+001   2.8107091E-002   5.9092954E-005   1.0686928E-002   3.1728909E-005
   1.2680000E+001   2.8141677E-002   9.2147937E-005   1.0923755E-002   3.2393578E-005
   1.2720000E+001   2.8169884E-002   9.2730008E-005   1.1161358E-002   3.2766200E-005
   1.2760000E+001   2.8195752E-002   9.2044047E-005   1.1399614E-002   3.3483105E-005
   1.2800000E+001   2.8228802E-002   6.2684230E-005   1.1636992E-002   3.3105284E-005
   1.2840000E+001   2.8253911E-002   6.1869236E-005   1.1867472E-002   3.2133496E-005
   1.2880000E+001   2.8290767E-002   8.9695506E-005   1.2099972E-002   3.2818782E-005
   1.2920001E+001   2.8309096E-002   9.0287699E-005   1.2332901E-002   3.3727724E-005
   1.2960000E+001   2.8343275E-002   6.2295098E-005   1.2576173E-002   3.3779525E-005
   1.3000000E+001   2.8382621E-002   6.1403731E-005   1.2802112E-002   3.4075290E-005
   1.3040000E+001   2.8425043E-002   6.5465180E-005   1.3026982E-002   3.5248887E-005
   1.3080000E+001   2.8452779E-002   7.8935441E-005   1.3263387E-002   3.8037918E-005
   1.3120000E+001   2.8492816E-002   6.7053058E-005   1.3499553E-002   3.9780256E-005
   1.3160000E+001   2.8553682E-002   6.7097910E-005   1.3720208E-002   3.8157939E-005
   1.3200001E+001   2.8584790E-002   6.3830581E-005   1.3949333E-002   4.1411241E-005
   1.3240000E+001   2.8627395E-002   6.3794382E-005   1.4175942E-002   4.2914264E-005
   1.3279999E+001   2.8670526E-002   7.6847283E-005   1.4407361E-002   4.4898416E-005
   1.3320000E+001   2.8713058E-002   8.0326561E-005   1.4626760E-002   4.4792365E-005
   1.3360000E+001   2.8759130E-002   7.8457678E-005   1.4843027E-002   4.5577644E-005
   1.3400000E+001   2.8809064E-002   5.3438594E-005   1.5071495E-002   4.7955443E-005
   1.3440000E+001   2.8839941E-002   5.4208962E-005   1.5305131E-002   4.5841947E-005
   1.3480000E+001   2.8886144E-002   5.4092482E-005   1.5523635E-002   4.6343319E-005
   1.3520000E+001   2.8937815E-002   5.2900147E-005   1.5751488E-002   4.5930498E-005
   1.3559999E+001   2.8997022E-002   7.9232606E-005   1.5973409E-002   4.5083950E-005
   1.3600000E+001   2.9070456E-002   5.0570218E-005   1.6188267E-002   4.4403704E-005
   1.3640000E+001   2.9135214E-002   7.5858728E-005   1.6412688E-002   5.0449218E-005
   1.3680000E+001   2.9196289E-002   7.6192775E-005   1.6639804E-002   5.1951104E-005
   1.3720000E+001   2.9269139E-002   7.7463394E-005   1.6848141E-002   4.9629982E-005
   1.3760000E+001   2.9315546E-002   8.4542294E-005   1.7069236E-002   4.9152559E-005
   1.3800000E+001   2.9368050E-002   8.8042926E-005   1.7298662E-002   5.2257916E-005
   1.3839999E+001   2.9437155E-002   8.9993239E-005   1.7523197E-002   5.3286459E-005
   1.3880000E+001   2.9507106E-002   1.0597360E-004   1.7740374E-002   5.2296717E-005
   1.3920000E+001   2.9585797E-002   1.0212869E-004   1.7967199E-002   5.0150381E-005
   1.3960000E+001   2.9651524E-002   1.0606032E-004   1.8194692E-002   5.5676990E-005
   1.4000000E+001   2.9726017E-002   1.1167149E-004   1.8425726E-002   5.3594412E-005
   1.4040000E+001   2.9802389E-002   1.1340709E-004   1.8654586E-002   5.8286608E-005
   1.4080000E+001   2.9868185E-002   1.1377941E-004   1.8871538E-002   4.8057934E-005
   1.4119999E+001   2.9932782E-002   1.1090265E-004   1.9099844E-002   4.9852955E-005
   1.4160000E+001   3.0016371E-002   1.1520120E-004   1.9317896E-002   5.0411612E-005
   1.4200000E+001   3.0087688E-002   1.1129360E-004   1.9532713E-002   5.2010129E-005
   1.4240000E+001   3.0172557E-002   1.0359078E-004   1.9744534E-002   5.2872974E-005
   1.4280000E+001   3.0258832E-002   1.0423902E-004   1.9956163E-002   4.8995112E-005
   1.4320000E+001   3.0343635E-002   1.0310516E-004   2.0180007E-002   4.7224603E-005
   1.4360000E+001   3.0433640E-002   6.6806113E-005   2.0401712E-002   4.8422987E-005
   1.4400001E+001   3.0517903E-002   9.7829242E-005   2.0616358E-002   4.9433131E-005
   1.4440000E+001   3.0601863E-002   9.5029859E-005   2.0810473E-002   4.8884096E-005
   1.4480000E+001   3.0691253E-002   8.3949663E-005   2.1028220E-002   4.7620579E-005
   1.4520000E+001   3.0773276E-002   8.8422494E-005   2.1246288E-002   4.7674322E-005
   1.4560000E+001   3.0855972E-002   1.0240620E-004   2.1471174E-002   5.3885194E-005
   1.4600000E+001   3.0943970E-002   8.7677062E-005   2.1695390E-002   5.3322765E-005
   1.4640000E+001   3.1041841E-002   8.8318090E-005   2.1916077E-002   5.4375449E-005
   1.4680001E+001   3.1130284E-002   8.5690794E-005   2.2135551E-002   5.0457708E-005
   1.4720000E+001   3.1209884E-002   8.1636195E-005   2.2348682E-002   5.5586602E-005
   1.4760000E+001   3.1306248E-002   8.2809702E-005   2.2562667E-002   5.1092458E-005
   1.4800000E+001   3.1421765E-002   8.4367773E-005   2.2780438E-002   4.7769050E-005
   1.4840000E+001   3.1521274E-002   8.2322798E-005   2.2993275E-002   4.8161706E-005
   1.4880000E+001   3.1627007E-002   6.7255752E-005   2.3200640E-002   5.5788218E-005
   1.4920000E+001   3.1732518E-002   8.1513523E-005   2.3402063E-002   5.4961234E-005
   1.4960001E+001   3.1843590E-002   7.8609034E-005   2.3592687E-002   5.8871029E-005
   1.5000000E+001   3.1940363E-002   7.6970301E-005   2.3797292E-002   6.2800976E-005
   1.5039999E+001   3.2044260E-002   7.9389111E-005   2.3996313E-002   6.4933102E-005
   1.5080000E+001   3.2154304E-002   8.0257054E-005   2.4202975E-002   5.7703927E-005
   1.5120000E+001   3.2260553E-002   8.2521579E-005   2.4411228E-002   5.7238626E-005
   1.5160000E+001   3.2361590E-002   7.1676977E-005   2.4614671E-002   5.7898506E-005
   1.5200000E+001   3.2456126E-002   7.1314054E-005   2.4828798E-002   5.7893432E-005
   1.5240000E+001   3.2573324E-002   7.6919327E-005   2.5021792E-002   6.0764221E-005
   1.5280000E+001   3.2691694E-002   7.4562749E-005   2.5218755E-002   6.2800713E-005
   1.5319999E+001   3.2812214E-002   7.7927694E-005   2.5414737E-002   6.1935548E-005
   1.5360000E+001   3.2932552E-002   7.5349212E-005   2.5617001E-002   6.3703005E-005
   1.5400000E+001   3.3044588E-002   7.4832663E-005   2.5817786E-002   6.8150162E-005
   1.5440000E+001   3.3168910E-002   7.7540608E-005   2.6038238E-002   6.9154479E-005
   1.5480000E+001   3.3282054E-002   7.9811897E-005   2.6248839E-002   6.5158123E-005
   1.5520000E+001   3.3402029E-002   7.6518296E-005   2.6452496E-002   6.3085528E-005
   1.5560000E+001   3.3517615E-002   6.9846890E-005   2.6660502E-002   6.4757214E-005
   1.5599999E+001   3.3650886E-002   7.3527108E-005   2.6855071E-002   5.4462040E-005
   1.5640000E+001   3.3780024E-002   7.3306113E-005   2.7058031E-002   6.3177343E-005
   1.5680000E+001   3.3898608E-002   7.3009583E-005   2.7254938E-002   6.5221941E-005
   1.5720000E+001   3.4018277E-002   7.2599091E-005   2.7461750E-002   6.2014225E-005
   1.5760000E+001   3.4136827E-002   7.3769290E-005   2.7682672E-002   6.4518780E-005
   1.5800000E+001   3.4266047E-002   6.9024711E-005   2.7898576E-002   6.9973904E-005
   1.5840000E+001   3.4390886E-002   6.8825994E-005   2.8085573E-002   7.3770685E-005
   1.5880001E+001   3.4520431E-002   6.9751079E-005   2.8292387E-002   7.3709420E-005
   1.5920000E+001   3.4650840E-002   7.0153313E-005   2.8490927E-002   7.6153820E-005
   1.5960000E+001   3.4780745E-002   7.1689097E-005   2.8684782E-002   7.7394419E-005
   1.6000000E+001   3.4919452E-002   6.8227697E-005   2.8908897E-002   7.9866351E-005
   1.6040000E+001   3.5059939E-002   6.7514062E-005   2.9115560E-002   8.1105374E-005
   1.6080000E+001   3.5189648E-002   6.8609160E-005   2.9287438E-002   8.0271644E-005
   1.6120000E+001   3.5321873E-002   6.5736807E-005   2.9482276E-002   7.5889861E-005
   1.6160001E+001   3.5448844E-002   6.4140953E-005   2.9681358E-002   7.4944588E-005
   1.6200000E+001   3.5572752E-002   6.2854051E-005   2.9877033E-002   7.6031357E-005
   1.6240000E+001   3.5704247E-002   6.2016944E-005   3.0065197E-002   7.7146489E-005
   1.6280000E+001   3.5836321E-002   6.3457973E-005   3.0251231E-002   7.9735092E-005
   1.6320000E+001   3.5976595E-002   5.6868768E-005   3.0439474E-002   8.9470895E-005
   1.6360000E+001   3.6098677E-002   5.4112104E-005   3.0646607E-002   8.5795443E-005
   1.6400000E+001   3.6226314E-002   5.6076752E-005   3.0852279E-002   9.3019053E-005
   1.6440001E+001   3.6358332E-002   5.7565354E-005   3.1050717E-002   7.8904505E-005
   1.6480000E+001   3.6503241E-002   5.8399578E-005   3.1244927E-002   7.0484402E-005
   1.6520000E+001   3.6630591E-002   5.9650619E-005   3.1441168E-002   7.1080320E-005
   1.6560000E+001   3.6765295E-002   6.0272882E-005   3.1647842E-002   7.7630284E-005
   1.6600000E+001   3.6907694E-002   7.5134279E-005   3.1839193E-002   7.9976988E-005
   1.6640000E+001   3.7042148E-002   8.5896535E-005   3.2035624E-002   7.2289169E-005
   1.6680000E+001   3.7170042E-002   8.6017054E-005   3.2232399E-002   7.2596046E-005
   1.6720001E+001   3.7291697E-002   7.9190488E-005   3.2421414E-002   7.0428354E-005
   1.6760000E+001   3.7427538E-002   7.5879670E-005   3.2614218E-002   6.8090231E-005
   1.6799999E+001   3.7571875E-002   7.3562576E-005   3.2802227E-002   7.0539415E-005
   1.6840000E+001   3.7703101E-002   7.3816803E-005   3.2990433E-002   6.7598713E-005
   1.6880000E+001   3.7878098E-002   7.7040799E-005   3.3173933E-002   6.6917993E-005
   1.6920000E+001   3.8024679E-002   8.0859874E-005   3.3370495E-002   6.4571178E-005
   1.6960000E+001   3.8173187E-002   7.8947998E-005   3.3552167E-002   6.5018112E-005
   1.7000000E+001   3.8322466E-002   7.5191596E-005   3.3739785E-002   6.7736584E-005
   1.7040000E+001   3.8478626E-002   7.3102583E-005   3.3946882E-002   6.7930235E-005
   1.7079999E+001   3.8629388E-002   7.4971828E-005   3.4147094E-002   6.7602425E-005
   1.7120000E+001   3.8777145E-002   7.8181184E-005   3.4334484E-002   7.1599316E-005
   1.7160000E+001   3.8950588E-002   8.1422865E-005   3.4531761E-002   7.4525464E-005
   1.7200000E+001   3.9118332E-002   8.2223024E-005   3.4740700E-002   7.6291588E-005
   1.7240000E+001   3.9282878E-002   8.4181809E-005   3.4936962E-002   7.8661010E-005
   1.7280000E+001   3.9446439E-002   9.2152395E-005   3.5116851E-002   7.9082707E-005
   1.7320000E+001   3.9602895E-002   9.2166585E-005   3.5312932E-002   7.8746423E-005
   1.7359999E+001   3.9762135E-002   8.9499948E-005   3.5522938E-002   7.5085022E-005
   1.7400000E+001   3.9932996E-002   9.1821777E-005   3.5719151E-002   7.2964986E-005
   1.7440000E+001   4.0103340E-002   9.1394480E-005   3.5926287E-002   7.0620068E-005
   1.7480000E+001   4.0252798E-002   9.5159621E-005   3.6117418E-002   6.5080659E-005
   1.7520000E+001   4.0417203E-002   9.3309215E-005   3.6290757E-002   6.6117080E-005
   1.7560000E+001   4.0583576E-002   1.0342230E-004   3.6477753E-002   6.6901785E-005
   1.7600000E+001   4.0749830E-002   9.5677535E-005   3.6692619E-002   6.9284375E-005
   1.7640001E+001   4.0902789E-002   9.8585722E-005   3.6896929E-002   6.9749885E-005
   1.7680000E+001   4.1089518E-002   1.0048116E-004   3.7107045E-002   6.9458622E-005
   1.7720000E+001   4.1259958E-002   9.7400314E-005   3.7305222E-002   6.8531794E-005
   1.7760000E+001   4.1428568E-002   9.8675789E-005   3.7477733E-002   6.8179066E-005
   1.7800000E+001   4.1598736E-002   9.6902403E-005   3.7673442E-002   6.6523069E-005
   1.7840000E+001   4.1771544E-002   9.3811168E-005   3.7882616E-002   6.3447428E-005
   1.7880000E+001   4.1937623E-002   1.0007657E-004   3.8089675E-002   6.6393018E-005
   1.7920001E+001   4.2106662E-002   9.7536687E-005   3.8275614E-002   5.7426472E-005
   1.7960000E+001   4.2274262E-002   9.6415734E-005   3.8447779E-002   5.2430641E-005
   1.8000000E+001   4.2429222E-002   1.0051481E-004   3.8656057E-002   5.3838867E-005
   1.8040000E+001   4.2598305E-002   1.0153192E-004   3.8855780E-002   5.5739954E-005
   1.8080000E+001   4.2766028E-002   1.0371549E-004   3.9062986E-002   5.7967269E-005
   1.8120000E+001   4.2942196E-002   1.0198558E-004   3.9274469E-002   5.8741567E-005
   1.8160000E+001   4.3114429E-002   9.9320578E-005   3.9489975E-002   6.0316519E-005
   1.8200001E+001   4.3294079E-002   9.9565716E-005   3.9722637E-002   5.9562215E-005
   1.8240000E+001   4.3477942E-002   9.5322944E-005   3.9925883E-002   5.9638775E-005
   1.8279999E+001   4.3666371E-002   1.0194714E-004   4.0119231E-002   5.8040974E-005
   1.8320000E+001   4.3846395E-002   9.9119958E-005   4.0306002E-002   5.7892186E-005
   1.8360000E+001   4.4018832E-002   8.8623248E-005   4.0507473E-002   6.1768008E-005
   1.8400000E+001   4.4190931E-002   8.7497794E-005   4.0702463E-002   5.9882454E-005
   1.8440000E+001   4.4376131E-002   9.2613894E-005   4.0913075E-002   6.0255251E-005
   1.8480000E+001   4.4559462E-002   8.5063238E-005   4.1120965E-002   6.0711736E-005
   1.8520000E+001   4.4750085E-002   8.1901912E-005   4.1336402E-002   5.2262983E-005
   1.8559999E+001   4.4934036E-002   8.9576097E-005   4.1535632E-002   5.4727602E-005
   1.8600000E+001   4.5102383E-002   9.0353757E-005   4.1743031E-002   5.2973260E-005
   1.8640000E+001   4.5275479E-002   8.5700426E-005   4.1938585E-002   5.2881359E-005
   1.8680000E+001   4.5463533E-002   9.0451018E-005   4.2124960E-002   5.4245093E-005
   1.8720000E+001   4.5664934E-002   9.6258590E-005   4.2323350E-002   5.4142988E-005
   1.8760000E+001   4.5836265E-002   1.0061218E-004   4.2526189E-002   5.6196549E-005
   1.8800000E+001   4.6012330E-002   1.0133570E-004   4.2728419E-002   5.4075467E-005
   1.8839999E+001   4.6215754E-002   1.0461233E-004   4.2941928E-002   5.5571318E-005
   1.8880000E+001   4.6421211E-002   9.3497453E-005   4.3142661E-002   5.6243974E-005
   1.8920000E+001   4.6615343E-002   1.0268818E-004   4.3350249E-002   5.7627361E-005
   1.8960000E+001   4.6792000E-002   1.1032141E-004   4.3553032E-002   6.1993446E-005
   1.9000000E+001   4.6974032E-002   1.1705848E-004   4.3772826E-002   6.0329526E-005
   1.9040000E+001   4.7177406E-002   1.1744610E-004   4.3993375E-002   5.8910443E-005
   1.9080000E+001   4.7365500E-002   1.1920266E-004   4.4197194E-002   6.2495352E-005
   1.9119999E+001   4.7568072E-002   1.2161762E-004   4.4397302E-002   6.4515766E-005
   1.9160000E+001   4.7775126E-002   1.1906556E-004   4.4606305E-002   6.5406931E-005
   1.9200000E+001   4.7967351E-002   1.1766789E-004   4.4809810E-002   6.4704127E-005
   1.9240000E+001   4.8147791E-002   1.2017505E-004   4.5010314E-002   6.3801334E-005
   1.9280000E+001   4.8351365E-002   1.1753144E-004   4.5214208E-002   6.5169448E-005
   1.9320000E+001   4.8542542E-002   1.1755657E-004   4.5420411E-002   6.7470656E-005
   1.9360000E+001   4.8739423E-002   1.7263911E-004   4.5623077E-002   6.9318196E-005
   1.9400001E+001   4.8938078E-002   1.7150933E-004   4.5820593E-002   7.2081754E-005
   1.9440000E+001   4.9134883E-002   1.7408507E-004   4.5998303E-002   7.2156464E-005
   1.9480000E+001   4.9346420E-002   1.1151035E-004   4.6181859E-002   7.2963307E-005
   1.9520000E+001   4.9550483E-002   1.7198412E-004   4.6384969E-002   7.5878198E-005
   1.9560000E+001   4.9748346E-002   1.3333698E-004   4.6585865E-002   7.5229892E-005
   1.9600000E+001   4.9953411E-002   1.8129760E-004   4.6786654E-002   7.5943210E-005
   1.9640000E+001   5.0150941E-002   1.8753851E-004   4.6983685E-002   7.8036430E-005
   1.9680001E+001   5.0348516E-002   1.8743947E-004   4.7191924E-002   7.9029558E-005
   1.9720000E+001   5.0573026E-002   1.8961612E-004   4.7394623E-002   8.0040907E-005
   1.9760000E+001   5.0770575E-002   1.9116901E-004   4.7612009E-002   8.2838089E-005
   1.9800000E+001   5.0965820E-002   1.8671641E-004   4.7812594E-002   8.4854647E-005
   1.9840000E+001   5.1195294E-002   1.9086658E-004   4.8015027E-002   8.5016890E-005
   1.9880000E+001   5.1417091E-002   1.8490326E-004   4.8228701E-002   8.4817320E-005
   1.9920000E+001   5.1635379E-002   1.8835335E-004   4.8431943E-002   8.7810830E-005
   1.9960001E+001   5.1845637E-002   1.6056529E-004   4.8628592E-002   8.7651395E-005
   2.0000000E+001   5.2076446E-002   1.5872363E-004   4.8837145E-002   8.9080967E-005
>>>>>>> 9cdd54589e7c3ef1f5632549fa4c04677abcdfb6
