         0.0800         0.0000         0.0000         0.0000         0.0000         0.0000
         0.1200         0.0000         0.0000         0.0000         0.0000         0.0000
         0.1600         0.0000         0.0000         0.0000         0.0000         0.0000
         0.2000         0.0000         0.0000         0.0000         0.0000         0.0000
         0.2400         0.0000         0.0000         0.0000         0.0000         0.0000
         0.2800         0.0000         0.0000         0.0000         0.0000         0.0000
         0.3200         0.0000         0.0000         0.0000         0.0000         0.0000
         0.3600         0.0000         0.0000         0.0000         0.0000         0.0000
         0.4000         0.0000         0.0000         0.0000         0.0000         0.0000
         0.4400         0.0000         0.0000         0.0000         0.0000         0.0000
         0.4800         0.0000         0.0000         0.0000         0.0000         0.0000
         0.5200         0.0000         0.0000         0.0000         0.0000         0.0000
         0.5600         0.0000         0.0000         0.0000         0.0000         0.0000
         0.6000         0.0000         0.0000         0.0000         0.0000         0.0000
         0.6400         0.0000         0.0000         0.0000         0.0000         0.0000
         0.6800         0.0000         0.0000         0.0000         0.0000         0.0000
         0.7200         0.0000         0.0000         0.0000         0.0000         0.0000
         0.7600         0.0000         0.0000         0.0000         0.0000         0.0000
         0.8000         0.0000         0.0000         0.0000         0.0000         0.0000
         0.8400         0.0000         0.0000         0.0000         0.0000         0.0000
         0.8800         0.0000         0.0000         0.0000         0.0000         0.0000
         0.9200         0.0000         0.0000         0.0000         0.0000         0.0000
         0.9600         0.0000         0.0000         0.0000         0.0000         0.0000
         1.0000         0.0007         0.0000         0.0006         0.0000         0.0000
         1.0400         0.0100         0.0002         0.0098         0.0002         0.0000
         1.0800         0.0256         0.0006         0.0247         0.0005         0.0000
         1.1200         0.0425         0.0009         0.0405         0.0009         0.0000
         1.1600         0.0599         0.0012         0.0574         0.0012         0.0000
         1.2000         0.0771         0.0015         0.0763         0.0015         0.0000
         1.2400         0.0973         0.0019         0.0947         0.0017         0.0000
         1.2800         0.1168         0.0021         0.1144         0.0019         0.0000
         1.3200         0.1388         0.0024         0.1344         0.0022         0.0000
         1.3600         0.1616         0.0031         0.1568         0.0024         0.0000
         1.4000         0.1857         0.0035         0.1795         0.0028         0.0000
         1.4400         0.2117         0.0039         0.2027         0.0031         0.0000
         1.4800         0.2378         0.0040         0.2274         0.0035         0.0000
         1.5200         0.2631         0.0045         0.2535         0.0040         0.0000
         1.5600         0.2908         0.0047         0.2844         0.0042         0.0000
         1.6000         0.3177         0.0051         0.3145         0.0046         0.0000
         1.6400         0.3472         0.0056         0.3467         0.0051         0.0000
         1.6800         0.3802         0.0063         0.3772         0.0056         0.0000
         1.7200         0.4157         0.0066         0.4116         0.0061         0.0000
         1.7600         0.4525         0.0070         0.4438         0.0065         0.0000
         1.8000         0.4844         0.0081         0.4795         0.0067         0.0000
         1.8400         0.5205         0.0076         0.5170         0.0069         0.0000
         1.8800         0.5577         0.0077         0.5577         0.0068         0.0000
         1.9200         0.5972         0.0074         0.5988         0.0065         0.0000
         1.9600         0.6352         0.0079         0.6388         0.0073         0.0000
         2.0000         0.6772         0.0087         0.6797         0.0079         0.0000
         2.0400         0.7203         0.0090         0.7196         0.0086         0.0000
         2.0800         0.7612         0.0090         0.7582         0.0090         0.0000
         2.1200         0.8079         0.0091         0.8009         0.0094         0.0000
         2.1600         0.8568         0.0089         0.8418         0.0094         0.0000
         2.2000         0.9013         0.0094         0.8878         0.0097         0.0000
         2.2400         0.9492         0.0101         0.9376         0.0093         0.0000
         2.2800         0.9966         0.0100         0.9886         0.0096         0.0000
         2.3200         1.0478         0.0098         1.0391         0.0098         0.0000
         2.3600         1.1006         0.0099         1.0904         0.0104         0.0000
         2.4000         1.1537         0.0103         1.1424         0.0106         0.0000
         2.4400         1.2067         0.0110         1.1932         0.0111         0.0000
         2.4800         1.2625         0.0109         1.2495         0.0116         0.0000
         2.5200         1.3177         0.0111         1.3046         0.0115         0.0000
         2.5600         1.3715         0.0108         1.3625         0.0109         0.0000
         2.6000         1.4268         0.0105         1.4248         0.0101         0.0000
         2.6400         1.4831         0.0121         1.4856         0.0108         0.0000
         2.6800         1.5458         0.0134         1.5480         0.0108         0.0000
         2.7200         1.6056         0.0139         1.6117         0.0106         0.0000
         2.7600         1.6689         0.0131         1.6749         0.0111         0.0000
         2.8000         1.7290         0.0124         1.7408         0.0117         0.0000
         2.8400         1.7942         0.0124         1.8060         0.0118         0.0000
         2.8800         1.8624         0.0127         1.8714         0.0115         0.0000
         2.9200         1.9326         0.0140         1.9363         0.0122         0.0000
         2.9600         2.0003         0.0150         2.0013         0.0124         0.0000
         3.0000         2.0745         0.0140         2.0730         0.0127         0.0000
         3.0400         2.1531         0.0142         2.1360         0.0137         0.0000
         3.0800         2.2291         0.0141         2.2071         0.0141         0.0000
         3.1200         2.3040         0.0142         2.2820         0.0143         0.0000
         3.1600         2.3807         0.0139         2.3568         0.0148         0.0000
         3.2000         2.4577         0.0146         2.4335         0.0147         0.0000
         3.2400         2.5320         0.0150         2.5109         0.0146         0.0000
         3.2800         2.6065         0.0162         2.5942         0.0158         0.0000
         3.3200         2.6808         0.0163         2.6742         0.0154         0.0000
         3.3600         2.7659         0.0157         2.7586         0.0146         0.0000
         3.4000         2.8503         0.0156         2.8389         0.0157         0.0000
         3.4400         2.9311         0.0160         2.9206         0.0164         0.0000
         3.4800         3.0079         0.0169         3.0048         0.0178         0.0000
         3.5200         3.0863         0.0181         3.0863         0.0186         0.0000
         3.5600         3.1724         0.0180         3.1682         0.0183         0.0000
         3.6000         3.2607         0.0183         3.2509         0.0201         0.0000
         3.6400         3.3475         0.0184         3.3448         0.0200         0.0000
         3.6800         3.4272         0.0189         3.4312         0.0199         0.0000
         3.7200         3.5064         0.0185         3.5124         0.0196         0.0000
         3.7600         3.5892         0.0181         3.5976         0.0200         0.0000
         3.8000         3.6830         0.0182         3.6783         0.0202         0.0000
         3.8400         3.7799         0.0173         3.7586         0.0178         0.0000
         3.8800         3.8720         0.0178         3.8559         0.0187         0.0000
         3.9200         3.9565         0.0208         3.9552         0.0186         0.0000
         3.9600         4.0456         0.0209         4.0445         0.0181         0.0000
         4.0000         4.1398         0.0208         4.1435         0.0176         0.0000
         4.0400         4.2396         0.0215         4.2419         0.0176         0.0000
         4.0800         4.3454         0.0194         4.3441         0.0179         0.0000
         4.1200         4.4403         0.0187         4.4355         0.0189         0.0000
         4.1600         4.5370         0.0188         4.5335         0.0214         0.0000
         4.2000         4.6363         0.0191         4.6418         0.0213         0.0000
         4.2400         4.7451         0.0201         4.7465         0.0209         0.0000
         4.2800         4.8596         0.0214         4.8399         0.0214         0.0000
         4.3200         4.9787         0.0212         4.9397         0.0224         0.0000
         4.3600         5.0857         0.0248         5.0506         0.0238         0.0000
         4.4000         5.1996         0.0254         5.1489         0.0277         0.0000
         4.4400         5.3247         0.0265         5.2557         0.0281         0.0000
         4.4800         5.4359         0.0277         5.3600         0.0280         0.0000
         4.5200         5.5442         0.0297         5.4562         0.0267         0.0000
         4.5600         5.6631         0.0305         5.5504         0.0255         0.0000
         4.6000         5.7848         0.0291         5.6642         0.0259         0.0000
         4.6400         5.9092         0.0269         5.7928         0.0291         0.0000
         4.6800         6.0319         0.0276         5.9057         0.0295         0.0000
         4.7200         6.1347         0.0265         6.0292         0.0294         0.0000
         4.7600         6.2541         0.0276         6.1367         0.0270         0.0000
         4.8000         6.3634         0.0224         6.2490         0.0270         0.0000
         4.8400         6.4982         0.0236         6.3677         0.0257         0.0000
         4.8800         6.6372         0.0236         6.4771         0.0259         0.0000
         4.9200         6.7656         0.0248         6.5798         0.0258         0.0000
         4.9600         6.9077         0.0268         6.6867         0.0266         0.0000
         5.0000         7.0696         0.0276         6.7924         0.0272         0.0000
         5.0400         7.2358         0.0282         6.8986         0.0341         0.0000
         5.0800         7.4105         0.0303         6.9931         0.0369         0.0000
         5.1200         7.5696         0.0372         7.0912         0.0290         0.0000
         5.1600         7.7334         0.0356         7.1751         0.0279         0.0000
         5.2000         7.9105         0.0333         7.2618         0.0260         0.0000
         5.2400         8.1035         0.0309         7.3305         0.0263         0.0000
         5.2800         8.3081         0.0311         7.3838         0.0271         0.0000
         5.3200         8.5274         0.0309         7.4325         0.0254         0.0000
         5.3600         8.7621         0.0297         7.4573         0.0242         0.0000
         5.4000         9.0281         0.0305         7.4780         0.0243         0.0000
         5.4400         9.3147         0.0289         7.4807         0.0240         0.0000
         5.4800         9.6193         0.0294         7.4606         0.0238        -0.0000
         5.5200         9.9644         0.0302         7.4052         0.0231        -0.0000
         5.5600        10.3442         0.0309         7.3208         0.0272        -0.0000
         5.6000        10.7606         0.0331         7.1890         0.0216        -0.0000
         5.6400        11.2406         0.0353         7.0018         0.0210        -0.0000
         5.6800        11.7659         0.0360         6.7568         0.0184        -0.0000
         5.7200        12.3601         0.0356         6.4454         0.0177        -0.0000
         5.7600        13.0369         0.0344         6.0653         0.0162        -0.0000
         5.8000        13.8060         0.0371         5.5896         0.0151        -0.0000
         5.8400        14.6926         0.0397         4.9976         0.0140        -0.0000
         5.8800        15.7102         0.0441         4.2725         0.0120        -0.0021
         5.9200        16.9115         0.0491         3.3953         0.0100        -0.0339
         5.9600        18.2940         0.0539         2.3189         0.0069        -0.1937
         6.0000        19.8923         0.0558         1.0362         0.0029        -0.5693
         6.0400        21.6630         0.0569        38.9913         0.1008        -1.1036
         6.0800        23.3048         0.0586        38.1548         0.1078        -1.6517
         6.1200        24.7857         0.0590        37.5320         0.0917        -2.1073
         6.1600        26.1107         0.0645        37.0628         0.0875        -2.4386
         6.2000        27.3070         0.0668        36.7304         0.0844        -2.6595
         6.2400        28.3807         0.0668        36.4851         0.0818        -2.7989
         6.2800        29.3833         0.0661        36.3302         0.0785        -2.8836
         6.3200        30.3086         0.0670        36.2832         0.0796        -2.9337
         6.3600        31.1566         0.0663        36.2904         0.0773        -2.9628
         6.4000        31.9457         0.0711        36.3645         0.0753        -2.9794
         6.4400        32.7083         0.0768        36.4859         0.0758        -2.9887
         6.4800        33.4120         0.0782        36.6436         0.0797        -2.9939
         6.5200        34.0585         0.0844        36.8520         0.0845        -2.9967
         6.5600        34.6991         0.0887        37.1391         0.0979        -2.9983
         6.6000        35.3206         0.0864        37.4363         0.0939        -2.9991
         6.6400        35.9103         0.0883        37.7624         0.0786        -2.9995
         6.6800        36.4887         0.0877        38.0877         0.0781        -2.9998
         6.7200        37.0816         0.0841        38.4337         0.0784        -2.9999
         6.7600        37.6343         0.0870        38.7959         0.0822        -2.9999
         6.8000        38.1680         0.0919        39.1881         0.0993        -3.0000
         6.8400        38.6915         0.0889        39.5982         0.1023        -3.0000
         6.8800        39.2401         0.0911        40.0037         0.0980        -3.0000
         6.9200        39.7506         0.0829        40.3989         0.0813        -3.0000
         6.9600        40.2548         0.0832        40.8186         0.0843        -3.0000
         7.0000        40.7620         0.0750        41.2686         0.0801        -3.0000
         7.0400        41.2594         0.0763        41.7075         0.0815        -3.0000
         7.0800        41.7772         0.0838        42.1500         0.0788        -3.0000
         7.1200        42.3049         0.0750        42.6145         0.0775        -3.0000
         7.1600        42.8085         0.0753        43.0997         0.0773        -3.0000
         7.2000        43.3450         0.0772        43.5834         0.0704        -3.0000
         7.2400        43.8616         0.0748        44.0964         0.0685        -3.0000
         7.2800        44.3821         0.0850        44.5898         0.0688        -3.0000
         7.3200        44.8953         0.0876        45.0662         0.0732        -3.0000
         7.3600        45.4205         0.0847        45.5533         0.0741        -3.0000
         7.4000        45.9687         0.0846        46.0766         0.0704        -3.0000
         7.4400        46.4923         0.0826        46.6031         0.0686        -3.0000
         7.4800        47.0190         0.0870        47.0967         0.0703        -3.0000
         7.5200        47.5139         0.0970        47.6261         0.0705        -3.0000
         7.5600        47.9881         0.0815        48.1423         0.0752        -3.0000
         7.6000        48.5150         0.1071        48.6476         0.0741        -3.0000
         7.6400        49.0276         0.1057        49.1483         0.0732        -3.0000
         7.6800        49.5385         0.1014        49.6710         0.0757        -3.0000
         7.7200        50.0963         0.0767        50.1858         0.1167        -3.0000
         7.7600        50.6605         0.0993        50.7180         0.1104        -3.0000
         7.8000        51.1743         0.0763        51.2282         0.0983        -3.0000
         7.8400        51.7231         0.0783        51.7642         0.1012        -3.0000
         7.8800        52.2506         0.0767        52.3027         0.1200        -3.0000
         7.9200        52.7986         0.0749        52.8242         0.1159        -3.0000
         7.9600        53.3690         0.1075        53.3616         0.1021        -3.0000
         8.0000        53.9539         0.1083        53.9342         0.1141        -3.0000
         8.0400        54.5105         0.1170        54.4988         0.0988        -3.0000
         8.0800        55.0430         0.1174        55.0807         0.1075        -3.0000
         8.1200        55.5953         0.1213        55.6188         0.1024        -3.0000
         8.1600        56.1429         0.1210        56.1496         0.0978        -3.0000
         8.2000        56.6959         0.1113        56.7023         0.0963        -3.0000
         8.2400        57.2960         0.0826        57.2808         0.0957        -3.0000
         8.2800        57.9059         0.1005        57.8728         0.0853        -3.0000
         8.3200        58.4879         0.0763        58.4493         0.0816        -3.0000
         8.3600        59.0405         0.0764        59.0348         0.0799        -3.0000
         8.4000        59.6004         0.0777        59.5845         0.0754        -3.0000
         8.4400        60.1914         0.0917        60.1819         0.0787        -3.0000
         8.4800        60.7624         0.0758        60.8094         0.0862        -3.0000
         8.5200        61.3441         0.0816        61.4407         0.0978        -3.0000
         8.5600        61.9273         0.0802        62.0464         0.1000        -3.0000
         8.6000        62.5149         0.0851        62.6457         0.1007        -3.0000
         8.6400        63.1136         0.0971        63.2418         0.1013        -3.0000
         8.6800        63.7254         0.0996        63.8139         0.1022        -3.0000
         8.7200        64.2976         0.1044        64.4606         0.1006        -3.0000
         8.7600        64.9013         0.0991        65.0333         0.1029        -3.0000
         8.8000        65.5282         0.0943        65.6433         0.0921        -3.0000
         8.8400        66.1512         0.0985        66.2595         0.0884        -3.0000
         8.8800        66.7850         0.1000        66.8265         0.0943        -3.0000
         8.9200        67.3726         0.0961        67.4486         0.1027        -3.0000
         8.9600        67.9735         0.0756        68.0652         0.1040        -3.0000
         9.0000        68.5789         0.0753        68.7099         0.1038        -3.0000
         9.0400        69.1966         0.0744        69.3321         0.1038        -3.0000
         9.0800        69.8389         0.0740        69.9291         0.1003        -3.0000
         9.1200        70.4584         0.0755        70.5543         0.0986        -3.0000
         9.1600        71.0985         0.0768        71.1952         0.0968        -3.0000
         9.2000        71.7453         0.0812        71.8465         0.0992        -3.0000
         9.2400        72.3901         0.0829        72.5160         0.0922        -3.0000
         9.2800        73.0442         0.0821        73.1624         0.0799        -3.0000
         9.3200        73.6796         0.0820        73.8106         0.0816        -3.0000
         9.3600        74.2931         0.0841        74.4486         0.0875        -3.0000
         9.4000        74.9260         0.0825        75.1407         0.0937        -3.0000
         9.4400        75.5801         0.1017        75.7860         0.0828        -3.0000
         9.4800        76.2674         0.1047        76.4337         0.0821        -3.0000
         9.5200        76.9317         0.1101        77.1050         0.0863        -3.0000
         9.5600        77.5628         0.1130        77.7784         0.0850        -3.0000
         9.6000        78.2249         0.1130        78.4407         0.0898        -3.0000
         9.6400        78.8965         0.1144        79.1009         0.0877        -3.0000
         9.6800        79.5339         0.1096        79.7918         0.1040        -3.0000
         9.7200        80.1703         0.1043        80.5298         0.1103        -3.0000
         9.7600        80.8369         0.1031        81.2460         0.1148        -3.0000
         9.8000        81.4694         0.0991        81.9736         0.1009        -3.0000
         9.8400        82.1015         0.1030        82.6802         0.1020        -3.0000
         9.8800        82.7304         0.0968        83.4211         0.1064        -3.0000
         9.9200        83.3734         0.1025        84.1890         0.0986        -3.0000
         9.9600        84.0131         0.1034        84.9894         0.0984        -3.0000
        10.0000        84.6308         0.1058        85.7757         0.0985        -3.0000
        10.0400        85.2577         0.1098        86.5789         0.0967        -3.0000
        10.0800        85.8702         0.1153        87.3961         0.0975        -3.0000
        10.1200        86.4575         0.1084        88.2497         0.0961        -3.0000
        10.1600        87.0235         0.1114        89.1445         0.0986        -3.0000
        10.2000        87.5625         0.1014        90.0357         0.1017        -3.0000
        10.2400        88.0795         0.0926        90.9930         0.1298        -3.0000
        10.2800        88.5400         0.0926        92.0253         0.1024        -3.0000
        10.3200        89.0087         0.0897        93.0561         0.1054        -2.9999
        10.3600        89.3790         0.0880        94.1182         0.1076        -2.9999
        10.4000        89.7088         0.0857        95.2471         0.1171        -2.9998
        10.4400        89.9411         0.0877        96.4801         0.1178        -2.9995
        10.4800        90.0587         0.0905        97.7830         0.1160        -2.9991
        10.5200        90.0982         0.0938        99.2193         0.1096        -2.9983
        10.5600        90.0033         0.0903       100.8015         0.1084        -2.9967
        10.6000        89.7828         0.0899       102.5152         0.1067        -2.9939
        10.6400        89.3706         0.0899       104.3600         0.1219        -2.9887
        10.6800        88.7665         0.0894       106.4126         0.1085        -2.9794
        10.7200        87.9459         0.0933       108.7440         0.1122        -2.9628
        10.7600        86.8941         0.0954       111.3403         0.1179        -2.9337
        10.8000        85.4624         0.0961       114.2649         0.1220        -2.8836
        10.8400        83.6552         0.0972       117.6008         0.1255        -2.7989
        10.8800        81.3793         0.0998       121.3918         0.1322        -2.6595
        10.9200        78.5728         0.0973       125.7285         0.1300        -2.4386
        10.9600        75.1805         0.0920       130.6730         0.1422        -2.1073
        11.0000        71.0374         0.0862       136.3050         0.1489        -1.6517
        11.0400        66.3522         0.0852         3.7625         0.0055        -1.1036
        11.0800        62.1178         0.0823         8.5484         0.0133        -0.5693
        11.1200        58.5190         0.0836        12.7037         0.0199        -0.1937
        11.1600        55.4853         0.0787        16.2905         0.0249        -0.0339
        11.2000        52.9339         0.0733        19.3978         0.0289        -0.0021
        11.2400        50.7779         0.0656        22.0843         0.0350        -0.0000
        11.2800        48.9593         0.0617        24.4378         0.0390        -0.0000
        11.3200        47.4564         0.0601        26.4945         0.0407        -0.0000
        11.3600        46.1871         0.0567        28.3113         0.0446        -0.0000
        11.4000        45.1736         0.0529        29.9040         0.0464        -0.0000
        11.4400        44.3676         0.0485        31.2953         0.0460        -0.0000
        11.4800        43.6947         0.0490        32.5198         0.0480        -0.0000
        11.5200        43.1443         0.0499        33.6359         0.0514        -0.0000
        11.5600        42.7180         0.0513        34.6116         0.0509        -0.0000
        11.6000        42.4129         0.0531        35.4888         0.0527        -0.0000
        11.6400        42.1893         0.0568        36.2532         0.0572         0.0000
        11.6800        42.0362         0.0563        36.9521         0.0582         0.0000
        11.7200        41.9671         0.0688        37.6196         0.0584         0.0000
        11.7600        41.9370         0.0545        38.2117         0.0539         0.0000
        11.8000        41.9586         0.0538        38.8068         0.0582         0.0000
        11.8400        42.0203         0.0549        39.3448         0.0583         0.0000
        11.8800        42.1001         0.0534        39.8463         0.0607         0.0000
        11.9200        42.2315         0.0562        40.3001         0.0666         0.0000
        11.9600        42.3872         0.0652        40.7224         0.0678         0.0000
        12.0000        42.5460         0.0654        41.1274         0.0663         0.0000
        12.0400        42.7488         0.0634        41.4987         0.0680         0.0000
        12.0800        42.9957         0.0631        41.9025         0.0687         0.0000
        12.1200        43.2384         0.0717        42.3023         0.0659         0.0000
        12.1600        43.4193         0.0727        42.6649         0.0621         0.0000
        12.2000        43.6502         0.0708        43.0090         0.0646         0.0000
        12.2400        43.9040         0.0706        43.3558         0.0707         0.0000
        12.2800        44.1986         0.0700        43.6968         0.0720         0.0000
        12.3200        44.4585         0.0699        44.0386         0.0711         0.0000
        12.3600        44.6914         0.0671        44.3470         0.0717         0.0000
        12.4000        44.9545         0.0668        44.6773         0.0828         0.0000
        12.4400        45.2516         0.0716        44.9849         0.0813         0.0000
        12.4800        45.5356         0.0729        45.3254         0.0844         0.0000
        12.5200        45.8396         0.0745        45.6298         0.0848         0.0000
        12.5600        46.1294         0.0748        45.9316         0.0714         0.0000
        12.6000        46.4272         0.0899        46.2496         0.0844         0.0000
        12.6400        46.7553         0.1000        46.5929         0.0719         0.0000
        12.6800        47.0904         0.0991        46.9015         0.0831         0.0000
        12.7200        47.3931         0.0943        47.1880         0.0874         0.0000
        12.7600        47.7012         0.0974        47.5204         0.1106         0.0000
        12.8000        48.0215         0.1112        47.8377         0.1125         0.0000
        12.8400        48.3400         0.1169        48.1712         0.1084         0.0000
        12.8800        48.6351         0.0865        48.5036         0.1039         0.0000
        12.9200        48.9377         0.0856        48.8126         0.1071         0.0000
        12.9600        49.2473         0.0832        49.1367         0.1107         0.0000
        13.0000        49.5762         0.0861        49.4663         0.1074         0.0000
        13.0400        49.8892         0.0862        49.7865         0.1021         0.0000
        13.0800        50.2041         0.0851        50.1051         0.0989         0.0000
        13.1200        50.5198         0.0853        50.4247         0.0927         0.0000
        13.1600        50.8235         0.0845        50.7499         0.0934         0.0000
        13.2000        51.1414         0.0834        51.0814         0.0931         0.0000
        13.2400        51.4849         0.0865        51.4365         0.1080         0.0000
        13.2800        51.8160         0.0797        51.7261         0.0816         0.0000
        13.3200        52.1516         0.0754        52.0229         0.0779         0.0000
        13.3600        52.4812         0.0728        52.3678         0.0714         0.0000
        13.4000        52.8238         0.0694        52.7243         0.0708         0.0000
        13.4400        53.1803         0.0697        53.0966         0.0710         0.0000
        13.4800        53.5128         0.0894        53.4464         0.0989         0.0000
        13.5200        53.8456         0.0913        53.8027         0.1012         0.0000
        13.5600        54.1745         0.0871        54.1780         0.0748         0.0000
        13.6000        54.5028         0.0698        54.4716         0.0767         0.0000
        13.6400        54.8531         0.0848        54.8114         0.0989         0.0000
        13.6800        55.1792         0.0765        55.1511         0.0802         0.0000
        13.7200        55.5030         0.0777        55.4742         0.0846         0.0000
        13.7600        55.8551         0.0772        55.7748         0.0862         0.0000
        13.8000        56.1949         0.0759        56.1208         0.1077         0.0000
        13.8400        56.5241         0.0783        56.4752         0.1110         0.0000
        13.8800        56.8501         0.0799        56.8575         0.0900         0.0000
        13.9200        57.1945         0.1025        57.1845         0.0985         0.0000
        13.9600        57.5742         0.1083        57.4808         0.0992         0.0000
        14.0000        57.9082         0.1102        57.8370         0.0854         0.0000
        14.0400        58.2260         0.1063        58.1883         0.0871         0.0000
        14.0800        58.5931         0.0992        58.5372         0.1010         0.0000
        14.1200        58.9618         0.0923        58.8766         0.0914         0.0000
        14.1600        59.3137         0.0810        59.2237         0.0939         0.0000
        14.2000        59.6361         0.0823        59.5653         0.0943         0.0000
        14.2400        59.9906         0.0783        59.9214         0.0868         0.0000
        14.2800        60.3696         0.0824        60.3206         0.0853         0.0000
        14.3200        60.7256         0.0846        60.6673         0.0858         0.0000
        14.3600        61.1012         0.0844        61.0006         0.0980         0.0000
        14.4000        61.4713         0.0867        61.3559         0.0829         0.0000
        14.4400        61.8470         0.0884        61.6833         0.0914         0.0000
        14.4800        62.2142         0.0871        62.0748         0.0960         0.0000
        14.5200        62.5676         0.0878        62.4818         0.0943         0.0000
        14.5600        62.9294         0.0872        62.8807         0.0969         0.0000
        14.6000        63.2939         0.0847        63.2211         0.1020         0.0000
        14.6400        63.6662         0.0882        63.5752         0.1000         0.0000
        14.6800        64.0054         0.0919        63.9474         0.0992         0.0000
        14.7200        64.3599         0.0886        64.3349         0.0981         0.0000
        14.7600        64.7033         0.0831        64.6979         0.0989         0.0000
        14.8000        65.0367         0.0795        65.0708         0.1018         0.0000
        14.8400        65.3871         0.0767        65.4565         0.1022         0.0000
        14.8800        65.7408         0.0764        65.8316         0.0956         0.0000
        14.9200        66.1167         0.0739        66.1922         0.0984         0.0000
        14.9600        66.4522         0.0759        66.5603         0.0986         0.0000
        15.0000        66.8398         0.0795        66.9323         0.1057         0.0000
        15.0400        67.2469         0.0843        67.2933         0.1025         0.0000
        15.0800        67.6006         0.0777        67.6567         0.0946         0.0000
        15.1200        67.9764         0.0811        68.0426         0.0840         0.0000
        15.1600        68.3284         0.0790        68.4447         0.0784         0.0000
        15.2000        68.6774         0.0818        68.8046         0.0733         0.0000
        15.2400        69.0000         0.0793        69.1783         0.0829         0.0000
        15.2800        69.3948         0.0788        69.5568         0.0911         0.0000
        15.3200        69.7534         0.0797        69.8998         0.0909         0.0000
        15.3600        70.1583         0.0803        70.2530         0.0927         0.0000
        15.4000        70.5470         0.0830        70.6593         0.0912         0.0000
        15.4400        70.9328         0.0901        71.0386         0.0935         0.0000
        15.4800        71.2840         0.0838        71.4211         0.0964         0.0000
        15.5200        71.6566         0.0875        71.7957         0.0949         0.0000
        15.5600        72.0689         0.0931        72.1718         0.0961         0.0000
        15.6000        72.4318         0.0933        72.5165         0.0941         0.0000
        15.6400        72.7986         0.0907        72.9024         0.0890         0.0000
        15.6800        73.1972         0.0880        73.2954         0.0884         0.0000
        15.7200        73.5625         0.0936        73.6633         0.0943         0.0000
        15.7600        73.9671         0.0966        74.0259         0.0995         0.0000
        15.8000        74.3517         0.0962        74.4070         0.1058         0.0000
        15.8400        74.7569         0.0929        74.7895         0.1071         0.0000
        15.8800        75.1564         0.0749        75.2138         0.1059         0.0000
        15.9200        75.5384         0.0779        75.6174         0.1036         0.0000
        15.9600        75.9598         0.0814        76.0291         0.0978         0.0000
        16.0000        76.3515         0.0801        76.4432         0.1136         0.0000
        16.0400        76.7449         0.0774        76.8377         0.0947         0.0000
        16.0800        77.1483         0.0850        77.2063         0.0936         0.0000
        16.1200        77.5433         0.0981        77.5935         0.0994         0.0000
        16.1600        77.9281         0.0953        78.0004         0.0988         0.0000
        16.2000        78.3038         0.1036        78.4199         0.1077         0.0000
        16.2400        78.6928         0.1047        78.8109         0.1126         0.0000
        16.2800        79.0948         0.1076        79.2033         0.1192         0.0000
        16.3200        79.4963         0.1107        79.6443         0.1196         0.0000
        16.3600        79.8641         0.1077        80.0244         0.0993         0.0000
        16.4000        80.2718         0.1088        80.4483         0.1300         0.0000
        16.4400        80.7310         0.1113        80.8469         0.1281         0.0000
        16.4800        81.1714         0.1205        81.2739         0.0909         0.0000
        16.5200        81.5566         0.1216        81.6666         0.0901         0.0000
        16.5600        81.9875         0.1202        82.0583         0.1151         0.0000
        16.6000        82.3888         0.1217        82.4469         0.1122         0.0000
        16.6400        82.7954         0.1180        82.8580         0.1187         0.0000
        16.6800        83.1755         0.1174        83.2554         0.1237         0.0000
        16.7200        83.5732         0.1143        83.6825         0.1494         0.0000
        16.7600        84.0130         0.1132        84.0862         0.1377         0.0000
        16.8000        84.4462         0.1115        84.5392         0.1248         0.0000
        16.8400        84.9114         0.0998        84.9547         0.1287         0.0000
        16.8800        85.3301         0.1090        85.3944         0.1284         0.0000
        16.9200        85.7147         0.0964        85.8223         0.1349         0.0000
        16.9600        86.1703         0.0972        86.2217         0.1332         0.0000
        17.0000        86.6022         0.0976        86.6491         0.1039         0.0000
        17.0400        87.0388         0.0873        87.0543         0.1145         0.0000
        17.0800        87.4673         0.0892        87.4910         0.1210         0.0000
        17.1200        87.9143         0.0920        87.9120         0.1248         0.0000
        17.1600        88.3525         0.0957        88.3468         0.1205         0.0000
        17.2000        88.7783         0.1039        88.7886         0.1233         0.0000
        17.2400        89.2279         0.1033        89.2222         0.1222         0.0000
        17.2800        89.6529         0.1020        89.6394         0.0963         0.0000
        17.3200        90.0736         0.1032        90.0572         0.0984         0.0000
        17.3600        90.4580         0.1271        90.5179         0.1407         0.0000
        17.4000        90.8657         0.1343        90.9589         0.1402         0.0000
        17.4400        91.2859         0.1384        91.3885         0.1290         0.0000
        17.4800        91.7133         0.1320        91.8148         0.1209         0.0000
        17.5200        92.1296         0.1232        92.2525         0.0875         0.0000
        17.5600        92.5794         0.0996        92.6779         0.0820         0.0000
        17.6000        92.9751         0.1017        93.0872         0.0863         0.0000
        17.6400        93.4073         0.1051        93.5389         0.0868         0.0000
        17.6800        93.8250         0.1054        93.9416         0.0878         0.0000
        17.7200        94.2543         0.1021        94.3860         0.1153         0.0000
        17.7600        94.7238         0.1017        94.8162         0.1198         0.0000
        17.8000        95.1784         0.0997        95.2456         0.1136         0.0000
        17.8400        95.6058         0.1267        95.6511         0.0951         0.0000
        17.8800        96.0579         0.1375        96.0922         0.0975         0.0000
        17.9200        96.5075         0.1160        96.5306         0.0928         0.0000
        17.9600        96.9903         0.1091        96.9808         0.0951         0.0000
        18.0000        97.4001         0.1076        97.4252         0.0956         0.0000
        18.0400        97.8556         0.1095        97.9102         0.0957         0.0000
        18.0800        98.2694         0.0989        98.3156         0.0909         0.0000
        18.1200        98.6760         0.0999        98.7437         0.0882         0.0000
        18.1600        99.1043         0.1075        99.2115         0.0916         0.0000
        18.2000        99.5647         0.1107        99.6559         0.1063         0.0000
        18.2400       100.0374         0.1070       100.0761         0.1093         0.0000
        18.2800       100.4656         0.1096       100.5077         0.1134         0.0000
        18.3200       100.9109         0.1017       100.9056         0.1186         0.0000
        18.3600       101.3834         0.0938       101.3633         0.1239         0.0000
        18.4000       101.8969         0.1022       101.7972         0.1232         0.0000
        18.4400       102.3629         0.1162       102.2153         0.1207         0.0000
        18.4800       102.8225         0.1237       102.6992         0.1153         0.0000
        18.5200       103.3041         0.1164       103.2078         0.1174         0.0000
        18.5600       103.7874         0.1053       103.7150         0.1191         0.0000
        18.6000       104.2691         0.1052       104.1731         0.1278         0.0000
        18.6400       104.7462         0.1063       104.6525         0.1267         0.0000
        18.6800       105.2459         0.1058       105.1490         0.1223         0.0000
        18.7200       105.7565         0.1075       105.6483         0.1229         0.0000
        18.7600       106.2240         0.1286       106.1306         0.1168         0.0000
        18.8000       106.6572         0.1135       106.5968         0.1184         0.0000
        18.8400       107.1485         0.1082       107.0368         0.1148         0.0000
        18.8800       107.5770         0.0816       107.5133         0.1148         0.0000
        18.9200       108.0264         0.0999       107.9567         0.1119         0.0000
        18.9600       108.4754         0.1039       108.4337         0.1110         0.0000
        19.0000       108.9072         0.1111       108.9186         0.1113         0.0000
        19.0400       109.3975         0.1930       109.4267         0.1132         0.0000
        19.0800       109.8809         0.1022       109.8736         0.1660         0.0000
        19.1200       110.3462         0.2046       110.3419         0.1693         0.0000
        19.1600       110.8218         0.1416       110.8239         0.1147         0.0000
        19.2000       111.3413         0.1450       111.2828         0.1146         0.0000
        19.2400       111.8320         0.1523       111.7681         0.1483         0.0000
        19.2800       112.2718         0.1535       112.3142         0.1475         0.0000
        19.3200       112.7846         0.1592       112.8117         0.1244         0.0000
        19.3600       113.2446         0.1627       113.3319         0.1194         0.0000
        19.4000       113.7151         0.1670       113.7584         0.1246         0.0000
        19.4400       114.1991         0.1666       114.2478         0.1212         0.0000
        19.4800       114.6998         0.1548       114.7068         0.1232         0.0000
        19.5200       115.1842         0.1210       115.1532         0.1255         0.0000
        19.5600       115.6248         0.1334       115.6621         0.1281         0.0000
        19.6000       116.0527         0.1727       116.1344         0.1292         0.0000
        19.6400       116.5496         0.1607       116.6018         0.1318         0.0000
        19.6800       117.0290         0.1432       117.0650         0.1604         0.0000
        19.7200       117.5047         0.1413       117.5774         0.1379         0.0000
        19.7600       118.0363         0.1453       118.0738         0.1426         0.0000
        19.8000       118.6121         0.1624       118.5912         0.1471         0.0000
        19.8400       119.1091         0.2018       119.1102         0.1506         0.0000
        19.8800       119.5820         0.1724       119.5867         0.1525         0.0000
        19.9200       120.1092         0.1652       120.0272         0.1539         0.0000
        19.9600       120.5829         0.1995       120.5076         0.1556         0.0000
        20.0000       106.2727         0.1759       106.2235         0.1402         0.0000
