         0.0800         0.0000         0.0000         0.0000         0.0000         0.0000
         0.1200         0.0000         0.0000         0.0000         0.0000         0.0000
         0.1600         0.0000         0.0000         0.0000         0.0000         0.0000
         0.2000         0.0000         0.0000         0.0000         0.0000         0.0000
         0.2400         0.0000         0.0000         0.0000         0.0000         0.0000
         0.2800         0.0000         0.0000         0.0000         0.0000         0.0000
         0.3200         0.0000         0.0000         0.0000         0.0000         0.0000
         0.3600         0.0000         0.0000         0.0000         0.0000         0.0000
         0.4000         0.0000         0.0000         0.0000         0.0000         0.0000
         0.4400         0.0000         0.0000         0.0000         0.0000         0.0000
         0.4800         0.0000         0.0000         0.0000         0.0000         0.0000
         0.5200         0.0000         0.0000         0.0000         0.0000         0.0000
         0.5600         0.0000         0.0000         0.0000         0.0000         0.0000
         0.6000         0.0000         0.0000         0.0000         0.0000         0.0000
         0.6400         0.0000         0.0000         0.0000         0.0000         0.0000
         0.6800         0.0000         0.0000         0.0000         0.0000         0.0000
         0.7200         0.0000         0.0000         0.0000         0.0000         0.0000
         0.7600         0.0000         0.0000         0.0000         0.0000         0.0000
         0.8000         0.0000         0.0000         0.0000         0.0000         0.0000
         0.8400         0.0000         0.0000         0.0000         0.0000         0.0000
         0.8800         0.0000         0.0000         0.0000         0.0000         0.0000
         0.9200         0.0000         0.0000         0.0000         0.0000         0.0000
         0.9600         0.0000         0.0000         0.0000         0.0000         0.0000
         1.0000         0.0007         0.0000         0.0007         0.0000         0.0000
         1.0400         0.0101         0.0002         0.0100         0.0002         0.0000
         1.0800         0.0257         0.0006         0.0256         0.0006         0.0000
         1.1200         0.0430         0.0012         0.0427         0.0009         0.0000
         1.1600         0.0617         0.0015         0.0607         0.0013         0.0000
         1.2000         0.0822         0.0017         0.0789         0.0017         0.0000
         1.2400         0.1035         0.0020         0.1001         0.0018         0.0000
         1.2800         0.1251         0.0022         0.1226         0.0021         0.0000
         1.3200         0.1479         0.0025         0.1454         0.0025         0.0000
         1.3600         0.1717         0.0027         0.1689         0.0029         0.0000
         1.4000         0.1977         0.0030         0.1930         0.0033         0.0000
         1.4400         0.2242         0.0032         0.2178         0.0036         0.0000
         1.4800         0.2510         0.0039         0.2445         0.0038         0.0000
         1.5200         0.2810         0.0045         0.2720         0.0043         0.0000
         1.5600         0.3078         0.0047         0.2994         0.0047         0.0000
         1.6000         0.3367         0.0047         0.3278         0.0048         0.0000
         1.6400         0.3661         0.0051         0.3613         0.0049         0.0000
         1.6800         0.3958         0.0053         0.3935         0.0060         0.0000
         1.7200         0.4264         0.0056         0.4268         0.0066         0.0000
         1.7600         0.4604         0.0059         0.4616         0.0063         0.0000
         1.8000         0.4949         0.0063         0.4969         0.0066         0.0000
         1.8400         0.5327         0.0069         0.5331         0.0063         0.0000
         1.8800         0.5713         0.0075         0.5731         0.0068         0.0000
         1.9200         0.6124         0.0078         0.6128         0.0070         0.0000
         1.9600         0.6534         0.0097         0.6524         0.0071         0.0000
         2.0000         0.6941         0.0100         0.6963         0.0083         0.0000
         2.0400         0.7371         0.0104         0.7408         0.0084         0.0000
         2.0800         0.7848         0.0108         0.7838         0.0095         0.0000
         2.1200         0.8325         0.0116         0.8286         0.0097         0.0000
         2.1600         0.8784         0.0121         0.8713         0.0105         0.0000
         2.2000         0.9238         0.0133         0.9209         0.0106         0.0000
         2.2400         0.9735         0.0145         0.9713         0.0118         0.0000
         2.2800         1.0228         0.0151         1.0200         0.0130         0.0000
         2.3200         1.0712         0.0150         1.0725         0.0139         0.0000
         2.3600         1.1226         0.0144         1.1211         0.0138         0.0000
         2.4000         1.1749         0.0139         1.1761         0.0151         0.0000
         2.4400         1.2311         0.0133         1.2300         0.0158         0.0000
         2.4800         1.2879         0.0149         1.2823         0.0167         0.0000
         2.5200         1.3414         0.0153         1.3385         0.0191         0.0000
         2.5600         1.3965         0.0158         1.3934         0.0183         0.0000
         2.6000         1.4591         0.0163         1.4541         0.0216         0.0000
         2.6400         1.5221         0.0145         1.5187         0.0211         0.0000
         2.6800         1.5822         0.0165         1.5824         0.0205         0.0000
         2.7200         1.6460         0.0180         1.6480         0.0208         0.0000
         2.7600         1.7074         0.0179         1.7133         0.0204         0.0000
         2.8000         1.7673         0.0177         1.7800         0.0175         0.0000
         2.8400         1.8334         0.0178         1.8486         0.0181         0.0000
         2.8800         1.9020         0.0182         1.9116         0.0174         0.0000
         2.9200         1.9695         0.0177         1.9764         0.0178         0.0000
         2.9600         2.0357         0.0172         2.0474         0.0184         0.0000
         3.0000         2.1010         0.0177         2.1148         0.0193         0.0000
         3.0400         2.1724         0.0177         2.1807         0.0192         0.0000
         3.0800         2.2443         0.0178         2.2519         0.0191         0.0000
         3.1200         2.3179         0.0185         2.3260         0.0192         0.0000
         3.1600         2.3892         0.0174         2.4023         0.0194         0.0000
         3.2000         2.4671         0.0162         2.4781         0.0184         0.0000
         3.2400         2.5467         0.0161         2.5543         0.0209         0.0000
         3.2800         2.6317         0.0172         2.6305         0.0224         0.0000
         3.3200         2.7110         0.0186         2.7087         0.0228         0.0000
         3.3600         2.7863         0.0189         2.7836         0.0234         0.0000
         3.4000         2.8699         0.0206         2.8607         0.0240         0.0000
         3.4400         2.9440         0.0221         2.9450         0.0238         0.0000
         3.4800         3.0182         0.0230         3.0304         0.0232         0.0000
         3.5200         3.1002         0.0233         3.1031         0.0235         0.0000
         3.5600         3.1867         0.0225         3.1851         0.0226         0.0000
         3.6000         3.2816         0.0231         3.2690         0.0228         0.0000
         3.6400         3.3675         0.0237         3.3523         0.0237         0.0000
         3.6800         3.4653         0.0233         3.4449         0.0239         0.0000
         3.7200         3.5563         0.0229         3.5465         0.0250         0.0000
         3.7600         3.6447         0.0231         3.6309         0.0272         0.0000
         3.8000         3.7258         0.0230         3.7153         0.0273         0.0000
         3.8400         3.8207         0.0223         3.8008         0.0260         0.0000
         3.8800         3.9183         0.0222         3.8883         0.0274         0.0000
         3.9200         4.0158         0.0226         3.9843         0.0238         0.0000
         3.9600         4.1121         0.0264         4.0871         0.0239         0.0000
         4.0000         4.1978         0.0239         4.1816         0.0240         0.0000
         4.0400         4.2844         0.0246         4.2817         0.0241         0.0000
         4.0800         4.3825         0.0244         4.3838         0.0215         0.0000
         4.1200         4.4871         0.0239         4.4861         0.0229         0.0000
         4.1600         4.5792         0.0248         4.5890         0.0233         0.0000
         4.2000         4.6786         0.0260         4.6933         0.0251         0.0000
         4.2400         4.7823         0.0265         4.7976         0.0256         0.0000
         4.2800         4.8869         0.0286         4.9023         0.0250         0.0000
         4.3200         4.9995         0.0269         5.0016         0.0245         0.0000
         4.3600         5.1017         0.0278         5.1099         0.0223         0.0000
         4.4000         5.2115         0.0280         5.2127         0.0255         0.0000
         4.4400         5.3253         0.0281         5.3099         0.0267         0.0000
         4.4800         5.4301         0.0265         5.4281         0.0275         0.0000
         4.5200         5.5460         0.0245         5.5371         0.0260         0.0000
         4.5600         5.6663         0.0256         5.6405         0.0254         0.0000
         4.6000         5.7904         0.0277         5.7457         0.0257         0.0000
         4.6400         5.9036         0.0294         5.8521         0.0276         0.0000
         4.6800         6.0120         0.0280         5.9526         0.0279         0.0000
         4.7200         6.1382         0.0302         6.0664         0.0272         0.0000
         4.7600         6.2660         0.0307         6.1798         0.0250         0.0000
         4.8000         6.3928         0.0301         6.2914         0.0260         0.0000
         4.8400         6.5433         0.0295         6.3987         0.0251         0.0000
         4.8800         6.6899         0.0289         6.5000         0.0254         0.0000
         4.9200         6.8272         0.0258         6.6147         0.0248         0.0000
         4.9600         6.9627         0.0266         6.7062         0.0258         0.0000
         5.0000         7.1130         0.0287         6.8028         0.0279         0.0000
         5.0400         7.2566         0.0279         6.8987         0.0288         0.0000
         5.0800         7.4154         0.0277         7.0057         0.0292         0.0000
         5.1200         7.5754         0.0289         7.0975         0.0283         0.0000
         5.1600         7.7386         0.0288         7.1919         0.0276         0.0000
         5.2000         7.9197         0.0305         7.2640         0.0270         0.0000
         5.2400         8.1117         0.0298         7.3330         0.0233         0.0000
         5.2800         8.3206         0.0294         7.3991         0.0236         0.0000
         5.3200         8.5358         0.0292         7.4527         0.0254         0.0000
         5.3600         8.7815         0.0297         7.4888         0.0276         0.0000
         5.4000         9.0314         0.0307         7.4953         0.0273         0.0000
         5.4400         9.3003         0.0296         7.4919         0.0284         0.0000
         5.4800         9.6058         0.0340         7.4640         0.0277        -0.0000
         5.5200         9.9494         0.0362         7.4047         0.0264        -0.0000
         5.5600        10.3295         0.0372         7.3102         0.0252        -0.0000
         5.6000        10.7370         0.0363         7.1854         0.0235        -0.0000
         5.6400        11.2023         0.0373         7.0135         0.0221        -0.0000
         5.6800        11.7085         0.0391         6.7773         0.0195        -0.0000
         5.7200        12.2996         0.0406         6.4708         0.0223        -0.0000
         5.7600        12.9888         0.0408         6.0746         0.0211        -0.0000
         5.8000        13.7736         0.0322         5.5901         0.0193        -0.0000
         5.8400        14.6736         0.0342         4.9926         0.0156        -0.0000
         5.8800        15.7010         0.0371         4.2707         0.0166        -0.0021
         5.9200        16.8808         0.0518         3.3877         0.0101        -0.0339
         5.9600        18.2365         0.0574         2.3207         0.0067        -0.1937
         6.0000        19.8290         0.0616         1.0376         0.0037        -0.5693
         6.0400        21.5702         0.0667        39.0312         0.1023        -1.1036
         6.0800        23.2404         0.0683        38.1994         0.1074        -1.6517
         6.1200        24.7462         0.0711        37.5185         0.1041        -2.1073
         6.1600        26.0767         0.0735        37.0018         0.1074        -2.4386
         6.2000        27.2616         0.0723        36.6407         0.1062        -2.6595
         6.2400        28.3637         0.0738        36.3816         0.1099        -2.7989
         6.2800        29.3683         0.0849        36.2461         0.1247        -2.8836
         6.3200        30.2676         0.0906        36.1869         0.0976        -2.9337
         6.3600        31.1216         0.0942        36.1930         0.0954        -2.9628
         6.4000        31.9005         0.0934        36.2528         0.0878        -2.9794
         6.4400        32.6618         0.0955        36.3913         0.1171        -2.9887
         6.4800        33.3627         0.1026        36.5563         0.1261        -2.9939
         6.5200        34.0297         0.1098        36.7534         0.1230        -2.9967
         6.5600        34.6816         0.1343        37.0005         0.0983        -2.9983
         6.6000        35.2882         0.1161        37.3085         0.1310        -2.9991
         6.6400        35.8818         0.1138        37.6341         0.1327        -2.9995
         6.6800        36.4616         0.1052        38.0053         0.1410        -2.9998
         6.7200        37.0509         0.1070        38.3371         0.1204        -2.9999
         6.7600        37.6263         0.1011        38.7034         0.1105        -2.9999
         6.8000        38.1882         0.1335        39.0937         0.0959        -3.0000
         6.8400        38.7317         0.1075        39.4876         0.0918        -3.0000
         6.8800        39.2711         0.1080        39.9060         0.0911        -3.0000
         6.9200        39.8115         0.1098        40.3289         0.0885        -3.0000
         6.9600        40.3413         0.1037        40.7553         0.0888        -3.0000
         7.0000        40.8629         0.1045        41.1898         0.0902        -3.0000
         7.0400        41.3694         0.1071        41.6311         0.0900        -3.0000
         7.0800        41.9006         0.1056        42.0778         0.0909        -3.0000
         7.1200        42.3920         0.0977        42.5587         0.0886        -3.0000
         7.1600        42.9087         0.1010        43.0295         0.0853        -3.0000
         7.2000        43.3934         0.0993        43.4832         0.0871        -3.0000
         7.2400        43.9031         0.0931        43.9665         0.0864        -3.0000
         7.2800        44.4298         0.0949        44.4759         0.0873        -3.0000
         7.3200        44.9567         0.0969        45.0100         0.0950        -3.0000
         7.3600        45.4557         0.0970        45.5340         0.1068        -3.0000
         7.4000        45.9639         0.0947        46.0482         0.1028        -3.0000
         7.4400        46.4806         0.0909        46.5305         0.1015        -3.0000
         7.4800        47.0214         0.0940        47.0554         0.1051        -3.0000
         7.5200        47.5413         0.0970        47.5941         0.1015        -3.0000
         7.5600        48.0476         0.0986        48.1303         0.0987        -3.0000
         7.6000        48.5766         0.0930        48.6539         0.0948        -3.0000
         7.6400        49.0792         0.0940        49.1779         0.0888        -3.0000
         7.6800        49.5890         0.0916        49.6901         0.0895        -3.0000
         7.7200        50.1374         0.0839        50.1958         0.0692        -3.0000
         7.7600        50.6688         0.0845        50.7692         0.0729        -3.0000
         7.8000        51.1896         0.0785        51.3235         0.0743        -3.0000
         7.8400        51.7232         0.0723        51.8837         0.0754        -3.0000
         7.8800        52.3083         0.0603        52.4239         0.0736        -3.0000
         7.9200        52.9010         0.0604        52.9649         0.0731        -3.0000
         7.9600        53.4536         0.0605        53.5197         0.0740        -3.0000
         8.0000        54.0089         0.0598        54.0510         0.0742        -3.0000
         8.0400        54.5702         0.0611        54.6108         0.0764        -3.0000
         8.0800        55.1252         0.0637        55.1507         0.0764        -3.0000
         8.1200        55.7345         0.0667        55.7056         0.0766        -3.0000
         8.1600        56.2976         0.0655        56.2601         0.0766        -3.0000
         8.2000        56.8852         0.0707        56.8207         0.0734        -3.0000
         8.2400        57.4549         0.0785        57.3996         0.0783        -3.0000
         8.2800        58.0271         0.0803        58.0139         0.0832        -3.0000
         8.3200        58.6168         0.0815        58.6150         0.0924        -3.0000
         8.3600        59.1787         0.0757        59.2060         0.0954        -3.0000
         8.4000        59.7673         0.0754        59.8208         0.0932        -3.0000
         8.4400        60.3268         0.0731        60.3861         0.0876        -3.0000
         8.4800        60.9204         0.0698        60.9585         0.0760        -3.0000
         8.5200        61.5293         0.0679        61.5606         0.0779        -3.0000
         8.5600        62.1167         0.0698        62.1334         0.0858        -3.0000
         8.6000        62.7042         0.0702        62.7222         0.0811        -3.0000
         8.6400        63.2537         0.0721        63.2973         0.0748        -3.0000
         8.6800        63.8636         0.0692        63.8898         0.0658        -3.0000
         8.7200        64.4569         0.0696        64.5157         0.0673        -3.0000
         8.7600        65.0636         0.0711        65.1289         0.0640        -3.0000
         8.8000        65.6895         0.0713        65.7548         0.0660        -3.0000
         8.8400        66.3052         0.0699        66.3608         0.0717        -3.0000
         8.8800        66.9135         0.0708        66.9696         0.0869        -3.0000
         8.9200        67.5182         0.0711        67.5816         0.0686        -3.0000
         8.9600        68.1279         0.0725        68.1712         0.0702        -3.0000
         9.0000        68.7439         0.0793        68.7798         0.0780        -3.0000
         9.0400        69.3366         0.0830        69.4095         0.0767        -3.0000
         9.0800        69.9439         0.0862        70.0358         0.0761        -3.0000
         9.1200        70.5820         0.0866        70.6440         0.0781        -3.0000
         9.1600        71.2528         0.1277        71.2582         0.1117        -3.0000
         9.2000        71.8746         0.1294        71.8794         0.1142        -3.0000
         9.2400        72.5350         0.1391        72.5031         0.1121        -3.0000
         9.2800        73.1308         0.1459        73.1415         0.1122        -3.0000
         9.3200        73.7447         0.1310        73.7985         0.1066        -3.0000
         9.3600        74.4294         0.1257        74.4273         0.0999        -3.0000
         9.4000        75.0700         0.1355        75.0943         0.1060        -3.0000
         9.4400        75.7143         0.1317        75.7500         0.1054        -3.0000
         9.4800        76.3672         0.1367        76.3960         0.1052        -3.0000
         9.5200        76.9843         0.1328        77.0920         0.1147        -3.0000
         9.5600        77.6305         0.1282        77.7671         0.1145        -3.0000
         9.6000        78.2873         0.1206        78.3954         0.1087        -3.0000
         9.6400        78.9098         0.1301        79.0895         0.1067        -3.0000
         9.6800        79.5270         0.1407        79.8179         0.1073        -3.0000
         9.7200        80.1886         0.1313        80.5167         0.1114        -3.0000
         9.7600        80.8710         0.1352        81.2553         0.1090        -3.0000
         9.8000        81.5488         0.1277        82.0132         0.1133        -3.0000
         9.8400        82.2318         0.1204        82.7713         0.1096        -3.0000
         9.8800        82.8616         0.1133        83.5341         0.1089        -3.0000
         9.9200        83.4892         0.1118        84.2761         0.1113        -3.0000
         9.9600        84.1402         0.1126        85.0470         0.1170        -3.0000
        10.0000        84.7576         0.1024        85.7952         0.1136        -3.0000
        10.0400        85.3382         0.0998        86.5833         0.1190        -3.0000
        10.0800        85.8947         0.0997        87.4369         0.1337        -3.0000
        10.1200        86.4941         0.1003        88.3124         0.1325        -3.0000
        10.1600        87.0543         0.1038        89.1649         0.1346        -3.0000
        10.2000        87.5506         0.1093        90.0567         0.1365        -3.0000
        10.2400        88.0565         0.1087        90.9552         0.1359        -3.0000
        10.2800        88.5271         0.1070        91.9429         0.1442        -3.0000
        10.3200        88.9430         0.1043        92.9416         0.1201        -2.9999
        10.3600        89.2844         0.0995        94.0259         0.1246        -2.9999
        10.4000        89.5513         0.1012        95.1977         0.1279        -2.9998
        10.4400        89.7619         0.1058        96.4236         0.1237        -2.9995
        10.4800        89.9234         0.1095        97.7011         0.1298        -2.9991
        10.5200        89.9486         0.1056        99.1769         0.1294        -2.9983
        10.5600        89.8920         0.1049       100.7587         0.1328        -2.9967
        10.6000        89.6337         0.1064       102.4896         0.1229        -2.9939
        10.6400        89.2220         0.0984       104.3542         0.1539        -2.9887
        10.6800        88.6378         0.0975       106.4211         0.1212        -2.9794
        10.7200        87.8596         0.0966       108.7452         0.1748        -2.9628
        10.7600        86.7703         0.0948       111.3038         0.1685        -2.9337
        10.8000        85.3308         0.0953       114.2189         0.1782        -2.8836
        10.8400        83.5362         0.0948       117.5537         0.1961        -2.7989
        10.8800        81.2636         0.0894       121.3543         0.2028        -2.6595
        10.9200        78.4773         0.0847       125.6050         0.2073        -2.4386
        10.9600        75.0563         0.0837       130.5159         0.1896        -2.1073
        11.0000        70.8773         0.0816       136.1165         0.2023        -1.6517
        11.0400        66.1781         0.0792         3.7530         0.0061        -1.1036
        11.0800        61.9044         0.0727         8.5253         0.0141        -0.5693
        11.1200        58.3115         0.0694        12.6728         0.0216        -0.1937
        11.1600        55.3000         0.0706        16.2586         0.0281        -0.0339
        11.2000        52.7504         0.0681        19.3569         0.0391        -0.0021
        11.2400        50.6030         0.0671        22.0533         0.0439        -0.0000
        11.2800        48.8144         0.0606        24.3848         0.0487        -0.0000
        11.3200        47.2991         0.0582        26.4081         0.0505        -0.0000
        11.3600        46.0763         0.0582        28.1999         0.0500        -0.0000
        11.4000        45.0713         0.0584        29.7847         0.0468        -0.0000
        11.4400        44.2388         0.0584        31.1825         0.0458        -0.0000
        11.4800        43.5646         0.0585        32.4218         0.0465        -0.0000
        11.5200        43.0288         0.0587        33.5251         0.0476        -0.0000
        11.5600        42.6210         0.0545        34.5235         0.0518        -0.0000
        11.6000        42.3346         0.0552        35.4063         0.0526        -0.0000
        11.6400        42.1292         0.0495        36.2183         0.0484         0.0000
        11.6800        42.0002         0.0513        36.9303         0.0481         0.0000
        11.7200        41.9094         0.0514        37.5954         0.0550         0.0000
        11.7600        41.8699         0.0663        38.1876         0.0562         0.0000
        11.8000        41.8739         0.0637        38.7500         0.0603         0.0000
        11.8400        41.9409         0.0677        39.2983         0.0575         0.0000
        11.8800        42.0450         0.0684        39.8046         0.0591         0.0000
        11.9200        42.1461         0.0682        40.2795         0.0611         0.0000
        11.9600        42.3183         0.0650        40.6988         0.0604         0.0000
        12.0000        42.4904         0.0600        41.1130         0.0624         0.0000
        12.0400        42.6702         0.0610        41.4990         0.0612         0.0000
        12.0800        42.8765         0.0637        41.8561         0.0620         0.0000
        12.1200        43.1185         0.0652        42.2311         0.0623         0.0000
        12.1600        43.3703         0.0716        42.5902         0.0630         0.0000
        12.2000        43.6207         0.0779        42.9436         0.0647         0.0000
        12.2400        43.8710         0.0736        43.2807         0.0625         0.0000
        12.2800        44.1142         0.0766        43.6155         0.0629         0.0000
        12.3200        44.3669         0.0896        43.9570         0.0713         0.0000
        12.3600        44.6323         0.0983        44.2852         0.0732         0.0000
        12.4000        44.9174         0.1135        44.6291         0.0758         0.0000
        12.4400        45.2085         0.1134        44.9405         0.0751         0.0000
        12.4800        45.4891         0.1137        45.2345         0.0933         0.0000
        12.5200        45.7740         0.1159        45.5757         0.0917         0.0000
        12.5600        46.0632         0.1114        45.9012         0.0860         0.0000
        12.6000        46.3552         0.0984        46.2191         0.0809         0.0000
        12.6400        46.6419         0.0962        46.5435         0.0847         0.0000
        12.6800        46.9647         0.0991        46.8639         0.0874         0.0000
        12.7200        47.2896         0.1093        47.1903         0.0920         0.0000
        12.7600        47.5959         0.1081        47.4939         0.0868         0.0000
        12.8000        47.8974         0.0996        47.8169         0.0884         0.0000
        12.8400        48.2059         0.0890        48.1328         0.0811         0.0000
        12.8800        48.5145         0.0851        48.4558         0.0817         0.0000
        12.9200        48.8438         0.0835        48.7700         0.0966         0.0000
        12.9600        49.1519         0.0967        49.1279         0.0930         0.0000
        13.0000        49.5073         0.0916        49.4660         0.0968         0.0000
        13.0400        49.8304         0.0872        49.7949         0.0997         0.0000
        13.0800        50.1623         0.0842        50.1110         0.0991         0.0000
        13.1200        50.4808         0.0854        50.4395         0.0970         0.0000
        13.1600        50.7927         0.0875        50.7604         0.0971         0.0000
        13.2000        51.1219         0.0866        51.1207         0.0858         0.0000
        13.2400        51.4464         0.0832        51.4554         0.0878         0.0000
        13.2800        51.7693         0.0950        51.7893         0.0868         0.0000
        13.3200        52.0793         0.0887        52.1337         0.0852         0.0000
        13.3600        52.4178         0.0949        52.4681         0.0940         0.0000
        13.4000        52.7614         0.0913        52.7967         0.0974         0.0000
        13.4400        53.1061         0.0951        53.1373         0.1002         0.0000
        13.4800        53.4129         0.0914        53.4616         0.1010         0.0000
        13.5200        53.7238         0.0821        53.8231         0.1000         0.0000
        13.5600        54.0937         0.0743        54.1660         0.1005         0.0000
        13.6000        54.4485         0.0805        54.5280         0.1049         0.0000
        13.6400        54.7896         0.0797        54.8649         0.1030         0.0000
        13.6800        55.1322         0.0793        55.1826         0.1027         0.0000
        13.7200        55.4314         0.0786        55.5395         0.1014         0.0000
        13.7600        55.7564         0.0749        55.8500         0.1014         0.0000
        13.8000        56.0819         0.0815        56.1559         0.0950         0.0000
        13.8400        56.4108         0.0827        56.5187         0.0943         0.0000
        13.8800        56.7494         0.0813        56.8749         0.0932         0.0000
        13.9200        57.0861         0.1016        57.1904         0.0893         0.0000
        13.9600        57.4413         0.1167        57.5255         0.0921         0.0000
        14.0000        57.7775         0.1225        57.8694         0.0975         0.0000
        14.0400        58.1297         0.1244        58.2070         0.0985         0.0000
        14.0800        58.4764         0.1272        58.5529         0.0956         0.0000
        14.1200        58.8324         0.1244        58.8951         0.1052         0.0000
        14.1600        59.2135         0.1059        59.2150         0.1000         0.0000
        14.2000        59.5625         0.1057        59.5919         0.1024         0.0000
        14.2400        59.9142         0.1035        59.9418         0.1042         0.0000
        14.2800        60.2634         0.1066        60.2925         0.1327         0.0000
        14.3200        60.6215         0.1055        60.6402         0.1301         0.0000
        14.3600        60.9637         0.1048        60.9668         0.1205         0.0000
        14.4000        61.3164         0.1012        61.3021         0.1186         0.0000
        14.4400        61.6811         0.0952        61.6316         0.1010         0.0000
        14.4800        62.0401         0.0978        61.9770         0.0961         0.0000
        14.5200        62.3838         0.0993        62.3675         0.0868         0.0000
        14.5600        62.7025         0.1006        62.7403         0.0970         0.0000
        14.6000        63.0464         0.0977        63.0874         0.0926         0.0000
        14.6400        63.3980         0.1002        63.4076         0.0960         0.0000
        14.6800        63.7303         0.0991        63.7577         0.0814         0.0000
        14.7200        64.0924         0.0987        64.1013         0.0784         0.0000
        14.7600        64.4639         0.1039        64.4650         0.1140         0.0000
        14.8000        64.8430         0.1034        64.8306         0.1086         0.0000
        14.8400        65.2309         0.1041        65.1714         0.1072         0.0000
        14.8800        65.5898         0.0903        65.5409         0.1033         0.0000
        14.9200        65.9301         0.0888        65.9383         0.0819         0.0000
        14.9600        66.2773         0.0874        66.3054         0.0844         0.0000
        15.0000        66.6874         0.0825        66.6869         0.1075         0.0000
        15.0400        67.0737         0.0904        67.1140         0.1121         0.0000
        15.0800        67.4322         0.0958        67.4660         0.1158         0.0000
        15.1200        67.8205         0.1011        67.8089         0.1185         0.0000
        15.1600        68.1993         0.1026        68.2410         0.1117         0.0000
        15.2000        68.5589         0.1041        68.6265         0.0882         0.0000
        15.2400        68.9437         0.1024        68.9943         0.0852         0.0000
        15.2800        69.3243         0.1051        69.3345         0.0858         0.0000
        15.3200        69.7060         0.1030        69.7066         0.1000         0.0000
        15.3600        70.0478         0.1014        70.1017         0.0941         0.0000
        15.4000        70.4455         0.0940        70.5001         0.0796         0.0000
        15.4400        70.8221         0.1188        70.8572         0.0803         0.0000
        15.4800        71.2067         0.1268        71.2136         0.0851         0.0000
        15.5200        71.5974         0.1387        71.6161         0.1016         0.0000
        15.5600        71.9828         0.1349        72.0212         0.1132         0.0000
        15.6000        72.3702         0.1259        72.4296         0.1068         0.0000
        15.6400        72.7657         0.1181        72.8315         0.1123         0.0000
        15.6800        73.1749         0.1149        73.2155         0.1081         0.0000
        15.7200        73.5975         0.1136        73.5966         0.1065         0.0000
        15.7600        74.0446         0.1179        74.0006         0.0990         0.0000
        15.8000        74.4030         0.0985        74.4251         0.0937         0.0000
        15.8400        74.7690         0.0981        74.8403         0.0836         0.0000
        15.8800        75.1434         0.0929        75.2538         0.0839         0.0000
        15.9200        75.4946         0.1149        75.6384         0.0879         0.0000
        15.9600        75.8759         0.0963        75.9896         0.1375         0.0000
        16.0000        76.2892         0.1067        76.3823         0.1280         0.0000
        16.0400        76.6965         0.1023        76.7808         0.1128         0.0000
        16.0800        77.1317         0.1087        77.1774         0.1147         0.0000
        16.1200        77.5334         0.1163        77.6204         0.1160         0.0000
        16.1600        78.0144         0.1073        78.0238         0.1169         0.0000
        16.2000        78.4100         0.1051        78.4078         0.1122         0.0000
        16.2400        78.8053         0.1035        78.7985         0.1081         0.0000
        16.2800        79.1956         0.1016        79.2070         0.1113         0.0000
        16.3200        79.5927         0.1076        79.6245         0.1124         0.0000
        16.3600        79.9731         0.1119        80.0331         0.1116         0.0000
        16.4000        80.3715         0.1164        80.4036         0.1047         0.0000
        16.4400        80.7603         0.1181        80.7701         0.1007         0.0000
        16.4800        81.1620         0.1160        81.1758         0.0974         0.0000
        16.5200        81.5422         0.1036        81.6117         0.0965         0.0000
        16.5600        81.9329         0.0951        81.9998         0.1035         0.0000
        16.6000        82.3364         0.0923        82.3939         0.0965         0.0000
        16.6400        82.7267         0.0827        82.7849         0.0929         0.0000
        16.6800        83.1506         0.0731        83.1697         0.0817         0.0000
        16.7200        83.5645         0.0786        83.6258         0.0639         0.0000
        16.7600        83.9675         0.0777        84.0420         0.0633         0.0000
        16.8000        84.3932         0.0833        84.4563         0.0800         0.0000
        16.8400        84.8452         0.0868        84.8599         0.0809         0.0000
        16.8800        85.2234         0.0814        85.3281         0.0824         0.0000
        16.9200        85.6452         0.0801        85.7326         0.0807         0.0000
        16.9600        86.0938         0.0748        86.1235         0.0793         0.0000
        17.0000        86.5282         0.0795        86.5531         0.0725         0.0000
        17.0400        86.9318         0.0842        87.0009         0.0695         0.0000
        17.0800        87.3780         0.0851        87.4263         0.0707         0.0000
        17.1200        87.8126         0.0851        87.8429         0.0748         0.0000
        17.1600        88.2687         0.0842        88.2816         0.0756         0.0000
        17.2000        88.6973         0.0862        88.6913         0.0807         0.0000
        17.2400        89.1072         0.0889        89.1226         0.0826         0.0000
        17.2800        89.5224         0.0870        89.5481         0.0778         0.0000
        17.3200        89.9793         0.0884        90.0041         0.0748         0.0000
        17.3600        90.4332         0.0889        90.3823         0.0844         0.0000
        17.4000        90.8704         0.1035        90.7767         0.0856         0.0000
        17.4400        91.3023         0.1063        91.1915         0.0886         0.0000
        17.4800        91.7402         0.1086        91.5922         0.0976         0.0000
        17.5200        92.1662         0.1070        92.0232         0.0968         0.0000
        17.5600        92.6005         0.1005        92.4710         0.0931         0.0000
        17.6000        93.0239         0.0856        92.8985         0.0929         0.0000
        17.6400        93.4589         0.0820        93.3385         0.0962         0.0000
        17.6800        93.8686         0.0911        93.7905         0.0974         0.0000
        17.7200        94.3099         0.0816        94.2239         0.1001         0.0000
        17.7600        94.7466         0.0805        94.6638         0.0990         0.0000
        17.8000        95.1883         0.0873        95.1464         0.0916         0.0000
        17.8400        95.6275         0.0875        95.5975         0.0922         0.0000
        17.8800        96.0781         0.0896        96.0105         0.0903         0.0000
        17.9200        96.4981         0.0839        96.4546         0.0892         0.0000
        17.9600        96.9560         0.0860        96.9201         0.0876         0.0000
        18.0000        97.3969         0.0817        97.3719         0.0949         0.0000
        18.0400        97.8521         0.0966        97.8580         0.0945         0.0000
        18.0800        98.3190         0.1036        98.3119         0.0868         0.0000
        18.1200        98.7802         0.1014        98.7854         0.0882         0.0000
        18.1600        99.2034         0.1068        99.2316         0.0855         0.0000
        18.2000        99.6433         0.1147        99.6898         0.0837         0.0000
        18.2400       100.1537         0.1217       100.1277         0.0834         0.0000
        18.2800       100.6730         0.1247       100.6044         0.0856         0.0000
        18.3200       101.1878         0.1362       101.0538         0.1032         0.0000
        18.3600       101.6794         0.1497       101.5486         0.1097         0.0000
        18.4000       102.1309         0.1529       102.0139         0.1263         0.0000
        18.4400       102.5799         0.1522       102.4772         0.0988         0.0000
        18.4800       103.0458         0.1417       102.9726         0.1016         0.0000
        18.5200       103.4839         0.1333       103.5050         0.1099         0.0000
        18.5600       103.9561         0.1263       103.9797         0.0998         0.0000
        18.6000       104.4359         0.1324       104.4310         0.0892         0.0000
        18.6400       104.9140         0.1365       104.8855         0.0976         0.0000
        18.6800       105.4099         0.1290       105.3505         0.1076         0.0000
        18.7200       105.8541         0.1233       105.8143         0.1122         0.0000
        18.7600       106.3374         0.1278       106.2573         0.1088         0.0000
        18.8000       106.7927         0.1371       106.7589         0.1095         0.0000
        18.8400       107.2026         0.1373       107.2374         0.1099         0.0000
        18.8800       107.6772         0.1190       107.7262         0.1140         0.0000
        18.9200       108.1125         0.1106       108.1970         0.1097         0.0000
        18.9600       108.6043         0.1065       108.6555         0.1131         0.0000
        19.0000       109.0579         0.1075       109.1360         0.1165         0.0000
        19.0400       109.5435         0.1080       109.5788         0.1184         0.0000
        19.0800       110.0339         0.1152       109.9875         0.1470         0.0000
        19.1200       110.5277         0.1099       110.4793         0.1486         0.0000
        19.1600       110.9803         0.1168       110.9808         0.1553         0.0000
        19.2000       111.4602         0.1170       111.4304         0.1666         0.0000
        19.2400       111.9468         0.1218       111.8899         0.1769         0.0000
        19.2800       112.3886         0.1263       112.3092         0.1819         0.0000
        19.3200       112.8752         0.1351       112.8333         0.1948         0.0000
        19.3600       113.3763         0.1599       113.3593         0.1928         0.0000
        19.4000       113.8832         0.1740       113.7893         0.1863         0.0000
        19.4400       114.3581         0.1835       114.2249         0.1841         0.0000
        19.4800       114.7662         0.1883       114.6864         0.1818         0.0000
        19.5200       115.2193         0.1890       115.1658         0.1810         0.0000
        19.5600       115.6896         0.1953       115.7324         0.1746         0.0000
        19.6000       116.1983         0.2082       116.2059         0.1695         0.0000
        19.6400       116.7366         0.1978       116.7074         0.1675         0.0000
        19.6800       117.2842         0.1751       117.1944         0.1676         0.0000
        19.7200       117.8180         0.1723       117.7045         0.1738         0.0000
        19.7600       118.2697         0.1710       118.2393         0.1780         0.0000
        19.8000       118.7625         0.1834       118.7446         0.1814         0.0000
        19.8400       119.2517         0.1854       119.3141         0.1926         0.0000
        19.8800       119.7507         0.1889       119.8613         0.1970         0.0000
        19.9200       120.2386         0.1875       120.3130         0.1993         0.0000
        19.9600       120.7093         0.1950       120.7847         0.2055         0.0000
        20.0000       106.3936         0.1799       106.4356         0.1896         0.0000
