   8.0000004E-002   0.0000000E+000   0.0000000E+000   0.0000000E+000   0.0000000E+000
   1.2000000E-001   0.0000000E+000   0.0000000E+000   0.0000000E+000   0.0000000E+000
   1.6000001E-001   0.0000000E+000   0.0000000E+000   0.0000000E+000   0.0000000E+000
   2.0000000E-001   0.0000000E+000   0.0000000E+000   0.0000000E+000   0.0000000E+000
   2.4000000E-001   0.0000000E+000   0.0000000E+000   0.0000000E+000   0.0000000E+000
   2.8000001E-001   0.0000000E+000   0.0000000E+000   0.0000000E+000   0.0000000E+000
   3.2000002E-001   0.0000000E+000   0.0000000E+000   0.0000000E+000   0.0000000E+000
   3.5999998E-001   0.0000000E+000   0.0000000E+000   0.0000000E+000   0.0000000E+000
   3.9999999E-001   0.0000000E+000   0.0000000E+000   0.0000000E+000   0.0000000E+000
   4.4000000E-001   0.0000000E+000   0.0000000E+000   0.0000000E+000   0.0000000E+000
   4.8000000E-001   0.0000000E+000   0.0000000E+000   0.0000000E+000   0.0000000E+000
   5.2000001E-001   0.0000000E+000   0.0000000E+000   0.0000000E+000   0.0000000E+000
   5.6000002E-001   0.0000000E+000   0.0000000E+000   0.0000000E+000   0.0000000E+000
   5.9999999E-001   0.0000000E+000   0.0000000E+000   0.0000000E+000   0.0000000E+000
   6.4000003E-001   0.0000000E+000   0.0000000E+000   0.0000000E+000   0.0000000E+000
   6.8000004E-001   0.0000000E+000   0.0000000E+000   0.0000000E+000   0.0000000E+000
   7.1999997E-001   0.0000000E+000   0.0000000E+000   0.0000000E+000   0.0000000E+000
   7.5999998E-001   0.0000000E+000   0.0000000E+000   0.0000000E+000   0.0000000E+000
   7.9999998E-001   0.0000000E+000   0.0000000E+000   0.0000000E+000   0.0000000E+000
   8.3999999E-001   0.0000000E+000   0.0000000E+000   0.0000000E+000   0.0000000E+000
   8.8000000E-001   0.0000000E+000   0.0000000E+000   0.0000000E+000   0.0000000E+000
   9.2000000E-001   0.0000000E+000   0.0000000E+000   0.0000000E+000   0.0000000E+000
   9.6000001E-001   0.0000000E+000   0.0000000E+000   0.0000000E+000   0.0000000E+000
   1.0000000E+000   0.0000000E+000   0.0000000E+000   0.0000000E+000   0.0000000E+000
   1.0400000E+000   4.4956791E-006   1.0490000E-007   4.4187438E-006   1.0422242E-007
   1.0800000E+000   1.1547692E-005   2.7626234E-007   1.1125965E-005   2.4572819E-007
   1.1200000E+000   1.9098909E-005   4.0901700E-007   1.8184163E-005   4.1498705E-007
   1.1600000E+000   2.6991499E-005   5.4472324E-007   2.5816213E-005   5.4017371E-007
   1.2000000E+000   3.4723739E-005   6.8842020E-007   3.4277655E-005   6.8109238E-007
   1.2400000E+000   4.3787162E-005   8.2897484E-007   4.2631233E-005   7.9112850E-007
   1.2800001E+000   5.2598202E-005   9.5389548E-007   5.1354521E-005   8.7473632E-007
   1.3200000E+000   6.2455182E-005   1.0891725E-006   6.0461210E-005   9.7651264E-007
   1.3600001E+000   7.2752678E-005   1.3991684E-006   7.0661765E-005   1.1012257E-006
   1.4000000E+000   8.3711402E-005   1.5614116E-006   8.0818344E-005   1.1898953E-006
   1.4399999E+000   9.5219002E-005   1.7543729E-006   9.1238535E-005   1.3927195E-006
   1.4800000E+000   1.0701075E-004   1.9193359E-006   1.0225308E-004   1.5782729E-006
   1.5200000E+000   1.1855356E-004   1.9888925E-006   1.1410384E-004   1.7693672E-006
   1.5600000E+000   1.3078629E-004   2.1101594E-006   1.2807033E-004   1.8947250E-006
   1.6000000E+000   1.4302576E-004   2.2693778E-006   1.4140685E-004   2.0633806E-006
   1.6400000E+000   1.5633093E-004   2.5296460E-006   1.5600330E-004   2.2745083E-006
   1.6800000E+000   1.7109885E-004   2.8192531E-006   1.6980976E-004   2.6266517E-006
   1.7200001E+000   1.8706604E-004   2.9661024E-006   1.8509215E-004   2.7449339E-006
   1.7600000E+000   2.0363005E-004   3.1475013E-006   1.9973083E-004   2.9001864E-006
   1.8000001E+000   2.1792631E-004   3.6580453E-006   2.1560226E-004   3.0415017E-006
   1.8400000E+000   2.3430464E-004   3.4408828E-006   2.3251810E-004   3.0827669E-006
   1.8799999E+000   2.5110165E-004   3.4567677E-006   2.5099802E-004   3.0890658E-006
   1.9200000E+000   2.6861176E-004   3.3338997E-006   2.6948021E-004   2.9060229E-006
   1.9599999E+000   2.8610380E-004   3.5326264E-006   2.8758948E-004   3.2603240E-006
   2.0000000E+000   3.0498142E-004   3.9099174E-006   3.0572553E-004   3.5661962E-006
   2.0400000E+000   3.2411035E-004   4.0711264E-006   3.2368043E-004   3.8775230E-006
   2.0800000E+000   3.4267784E-004   3.9678167E-006   3.4101495E-004   4.0144177E-006
   2.1200000E+000   3.6385672E-004   4.1396910E-006   3.6043007E-004   4.2639768E-006
   2.1600001E+000   3.8536210E-004   3.9953690E-006   3.7881634E-004   4.2342516E-006
   2.2000000E+000   4.0553576E-004   4.2115950E-006   3.9969591E-004   4.3893694E-006
   2.2400001E+000   4.2727375E-004   4.4981572E-006   4.2210893E-004   4.1798622E-006
   2.2800000E+000   4.4852893E-004   4.5025353E-006   4.4495715E-004   4.2781653E-006
   2.3199999E+000   4.7134639E-004   4.5827352E-006   4.6761637E-004   4.4246089E-006
   2.3600000E+000   4.9530452E-004   4.4571310E-006   4.9078850E-004   4.6593161E-006
   2.3999999E+000   5.1925122E-004   4.5679177E-006   5.1402689E-004   4.7667075E-006
   2.4400000E+000   5.4262127E-004   4.9589471E-006   5.3731098E-004   4.9966199E-006
   2.4800000E+000   5.6797950E-004   4.9293296E-006   5.6226393E-004   5.1571219E-006
   2.5200000E+000   5.9286630E-004   4.9694785E-006   5.8717338E-004   5.1645945E-006
   2.5600001E+000   6.1726808E-004   4.8981960E-006   6.1309392E-004   4.8896475E-006
   2.5999999E+000   6.4242993E-004   4.7474184E-006   6.4098282E-004   4.5399272E-006
   2.6400000E+000   6.6740196E-004   5.4569426E-006   6.6871193E-004   4.8347619E-006
   2.6800001E+000   6.9570621E-004   6.0363251E-006   6.9644107E-004   4.8522330E-006
   2.7200001E+000   7.2281422E-004   6.2213758E-006   7.2522785E-004   4.7770229E-006
   2.7599999E+000   7.5092104E-004   5.8339420E-006   7.5385138E-004   4.9399137E-006
   2.8000000E+000   7.7816451E-004   5.3591624E-006   7.8325702E-004   5.2579360E-006
   2.8400001E+000   8.0730014E-004   5.5429768E-006   8.1235618E-004   5.2978337E-006
   2.8799999E+000   8.3779901E-004   5.6957567E-006   8.4206783E-004   5.2207034E-006
   2.9200000E+000   8.6947079E-004   6.3135206E-006   8.7102374E-004   5.4489761E-006
   2.9600000E+000   8.9983129E-004   6.7255415E-006   9.0092453E-004   5.5719034E-006
   3.0000001E+000   9.3386871E-004   6.2790171E-006   9.3283943E-004   5.7159984E-006
   3.0399999E+000   9.6906915E-004   6.3517579E-006   9.6125993E-004   6.1438866E-006
   3.0800000E+000   1.0029634E-003   6.3362572E-006   9.9267217E-004   6.2948410E-006
   3.1200001E+000   1.0365534E-003   6.3776015E-006   1.0269589E-003   6.4552986E-006
   3.1600001E+000   1.0712695E-003   6.2955426E-006   1.0600675E-003   6.6805032E-006
   3.1999999E+000   1.1064750E-003   6.8932274E-006   1.0950204E-003   6.5854156E-006
   3.2400000E+000   1.1400889E-003   6.7952986E-006   1.1300148E-003   6.5649247E-006
   3.2800001E+000   1.1730405E-003   7.2976596E-006   1.1676761E-003   7.1217509E-006
   3.3199999E+000   1.2063481E-003   7.3818485E-006   1.2032853E-003   6.8902415E-006
   3.3600000E+000   1.2440497E-003   7.0743753E-006   1.2412266E-003   6.6006426E-006
   3.4000000E+000   1.2823113E-003   6.9816406E-006   1.2778790E-003   7.0663275E-006
   3.4400001E+000   1.3185774E-003   7.2239914E-006   1.3135185E-003   7.3251828E-006
   3.4799999E+000   1.3532231E-003   7.4858178E-006   1.3524059E-003   7.9690790E-006
   3.5200000E+000   1.3887573E-003   8.1401314E-006   1.3890210E-003   8.4106063E-006
   3.5600001E+000   1.4274461E-003   8.1388361E-006   1.4256694E-003   8.2624398E-006
   3.6000001E+000   1.4675301E-003   8.1933602E-006   1.4633156E-003   9.0818566E-006
   3.6399999E+000   1.5060732E-003   8.2877088E-006   1.5048081E-003   9.0454259E-006
   3.6800000E+000   1.5424238E-003   8.4995561E-006   1.5444599E-003   8.9432039E-006
   3.7200001E+000   1.5770438E-003   8.2119738E-006   1.5810936E-003   8.8445231E-006
   3.7599999E+000   1.6155245E-003   8.1205933E-006   1.6191304E-003   9.0212467E-006
   3.8000000E+000   1.6578691E-003   8.1657307E-006   1.6545541E-003   9.0386698E-006
   3.8400000E+000   1.7008562E-003   7.8114747E-006   1.6915568E-003   8.0635486E-006
   3.8800001E+000   1.7417994E-003   8.0127829E-006   1.7354579E-003   8.4186597E-006
   3.9199999E+000   1.7809869E-003   9.4095799E-006   1.7799402E-003   8.4092506E-006
   3.9600000E+000   1.8207229E-003   9.4196406E-006   1.8204569E-003   8.0886095E-006
   4.0000001E+000   1.8633839E-003   9.3653384E-006   1.8643539E-003   7.9249556E-006
   4.0400001E+000   1.9077281E-003   9.7136278E-006   1.9087482E-003   7.8690301E-006
   4.0799999E+000   1.9565395E-003   8.6679742E-006   1.9547719E-003   8.1247732E-006
   4.1200000E+000   1.9982311E-003   8.3700645E-006   1.9967857E-003   8.4967467E-006
   4.1600001E+000   2.0419219E-003   8.4522068E-006   2.0403126E-003   9.6463623E-006
   4.1999999E+000   2.0868937E-003   8.6559567E-006   2.0892498E-003   9.4884028E-006
   4.2399999E+000   2.1358291E-003   9.0419354E-006   2.1355531E-003   9.4152001E-006
   4.2800000E+000   2.1873075E-003   9.5686725E-006   2.1775194E-003   9.5737126E-006
   4.3200001E+000   2.2399886E-003   9.6148832E-006   2.2225990E-003   1.0063045E-005
   4.3599999E+000   2.2879508E-003   1.1155486E-005   2.2722859E-003   1.0656411E-005
   4.4000000E+000   2.3401606E-003   1.1408268E-005   2.3173129E-003   1.2432038E-005
   4.4400001E+000   2.3962567E-003   1.2103149E-005   2.3650845E-003   1.2820815E-005
   4.4800001E+000   2.4461092E-003   1.2402320E-005   2.4118337E-003   1.2516639E-005
   4.5199999E+000   2.4950152E-003   1.3591577E-005   2.4557921E-003   1.1936161E-005
   4.5600000E+000   2.5492275E-003   1.3554312E-005   2.4976665E-003   1.1472027E-005
   4.6000001E+000   2.6031043E-003   1.3141275E-005   2.5488067E-003   1.1692236E-005
   4.6399999E+000   2.6595663E-003   1.1889152E-005   2.6069527E-003   1.2999884E-005
   4.6799999E+000   2.7141879E-003   1.2324048E-005   2.6578464E-003   1.3314182E-005
   4.7200000E+000   2.7604922E-003   1.2149913E-005   2.7130470E-003   1.3199085E-005
   4.7600001E+000   2.8143734E-003   1.2401941E-005   2.7614299E-003   1.2227692E-005
   4.7999999E+000   2.8634265E-003   1.0101145E-005   2.8123308E-003   1.1579898E-005
   4.8400000E+000   2.9243316E-003   1.0608317E-005   2.8656901E-003   1.1552098E-005
   4.8800001E+000   2.9870029E-003   1.0626493E-005   2.9148936E-003   1.1660813E-005
   4.9200001E+000   3.0445036E-003   1.1181379E-005   2.9615022E-003   1.1615169E-005
   4.9599999E+000   3.1088404E-003   1.2121500E-005   3.0093199E-003   1.1968997E-005
   5.0000000E+000   3.1818684E-003   1.2344825E-005   3.0568649E-003   1.2255814E-005
   5.0400001E+000   3.2561965E-003   1.2694074E-005   3.1042044E-003   1.6280750E-005
   5.0800002E+000   3.3347680E-003   1.3724135E-005   3.1473392E-003   1.6530012E-005
   5.1200002E+000   3.4055858E-003   1.6582804E-005   3.1901388E-003   1.3212887E-005
   5.1599997E+000   3.4797822E-003   1.6163814E-005   3.2297606E-003   1.2520759E-005
   5.1999998E+000   3.5584487E-003   1.5189600E-005   3.2672356E-003   1.1721519E-005
   5.2399999E+000   3.6464153E-003   1.3842627E-005   3.2989808E-003   1.2412070E-005
   5.2800000E+000   3.7383760E-003   1.3991486E-005   3.3229242E-003   1.1625136E-005
   5.3200001E+000   3.8378965E-003   1.3943499E-005   3.3451968E-003   1.1922617E-005
   5.3600001E+000   3.9430982E-003   1.3368888E-005   3.3560690E-003   1.0831642E-005
   5.4000002E+000   4.0619144E-003   1.3676008E-005   3.3651755E-003   1.0979447E-005
   5.4400003E+000   4.1914165E-003   1.3001958E-005   3.3669259E-003   1.0793286E-005
   5.4799998E+000   4.3280405E-003   1.3180531E-005   3.3582318E-003   1.0713749E-005
   5.5199999E+000   4.4830480E-003   1.3526677E-005   3.3325122E-003   1.0415412E-005
   5.5599999E+000   4.6521106E-003   1.3841114E-005   3.2950930E-003   1.0115372E-005
   5.6000000E+000   4.8411790E-003   1.5000723E-005   3.2365105E-003   9.8117985E-006
   5.6400001E+000   5.0574879E-003   1.5802114E-005   3.1513508E-003   9.4410174E-006
   5.6800002E+000   5.2935582E-003   1.6093298E-005   3.0412528E-003   8.3822373E-006
   5.7200003E+000   5.5604029E-003   1.7551878E-005   2.9020941E-003   8.0581343E-006
   5.7599998E+000   5.8644774E-003   1.5507184E-005   2.7305828E-003   7.3379485E-006
   5.7999998E+000   6.2107347E-003   1.6723605E-005   2.5170510E-003   6.7526746E-006
   5.8399999E+000   6.6095193E-003   1.7886304E-005   2.2524386E-003   6.2319924E-006
   5.8800000E+000   7.0668456E-003   1.9817697E-005   1.9259258E-003   5.4427425E-006
   5.9200001E+000   7.6062964E-003   2.2168246E-005   1.5313372E-003   4.4129386E-006
   5.9600002E+000   8.2281825E-003   2.4423120E-005   1.0477237E-003   3.1335096E-006
   6.0000002E+000   8.9468230E-003   2.4875969E-005   4.7038962E-004   1.2982137E-006
   6.0399997E+000   9.7531930E-003   2.5622911E-005   1.6593012E-002   4.3157661E-005
   6.0799998E+000   1.0492019E-002   2.6577007E-005   1.7166106E-002   4.7581743E-005
   6.1199999E+000   1.1157540E-002   2.6599051E-005   1.6885865E-002   4.1161752E-005
   6.1600000E+000   1.1754171E-002   2.8823155E-005   1.6674535E-002   3.9234527E-005
   6.2000000E+000   1.2290047E-002   2.9961381E-005   1.6525024E-002   3.7960836E-005
   6.2400001E+000   1.2773446E-002   3.0043256E-005   1.6417045E-002   3.6873493E-005
   6.2800002E+000   1.3224502E-002   2.9799001E-005   1.6347926E-002   3.5448639E-005
   6.3200003E+000   1.3641350E-002   3.0341518E-005   1.6327688E-002   3.5853763E-005
   6.3599998E+000   1.4022619E-002   2.9961209E-005   1.6330917E-002   3.4681053E-005
   6.3999999E+000   1.4376884E-002   3.3386536E-005   1.6362226E-002   3.3822617E-005
   6.4399999E+000   1.4720104E-002   3.4646744E-005   1.6416829E-002   3.4108848E-005
   6.4800000E+000   1.5038769E-002   3.5507906E-005   1.6489082E-002   3.5582234E-005
   6.5200001E+000   1.5326531E-002   3.8008978E-005   1.6583963E-002   3.7912452E-005
   6.5600002E+000   1.5616360E-002   3.7206438E-005   1.6711215E-002   4.2597573E-005
   6.6000003E+000   1.5895776E-002   3.8805706E-005   1.6844811E-002   4.2225586E-005
   6.6399997E+000   1.6159039E-002   3.9567837E-005   1.6993920E-002   3.5639882E-005
   6.6799998E+000   1.6422671E-002   3.9326048E-005   1.7139816E-002   3.5251655E-005
   6.7199999E+000   1.6687662E-002   3.7934662E-005   1.7295934E-002   3.5446641E-005
   6.7600000E+000   1.6934382E-002   4.2293773E-005   1.7460264E-002   3.6733019E-005
   6.8000001E+000   1.7176933E-002   4.1847415E-005   1.7633644E-002   4.4646797E-005
   6.8400002E+000   1.7411095E-002   3.9968463E-005   1.7820300E-002   4.6978705E-005
   6.8800002E+000   1.7659180E-002   4.0988572E-005   1.8001867E-002   3.7839030E-005
   6.9199997E+000   1.7885644E-002   3.7296089E-005   1.8179007E-002   3.6596370E-005
   6.9599998E+000   1.8116307E-002   3.6338826E-005   1.8369035E-002   3.7860245E-005
   6.9999999E+000   1.8341478E-002   3.3816952E-005   1.8570555E-002   3.6124623E-005
   7.0400000E+000   1.8567265E-002   3.4185136E-005   1.8769575E-002   3.6628081E-005
   7.0800000E+000   1.8800172E-002   3.7809237E-005   1.8968033E-002   3.5375626E-005
   7.1200001E+000   1.9037931E-002   3.3831004E-005   1.9175149E-002   3.4687151E-005
   7.1600002E+000   1.9264195E-002   3.3721180E-005   1.9392964E-002   3.4817336E-005
   7.2000003E+000   1.9505378E-002   3.4552672E-005   1.9611300E-002   3.1662425E-005
   7.2399998E+000   1.9736843E-002   3.3672995E-005   1.9844091E-002   3.0862026E-005
   7.2799999E+000   1.9972426E-002   3.8281044E-005   2.0063312E-002   3.0869980E-005
   7.3199999E+000   2.0203018E-002   3.9244490E-005   2.0279223E-002   3.2987576E-005
   7.3600000E+000   2.0439164E-002   3.8261888E-005   2.0500250E-002   3.3321282E-005
   7.4000001E+000   2.0686033E-002   3.8186945E-005   2.0733637E-002   3.1832207E-005
   7.4400002E+000   2.0920645E-002   3.7019397E-005   2.0972185E-002   3.0750209E-005
   7.4800003E+000   2.1158186E-002   3.9299571E-005   2.1193001E-002   3.1573522E-005
   7.5199997E+000   2.1380489E-002   4.3382454E-005   2.1430328E-002   3.1987025E-005
   7.5599998E+000   2.1594891E-002   3.6756819E-005   2.1663347E-002   3.2645744E-005
   7.5999999E+000   2.1830584E-002   4.8099883E-005   2.1892828E-002   3.3081330E-005
   7.6400000E+000   2.2060753E-002   4.7622314E-005   2.2117250E-002   3.3076694E-005
   7.6800001E+000   2.2296201E-002   4.4728108E-005   2.2351709E-002   3.4306179E-005
   7.7200001E+000   2.2544722E-002   3.4405067E-005   2.2582722E-002   5.2660852E-005
   7.7600002E+000   2.2797140E-002   4.4952750E-005   2.2821936E-002   4.9865309E-005
   7.7999997E+000   2.3027294E-002   3.4070313E-005   2.3052415E-002   4.4527783E-005
   7.8399998E+000   2.3274763E-002   3.4969039E-005   2.3294124E-002   4.5608352E-005
   7.8799999E+000   2.3514428E-002   3.4507547E-005   2.3536118E-002   5.3780668E-005
   7.9200000E+000   2.3758284E-002   3.3775376E-005   2.3769185E-002   5.2566499E-005
   7.9600000E+000   2.4017615E-002   4.6231339E-005   2.4012162E-002   4.6327878E-005
   8.0000001E+000   2.4280243E-002   4.8464450E-005   2.4272102E-002   5.1435962E-005
   8.0400002E+000   2.4526391E-002   5.2724739E-005   2.4524355E-002   4.4379778E-005
   8.0800003E+000   2.4768361E-002   5.2941034E-005   2.4788356E-002   4.8526177E-005
   8.1199998E+000   2.5017392E-002   5.4379836E-005   2.5028244E-002   4.5907767E-005
   8.1599998E+000   2.5263525E-002   5.4887181E-005   2.5265887E-002   4.2784931E-005
   8.1999999E+000   2.5514441E-002   3.8243719E-005   2.5516100E-002   4.2959493E-005
   8.2400000E+000   2.5780577E-002   3.7208137E-005   2.5774988E-002   4.2801932E-005
   8.2800001E+000   2.6056039E-002   3.5949443E-005   2.6043070E-002   4.1896631E-005
   8.3200002E+000   2.6318887E-002   3.4242627E-005   2.6302211E-002   3.6601490E-005
   8.3600003E+000   2.6567893E-002   3.4438506E-005   2.6565560E-002   3.6047358E-005
   8.3999997E+000   2.6819658E-002   3.4811284E-005   2.6812490E-002   3.3844368E-005
   8.4399998E+000   2.7084517E-002   4.1095877E-005   2.7081540E-002   3.5468886E-005
   8.4799999E+000   2.7341203E-002   3.3945579E-005   2.7365779E-002   3.8451835E-005
   8.5200000E+000   2.7604688E-002   3.6327139E-005   2.7648041E-002   4.4406287E-005
   8.5600001E+000   2.7866335E-002   3.6211151E-005   2.7920409E-002   4.4850270E-005
   8.6000001E+000   2.8131141E-002   3.8106468E-005   2.8190649E-002   4.4971096E-005
   8.6400002E+000   2.8401283E-002   4.3860694E-005   2.8458477E-002   4.5898382E-005
   8.6799997E+000   2.8675107E-002   4.5023653E-005   2.8716280E-002   4.5544201E-005
   8.7199998E+000   2.8936320E-002   4.6927208E-005   2.9005581E-002   4.5355855E-005
   8.7599999E+000   2.9204862E-002   4.3890564E-005   2.9264655E-002   4.6292124E-005
   8.8000000E+000   2.9486511E-002   4.2697368E-005   2.9539431E-002   4.1834452E-005
   8.8400000E+000   2.9766385E-002   4.4694127E-005   2.9816403E-002   3.9961471E-005
   8.8800001E+000   3.0054090E-002   4.4802020E-005   3.0073397E-002   4.2306736E-005
   8.9200002E+000   3.0317435E-002   4.3083943E-005   3.0354191E-002   4.6437987E-005
   8.9600003E+000   3.0587376E-002   3.4021572E-005   3.0630204E-002   4.6610754E-005
   8.9999998E+000   3.0861615E-002   3.3988095E-005   3.0919529E-002   4.6815843E-005
   9.0399998E+000   3.1136403E-002   3.3616985E-005   3.1197819E-002   4.7205910E-005
   9.0799999E+000   3.1426874E-002   3.3340865E-005   3.1465823E-002   4.5063576E-005
   9.1200000E+000   3.1707179E-002   3.3961960E-005   3.1749671E-002   4.4305532E-005
   9.1600001E+000   3.1992263E-002   3.4645689E-005   3.2040597E-002   4.3998764E-005
   9.2000002E+000   3.2284483E-002   3.6316129E-005   3.2332153E-002   4.4556590E-005
   9.2400002E+000   3.2577688E-002   3.7444765E-005   3.2630876E-002   4.3193614E-005
   9.2799997E+000   3.2870556E-002   3.6919851E-005   3.2923156E-002   3.5904845E-005
   9.3199998E+000   3.3156920E-002   3.6998218E-005   3.3213201E-002   3.6592767E-005
   9.3599999E+000   3.3433229E-002   3.7757992E-005   3.3501110E-002   3.9253225E-005
   9.4000000E+000   3.3717693E-002   3.7167969E-005   3.3814953E-002   4.1682065E-005
   9.4400001E+000   3.4012071E-002   4.5876521E-005   3.4104192E-002   3.7379774E-005
   9.4800001E+000   3.4320121E-002   4.7187031E-005   3.4395627E-002   3.6642343E-005
   9.5200002E+000   3.4618699E-002   4.9287915E-005   3.4697320E-002   3.8736575E-005
   9.5599997E+000   3.4903356E-002   5.0382641E-005   3.4997498E-002   3.8203423E-005
   9.5999998E+000   3.5200968E-002   5.0684756E-005   3.5296249E-002   4.0386015E-005
   9.6399999E+000   3.5502097E-002   5.1323915E-005   3.5597142E-002   4.1222482E-005
   9.6799999E+000   3.5789733E-002   4.9462870E-005   3.5905973E-002   4.6548283E-005
   9.7200000E+000   3.6075323E-002   4.6879241E-005   3.6239213E-002   4.9246802E-005
   9.7600001E+000   3.6377928E-002   4.6314768E-005   3.6560674E-002   4.9928057E-005
   9.8000002E+000   3.6662773E-002   4.4640882E-005   3.6886681E-002   4.5908086E-005
   9.8400003E+000   3.6949008E-002   4.6449304E-005   3.7204322E-002   4.5782760E-005
   9.8799998E+000   3.7230351E-002   4.3554465E-005   3.7539644E-002   4.6426317E-005
   9.9199998E+000   3.7518554E-002   4.5470271E-005   3.7888146E-002   4.4088457E-005
   9.9599999E+000   3.7808377E-002   4.6689922E-005   3.8243005E-002   4.4495321E-005
   1.0000000E+001   3.8085056E-002   4.7795040E-005   3.8595695E-002   4.4319492E-005
   1.0039999E+001   3.8362899E-002   4.9359516E-005   3.8956803E-002   4.3059024E-005
   1.0080000E+001   3.8643769E-002   5.1696586E-005   3.9329246E-002   4.3817350E-005
   1.0120000E+001   3.8906053E-002   4.8796635E-005   3.9712852E-002   4.2774262E-005
   1.0160000E+001   3.9159920E-002   5.0444602E-005   4.0114332E-002   4.4271793E-005
   1.0200000E+001   3.9402596E-002   4.5793830E-005   4.0518780E-002   4.5652302E-005
   1.0240000E+001   3.9636532E-002   4.1309589E-005   4.0946736E-002   5.8689326E-005
   1.0280000E+001   3.9843824E-002   4.1988579E-005   4.1409102E-002   4.6186569E-005
   1.0319999E+001   4.0053051E-002   4.0711489E-005   4.1875673E-002   4.7311176E-005
   1.0360000E+001   4.0221932E-002   3.9890446E-005   4.2354919E-002   4.8432475E-005
   1.0400000E+001   4.0370528E-002   3.9138819E-005   4.2858657E-002   5.2418018E-005
   1.0440000E+001   4.0477536E-002   3.9383776E-005   4.3410949E-002   5.3067491E-005
   1.0480000E+001   4.0532315E-002   4.0501363E-005   4.4001672E-002   5.2264201E-005
   1.0520000E+001   4.0547255E-002   4.1639899E-005   4.4645517E-002   5.3675704E-005
   1.0560000E+001   4.0504724E-002   4.0423748E-005   4.5357184E-002   4.8710582E-005
   1.0599999E+001   4.0403346E-002   4.0115572E-005   4.6127165E-002   4.7970996E-005
   1.0640000E+001   4.0226641E-002   4.0543400E-005   4.6960677E-002   5.4534855E-005
   1.0680000E+001   3.9949455E-002   4.0499956E-005   4.7884085E-002   4.8528086E-005
   1.0720000E+001   3.9581291E-002   4.2066301E-005   4.8928842E-002   5.0406178E-005
   1.0760000E+001   3.9109390E-002   4.2889030E-005   5.0097338E-002   5.3521053E-005
   1.0800000E+001   3.8467207E-002   4.3227555E-005   5.1413512E-002   5.5011787E-005
   1.0840000E+001   3.7653315E-002   4.3463710E-005   5.2910581E-002   5.8863020E-005
   1.0880001E+001   3.6634766E-002   4.4578982E-005   5.4617545E-002   5.7012743E-005
   1.0920000E+001   3.5370369E-002   4.3394166E-005   5.6564230E-002   5.8502400E-005
   1.0960000E+001   3.3845215E-002   4.1773841E-005   5.8784346E-002   6.3543306E-005
   1.1000000E+001   3.1983166E-002   3.8998931E-005   5.7950459E-002   6.3675149E-005
   1.1040000E+001   2.9838898E-002   3.7879455E-005   1.7054649E-003   2.3311893E-006
   1.1080000E+001   2.7936519E-002   3.6933076E-005   3.8614549E-003   5.9874956E-006
   1.1120000E+001   2.6320702E-002   3.7750047E-005   5.7294732E-003   8.9982012E-006
   1.1160001E+001   2.4958321E-002   3.5329218E-005   7.3417570E-003   1.1208557E-005
   1.1200000E+001   2.3810018E-002   3.2868158E-005   8.7384809E-003   1.2969928E-005
   1.1240000E+001   2.2843903E-002   2.9888281E-005   9.9458262E-003   1.5741121E-005
   1.1280000E+001   2.2024939E-002   2.7893619E-005   1.1005011E-002   1.7720616E-005
   1.1320000E+001   2.1348898E-002   2.7148568E-005   1.1927852E-002   1.8459782E-005
   1.1360000E+001   2.0777731E-002   2.5296564E-005   1.2745891E-002   2.0101852E-005
   1.1400000E+001   2.0325184E-002   2.2569909E-005   1.3460482E-002   2.0895515E-005
   1.1440001E+001   1.9961716E-002   2.1672906E-005   1.4087214E-002   2.0682327E-005
   1.1480000E+001   1.9658344E-002   2.2053442E-005   1.4638209E-002   2.1666084E-005
   1.1520000E+001   1.9412054E-002   2.2311874E-005   1.5140284E-002   2.3188330E-005
   1.1560000E+001   1.9218701E-002   2.3040532E-005   1.5577759E-002   2.2775317E-005
   1.1600000E+001   1.9084133E-002   2.3735767E-005   1.5972086E-002   2.3832689E-005
   1.1640000E+001   1.8984806E-002   2.5663669E-005   1.6315890E-002   2.5779211E-005
   1.1680000E+001   1.8914952E-002   2.5443460E-005   1.6631070E-002   2.6394424E-005
   1.1720001E+001   1.8884948E-002   3.0667741E-005   1.6930122E-002   2.6178501E-005
   1.1760000E+001   1.8871464E-002   2.5936732E-005   1.7195986E-002   2.4293468E-005
   1.1799999E+001   1.8880657E-002   2.4019839E-005   1.7465006E-002   2.5977737E-005
   1.1840000E+001   1.8908965E-002   2.4800534E-005   1.7707371E-002   2.6444594E-005
   1.1880000E+001   1.8943610E-002   2.4231481E-005   1.7932028E-002   2.7466809E-005
   1.1920000E+001   1.9003287E-002   2.5362081E-005   1.8136409E-002   2.9908411E-005
   1.1960000E+001   1.9074368E-002   2.9259380E-005   1.8326604E-002   3.0524739E-005
   1.2000000E+001   1.9147508E-002   2.9420499E-005   1.8506140E-002   3.0045187E-005
   1.2040000E+001   1.9237448E-002   2.8444174E-005   1.8676120E-002   3.0277859E-005
   1.2079999E+001   1.9347049E-002   2.8206838E-005   1.8856796E-002   3.0886377E-005
   1.2120000E+001   1.9456276E-002   3.0869707E-005   1.9033817E-002   2.9829893E-005
   1.2160000E+001   1.9538740E-002   3.2911278E-005   1.9199417E-002   2.7796944E-005
   1.2200000E+001   1.9644680E-002   3.2216937E-005   1.9355707E-002   2.8872534E-005
   1.2240000E+001   1.9756618E-002   3.1508253E-005   1.9511786E-002   3.1834586E-005
   1.2280000E+001   1.9890045E-002   3.1301693E-005   1.9662633E-002   3.2437481E-005
   1.2320000E+001   2.0006690E-002   3.1574709E-005   1.9816283E-002   3.2248086E-005
   1.2359999E+001   2.0110750E-002   3.0013024E-005   1.9953399E-002   3.2315723E-005
   1.2400000E+001   2.0231253E-002   2.9928433E-005   2.0104450E-002   3.7408640E-005
   1.2440000E+001   2.0362580E-002   3.2757243E-005   2.0242023E-002   3.6904688E-005
   1.2480000E+001   2.0492570E-002   3.2931933E-005   2.0393184E-002   3.6886535E-005
   1.2520000E+001   2.0627284E-002   3.3648459E-005   2.0534917E-002   3.7905567E-005
   1.2560000E+001   2.0759441E-002   3.3637807E-005   2.0667809E-002   3.2038482E-005
   1.2600000E+001   2.0891972E-002   4.0866829E-005   2.0814084E-002   3.7926801E-005
   1.2640001E+001   2.1040422E-002   4.5228248E-005   2.0966306E-002   3.2513938E-005
   1.2680000E+001   2.1190911E-002   4.4948170E-005   2.1105619E-002   3.7474192E-005
   1.2720000E+001   2.1327031E-002   4.2890798E-005   2.1233740E-002   3.9517632E-005
   1.2760000E+001   2.1466222E-002   4.4334633E-005   2.1386396E-002   5.1204196E-005
   1.2800000E+001   2.1610765E-002   4.9907391E-005   2.1526595E-002   5.0066097E-005
   1.2840000E+001   2.1754385E-002   5.2431133E-005   2.1677853E-002   4.8569604E-005
   1.2880000E+001   2.1886516E-002   3.9019549E-005   2.1825697E-002   4.7054897E-005
   1.2920001E+001   2.2021672E-002   3.8584111E-005   2.1964682E-002   4.8337884E-005
   1.2960000E+001   2.2161792E-002   3.7034452E-005   2.2111526E-002   4.9671193E-005
   1.3000000E+001   2.2306240E-002   3.8677902E-005   2.2257812E-002   4.8099096E-005
   1.3040000E+001   2.2447867E-002   3.8986498E-005   2.2402453E-002   4.5983475E-005
   1.3080000E+001   2.2592551E-002   3.8244642E-005   2.2545123E-002   4.4810392E-005
   1.3120000E+001   2.2734548E-002   3.8246874E-005   2.2691979E-002   4.1401013E-005
   1.3160000E+001   2.2870493E-002   3.8123721E-005   2.2837879E-002   4.1651736E-005
   1.3200001E+001   2.3013206E-002   3.7575067E-005   2.2986113E-002   4.2137945E-005
   1.3240000E+001   2.3169104E-002   3.8389589E-005   2.3146892E-002   4.8565745E-005
   1.3279999E+001   2.3316699E-002   3.6289059E-005   2.3274494E-002   3.6655818E-005
   1.3320000E+001   2.3468417E-002   3.3923691E-005   2.3409771E-002   3.4992304E-005
   1.3360000E+001   2.3616932E-002   3.2823879E-005   2.3567297E-002   3.2424429E-005
   1.3400000E+001   2.3770746E-002   3.1150732E-005   2.3726703E-002   3.1643658E-005
   1.3440000E+001   2.3930818E-002   3.2824092E-005   2.3891702E-002   3.2047581E-005
   1.3480000E+001   2.4082703E-002   4.0563895E-005   2.4050432E-002   4.4923089E-005
   1.3520000E+001   2.4229591E-002   4.1061785E-005   2.4210350E-002   3.1688286E-005
   1.3559999E+001   2.4378645E-002   3.8684002E-005   2.4380906E-002   3.3769370E-005
   1.3600000E+001   2.4526550E-002   3.1173160E-005   2.4513286E-002   3.4255115E-005
   1.3640000E+001   2.4681696E-002   3.8043373E-005   2.4663905E-002   4.4288313E-005
   1.3680000E+001   2.4831223E-002   3.4695081E-005   2.4815599E-002   4.1614023E-005
   1.3720000E+001   2.4977948E-002   3.4979766E-005   2.4963894E-002   3.7925297E-005
   1.3760000E+001   2.5135664E-002   3.3422150E-005   2.5096302E-002   3.8731428E-005
   1.3800000E+001   2.5287559E-002   3.4384861E-005   2.5256459E-002   4.7856680E-005
   1.3839999E+001   2.5437282E-002   3.5231719E-005   2.5413356E-002   4.0083902E-005
   1.3880000E+001   2.5583246E-002   3.6119998E-005   2.5582684E-002   4.1952338E-005
   1.3920000E+001   2.5739577E-002   4.2249063E-005   2.5733538E-002   4.3862733E-005
   1.3960000E+001   2.5909231E-002   4.8851007E-005   2.5868349E-002   4.4542734E-005
   1.4000000E+001   2.6059243E-002   4.9512127E-005   2.6027294E-002   3.8550879E-005
   1.4040000E+001   2.6200489E-002   4.7939237E-005   2.6184018E-002   3.9363567E-005
   1.4080000E+001   2.6367605E-002   4.4490449E-005   2.6339077E-002   4.5113685E-005
   1.4119999E+001   2.6532914E-002   4.1517491E-005   2.6492405E-002   4.1327940E-005
   1.4160000E+001   2.6691066E-002   3.6424537E-005   2.6647820E-002   4.2247681E-005
   1.4200000E+001   2.6837541E-002   3.6892938E-005   2.6804369E-002   4.0942017E-005
   1.4240000E+001   2.6998161E-002   3.5396630E-005   2.6966308E-002   3.9113498E-005
   1.4280000E+001   2.7168547E-002   3.6971024E-005   2.7144597E-002   3.8261272E-005
   1.4320000E+001   2.7326721E-002   3.7685373E-005   2.7301058E-002   3.8810836E-005
   1.4360000E+001   2.7495770E-002   3.8036339E-005   2.7448535E-002   4.3721685E-005
   1.4400001E+001   2.7660853E-002   3.8863932E-005   2.7611777E-002   3.7172229E-005
   1.4440000E+001   2.7832078E-002   3.9936790E-005   2.7758807E-002   4.0997861E-005
   1.4480000E+001   2.7993288E-002   3.9565028E-005   2.7934562E-002   4.3204360E-005
   1.4520000E+001   2.8153013E-002   3.9450407E-005   2.8117643E-002   4.2607139E-005
   1.4560000E+001   2.8319058E-002   3.9330133E-005   2.8295506E-002   4.3426717E-005
   1.4600000E+001   2.8483773E-002   3.8258056E-005   2.8448157E-002   4.5962387E-005
   1.4640000E+001   2.8650492E-002   3.9511542E-005   2.8609535E-002   4.4981815E-005
   1.4680001E+001   2.8804943E-002   4.1255991E-005   2.8778564E-002   4.4656973E-005
   1.4720000E+001   2.8962073E-002   4.0083363E-005   2.8948769E-002   4.3914507E-005
   1.4760000E+001   2.9117610E-002   3.7345123E-005   2.9113673E-002   4.4523453E-005
   1.4800000E+001   2.9266190E-002   3.5887761E-005   2.9280641E-002   4.5575127E-005
   1.4840000E+001   2.9425604E-002   3.4734039E-005   2.9456630E-002   4.5554553E-005
   1.4880000E+001   2.9581971E-002   3.3862503E-005   2.9624813E-002   4.2897965E-005
   1.4920000E+001   2.9752646E-002   3.3222598E-005   2.9786453E-002   4.4222028E-005
   1.4960001E+001   2.9901999E-002   3.4161361E-005   2.9952323E-002   4.4486733E-005
   1.5000000E+001   3.0076237E-002   3.5391955E-005   3.0119738E-002   4.7244858E-005
   1.5039999E+001   3.0259892E-002   3.4911325E-005   3.0279207E-002   4.6393706E-005
   1.5080000E+001   3.0418937E-002   3.4756921E-005   3.0445965E-002   4.2472890E-005
   1.5120000E+001   3.0588137E-002   3.6242716E-005   3.0617467E-002   3.7840314E-005
   1.5160000E+001   3.0747644E-002   3.5288516E-005   3.0798127E-002   3.5032930E-005
   1.5200000E+001   3.0903412E-002   3.6903795E-005   3.0962358E-002   3.3060396E-005
   1.5240000E+001   3.1051049E-002   3.5690967E-005   3.1130109E-002   3.7511319E-005
   1.5280000E+001   3.1225266E-002   3.5601819E-005   3.1302227E-002   4.0518868E-005
   1.5319999E+001   3.1389567E-002   3.6030616E-005   3.1456554E-002   4.1366019E-005
   1.5360000E+001   3.1570194E-002   3.4263431E-005   3.1612763E-002   4.2117643E-005
   1.5400000E+001   3.1743003E-002   3.7260831E-005   3.1797548E-002   4.0808561E-005
   1.5440000E+001   3.1920986E-002   3.7224331E-005   3.1968137E-002   4.2435849E-005
   1.5480000E+001   3.2077564E-002   3.7667920E-005   3.2139299E-002   4.3513196E-005
   1.5520000E+001   3.2245636E-002   3.9663509E-005   3.2307147E-002   4.2830401E-005
   1.5560000E+001   3.2432222E-002   4.1872972E-005   3.2476612E-002   4.3285331E-005
   1.5599999E+001   3.2592833E-002   4.2171225E-005   3.2634003E-002   4.2436303E-005
   1.5640000E+001   3.2763503E-002   4.0354370E-005   3.2805402E-002   4.0049087E-005
   1.5680000E+001   3.2939893E-002   3.9350139E-005   3.2982168E-002   3.9816153E-005
   1.5720000E+001   3.3103448E-002   4.2234504E-005   3.3148658E-002   4.2515892E-005
   1.5760000E+001   3.3282983E-002   4.3427770E-005   3.3310398E-002   4.4640897E-005
   1.5800000E+001   3.3458657E-002   4.2966578E-005   3.3482267E-002   4.7104489E-005
   1.5840000E+001   3.3641213E-002   4.1943916E-005   3.3657196E-002   4.9568308E-005
   1.5880001E+001   3.3821812E-002   3.3491263E-005   3.3847816E-002   4.8234996E-005
   1.5920000E+001   3.3991607E-002   3.5099110E-005   3.4029553E-002   4.6824006E-005
   1.5960000E+001   3.4181024E-002   3.6587065E-005   3.4211124E-002   4.4022445E-005
   1.6000000E+001   3.4359951E-002   3.5940801E-005   3.4397879E-002   5.0579267E-005
   1.6040000E+001   3.4531301E-002   3.4543277E-005   3.4575990E-002   4.2435447E-005
   1.6080000E+001   3.4712792E-002   3.8242671E-005   3.4743312E-002   4.2014594E-005
   1.6120000E+001   3.4893470E-002   4.3516500E-005   3.4917767E-002   4.4699096E-005
   1.6160001E+001   3.5066277E-002   4.4571367E-005   3.5098976E-002   4.4414986E-005
   1.6200000E+001   3.5237368E-002   4.6545355E-005   3.5288134E-002   4.8516941E-005
   1.6240000E+001   3.5410560E-002   4.6754481E-005   3.5463327E-002   4.9917361E-005
   1.6280000E+001   3.5591689E-002   4.8144212E-005   3.5642391E-002   5.3886208E-005
   1.6320000E+001   3.5771234E-002   4.9471211E-005   3.5839224E-002   5.5466682E-005
   1.6360000E+001   3.5938762E-002   4.8551974E-005   3.6014075E-002   4.4488121E-005
   1.6400000E+001   3.6123851E-002   4.9245003E-005   3.6200323E-002   4.4944816E-005
   1.6440001E+001   3.6330168E-002   5.0849340E-005   3.6382306E-002   5.7388154E-005
   1.6480000E+001   3.6525301E-002   5.4542662E-005   3.6570872E-002   4.0931738E-005
   1.6520000E+001   3.6703488E-002   5.4952635E-005   3.6751860E-002   4.0747793E-005
   1.6560000E+001   3.6891490E-002   5.3768429E-005   3.6927427E-002   4.4464613E-005
   1.6600000E+001   3.7077287E-002   5.4811357E-005   3.7102129E-002   5.0499432E-005
   1.6640000E+001   3.7257812E-002   5.2584772E-005   3.7284590E-002   5.3520531E-005
   1.6680000E+001   3.7427066E-002   5.2828132E-005   3.7467474E-002   5.6105658E-005
   1.6720001E+001   3.7606621E-002   5.0911795E-005   3.7657227E-002   6.6323279E-005
   1.6760000E+001   3.7806089E-002   5.0885653E-005   3.7839159E-002   6.1740931E-005
   1.6799999E+001   3.8000049E-002   5.0034185E-005   3.8040292E-002   5.5981846E-005
   1.6840000E+001   3.8211105E-002   4.5192402E-005   3.8231202E-002   5.7887293E-005
   1.6880000E+001   3.8395142E-002   4.9253840E-005   3.8425795E-002   5.7583874E-005
   1.6920000E+001   3.8573080E-002   4.7168114E-005   3.8620912E-002   6.0320050E-005
   1.6960000E+001   3.8774517E-002   4.3981397E-005   3.8800522E-002   5.8943835E-005
   1.7000000E+001   3.8970022E-002   4.4059506E-005   3.8989252E-002   5.5361672E-005
   1.7040000E+001   3.9169778E-002   3.9129817E-005   3.9167857E-002   5.2852596E-005
   1.7079999E+001   3.9359257E-002   3.9862126E-005   3.9369940E-002   5.4137383E-005
   1.7120000E+001   3.9560147E-002   4.1439829E-005   3.9561150E-002   5.6455157E-005
   1.7160000E+001   3.9755305E-002   4.2986913E-005   3.9755101E-002   4.2194670E-005
   1.7200000E+001   3.9954021E-002   4.6642333E-005   3.9958098E-002   5.5509784E-005
   1.7240000E+001   4.0156324E-002   4.6505553E-005   4.0151632E-002   5.4710445E-005
   1.7280000E+001   4.0346283E-002   4.6044558E-005   4.0339490E-002   4.3434624E-005
   1.7320000E+001   4.0532253E-002   4.6312006E-005   4.0525503E-002   5.8720894E-005
   1.7359999E+001   4.0705381E-002   5.7251774E-005   4.0733034E-002   6.3074451E-005
   1.7400000E+001   4.0887236E-002   6.0475434E-005   4.0925749E-002   6.2768074E-005
   1.7440000E+001   4.1079295E-002   6.2965238E-005   4.1125164E-002   5.7876995E-005
   1.7480000E+001   4.1269566E-002   5.9647700E-005   4.1313398E-002   5.3973758E-005
   1.7520000E+001   4.1460230E-002   5.5046021E-005   4.1513740E-002   3.9500251E-005
   1.7560000E+001   4.1656775E-002   4.4962022E-005   4.1702897E-002   3.7146540E-005
   1.7600000E+001   4.1837165E-002   5.5910103E-005   4.1889945E-002   3.9111997E-005
   1.7640001E+001   4.2031554E-002   4.7164817E-005   4.2089888E-002   3.9218981E-005
   1.7680000E+001   4.2223857E-002   4.7477739E-005   4.2275034E-002   3.9535187E-005
   1.7720000E+001   4.2413469E-002   4.5882496E-005   4.2472203E-002   5.1674479E-005
   1.7760000E+001   4.2626075E-002   4.5631014E-005   4.2668642E-002   5.4250260E-005
   1.7800000E+001   4.2828756E-002   4.4904684E-005   4.2858714E-002   5.0931015E-005
   1.7840000E+001   4.3022496E-002   5.7683925E-005   4.3040844E-002   4.2382745E-005
   1.7880000E+001   4.3223610E-002   6.1156633E-005   4.3241564E-002   4.3871534E-005
   1.7920001E+001   4.3433677E-002   5.2404272E-005   4.3441307E-002   4.1944327E-005
   1.7960000E+001   4.3642648E-002   4.9045071E-005   4.3638976E-002   4.3080431E-005
   1.8000000E+001   4.3833149E-002   4.8247002E-005   4.3844355E-002   4.2920592E-005
   1.8040000E+001   4.4034273E-002   4.9495750E-005   4.4057559E-002   4.3374378E-005
   1.8080000E+001   4.4220215E-002   4.4483122E-005   4.4240985E-002   4.1121757E-005
   1.8120000E+001   4.4406105E-002   4.4312790E-005   4.4437542E-002   3.9686931E-005
   1.8160000E+001   4.4597380E-002   4.8742571E-005   4.4644038E-002   4.1267048E-005
   1.8200001E+001   4.4801275E-002   4.9218266E-005   4.4844180E-002   4.6410969E-005
   1.8240000E+001   4.5011888E-002   4.8363990E-005   4.5032434E-002   4.9234358E-005
   1.8279999E+001   4.5208520E-002   4.9523863E-005   4.5229657E-002   5.0884446E-005
   1.8320000E+001   4.5408349E-002   4.6127036E-005   4.5407822E-002   5.3233958E-005
   1.8360000E+001   4.5626303E-002   4.2247772E-005   4.5613979E-002   5.5302708E-005
   1.8400000E+001   4.5853669E-002   4.5931826E-005   4.5806871E-002   5.5899795E-005
   1.8440000E+001   4.6063235E-002   5.2036025E-005   4.5997715E-002   5.3561868E-005
   1.8480000E+001   4.6266202E-002   5.3533308E-005   4.6211126E-002   5.2233942E-005
   1.8520000E+001   4.6489811E-002   5.1923358E-005   4.6444822E-002   5.2480475E-005
   1.8559999E+001   4.6705099E-002   4.7048930E-005   4.6671131E-002   5.3342003E-005
   1.8600000E+001   4.6924266E-002   4.7293801E-005   4.6880638E-002   5.7497180E-005
   1.8640000E+001   4.7138559E-002   4.8031977E-005   4.7091453E-002   5.6742027E-005
   1.8680000E+001   4.7362482E-002   4.5743781E-005   4.7316260E-002   5.5545146E-005
   1.8720000E+001   4.7588469E-002   4.8294983E-005   4.7542054E-002   5.4780210E-005
   1.8760000E+001   4.7801494E-002   5.8640632E-005   4.7760657E-002   5.4448429E-005
   1.8800000E+001   4.7996397E-002   5.0533708E-005   4.7964628E-002   5.1734085E-005
   1.8839999E+001   4.8220568E-002   4.8954874E-005   4.8170046E-002   5.1884690E-005
   1.8880000E+001   4.8407665E-002   3.6459829E-005   4.8381098E-002   5.1438700E-005
   1.8920000E+001   4.8611380E-002   4.5173248E-005   4.8583521E-002   5.0082636E-005
   1.8960000E+001   4.8813641E-002   4.6833377E-005   4.8794667E-002   4.9944165E-005
   1.9000000E+001   4.9012855E-002   4.9861262E-005   4.9016049E-002   5.0051894E-005
   1.9040000E+001   4.9227915E-002   8.7036760E-005   4.9239502E-002   5.0795495E-005
   1.9080000E+001   4.9445924E-002   4.6274541E-005   4.9440157E-002   7.5484052E-005
   1.9119999E+001   4.9655270E-002   9.2629295E-005   4.9655939E-002   7.6330706E-005
   1.9160000E+001   4.9866915E-002   6.3594886E-005   4.9867916E-002   5.1065866E-005
   1.9200000E+001   5.0105336E-002   6.5453561E-005   5.0077900E-002   5.1833901E-005
   1.9240000E+001   5.0322235E-002   6.7868236E-005   5.0298893E-002   6.6850484E-005
   1.9280000E+001   5.0526234E-002   6.8947932E-005   5.0543840E-002   6.6510152E-005
   1.9320000E+001   5.0749042E-002   7.1704723E-005   5.0765908E-002   5.5819453E-005
   1.9360000E+001   5.0960442E-002   7.2892259E-005   5.0999853E-002   5.4504143E-005
   1.9400001E+001   5.1171508E-002   7.4616394E-005   5.1188390E-002   5.5947988E-005
   1.9440000E+001   5.1391724E-002   7.4779621E-005   5.1409623E-002   5.4530542E-005
   1.9480000E+001   5.1613706E-002   5.3333561E-005   5.1615220E-002   5.5583309E-005
   1.9520000E+001   5.1835352E-002   5.4449710E-005   5.1818564E-002   5.6063627E-005
   1.9560000E+001   5.2030018E-002   5.9768972E-005   5.2046762E-002   5.7318157E-005
   1.9600000E+001   5.2225108E-002   6.5320548E-005   5.2260958E-002   5.8791855E-005
   1.9640000E+001   5.2450217E-002   7.1838014E-005   5.2468582E-002   5.9533237E-005
   1.9680001E+001   5.2668437E-002   6.4369006E-005   5.2679027E-002   6.0721484E-005
   1.9720000E+001   5.2877969E-002   6.3365342E-005   5.2909101E-002   6.2080914E-005
   1.9760000E+001   5.3118488E-002   6.5339971E-005   5.3134353E-002   6.4185653E-005
   1.9800000E+001   5.3374340E-002   7.2834342E-005   5.3366082E-002   6.6687973E-005
   1.9840000E+001   5.3598161E-002   9.0975745E-005   5.3600860E-002   6.7491967E-005
   1.9880000E+001   5.3810764E-002   8.3891689E-005   5.3811460E-002   6.8131567E-005
   1.9920000E+001   5.4047585E-002   7.4186376E-005   5.4013137E-002   6.9749763E-005
   1.9960001E+001   5.4262932E-002   8.9756042E-005   5.4229860E-002   6.9632416E-005
   2.0000000E+001   5.4487116E-002   9.0088176E-005   5.4467741E-002   7.2083392E-005
