   8.0000004E-002   0.0000000E+000   0.0000000E+000   0.0000000E+000   0.0000000E+000
   1.2000000E-001   0.0000000E+000   0.0000000E+000   0.0000000E+000   0.0000000E+000
   1.6000001E-001   0.0000000E+000   0.0000000E+000   0.0000000E+000   0.0000000E+000
   2.0000000E-001   0.0000000E+000   0.0000000E+000   0.0000000E+000   0.0000000E+000
   2.4000000E-001   0.0000000E+000   0.0000000E+000   0.0000000E+000   0.0000000E+000
   2.8000001E-001   0.0000000E+000   0.0000000E+000   0.0000000E+000   0.0000000E+000
   3.2000002E-001   0.0000000E+000   0.0000000E+000   0.0000000E+000   0.0000000E+000
   3.5999998E-001   0.0000000E+000   0.0000000E+000   0.0000000E+000   0.0000000E+000
   3.9999999E-001   0.0000000E+000   0.0000000E+000   0.0000000E+000   0.0000000E+000
   4.4000000E-001   0.0000000E+000   0.0000000E+000   0.0000000E+000   0.0000000E+000
   4.8000000E-001   0.0000000E+000   0.0000000E+000   0.0000000E+000   0.0000000E+000
   5.2000001E-001   0.0000000E+000   0.0000000E+000   0.0000000E+000   0.0000000E+000
   5.6000002E-001   0.0000000E+000   0.0000000E+000   0.0000000E+000   0.0000000E+000
   5.9999999E-001   0.0000000E+000   0.0000000E+000   0.0000000E+000   0.0000000E+000
   6.4000003E-001   0.0000000E+000   0.0000000E+000   0.0000000E+000   0.0000000E+000
   6.8000004E-001   0.0000000E+000   0.0000000E+000   0.0000000E+000   0.0000000E+000
   7.1999997E-001   0.0000000E+000   0.0000000E+000   0.0000000E+000   0.0000000E+000
   7.5999998E-001   0.0000000E+000   0.0000000E+000   0.0000000E+000   0.0000000E+000
   7.9999998E-001   0.0000000E+000   0.0000000E+000   0.0000000E+000   0.0000000E+000
   8.3999999E-001   0.0000000E+000   0.0000000E+000   0.0000000E+000   0.0000000E+000
   8.8000000E-001   0.0000000E+000   0.0000000E+000   0.0000000E+000   0.0000000E+000
   9.2000000E-001   0.0000000E+000   0.0000000E+000   0.0000000E+000   0.0000000E+000
   9.6000001E-001   0.0000000E+000   0.0000000E+000   0.0000000E+000   0.0000000E+000
   1.0000000E+000   0.0000000E+000   0.0000000E+000   0.0000000E+000   0.0000000E+000
   1.0400000E+000   4.5394384E-006   1.0263340E-007   4.4708350E-006   1.0752082E-007
   1.0800000E+000   1.1561942E-005   2.7042282E-007   1.1512237E-005   2.6873366E-007
   1.1200000E+000   1.9375992E-005   5.5045627E-007   1.9184783E-005   4.2745302E-007
   1.1600000E+000   2.7688370E-005   6.4709324E-007   2.7182519E-005   5.8075805E-007
   1.2000000E+000   3.6963665E-005   7.6186983E-007   3.5413209E-005   7.4333786E-007
   1.2400000E+000   4.6523963E-005   8.9332570E-007   4.5108458E-005   8.1418957E-007
   1.2800001E+000   5.6275419E-005   1.0128279E-006   5.5110474E-005   9.8582119E-007
   1.3200000E+000   6.6456890E-005   1.1404990E-006   6.5518249E-005   1.1549129E-006
   1.3600001E+000   7.7269568E-005   1.2184261E-006   7.6090726E-005   1.3169178E-006
   1.4000000E+000   8.8934600E-005   1.3295827E-006   8.6822039E-005   1.4826895E-006
   1.4399999E+000   1.0080923E-004   1.4511131E-006   9.8065589E-005   1.6332996E-006
   1.4800000E+000   1.1288544E-004   1.7481015E-006   1.0995753E-004   1.7324062E-006
   1.5200000E+000   1.2636032E-004   2.0170231E-006   1.2242336E-004   1.9198589E-006
   1.5600000E+000   1.3865393E-004   2.1022860E-006   1.3469612E-004   2.1152514E-006
   1.6000000E+000   1.5168711E-004   2.1091891E-006   1.4745814E-004   2.1487399E-006
   1.6400000E+000   1.6476478E-004   2.3147573E-006   1.6241693E-004   2.1948181E-006
   1.6800000E+000   1.7832750E-004   2.4063044E-006   1.7688187E-004   2.4466368E-006
   1.7200001E+000   1.9205140E-004   2.5244360E-006   1.9222207E-004   2.4560422E-006
   1.7600000E+000   2.0725693E-004   2.6609271E-006   2.0778728E-004   2.8254012E-006
   1.8000001E+000   2.2240394E-004   2.8386266E-006   2.2362010E-004   2.9608104E-006
   1.8400000E+000   2.3958008E-004   3.0954062E-006   2.4001508E-004   2.8443442E-006
   1.8799999E+000   2.5709717E-004   3.3388952E-006   2.5798103E-004   3.0590573E-006
   1.9200000E+000   2.7555449E-004   3.5093928E-006   2.7575127E-004   3.1505900E-006
   1.9599999E+000   2.9431331E-004   4.3523529E-006   2.9353802E-004   3.1968482E-006
   2.0000000E+000   3.1230355E-004   4.4964812E-006   3.1344377E-004   3.6954615E-006
   2.0400000E+000   3.3177893E-004   4.6690617E-006   3.3356115E-004   3.8081925E-006
   2.0800000E+000   3.5297614E-004   4.8203504E-006   3.5251398E-004   4.2706454E-006
   2.1200000E+000   3.7443766E-004   5.2100016E-006   3.7273609E-004   4.3853767E-006
   2.1600001E+000   3.9515635E-004   5.4597067E-006   3.9195305E-004   4.7299607E-006
   2.2000000E+000   4.1568481E-004   5.4026498E-006   4.1429786E-004   5.3064223E-006
   2.2400001E+000   4.3792133E-004   6.5251250E-006   4.3726121E-004   5.4519385E-006
   2.2800000E+000   4.6058054E-004   6.7628512E-006   4.5900820E-004   5.8911506E-006
   2.3199999E+000   4.8192348E-004   6.7582989E-006   4.8223642E-004   6.2018088E-006
   2.3600000E+000   5.0528989E-004   6.4913220E-006   5.0475807E-004   6.5145578E-006
   2.3999999E+000   5.2857865E-004   6.2842397E-006   5.2936427E-004   6.8179277E-006
   2.4400000E+000   5.5400620E-004   5.9359577E-006   5.5322502E-004   7.2192591E-006
   2.4800000E+000   5.7933957E-004   6.6685716E-006   5.7718874E-004   7.5192387E-006
   2.5200000E+000   6.0341349E-004   6.9161938E-006   6.0187407E-004   8.0593668E-006
   2.5600001E+000   6.2855305E-004   7.0904048E-006   6.2668201E-004   8.2471078E-006
   2.5999999E+000   6.5659747E-004   7.3694654E-006   6.5417610E-004   9.7133648E-006
   2.6400000E+000   6.8520004E-004   6.5645432E-006   6.8380492E-004   9.4368965E-006
   2.6800001E+000   7.1226330E-004   7.4904205E-006   7.1255648E-004   9.2114472E-006
   2.7200001E+000   7.4087560E-004   8.1037592E-006   7.4170831E-004   9.6685986E-006
   2.7599999E+000   7.6835893E-004   8.0490470E-006   7.7108017E-004   9.2276965E-006
   2.8000000E+000   7.9521575E-004   7.9902923E-006   8.0105045E-004   7.8402491E-006
   2.8400001E+000   8.2530152E-004   7.9902620E-006   8.3183248E-004   8.1469470E-006
   2.8799999E+000   8.5562169E-004   8.1707339E-006   8.6038170E-004   7.8591232E-006
   2.9200000E+000   8.8608657E-004   7.9259748E-006   8.8947379E-004   8.0009731E-006
   2.9600000E+000   9.1577841E-004   7.7290337E-006   9.2119993E-004   8.2564390E-006
   3.0000001E+000   9.4502669E-004   7.9620088E-006   9.5140243E-004   8.7262697E-006
   3.0399999E+000   9.7747497E-004   8.0089573E-006   9.8120129E-004   8.7045407E-006
   3.0800000E+000   1.0099041E-003   8.0433554E-006   1.0131556E-003   8.6484284E-006
   3.1200001E+000   1.0432394E-003   8.0539615E-006   1.0469846E-003   8.7108863E-006
   3.1600001E+000   1.0748740E-003   7.7928585E-006   1.0811441E-003   8.6962176E-006
   3.1999999E+000   1.1095380E-003   7.3466131E-006   1.1153632E-003   8.2533051E-006
   3.2400000E+000   1.1461830E-003   7.3156126E-006   1.1492623E-003   9.3778952E-006
   3.2800001E+000   1.1844054E-003   7.7216015E-006   1.1838964E-003   1.0110267E-005
   3.3199999E+000   1.2199864E-003   8.3581398E-006   1.2189925E-003   9.9731327E-006
   3.3600000E+000   1.2536606E-003   8.5288920E-006   1.2524576E-003   1.0582469E-005
   3.4000000E+000   1.2914150E-003   9.2226864E-006   1.2876348E-003   1.0770040E-005
   3.4400001E+000   1.3244054E-003   9.8946807E-006   1.3252242E-003   1.0658784E-005
   3.4799999E+000   1.3585046E-003   1.0403986E-005   1.3638244E-003   1.0436710E-005
   3.5200000E+000   1.3952994E-003   1.0451875E-005   1.3966278E-003   1.0595028E-005
   3.5600001E+000   1.4338617E-003   1.0091466E-005   1.4336665E-003   1.0202234E-005
   3.6000001E+000   1.4763587E-003   1.0401202E-005   1.4707871E-003   1.0233140E-005
   3.6399999E+000   1.5157263E-003   1.0629152E-005   1.5084636E-003   1.0721526E-005
   3.6800000E+000   1.5598556E-003   1.0482803E-005   1.5500854E-003   1.0765710E-005
   3.7200001E+000   1.6006797E-003   1.0264830E-005   1.5956457E-003   1.1270148E-005
   3.7599999E+000   1.6401295E-003   1.0401363E-005   1.6337582E-003   1.2190561E-005
   3.8000000E+000   1.6768921E-003   1.0391220E-005   1.6718480E-003   1.2226117E-005
   3.8400000E+000   1.7198673E-003   1.0038277E-005   1.7105622E-003   1.1815473E-005
   3.8800001E+000   1.7636244E-003   9.9340821E-006   1.7499902E-003   1.2263625E-005
   3.9199999E+000   1.8064138E-003   1.0158124E-005   1.7923406E-003   1.0733021E-005
   3.9600000E+000   1.8502698E-003   1.1885305E-005   1.8387821E-003   1.0739437E-005
   4.0000001E+000   1.8883381E-003   1.0699639E-005   1.8824121E-003   1.0797488E-005
   4.0400001E+000   1.9276544E-003   1.1016950E-005   1.9270991E-003   1.0826940E-005
   4.0799999E+000   1.9724209E-003   1.0987838E-005   1.9726414E-003   9.6999025E-006
   4.1200000E+000   2.0195795E-003   1.0784490E-005   2.0183704E-003   1.0299406E-005
   4.1600001E+000   2.0601018E-003   1.1187736E-005   2.0652986E-003   1.0538988E-005
   4.1999999E+000   2.1052692E-003   1.1719530E-005   2.1117921E-003   1.1326363E-005
   4.2399999E+000   2.1515535E-003   1.1886581E-005   2.1581387E-003   1.1576739E-005
   4.2800000E+000   2.1995002E-003   1.2773434E-005   2.2067510E-003   1.1242542E-005
   4.3200001E+000   2.2493496E-003   1.2133184E-005   2.2498903E-003   1.0970312E-005
   4.3599999E+000   2.2953061E-003   1.2593162E-005   2.2995454E-003   9.9784973E-006
   4.4000000E+000   2.3455015E-003   1.2693889E-005   2.3451884E-003   1.1401607E-005
   4.4400001E+000   2.3970548E-003   1.2626346E-005   2.3900152E-003   1.2040354E-005
   4.4800001E+000   2.4433968E-003   1.1950282E-005   2.4425242E-003   1.2426905E-005
   4.5199999E+000   2.4959966E-003   1.1079743E-005   2.4919679E-003   1.1755447E-005
   4.5600000E+000   2.5492921E-003   1.1518983E-005   2.5375767E-003   1.1353964E-005
   4.6000001E+000   2.6053152E-003   1.2469992E-005   2.5857336E-003   1.1524438E-005
   4.6399999E+000   2.6567013E-003   1.3245991E-005   2.6337113E-003   1.2341744E-005
   4.6799999E+000   2.7059824E-003   1.3028209E-005   2.6786521E-003   1.2628939E-005
   4.7200000E+000   2.7625455E-003   1.3615538E-005   2.7299911E-003   1.2144537E-005
   4.7600001E+000   2.8200288E-003   1.3795818E-005   2.7804499E-003   1.1305795E-005
   4.7999999E+000   2.8770673E-003   1.3078651E-005   2.8297338E-003   1.1798835E-005
   4.8400000E+000   2.9445724E-003   1.3281228E-005   2.8792943E-003   1.1244388E-005
   4.8800001E+000   3.0103598E-003   1.2870811E-005   2.9251482E-003   1.1433364E-005
   4.9200001E+000   3.0721308E-003   1.1657108E-005   2.9769822E-003   1.1128150E-005
   4.9599999E+000   3.1328163E-003   1.1979078E-005   3.0181983E-003   1.2080090E-005
   5.0000000E+000   3.2010587E-003   1.2843705E-005   3.0606924E-003   1.2611287E-005
   5.0400001E+000   3.2647159E-003   1.2544348E-005   3.1051662E-003   1.2450800E-005
   5.0800002E+000   3.3368266E-003   1.2427147E-005   3.1526246E-003   1.2576864E-005
   5.1200002E+000   3.4090181E-003   1.2979645E-005   3.1941916E-003   1.2647372E-005
   5.1599997E+000   3.4822451E-003   1.2925877E-005   3.2372546E-003   1.2550214E-005
   5.1999998E+000   3.5642614E-003   1.3662371E-005   3.2687761E-003   1.2248410E-005
   5.2399999E+000   3.6504270E-003   1.3410855E-005   3.3003114E-003   1.0453736E-005
   5.2800000E+000   3.7441458E-003   1.3145852E-005   3.3301271E-003   1.0648319E-005
   5.3200001E+000   3.8400608E-003   1.3154305E-005   3.3540569E-003   1.1528571E-005
   5.3600001E+000   3.9500687E-003   1.3338086E-005   3.3696624E-003   1.2359711E-005
   5.4000002E+000   4.0626221E-003   1.3724057E-005   3.3741214E-003   1.2313602E-005
   5.4400003E+000   4.1857487E-003   1.3489566E-005   3.3722349E-003   1.2285876E-005
   5.4799998E+000   4.3218411E-003   1.5165733E-005   3.3597525E-003   1.2439725E-005
   5.5199999E+000   4.4763681E-003   1.6174601E-005   3.3324156E-003   1.1898491E-005
   5.5599999E+000   4.6482091E-003   1.6744456E-005   3.2903295E-003   1.1334620E-005
   5.6000000E+000   4.8306542E-003   1.6250244E-005   3.2347867E-003   1.0549426E-005
   5.6400001E+000   5.0400802E-003   1.6870258E-005   3.1572794E-003   9.8477874E-006
   5.6800002E+000   5.2676304E-003   1.7496864E-005   3.0510795E-003   8.7797162E-006
   5.7200003E+000   5.5323460E-003   1.8250924E-005   2.9130214E-003   1.0005387E-005
   5.7599998E+000   5.8424717E-003   1.8476339E-005   2.7358213E-003   9.6067018E-006
   5.7999998E+000   6.1951618E-003   1.4487701E-005   2.5177660E-003   8.7514689E-006
   5.8399999E+000   6.5998383E-003   1.5276532E-005   2.2500295E-003   6.9259294E-006
   5.8800000E+000   7.0614066E-003   1.6650761E-005   1.9251817E-003   7.3854923E-006
   5.9200001E+000   7.5921108E-003   2.3397009E-005   1.5280319E-003   4.5775099E-006
   5.9600002E+000   8.2021200E-003   2.5656559E-005   1.0486757E-003   3.0410855E-006
   6.0000002E+000   8.9177360E-003   2.7692270E-005   4.7124801E-004   1.6630539E-006
   6.0399997E+000   9.7128833E-003   2.9967444E-005   1.6609691E-002   4.6797276E-005
   6.0799998E+000   1.0461288E-002   3.0795374E-005   1.7184434E-002   4.7927759E-005
   6.1199999E+000   1.1138578E-002   3.2068362E-005   1.6881106E-002   4.6932773E-005
   6.1600000E+000   1.1737943E-002   3.2940188E-005   1.6647084E-002   4.8466315E-005
   6.2000000E+000   1.2270122E-002   3.2585583E-005   1.6484404E-002   4.7789368E-005
   6.2400001E+000   1.2766233E-002   3.7065739E-005   1.6369867E-002   4.8357634E-005
   6.2800002E+000   1.3218354E-002   3.8241458E-005   1.6309130E-002   5.5942037E-005
   6.3200003E+000   1.3621327E-002   4.1000226E-005   1.6282061E-002   4.4049084E-005
   6.3599998E+000   1.4005471E-002   4.2480663E-005   1.6284579E-002   4.3006647E-005
   6.3999999E+000   1.4357532E-002   4.2544170E-005   1.6314282E-002   3.9572168E-005
   6.4399999E+000   1.4698772E-002   4.3190109E-005   1.6373926E-002   5.2424546E-005
   6.4800000E+000   1.5015148E-002   4.6420297E-005   1.6448527E-002   5.6030675E-005
   6.5200001E+000   1.5312848E-002   4.9873820E-005   1.6537472E-002   5.4538473E-005
   6.5600002E+000   1.5608143E-002   5.9990426E-005   1.6650725E-002   4.4294138E-005
   6.6000003E+000   1.5878676E-002   5.2090127E-005   1.6787710E-002   5.9210425E-005
   6.6399997E+000   1.6148409E-002   5.1169290E-005   1.6933015E-002   5.9635619E-005
   6.6799998E+000   1.6408595E-002   4.7385070E-005   1.7102276E-002   6.3531524E-005
   6.7199999E+000   1.6673173E-002   4.8412727E-005   1.7250064E-002   5.4147825E-005
   6.7600000E+000   1.6932288E-002   4.5392094E-005   1.7416460E-002   5.0024225E-005
   6.8000001E+000   1.7184548E-002   6.0525235E-005   1.7590218E-002   4.3040572E-005
   6.8400002E+000   1.7429612E-002   4.8701679E-005   1.7771895E-002   4.1050125E-005
   6.8800002E+000   1.7671522E-002   4.8663581E-005   1.7957399E-002   4.1010890E-005
   6.9199997E+000   1.7917091E-002   4.9268792E-005   1.8149418E-002   3.9966418E-005
   6.9599998E+000   1.8154333E-002   4.6614148E-005   1.8340196E-002   4.0103134E-005
   6.9999999E+000   1.8387840E-002   4.7143689E-005   1.8536224E-002   4.0419346E-005
   7.0400000E+000   1.8615855E-002   4.8295677E-005   1.8733257E-002   4.0705719E-005
   7.0800000E+000   1.8854716E-002   4.7612458E-005   1.8934661E-002   4.0860285E-005
   7.1200001E+000   1.9075976E-002   4.4167760E-005   1.9149888E-002   3.9974130E-005
   7.1600002E+000   1.9308404E-002   4.5458267E-005   1.9363000E-002   3.8362772E-005
   7.2000003E+000   1.9528468E-002   4.4843098E-005   1.9568998E-002   3.9162731E-005
   7.2399998E+000   1.9756773E-002   4.2037209E-005   1.9785124E-002   4.0068715E-005
   7.2799999E+000   1.9994487E-002   4.2717531E-005   2.0014038E-002   3.9126758E-005
   7.3199999E+000   2.0228778E-002   4.3527214E-005   2.0252623E-002   4.3635225E-005
   7.3600000E+000   2.0453859E-002   4.3726317E-005   2.0491517E-002   4.8144912E-005
   7.4000001E+000   2.0681972E-002   4.1694822E-005   2.0722556E-002   4.6245080E-005
   7.4400002E+000   2.0915602E-002   4.0853095E-005   2.0939246E-002   4.5845295E-005
   7.4800003E+000   2.1159353E-002   4.2073429E-005   2.1175060E-002   4.7373964E-005
   7.5199997E+000   2.1393330E-002   4.3967760E-005   2.1416297E-002   4.5911251E-005
   7.5599998E+000   2.1623163E-002   4.4133089E-005   2.1659014E-002   4.4615580E-005
   7.5999999E+000   2.1860130E-002   4.2082815E-005   2.1894428E-002   4.2758848E-005
   7.6400000E+000   2.2087573E-002   4.2219457E-005   2.2131064E-002   3.9899646E-005
   7.6800001E+000   2.2316038E-002   4.0805717E-005   2.2359285E-002   4.0534692E-005
   7.7200001E+000   2.2561272E-002   3.7520516E-005   2.2588946E-002   3.1327675E-005
   7.7600002E+000   2.2801146E-002   3.7964659E-005   2.2848020E-002   3.2939370E-005
   7.7999997E+000   2.3034593E-002   3.5359324E-005   2.3096621E-002   3.3483638E-005
   7.8399998E+000   2.3274907E-002   2.9315832E-005   2.3347942E-002   3.3961797E-005
   7.8799999E+000   2.3537258E-002   2.7064818E-005   2.3591910E-002   3.3186237E-005
   7.9200000E+000   2.3803477E-002   2.7064419E-005   2.3835600E-002   3.2786199E-005
   7.9600000E+000   2.4055727E-002   2.7435729E-005   2.4083719E-002   3.3359712E-005
   8.0000001E+000   2.4303845E-002   2.6757785E-005   2.4322460E-002   3.3559341E-005
   8.0400002E+000   2.4555050E-002   2.7514640E-005   2.4574292E-002   3.4306475E-005
   8.0800003E+000   2.4806923E-002   2.8733117E-005   2.4818614E-002   3.4440473E-005
   8.1199998E+000   2.5080036E-002   3.0114024E-005   2.5065054E-002   3.4605563E-005
   8.1599998E+000   2.5334157E-002   2.9763671E-005   2.5316866E-002   3.4519350E-005
   8.1999999E+000   2.5597729E-002   3.1936584E-005   2.5566858E-002   3.3244368E-005
   8.2400000E+000   2.5856171E-002   3.5237763E-005   2.5830936E-002   3.4973389E-005
   8.2800001E+000   2.6113254E-002   3.6178618E-005   2.6107105E-002   3.7259934E-005
   8.3200002E+000   2.6378280E-002   3.6660524E-005   2.6375677E-002   4.1358993E-005
   8.3600003E+000   2.6629741E-002   3.4149327E-005   2.6643714E-002   4.2869858E-005
   8.3999997E+000   2.6896812E-002   3.3844461E-005   2.6922230E-002   4.1775172E-005
   8.4399998E+000   2.7150494E-002   3.3133460E-005   2.7174207E-002   3.9340271E-005
   8.4799999E+000   2.7415388E-002   3.1450935E-005   2.7431099E-002   3.4544341E-005
   8.5200000E+000   2.7687107E-002   3.0697948E-005   2.7701335E-002   3.4592784E-005
   8.5600001E+000   2.7951000E-002   3.1173019E-005   2.7959868E-002   3.8600461E-005
   8.6000001E+000   2.8217685E-002   3.1587062E-005   2.8225981E-002   3.6761762E-005
   8.6400002E+000   2.8463264E-002   3.2263651E-005   2.8485965E-002   3.3644145E-005
   8.6799997E+000   2.8736614E-002   3.1171622E-005   2.8751096E-002   2.9600206E-005
   8.7199998E+000   2.9005220E-002   3.1299312E-005   2.9033613E-002   3.0537040E-005
   8.7599999E+000   2.9279835E-002   3.1974986E-005   2.9308486E-002   2.8901668E-005
   8.8000000E+000   2.9559540E-002   3.1935177E-005   2.9588788E-002   2.9518428E-005
   8.8400000E+000   2.9834844E-002   3.1382216E-005   2.9862610E-002   3.2401294E-005
   8.8800001E+000   3.0112473E-002   3.2198478E-005   3.0136124E-002   3.9112175E-005
   8.9200002E+000   3.0383924E-002   3.1823345E-005   3.0411094E-002   3.1163415E-005
   8.9600003E+000   3.0659941E-002   3.2936528E-005   3.0677602E-002   3.1798293E-005
   8.9999998E+000   3.0934879E-002   3.5493541E-005   3.0951241E-002   3.5432493E-005
   9.0399998E+000   3.1198324E-002   3.7094198E-005   3.1232808E-002   3.4528412E-005
   9.0799999E+000   3.1474413E-002   3.9237903E-005   3.1517513E-002   3.4177095E-005
   9.1200000E+000   3.1760915E-002   3.8806330E-005   3.1789971E-002   3.5406068E-005
   9.1600001E+000   3.2061130E-002   5.7615327E-005   3.2065701E-002   5.0920228E-005
   9.2000002E+000   3.2344996E-002   5.7971105E-005   3.2341910E-002   5.1846825E-005
   9.2400002E+000   3.2639622E-002   6.2283885E-005   3.2625009E-002   5.0385683E-005
   9.2799997E+000   3.2911422E-002   6.3078225E-005   3.2911593E-002   5.0962557E-005
   9.3199998E+000   3.3185999E-002   5.8586844E-005   3.3207710E-002   5.1445842E-005
   9.3599999E+000   3.3496316E-002   5.6190950E-005   3.3494912E-002   4.5013794E-005
   9.4000000E+000   3.3781933E-002   6.0868361E-005   3.3792435E-002   4.8009859E-005
   9.4400001E+000   3.4070967E-002   5.9183313E-005   3.4088156E-002   4.7233613E-005
   9.4800001E+000   3.4366895E-002   6.1191494E-005   3.4377416E-002   4.7282537E-005
   9.5200002E+000   3.4644143E-002   6.0460644E-005   3.4688484E-002   5.1364583E-005
   9.5599997E+000   3.4933191E-002   5.7679720E-005   3.4992319E-002   5.1522561E-005
   9.5999998E+000   3.5229542E-002   5.4345028E-005   3.5274558E-002   4.9218946E-005
   9.6399999E+000   3.5509828E-002   5.8448488E-005   3.5591701E-002   4.7908255E-005
   9.6799999E+000   3.5786562E-002   6.3503513E-005   3.5918874E-002   4.8159917E-005
   9.7200000E+000   3.6085218E-002   6.3429901E-005   3.6232598E-002   5.0130763E-005
   9.7600001E+000   3.6392489E-002   6.0740734E-005   3.6565249E-002   4.8711508E-005
   9.8000002E+000   3.6694711E-002   5.7229520E-005   3.6906295E-002   5.1082900E-005
   9.8400003E+000   3.7005673E-002   5.4168968E-005   3.7245798E-002   4.6426974E-005
   9.8799998E+000   3.7289268E-002   5.0961881E-005   3.7587543E-002   4.9016541E-005
   9.9199998E+000   3.7572119E-002   5.0143954E-005   3.7922284E-002   5.0120423E-005
   9.9599999E+000   3.7863098E-002   5.0527957E-005   3.8268845E-002   5.2463709E-005
   1.0000000E+001   3.8139869E-002   4.6114290E-005   3.8607810E-002   5.1047967E-005
   1.0039999E+001   3.8401076E-002   4.4959191E-005   3.8961978E-002   5.3586041E-005
   1.0080000E+001   3.8656501E-002   4.4727411E-005   3.9343224E-002   6.0213230E-005
   1.0120000E+001   3.8924919E-002   4.4805377E-005   3.9740108E-002   5.9518961E-005
   1.0160000E+001   3.9172637E-002   4.6590949E-005   4.0124031E-002   6.0415118E-005
   1.0200000E+001   3.9398367E-002   4.9085254E-005   4.0524311E-002   6.1403839E-005
   1.0240000E+001   3.9624851E-002   4.8924868E-005   4.0930654E-002   5.9210275E-005
   1.0280000E+001   3.9838278E-002   4.8276476E-005   4.1372950E-002   6.5049215E-005
   1.0319999E+001   4.0024037E-002   4.7246576E-005   4.1827013E-002   5.5993690E-005
   1.0360000E+001   4.0178527E-002   4.5076921E-005   4.2310222E-002   5.6756981E-005
   1.0400000E+001   4.0297409E-002   4.5703782E-005   4.2838550E-002   5.8020985E-005
   1.0440000E+001   4.0393779E-002   4.9245429E-005   4.3387495E-002   5.5590821E-005
   1.0480000E+001   4.0467153E-002   4.9340963E-005   4.3963898E-002   5.8511044E-005
   1.0520000E+001   4.0478205E-002   4.7750068E-005   4.4626145E-002   5.8302328E-005
   1.0560000E+001   4.0452983E-002   4.7566238E-005   4.5339501E-002   5.9634700E-005
   1.0599999E+001   4.0338643E-002   4.7780085E-005   4.6118202E-002   5.5220077E-005
   1.0640000E+001   4.0152883E-002   4.4357473E-005   4.6956483E-002   6.9651921E-005
   1.0680000E+001   3.9890331E-002   4.3620185E-005   4.7882835E-002   7.2146219E-005
   1.0720000E+001   3.9544723E-002   4.3737491E-005   4.8929802E-002   7.8259104E-005
   1.0760000E+001   3.9052826E-002   4.2640716E-005   5.0077028E-002   7.5652143E-005
   1.0800000E+001   3.8410135E-002   4.2924141E-005   5.1391876E-002   7.9757487E-005
   1.0840000E+001   3.7600754E-002   4.2403344E-005   5.2892095E-002   8.8851566E-005
   1.0880001E+001   3.6579345E-002   4.0498044E-005   5.4598163E-002   9.0906933E-005
   1.0920000E+001   3.5326599E-002   3.8196574E-005   5.6509388E-002   9.2851869E-005
   1.0960000E+001   3.3792429E-002   3.7590509E-005   5.8717220E-002   8.5402637E-005
   1.1000000E+001   3.1914435E-002   3.6609155E-005   5.7868700E-002   8.5973737E-005
   1.1040000E+001   2.9762841E-002   3.5693242E-005   1.7008992E-003   2.6894787E-006
   1.1080000E+001   2.7844520E-002   3.2790598E-005   3.8508037E-003   6.3668148E-006
   1.1120000E+001   2.6227131E-002   3.1263507E-005   5.7146603E-003   9.8314947E-006
   1.1160001E+001   2.4873212E-002   3.1607870E-005   7.3249058E-003   1.2573365E-005
   1.1200000E+001   2.3728139E-002   3.0698780E-005   8.7186106E-003   1.7688013E-005
   1.1240000E+001   2.2762936E-002   2.9803536E-005   9.9317601E-003   1.9735204E-005
   1.1280000E+001   2.1958457E-002   2.7364169E-005   1.0980069E-002   2.1919817E-005
   1.1320000E+001   2.1280066E-002   2.6061143E-005   1.1890032E-002   2.2787353E-005
   1.1360000E+001   2.0729659E-002   2.5997926E-005   1.2694955E-002   2.2454173E-005
   1.1400000E+001   2.0277617E-002   2.6464489E-005   1.3405002E-002   2.1281166E-005
   1.1440001E+001   1.9904782E-002   2.6282248E-005   1.4037354E-002   2.0587686E-005
   1.1480000E+001   1.9599323E-002   2.6288110E-005   1.4593513E-002   2.0850981E-005
   1.1520000E+001   1.9361677E-002   2.6351778E-005   1.5088940E-002   2.1458245E-005
   1.1560000E+001   1.9177589E-002   2.4448165E-005   1.5538455E-002   2.3180396E-005
   1.1600000E+001   1.9048098E-002   2.4986107E-005   1.5934877E-002   2.3930493E-005
   1.1640000E+001   1.8956010E-002   2.2257338E-005   1.6300256E-002   2.1702096E-005
   1.1680000E+001   1.8896503E-002   2.3085998E-005   1.6621926E-002   2.1637187E-005
   1.1720001E+001   1.8858437E-002   2.3043602E-005   1.6918782E-002   2.4901227E-005
   1.1760000E+001   1.8840404E-002   2.9607975E-005   1.7185354E-002   2.5322460E-005
   1.1799999E+001   1.8841861E-002   2.9991867E-005   1.7438044E-002   2.6101613E-005
   1.1840000E+001   1.8871723E-002   3.0504800E-005   1.7685555E-002   2.5804128E-005
   1.1880000E+001   1.8919438E-002   3.0930033E-005   1.7913570E-002   2.6740674E-005
   1.1920000E+001   1.8965965E-002   3.0694043E-005   1.8125284E-002   2.7364626E-005
   1.1960000E+001   1.9040575E-002   2.9171387E-005   1.8314084E-002   2.7020405E-005
   1.2000000E+001   1.9120130E-002   2.7096338E-005   1.8500926E-002   2.8031727E-005
   1.2040000E+001   1.9202285E-002   2.7391071E-005   1.8672561E-002   2.7671568E-005
   1.2079999E+001   1.9293524E-002   2.8754203E-005   1.8833366E-002   2.7653634E-005
   1.2120000E+001   1.9404713E-002   2.9408396E-005   1.9003919E-002   2.8113419E-005
   1.2160000E+001   1.9515550E-002   3.1934927E-005   1.9166149E-002   2.8419382E-005
   1.2200000E+001   1.9627873E-002   3.4881745E-005   1.9325751E-002   2.9148710E-005
   1.2240000E+001   1.9739682E-002   3.3319506E-005   1.9475022E-002   2.8004878E-005
   1.2280000E+001   1.9849384E-002   3.4251657E-005   1.9628178E-002   2.8369628E-005
   1.2320000E+001   1.9965774E-002   4.0289035E-005   1.9781202E-002   3.2225578E-005
   1.2359999E+001   2.0084685E-002   4.4005282E-005   1.9928567E-002   3.2565137E-005
   1.2400000E+001   2.0213957E-002   5.1131263E-005   2.0083510E-002   3.4017297E-005
   1.2440000E+001   2.0341480E-002   5.0810433E-005   2.0223807E-002   3.3483109E-005
   1.2480000E+001   2.0469716E-002   5.1070056E-005   2.0353274E-002   4.1793032E-005
   1.2520000E+001   2.0596460E-002   5.0931782E-005   2.0509836E-002   4.1099442E-005
   1.2560000E+001   2.0726968E-002   4.9896097E-005   2.0658009E-002   3.9047745E-005
   1.2600000E+001   2.0858524E-002   4.4341963E-005   2.0798454E-002   3.6744571E-005
   1.2640001E+001   2.0988912E-002   4.2643194E-005   2.0944592E-002   3.8172250E-005
   1.2680000E+001   2.1133413E-002   4.4444789E-005   2.1090601E-002   3.9441015E-005
   1.2720000E+001   2.1279806E-002   4.9347271E-005   2.1236736E-002   4.1513277E-005
   1.2760000E+001   2.1418632E-002   4.9009429E-005   2.1374723E-002   3.9181185E-005
   1.2800000E+001   2.1555162E-002   4.4788405E-005   2.1519602E-002   3.9329011E-005
   1.2840000E+001   2.1694243E-002   4.0158700E-005   2.1659424E-002   3.9635821E-005
   1.2880000E+001   2.1833993E-002   3.8291347E-005   2.1804679E-002   3.6693195E-005
   1.2920001E+001   2.1980019E-002   3.7558450E-005   2.1945873E-002   4.3414928E-005
   1.2960000E+001   2.2120885E-002   4.0102390E-005   2.2108155E-002   4.1919478E-005
   1.3000000E+001   2.2276756E-002   4.1521757E-005   2.2260897E-002   4.3802817E-005
   1.3040000E+001   2.2423127E-002   3.9310020E-005   2.2407005E-002   4.4844332E-005
   1.3080000E+001   2.2571872E-002   3.7917180E-005   2.2549132E-002   4.4719910E-005
   1.3120000E+001   2.2713184E-002   3.8179939E-005   2.2696850E-002   4.3517939E-005
   1.3160000E+001   2.2855610E-002   3.9478005E-005   2.2843597E-002   4.3761897E-005
   1.3200001E+001   2.3003594E-002   3.8705932E-005   2.3004500E-002   3.8755808E-005
   1.3240000E+001   2.3149734E-002   3.7429770E-005   2.3154590E-002   3.9724918E-005
   1.3279999E+001   2.3297198E-002   3.9338829E-005   2.3306947E-002   3.9236233E-005
   1.3320000E+001   2.3436905E-002   4.0021837E-005   2.3456477E-002   3.8804360E-005
   1.3360000E+001   2.3587772E-002   4.2820152E-005   2.3611005E-002   4.2061625E-005
   1.3400000E+001   2.3743864E-002   4.1240138E-005   2.3757291E-002   4.4076942E-005
   1.3440000E+001   2.3895684E-002   3.9805609E-005   2.3912504E-002   4.5171914E-005
   1.3480000E+001   2.4036978E-002   4.1061064E-005   2.4057063E-002   4.5725655E-005
   1.3520000E+001   2.4175834E-002   3.9514344E-005   2.4221117E-002   4.5410331E-005
   1.3559999E+001   2.4340335E-002   3.3494970E-005   2.4374649E-002   4.5088065E-005
   1.3600000E+001   2.4500180E-002   3.5701379E-005   2.4536855E-002   4.7283781E-005
   1.3640000E+001   2.4654499E-002   3.5844695E-005   2.4690573E-002   4.6901525E-005
   1.3680000E+001   2.4809248E-002   3.5464881E-005   2.4833489E-002   4.6163694E-005
   1.3720000E+001   2.4940964E-002   3.4978982E-005   2.4993364E-002   4.5675779E-005
   1.3760000E+001   2.5089593E-002   3.3851246E-005   2.5131855E-002   4.5401648E-005
   1.3800000E+001   2.5235421E-002   3.6847189E-005   2.5272200E-002   4.2944497E-005
   1.3839999E+001   2.5385953E-002   3.6619266E-005   2.5433610E-002   4.2482960E-005
   1.3880000E+001   2.5539241E-002   3.7049617E-005   2.5594727E-002   4.2016487E-005
   1.3920000E+001   2.5690650E-002   4.5438248E-005   2.5734775E-002   3.9776094E-005
   1.3960000E+001   2.5848471E-002   5.2694496E-005   2.5887406E-002   4.1410128E-005
   1.4000000E+001   2.5999452E-002   5.5444206E-005   2.6041507E-002   4.3836773E-005
   1.4040000E+001   2.6157106E-002   5.5608273E-005   2.6191778E-002   4.4206507E-005
   1.4080000E+001   2.6315206E-002   5.7294690E-005   2.6347558E-002   4.3022410E-005
   1.4119999E+001   2.6473455E-002   4.9467557E-005   2.6501620E-002   4.6837471E-005
   1.4160000E+001   2.6643733E-002   4.8070459E-005   2.6648212E-002   4.5398948E-005
   1.4200000E+001   2.6802955E-002   4.7801686E-005   2.6815556E-002   4.6006430E-005
   1.4240000E+001   2.6962821E-002   4.6748486E-005   2.6974518E-002   5.8385098E-005
   1.4280000E+001   2.7118775E-002   4.7715993E-005   2.7131662E-002   5.9800782E-005
   1.4320000E+001   2.7280953E-002   4.7003584E-005   2.7286736E-002   5.9759077E-005
   1.4360000E+001   2.7433682E-002   4.7162640E-005   2.7433902E-002   5.4198068E-005
   1.4400001E+001   2.7593555E-002   4.5372281E-005   2.7587524E-002   5.4067944E-005
   1.4440000E+001   2.7758486E-002   4.3026139E-005   2.7738014E-002   4.5595993E-005
   1.4480000E+001   2.7918275E-002   4.4242551E-005   2.7890501E-002   4.3130491E-005
   1.4520000E+001   2.8073691E-002   4.4290785E-005   2.8063656E-002   3.9268326E-005
   1.4560000E+001   2.8217383E-002   4.4622941E-005   2.8232098E-002   4.3868247E-005
   1.4600000E+001   2.8370728E-002   4.3597575E-005   2.8390191E-002   4.2099952E-005
   1.4640000E+001   2.8530336E-002   4.5099802E-005   2.8533100E-002   4.3448183E-005
   1.4680001E+001   2.8680269E-002   4.4133682E-005   2.8693008E-002   3.6335549E-005
   1.4720000E+001   2.8842023E-002   4.4534187E-005   2.8845798E-002   3.5053358E-005
   1.4760000E+001   2.9008623E-002   4.6858827E-005   2.9010924E-002   4.9738986E-005
   1.4800000E+001   2.9178550E-002   4.6416427E-005   2.9173443E-002   4.8563429E-005
   1.4840000E+001   2.9351651E-002   4.6618760E-005   2.9327211E-002   4.7908392E-005
   1.4880000E+001   2.9515968E-002   4.0501509E-005   2.9495552E-002   4.6437263E-005
   1.4920000E+001   2.9669964E-002   3.9579623E-005   2.9673254E-002   3.6961891E-005
   1.4960001E+001   2.9824389E-002   3.9386400E-005   2.9839333E-002   3.8225683E-005
   1.5000000E+001   3.0009869E-002   3.7280763E-005   3.0008917E-002   4.8691844E-005
   1.5039999E+001   3.0180675E-002   4.0677409E-005   3.0200251E-002   5.0504708E-005
   1.5080000E+001   3.0346014E-002   4.3025773E-005   3.0361790E-002   5.1960635E-005
   1.5120000E+001   3.0519726E-002   4.5143064E-005   3.0515209E-002   5.3998587E-005
   1.5160000E+001   3.0690110E-002   4.6143436E-005   3.0708067E-002   5.0169496E-005
   1.5200000E+001   3.0851510E-002   4.6647780E-005   3.0882320E-002   3.9916362E-005
   1.5240000E+001   3.1024713E-002   4.6233127E-005   3.1045648E-002   3.8262352E-005
   1.5280000E+001   3.1198084E-002   4.6998043E-005   3.1203383E-002   3.8544939E-005
   1.5319999E+001   3.1366884E-002   4.6798103E-005   3.1369327E-002   4.4993685E-005
   1.5360000E+001   3.1524468E-002   4.5647531E-005   3.1546606E-002   4.2835686E-005
   1.5400000E+001   3.1701039E-002   4.2339842E-005   3.1723453E-002   3.5313588E-005
   1.5440000E+001   3.1869359E-002   5.3352676E-005   3.1885379E-002   3.6532748E-005
   1.5480000E+001   3.2041623E-002   5.6858848E-005   3.2047767E-002   3.8029250E-005
   1.5520000E+001   3.2218069E-002   6.2133716E-005   3.2226831E-002   4.4028449E-005
   1.5560000E+001   3.2391921E-002   6.0619888E-005   3.2410825E-002   5.1190242E-005
   1.5599999E+001   3.2565204E-002   5.6138370E-005   3.2591159E-002   4.8362114E-005
   1.5640000E+001   3.2745197E-002   5.3447779E-005   3.2773702E-002   5.0129686E-005
   1.5680000E+001   3.2926847E-002   5.1757766E-005   3.2946294E-002   4.8610912E-005
   1.5720000E+001   3.3120700E-002   5.1765186E-005   3.3116953E-002   4.7866427E-005
   1.5760000E+001   3.3320321E-002   5.2958034E-005   3.3300132E-002   4.5978588E-005
   1.5800000E+001   3.3480846E-002   4.4517256E-005   3.3493308E-002   4.2407183E-005
   1.5840000E+001   3.3647030E-002   4.3762207E-005   3.3678281E-002   3.7718842E-005
   1.5880001E+001   3.3815477E-002   4.2037637E-005   3.3863242E-002   3.7754869E-005
   1.5920000E+001   3.3972642E-002   5.2479909E-005   3.4037968E-002   3.9711336E-005
   1.5960000E+001   3.4145526E-002   4.3461065E-005   3.4196344E-002   6.1755634E-005
   1.6000000E+001   3.4329999E-002   4.7944096E-005   3.4372608E-002   5.8007527E-005
   1.6040000E+001   3.4514626E-002   4.6145509E-005   3.4550204E-002   5.0741926E-005
   1.6080000E+001   3.4708806E-002   4.9421286E-005   3.4731452E-002   5.1554332E-005
   1.6120000E+001   3.4892847E-002   5.2807476E-005   3.4928466E-002   5.2197372E-005
   1.6160001E+001   3.5105227E-002   4.6662007E-005   3.5108399E-002   5.3004226E-005
   1.6200000E+001   3.5288155E-002   4.7846009E-005   3.5286789E-002   5.0604329E-005
   1.6240000E+001   3.5462973E-002   4.7223329E-005   3.5460037E-002   4.8439077E-005
   1.6280000E+001   3.5638993E-002   4.5688906E-005   3.5646014E-002   5.0024197E-005
   1.6320000E+001   3.5816038E-002   4.8364169E-005   3.5830034E-002   5.0575970E-005
   1.6360000E+001   3.5988844E-002   4.9918578E-005   3.6016014E-002   5.0002548E-005
   1.6400000E+001   3.6166600E-002   5.2546336E-005   3.6181679E-002   4.7524560E-005
   1.6440001E+001   3.6341365E-002   5.3090810E-005   3.6348118E-002   4.5245879E-005
   1.6480000E+001   3.6521296E-002   5.1999157E-005   3.6529157E-002   4.3759063E-005
   1.6520000E+001   3.6694850E-002   4.6258198E-005   3.6726859E-002   4.3188640E-005
   1.6560000E+001   3.6870672E-002   4.2454801E-005   3.6897285E-002   4.6593849E-005
   1.6600000E+001   3.7052864E-002   4.1329105E-005   3.7076325E-002   4.3333369E-005
   1.6640000E+001   3.7227441E-002   3.7330169E-005   3.7253233E-002   4.1484040E-005
   1.6680000E+001   3.7416675E-002   3.2980848E-005   3.7426892E-002   3.6562848E-005
   1.6720001E+001   3.7602590E-002   3.4863914E-005   3.7630962E-002   2.8666050E-005
   1.6760000E+001   3.7787397E-002   3.4815470E-005   3.7820395E-002   2.8631974E-005
   1.6799999E+001   3.7976005E-002   3.7486110E-005   3.8005620E-002   3.5621071E-005
   1.6840000E+001   3.8180996E-002   3.8736022E-005   3.8187483E-002   3.6109449E-005
   1.6880000E+001   3.8350089E-002   3.6591690E-005   3.8394829E-002   3.7221774E-005
   1.6920000E+001   3.8544040E-002   3.5843535E-005   3.8581292E-002   3.6308928E-005
   1.6960000E+001   3.8743693E-002   3.5544590E-005   3.8755467E-002   3.5743793E-005
   1.7000000E+001   3.8937641E-002   3.5866238E-005   3.8952389E-002   3.2565096E-005
   1.7040000E+001   3.9118038E-002   3.7792391E-005   3.9150556E-002   3.1301649E-005
   1.7079999E+001   3.9319066E-002   3.8014042E-005   3.9341843E-002   3.2038110E-005
   1.7120000E+001   3.9518330E-002   3.8252270E-005   3.9531803E-002   3.3456678E-005
   1.7160000E+001   3.9719039E-002   3.7779979E-005   3.9723868E-002   3.4057333E-005
   1.7200000E+001   3.9915464E-002   3.8671899E-005   3.9908575E-002   3.5995299E-005
   1.7240000E+001   4.0099841E-002   4.1645159E-005   4.0105205E-002   3.7170684E-005
   1.7280000E+001   4.0288588E-002   3.8869972E-005   4.0296750E-002   3.5337343E-005
   1.7320000E+001   4.0491651E-002   3.9494106E-005   4.0499622E-002   3.3612794E-005
   1.7359999E+001   4.0695185E-002   4.0015336E-005   4.0672643E-002   3.7944554E-005
   1.7400000E+001   4.0892185E-002   4.7020002E-005   4.0848804E-002   3.8663621E-005
   1.7440000E+001   4.1086557E-002   4.7843850E-005   4.1037911E-002   4.0087719E-005
   1.7480000E+001   4.1283908E-002   4.9006457E-005   4.1218767E-002   4.3573331E-005
   1.7520000E+001   4.1480327E-002   4.8561259E-005   4.1410550E-002   4.4016413E-005
   1.7560000E+001   4.1672598E-002   4.5456027E-005   4.1610693E-002   4.1612646E-005
   1.7600000E+001   4.1863585E-002   3.8291282E-005   4.1808479E-002   4.1300530E-005
   1.7640001E+001   4.2056185E-002   3.7108528E-005   4.2000028E-002   4.3443401E-005
   1.7680000E+001   4.2241482E-002   3.6524500E-005   4.2208387E-002   4.3941632E-005
   1.7720000E+001   4.2439709E-002   3.6768917E-005   4.2399807E-002   4.5366442E-005
   1.7760000E+001   4.2640151E-002   3.6292211E-005   4.2601868E-002   4.4450682E-005
   1.7800000E+001   4.2833614E-002   3.9329440E-005   4.2813935E-002   4.1173702E-005
   1.7840000E+001   4.3033362E-002   3.9259101E-005   4.3022258E-002   4.1273548E-005
   1.7880000E+001   4.3235224E-002   4.0200424E-005   4.3204056E-002   4.0697111E-005
   1.7920001E+001   4.3425467E-002   3.7951538E-005   4.3406806E-002   4.0222430E-005
   1.7960000E+001   4.3628980E-002   3.8483607E-005   4.3616527E-002   3.9558127E-005
   1.8000000E+001   4.3831437E-002   3.6899209E-005   4.3821462E-002   4.2416081E-005
   1.8040000E+001   4.4030937E-002   4.3860562E-005   4.4033758E-002   4.2505764E-005
   1.8080000E+001   4.4243216E-002   4.6973074E-005   4.4240233E-002   3.8955153E-005
   1.8120000E+001   4.4455253E-002   4.5724386E-005   4.4454879E-002   3.9524489E-005
   1.8160000E+001   4.4643520E-002   4.8066570E-005   4.4652122E-002   3.8387500E-005
   1.8200001E+001   4.4841734E-002   5.1648973E-005   4.4862486E-002   3.7722744E-005
   1.8240000E+001   4.5065956E-002   5.4800506E-005   4.5059288E-002   3.7336571E-005
   1.8279999E+001   4.5305335E-002   5.5552063E-005   4.5273008E-002   4.0668330E-005
   1.8320000E+001   4.5534322E-002   6.1517247E-005   4.5472715E-002   4.6609646E-005
   1.8360000E+001   4.5758773E-002   6.7340016E-005   4.5698004E-002   4.8816951E-005
   1.8400000E+001   4.5954701E-002   6.9440006E-005   4.5904321E-002   5.6463207E-005
   1.8440000E+001   4.6164096E-002   6.8415815E-005   4.6118423E-002   4.4119197E-005
   1.8480000E+001   4.6371153E-002   5.7686187E-005   4.6338340E-002   4.5827449E-005
   1.8520000E+001   4.6569269E-002   5.6511357E-005   4.6577350E-002   4.9022513E-005
   1.8559999E+001   4.6778515E-002   5.7170806E-005   4.6788933E-002   4.4802838E-005
   1.8600000E+001   4.6998016E-002   5.9789875E-005   4.6993610E-002   3.9995185E-005
   1.8640000E+001   4.7210008E-002   5.9431265E-005   4.7197014E-002   4.3625815E-005
   1.8680000E+001   4.7435221E-002   5.8196235E-005   4.7406033E-002   4.8064501E-005
   1.8720000E+001   4.7630962E-002   5.5489478E-005   4.7614449E-002   5.0391280E-005
   1.8760000E+001   4.7853810E-002   5.7682399E-005   4.7814706E-002   4.8885773E-005
   1.8800000E+001   4.8056379E-002   6.2379381E-005   4.8040767E-002   4.9344941E-005
   1.8839999E+001   4.8244754E-002   6.1951450E-005   4.8260525E-002   4.9827144E-005
   1.8880000E+001   4.8452521E-002   5.3139786E-005   4.8472257E-002   5.1541430E-005
   1.8920000E+001   4.8654332E-002   4.9430322E-005   4.8692232E-002   4.9630214E-005
   1.8960000E+001   4.8869161E-002   4.8195270E-005   4.8891695E-002   5.0855111E-005
   1.9000000E+001   4.9078400E-002   4.8571602E-005   4.9110659E-002   5.2095753E-005
   1.9040000E+001   4.9292630E-002   4.8890166E-005   4.9310180E-002   5.3230204E-005
   1.9080000E+001   4.9515788E-002   5.1587766E-005   4.9493850E-002   6.6711045E-005
   1.9119999E+001   4.9737930E-002   4.9080090E-005   4.9716144E-002   6.6670598E-005
   1.9160000E+001   4.9940184E-002   5.2333980E-005   4.9940836E-002   7.0550897E-005
   1.9200000E+001   5.0160902E-002   5.2376157E-005   5.0145535E-002   7.4665664E-005
   1.9240000E+001   5.0375451E-002   5.4647502E-005   5.0344788E-002   7.9205267E-005
   1.9280000E+001   5.0573029E-002   5.7001916E-005   5.0541424E-002   8.2068283E-005
   1.9320000E+001   5.0792858E-002   5.8534936E-005   5.0773620E-002   8.3987410E-005
   1.9360000E+001   5.1020621E-002   7.1898030E-005   5.1012637E-002   8.7162075E-005
   1.9400001E+001   5.1244100E-002   7.8373639E-005   5.1201834E-002   8.4157195E-005
   1.9440000E+001   5.1463398E-002   8.2642206E-005   5.1402724E-002   8.2373027E-005
   1.9480000E+001   5.1646221E-002   8.4730986E-005   5.1608909E-002   8.2197201E-005
   1.9520000E+001   5.1851015E-002   8.5548304E-005   5.1828338E-002   8.1645142E-005
   1.9560000E+001   5.2059917E-002   8.8008510E-005   5.2078222E-002   7.8328464E-005
   1.9600000E+001   5.2285566E-002   9.3352017E-005   5.2294047E-002   7.4218790E-005
   1.9640000E+001   5.2531275E-002   8.9307877E-005   5.2517536E-002   7.5565739E-005
   1.9680001E+001   5.2781327E-002   7.9004381E-005   5.2740393E-002   7.5144700E-005
   1.9720000E+001   5.3012715E-002   7.7290452E-005   5.2964077E-002   7.8121284E-005
   1.9760000E+001   5.3227634E-002   7.6824893E-005   5.3206545E-002   8.0057457E-005
   1.9800000E+001   5.3442222E-002   8.1870579E-005   5.3433884E-002   8.1895132E-005
   1.9840000E+001   5.3664514E-002   8.3183296E-005   5.3693223E-002   8.6515181E-005
   1.9880000E+001   5.3888348E-002   8.4774707E-005   5.3936558E-002   8.9128311E-005
   1.9920000E+001   5.4105037E-002   8.4410055E-005   5.4144404E-002   8.9292745E-005
   1.9960001E+001   5.4320407E-002   8.8306995E-005   5.4352899E-002   9.2881807E-005
   2.0000000E+001   5.4545702E-002   9.2344615E-005   5.4571545E-002   9.7014745E-005
