         0.4000         0.0000         0.0000         0.0000         0.0000
         0.6000         0.0000         0.0000         0.0000         0.0000
         0.8000         0.0000         0.0000         0.0000         0.0000
         1.0000         0.0000         0.0000         0.0000         0.0000
         1.2000         0.8518         0.0298         0.8445         0.0368
         1.4000         2.5242         0.0771         2.5594         0.1032
         1.6000         4.7344         0.1062         4.6843         0.1242
         1.8000         7.4094         0.1502         7.3446         0.1990
         2.0000        10.7918         0.1935        10.6878         0.2169
         2.2000        14.4481         0.2243        14.3258         0.2278
         2.4000        18.5914         0.2553        18.3994         0.1994
         2.6000        23.3587         0.2693        23.0447         0.2195
         2.8000        28.5696         0.2659        28.1502         0.3237
         3.0000        33.7695         0.2409        33.7643         0.2904
         3.2000        39.7388         0.2772        39.8117         0.3609
         3.4000        46.5705         0.3893        46.4146         0.3654
         3.6000        53.8056         0.3805        53.5989         0.3860
         3.8000        61.0155         0.3715        61.3597         0.5080
         4.0000        69.1402         0.3922        69.3189         0.7268
         4.2000        77.3969         0.7606        77.5795         0.5752
         4.4000        86.4876         0.9366        86.5800         0.4588
         4.6000        95.5573         1.0855        96.1099         0.6542
         4.8000       104.9392         0.9682       105.8775         0.6408
         5.0000       114.9580         0.5485       116.8859         0.6355
         5.2000       125.3948         0.5339       128.8276         0.5148
         5.4000       135.8281         0.5509       142.9187         0.5313
         5.6000       143.6941         0.5692       160.0839         0.9802
         5.8000       145.8950         0.6916       182.9636         0.8113
         6.0000       134.8722         0.7727       219.6327         1.0597
         6.2000       106.6376         0.6067        26.3648         0.1698
         6.4000        90.8360         0.5187        53.3985         0.3382
         6.6000        87.4238         0.6723        69.2369         0.4937
         6.8000        88.9065         0.5348        80.5259         0.6335
         7.0000        93.2952         0.5856        89.0352         0.5293
         7.2000        98.9737         0.6458        96.4144         0.6242
         7.4000       105.5814         0.6764       103.6627         0.7998
         7.6000       111.9304         0.9596       110.7566         1.0901
         7.8000       117.7561         1.4426       117.1108         0.7891
         8.0000       123.7615         1.2580       123.9516         1.0487
         8.2000       132.1185         0.8590       131.2720         0.9765
         8.4000       138.8770         0.7277       138.6558         0.8910
         8.6000       146.7134         0.8007       146.5288         0.6980
         8.8000       155.0005         0.8002       155.2326         0.8711
         9.0000       163.3858         0.4955       163.1322         0.6386
         9.2000       172.2271         0.6185       172.3359         0.8200
         9.4000       181.2681         0.7614       180.8226         0.8211
         9.6000       189.4292         0.6162       189.9170         0.7115
         9.8000       200.3116         0.5951       199.2982         0.6976
        10.0000       211.8548         0.6103       206.3375         0.6780
        10.2000       223.9848         0.6735       212.4244         0.6772
        10.4000       242.0467         0.8227       214.7858         0.8630
        10.6000       270.3280         1.0842       206.8240         0.8974
        10.8000       320.7970         0.9498       175.3244         0.7115
        11.0000       422.4567         1.0384        93.7352         0.2935
        11.2000       585.5003         1.2718       906.9747         2.0078
        11.4000       703.4752         1.2408       847.6498         1.9222
        11.6000       773.2090         1.2956       837.1684         1.6061
        11.8000       821.9554         1.4809       849.6310         1.5890
        12.0000       862.0000         1.7465       874.3277         1.5695
        12.2000       896.3820         1.2835       903.5627         1.2492
        12.4000       930.5689         1.2640       932.9594         1.3208
        12.6000       963.5898         1.4723       963.5213         1.2958
        12.8000       994.3937         1.6950       996.9614         1.4773
        13.0000      1026.5028         1.3750      1028.1661         1.7022
        13.2000      1058.6668         1.9077      1060.9906         1.9422
        13.4000      1091.7472         1.5723      1093.4084         2.6116
        13.6000      1126.5059         1.6428      1127.7922         1.8914
        13.8000      1161.6407         1.9567      1163.1512         1.9947
        14.0000      1197.8684         2.1961      1197.4714         1.9548
        14.2000      1233.9158         1.6408      1232.5047         1.8818
        14.4000      1268.9375         1.7027      1269.8141         2.1122
        14.6000      1304.9165         1.6128      1308.0165         1.8484
        14.8000      1342.0566         1.8031      1342.5546         1.9887
        15.0000      1382.0282         1.9458      1380.6683         2.1669
        15.2000      1421.1435         2.9455      1421.5402         2.8138
        15.4000      1459.5586         2.0091      1460.9747         2.5170
        15.6000      1500.5450         2.8684      1499.4960         3.4304
        15.8000      1541.5133         2.7066      1539.2670         2.8079
        16.0000      1582.1051         1.9461      1582.5474         2.4005
        16.2000      1624.8785         1.9362      1624.2970         1.5853
        16.4000      1665.3619         1.7792      1664.4741         1.7566
        16.6000      1705.7334         1.8532      1704.5060         1.7304
        16.8000      1749.2264         2.3255      1748.5362         2.0501
        17.0000      1793.6629         1.9891      1791.7178         2.3214
        17.2000      1838.0154         2.3517      1836.5062         1.9256
        17.4000      1882.2107         1.8435      1880.0389         2.3758
        17.6000      1929.5049         2.0487      1928.4397         2.4524
        17.8000      1977.4127         1.9873      1973.9315         2.4278
        18.0000      2021.1284         2.4485      2021.5814         2.0445
        18.2000      2066.4297         2.4253      2067.1215         2.4019
        18.4000      2111.9742         2.7682      2115.4877         4.1152
        18.6000      2158.3507         2.3112      2157.5490         3.6469
        18.8000      2207.3812         2.2574      2206.8618         2.3173
        19.0000      2253.0958         2.4243      2255.6974         1.7366
        19.2000      2301.1401         2.1614      2303.3741         1.8445
        19.4000      2351.9949         1.9564      2350.4594         2.3751
        19.6000      2402.2015         2.5917      2403.2392         2.1520
        19.8000      2450.7720         2.6321      2451.8018         2.6335
        20.0000      2504.2273         3.7423      2502.7043         3.0235
