         0.4000         0.0000         0.0000         0.0000         0.0000
         0.6000         0.0000         0.0000         0.0000         0.0000
         0.8000         0.0000         0.0000         0.0000         0.0000
         1.0000         0.0000         0.0000         0.0000         0.0000
         1.2000         0.8336         0.0291         0.8523         0.0276
         1.4000         2.5190         0.0752         2.5487         0.0897
         1.6000         4.7294         0.1253         4.7555         0.1200
         1.8000         7.4830         0.1544         7.5750         0.1635
         2.0000        10.7553         0.1770        10.7803         0.2192
         2.2000        14.4090         0.2493        14.5394         0.1883
         2.4000        18.6906         0.2509        18.5790         0.3085
         2.6000        23.2281         0.3451        23.3899         0.3607
         2.8000        28.3077         0.2887        28.3038         0.3512
         3.0000        33.6469         0.2296        33.8595         0.3037
         3.2000        39.7745         0.2906        39.6814         0.3068
         3.4000        46.2604         0.3063        45.7189         0.4024
         3.6000        53.3060         0.3882        52.9917         0.3714
         3.8000        61.1644         0.3913        60.8151         0.3683
         4.0000        69.3486         0.4368        69.1652         0.4301
         4.2000        77.8952         0.3768        78.1694         0.4664
         4.4000        87.1256         0.4027        87.5361         0.4994
         4.6000        95.7151         0.4968        96.7638         0.4465
         4.8000       106.1568         0.5988       106.2497         0.4440
         5.0000       116.4972         0.5699       117.2045         0.5212
         5.2000       126.5395         0.6817       129.3779         0.6963
         5.4000       135.9129         0.5785       142.6537         0.5646
         5.6000       142.7896         0.5672       159.4065         0.5852
         5.8000       144.5921         0.6626       181.3535         0.9446
         6.0000       133.5890         0.7156       218.8783         0.9608
         6.2000       106.6756         0.5021        26.1949         0.1822
         6.4000        91.0159         0.4080        53.4439         0.3684
         6.6000        86.4823         0.4335        69.5827         0.4338
         6.8000        87.6062         0.4337        80.1481         0.4682
         7.0000        91.9204         0.4716        87.9314         0.4158
         7.2000        97.4202         0.4632        95.2825         0.5046
         7.4000       103.3968         0.4055       102.0302         0.4451
         7.6000       109.4599         0.4570       109.1809         0.5021
         7.8000       116.2192         0.4659       116.5395         0.4304
         8.0000       123.2694         0.4886       124.1658         0.5714
         8.2000       130.5854         0.5166       130.9239         0.5472
         8.4000       138.1654         0.5434       138.6462         0.9660
         8.6000       146.4128         0.5626       146.2063         1.0008
         8.8000       154.2377         0.5763       154.8918         1.0893
         9.0000       163.2707         0.6031       163.5108         1.4732
         9.2000       171.6437         0.7909       172.0079         0.8083
         9.4000       180.4722         1.0874       179.7209         0.7534
         9.6000       188.2622         1.3294       188.4572         1.0671
         9.8000       198.2401         1.4868       197.5292         1.2005
        10.0000       209.5180         1.3522       205.2188         1.4638
        10.2000       222.4053         1.5900       211.3547         1.4352
        10.4000       241.0131         1.0352       213.3581         0.9659
        10.6000       269.3238         1.5010       205.7949         0.9024
        10.8000       321.0262         1.1205       175.9596         0.9121
        11.0000       424.0391         1.0791        94.6300         0.3561
        11.2000       589.5696         1.4058       911.4468         2.7056
        11.4000       704.5422         1.4350       851.0637         1.8759
        11.6000       774.9253         1.3657       840.0862         1.8779
        11.8000       820.3234         1.6236       850.7272         1.7233
        12.0000       857.9399         1.8727       872.6401         1.7764
        12.2000       892.8371         1.9946       899.9229         1.2980
        12.4000       927.4993         1.5949       931.6995         1.2784
        12.6000       958.3526         1.7305       962.7053         1.3912
        12.8000       990.1212         1.9217       994.4058         1.1349
        13.0000      1024.6395         1.6003      1024.7466         1.1977
        13.2000      1058.2854         1.4455      1057.6350         1.3922
        13.4000      1090.8886         1.6211      1090.0481         1.8835
        13.6000      1126.8261         1.4945      1124.5320         1.4246
        13.8000      1159.5116         1.8844      1159.1550         1.3145
        14.0000      1194.5452         1.6374      1193.4829         1.6381
        14.2000      1230.4583         1.6176      1229.9677         1.6994
        14.4000      1265.2437         2.2509      1266.4330         2.2167
        14.6000      1301.5726         2.0753      1305.1899         2.2616
        14.8000      1341.9095         1.9985      1346.2804         1.8587
        15.0000      1382.1194         1.6905      1385.1197         1.5429
        15.2000      1424.0791         1.6254      1425.4625         1.7138
        15.4000      1465.7047         2.0908      1467.5671         1.8940
        15.6000      1505.2207         2.2920      1508.0073         1.7985
        15.8000      1547.0554         2.3782      1547.3128         2.8457
        16.0000      1587.8898         2.7300      1588.1578         2.7976
        16.2000      1632.6526         3.5001      1629.2059         3.6995
        16.4000      1673.8718         2.5836      1669.4923         1.7393
        16.6000      1714.2322         2.3424      1710.4517         2.8291
        16.8000      1755.7930         2.8349      1752.6356         2.9359
        17.0000      1799.1879         2.6685      1797.5687         3.0246
        17.2000      1844.1853         2.9725      1841.6716         2.2280
        17.4000      1886.5770         2.4969      1886.0534         2.3204
        17.6000      1929.0182         2.1232      1928.3872         2.0775
        17.8000      1971.8399         2.0314      1971.9982         2.0569
        18.0000      2016.5202         1.9758      2016.7564         1.9253
        18.2000      2060.5270         2.8178      2060.4208         2.0897
        18.4000      2106.9110         2.4462      2108.9777         2.7300
        18.6000      2153.2021         3.8432      2154.9843         2.5338
        18.8000      2202.3063         4.6011      2204.3862         2.7433
        19.0000      2249.8959         3.8875      2254.8484         3.1952
        19.2000      2299.5364         4.4398      2303.1658         3.1103
        19.4000      2348.0618         4.2618      2349.9197         2.9780
        19.6000      2401.4360         3.8917      2400.9667         4.3542
        19.8000      2455.3470         3.9190      2456.5579         4.0291
        20.0000      2506.7621         3.3438      2510.5921         4.5094
