         0.4000         0.0000         0.0000         0.0000         0.0000
         0.6000         0.0000         0.0000         0.0000         0.0000
         0.8000         0.0000         0.0000         0.0000         0.0000
         1.0000         0.0000         0.0000         0.0000         0.0000
         1.2000         0.8443         0.0156         0.7374         0.0153
         1.4000         2.5622         0.0420         2.2249         0.0404
         1.6000         4.7882         0.0636         4.1403         0.0592
         1.8000         7.5602         0.0821         6.3863         0.0873
         2.0000        10.7981         0.1200         9.1430         0.1068
         2.2000        14.5956         0.1330        12.1653         0.1794
         2.4000        18.8854         0.1271        15.7443         0.1906
         2.6000        23.8122         0.1378        19.5628         0.2137
         2.8000        29.3637         0.1803        23.7471         0.2333
         3.0000        35.4553         0.2112        28.1548         0.2125
         3.2000        42.4085         0.2062        32.8251         0.3079
         3.4000        50.0487         0.2464        37.6265         0.2842
         3.6000        58.6740         0.3137        42.3594         0.2446
         3.8000        68.0917         0.3129        47.0177         0.2637
         4.0000        78.3375         0.3182        51.6118         0.2623
         4.2000        90.3415         0.4122        55.7803         0.3071
         4.4000       103.8345         0.4872        59.3636         0.3344
         4.6000       118.9493         0.5113        62.2103         0.2938
         4.8000       135.8752         0.5842        64.0268         0.3024
         5.0000       155.7889         0.6325        63.9559         0.2710
         5.2000       178.4783         0.7437        61.6363         0.2907
         5.4000       205.1520         0.8532        56.6410         0.2822
         5.6000       236.3813         0.9735        47.9617         0.2435
         5.8000       272.9392         0.9213        34.7144         0.1762
         6.0000       316.4760         0.9278        15.3986         0.0708
         6.2000       366.9132         1.0123       594.9261         1.2171
         6.4000       416.5264         1.0326       611.6174         1.2424
         6.6000       463.5207         1.0773       632.2413         1.0201
         6.8000       509.9314         1.1011       656.7153         1.0310
         7.0000       555.7094         1.2111       683.8965         1.1779
         7.2000       601.0518         1.2099       714.1946         1.1345
         7.4000       645.5793         1.3799       747.1902         1.0051
         7.6000       688.8030         1.2793       783.4462         1.0315
         7.8000       732.3519         1.4005       822.4605         0.9894
         8.0000       775.7799         1.1454       862.8458         1.0126
         8.2000       819.1800         0.9527       906.9510         1.0074
         8.4000       861.3137         1.0449       953.7535         0.9978
         8.6000       903.4480         1.0898      1004.6374         1.0515
         8.8000       943.3403         1.0415      1057.9646         1.1147
         9.0000       980.7395         1.1609      1116.2455         1.2841
         9.2000      1015.4880         1.1876      1179.2224         1.4253
         9.4000      1046.0856         1.5085      1245.3463         1.5682
         9.6000      1075.0392         1.4059      1317.1886         1.5787
         9.8000      1099.5493         1.3273      1395.9172         1.6695
        10.0000      1117.4578         1.2697      1484.3447         1.9929
        10.2000      1127.0359         1.2471      1583.1950         1.6954
        10.4000      1126.5154         1.1790      1691.7838         2.3712
        10.6000      1115.2210         1.1196      1816.5777         2.7653
        10.8000      1087.7168         1.1055      1959.3426         3.0535
        11.0000      1040.4530         1.1908      2122.7849         2.9947
        11.2000       977.2730         1.2107        66.4162         0.1199
        11.4000       922.1802         1.1455       162.4050         0.3294
        11.6000       879.4873         1.0892       246.3975         0.5245
        11.8000       847.1567         1.0835       319.9163         0.6485
        12.0000       823.5463         1.0551       385.6507         0.7615
        12.2000       808.1618         1.3936       443.7982         0.6941
        12.4000       799.4042         1.4595       496.2402         0.6987
        12.6000       796.9215         1.3885       544.3855         0.7520
        12.8000       798.9143         1.1202       589.3237         0.7773
        13.0000       805.0471         1.0562       630.4865         1.2086
        13.2000       814.1401         1.0629       668.8601         1.3133
        13.4000       825.7740         1.1818       704.5083         0.9516
        13.6000       840.1252         1.0238       739.0702         0.8331
        13.8000       857.1920         1.0018       772.3294         0.7442
        14.0000       874.9495         1.0064       804.3082         1.0763
        14.2000       893.1410         1.0498       834.9231         0.9225
        14.4000       915.1323         1.0999       866.4971         1.0933
        14.6000       937.4532         1.1439       896.6950         1.0034
        14.8000       960.4560         1.3126       925.9616         0.9918
        15.0000       985.2023         1.3384       956.4520         0.9798
        15.2000      1010.3543         1.5047       986.3689         1.0072
        15.4000      1035.9547         1.7254      1017.4022         1.0267
        15.6000      1063.0280         1.3413      1046.7085         1.3537
        15.8000      1091.1915         1.3772      1076.4722         1.3103
        16.0000      1119.0873         1.2289      1106.3865         1.5177
        16.2000      1146.5837         1.2639      1135.8469         1.5683
        16.4000      1174.4148         1.2473      1167.7569         1.6462
        16.6000      1203.9033         1.2285      1199.8604         1.5832
        16.8000      1233.7668         1.4685      1231.0437         1.4450
        17.0000      1264.7388         1.7299      1261.7998         1.2790
        17.2000      1296.7563         1.5914      1292.5335         1.1901
        17.4000      1328.2699         1.2486      1325.1210         1.2288
        17.6000      1359.8494         1.0288      1356.7395         1.2270
        17.8000      1392.8552         1.0153      1389.2626         1.2172
        18.0000      1425.1054         1.1500      1420.9107         1.2236
        18.2000      1457.8552         1.1153      1453.5730         1.3195
        18.4000      1492.4842         1.2581      1487.5917         1.1802
        18.6000      1526.5245         1.0894      1521.3347         1.3791
        18.8000      1559.6988         1.1023      1556.0380         1.4005
        19.0000      1594.9029         1.1471      1590.2296         1.4826
        19.2000      1631.0799         1.6690      1625.8459         1.5633
        19.4000      1665.9764         2.1413      1662.0205         1.5735
        19.6000      1702.2885         2.0391      1698.1064         1.6941
        19.8000      1739.4766         2.3132      1735.2582         1.9791
        20.0000      1776.2870         2.8078      1771.9335         2.0723
