         0.4000         0.0000         0.0000         0.0000         0.0000
         0.6000         0.0000         0.0000         0.0000         0.0000
         0.8000         0.0000         0.0000         0.0000         0.0000
         1.0000         0.0000         0.0000         0.0000         0.0000
         1.2000         0.9398         0.0318         0.0026         0.0015
         1.4000         2.7127         0.0819         0.0096         0.0053
         1.6000         4.9680         0.1414         0.0196         0.0089
         1.8000         7.8992         0.2025         0.0241         0.0119
         2.0000        11.2188         0.3056         0.0212         0.0078
         2.2000        14.7289         0.3553         0.0249         0.0099
         2.4000        18.9871         0.2924         0.0298         0.0104
         2.6000        23.3625         0.3770         0.0401         0.0139
         2.8000        28.6590         0.3310         0.0329         0.0132
         3.0000        34.1996         0.4446         0.0292         0.0093
         3.2000        40.5017         0.4092         0.0473         0.0133
         3.4000        46.6577         0.3820         0.0553         0.0128
         3.6000        53.5412         0.3949         0.0728         0.0208
         3.8000        61.7505         0.4951         0.0941         0.0244
         4.0000        69.9523         0.5075         0.0898         0.0234
         4.2000        78.3287         0.4686         0.0967         0.0258
         4.4000        88.1322         0.5484         0.1248         0.0396
         4.6000        97.5342         0.6134         0.1289         0.0380
         4.8000       106.9904         0.5746         0.1406         0.0283
         5.0000       117.3704         0.5670         0.1594         0.0266
         5.2000       128.1614         0.5945         0.1707         0.0475
         5.4000       139.5874         0.6517         0.1814         0.0639
         5.6000       152.1695         1.2564         0.2081         0.0561
         5.8000       164.9819         1.0949         0.2164         0.0562
         6.0000       178.2374         1.0866         0.1985         0.0530
         6.2000       191.1648         0.9767         0.0019         0.0016
         6.4000       204.3947         0.8464         0.0018         0.0014
         6.6000       219.3800         0.8706         0.0017         0.0014
         6.8000       235.0383         0.8717         0.0023         0.0016
         7.0000       250.7506         0.9299         0.0024         0.0017
         7.2000       266.4741         1.1277         0.0041         0.0037
         7.4000       282.7650         1.2106         0.0056         0.0055
         7.6000       300.5063         1.4397         0.0042         0.0041
         7.8000       317.3958         1.6633         0.0017         0.0015
         8.0000       336.2470         1.4132         0.0006         0.0006
         8.2000       354.1120         1.0142         0.0000         0.0000
         8.4000       373.2036         1.0693         0.0000         0.0000
         8.6000       392.5166         1.3508         0.0000         0.0000
         8.8000       412.3301         1.2389         0.0000         0.0000
         9.0000       432.7423         1.2164         0.0000         0.0000
         9.2000       452.6903         1.6188         0.0000         0.0000
         9.4000       474.4782         1.3524         0.0000         0.0000
         9.6000       497.2756         1.4654         0.0000         0.0000
         9.8000       517.9387         2.1515         0.0000         0.0000
        10.0000       539.9626         2.3688         0.0000         0.0000
        10.2000       561.4928         1.6963         0.0000         0.0000
        10.4000       584.4048         1.4473         0.0000         0.0000
        10.6000       607.8410         1.6985         0.0000         0.0000
        10.8000       633.8048         1.4172         0.0000         0.0000
        11.0000       660.0057         1.4574         0.0000         0.0000
        11.2000       686.5698         1.4302       834.7966         3.1897
        11.4000       713.6312         1.5475       863.8762         2.6294
        11.6000       739.6261         2.0771       892.0898         2.2055
        11.8000       767.4089         2.3256       922.5100         1.5779
        12.0000       793.3408         3.1017       954.4611         1.5575
        12.2000       821.2675         2.9658       986.0395         2.0991
        12.4000       850.5955         1.1746      1019.4173         1.9027
        12.6000       879.5114         1.3813      1053.1370         1.9217
        12.8000       907.4253         1.6955      1089.4602         2.1298
        13.0000       937.3765         1.8619      1124.5008         3.0133
        13.2000       965.4256         1.9917      1161.4407         3.0722
        13.4000       996.4317         2.0717      1196.5777         2.6368
        13.6000      1026.7841         2.0459      1228.7055         3.1884
        13.8000      1057.5709         1.9966      1263.8285         2.8447
        14.0000      1091.9062         1.9268      1298.9223         2.5159
        14.2000      1126.9571         2.0591      1335.7566         2.6275
        14.4000      1157.3803         2.4676      1374.4749         2.6127
        14.6000      1186.9698         2.4014      1412.1123         2.3080
        14.8000      1217.2496         2.7343      1448.3876         2.2801
        15.0000      1251.4179         3.0167      1488.1634         2.7857
        15.2000      1286.8313         2.8509      1532.3686         3.6865
        15.4000      1323.9161         2.6881      1572.4104         4.5013
        15.6000      1363.8469         2.7435      1614.8109         4.4053
        15.8000      1403.0350         1.8627      1654.2207         4.4162
        16.0000      1442.3759         1.8258      1696.7778         4.5480
        16.2000      1481.2317         2.0751      1741.0765         3.3291
        16.4000      1517.3563         2.2462      1787.8450         3.0024
        16.6000      1553.7517         2.4274      1831.0028         2.5924
        16.8000      1592.8249         2.7032      1873.3457         2.9723
        17.0000      1631.7687         2.7651      1920.8121         4.3264
        17.2000      1671.4546         2.9362      1968.7932         4.3494
        17.4000      1711.4273         3.3092      2018.3319         3.3317
        17.6000      1751.0483         3.2860      2070.7364         3.9669
        17.8000      1789.6522         3.1006      2117.3485         3.5656
        18.0000      1833.4399         3.6635      2166.3907         3.8894
        18.2000      1875.6092         4.2023      2215.8540         3.4747
        18.4000      1914.6515         4.7811      2266.7069         3.3543
        18.6000      1958.4470         3.2185      2318.3556         2.8954
        18.8000      2001.8109         2.9080      2369.8365         4.0314
        19.0000      2047.0301         3.0481      2424.4648         4.5233
        19.2000      2091.2239         3.2930      2475.1480         4.5605
        19.4000      2135.4014         3.6791      2522.4191         4.7613
        19.6000      2179.0496         5.3363      2574.1797         4.5295
        19.8000      2226.2523         6.4697      2629.1373         4.2881
        20.0000      2271.4566         5.9119      2686.4672         3.4309
