         0.4000         0.0000         0.0000         0.0000         0.0000
         0.6000         0.0000         0.0000         0.0000         0.0000
         0.8000         0.0000         0.0000         0.0000         0.0000
         1.0000         0.0000         0.0000         0.0000         0.0000
         1.2000         0.8109         0.0294         0.0000         0.0000
         1.4000         2.4820         0.0818         0.0000         0.0000
         1.6000         4.5203         0.1659         0.0000         0.0000
         1.8000         7.2375         0.2570         0.0000         0.0000
         2.0000        10.5295         0.3474         0.0000         0.0000
         2.2000        14.0932         0.3837         0.0000         0.0000
         2.4000        17.9641         0.3369         0.0000         0.0000
         2.6000        22.3872         0.3602         0.0000         0.0000
         2.8000        26.9012         0.5737         0.0019         0.0014
         3.0000        32.6222         0.6461         0.0095         0.0053
         3.2000        38.3395         0.5167         0.0125         0.0049
         3.4000        44.6697         0.4551         0.0261         0.0075
         3.6000        52.0370         0.4303         0.0395         0.0109
         3.8000        59.5929         0.4309         0.0551         0.0157
         4.0000        67.4621         0.4996         0.0690         0.0162
         4.2000        76.4113         0.6584         0.0750         0.0190
         4.4000        85.4375         0.6305         0.0810         0.0128
         4.6000        95.0076         0.6446         0.0624         0.0116
         4.8000       105.0191         0.5628         0.0623         0.0138
         5.0000       115.7518         0.5588         0.0496         0.0082
         5.2000       126.6513         0.6778         0.0552         0.0095
         5.4000       137.0794         0.7999         0.0828         0.0165
         5.6000       148.9033         0.7191         0.0916         0.0173
         5.8000       160.7865         0.7417         0.1086         0.0226
         6.0000       173.4135         0.9147         0.1181         0.0339
         6.2000       187.0264         0.8806         0.0000         0.0000
         6.4000       201.3813         0.9425         0.0000         0.0000
         6.6000       216.1504         0.8719         0.0000         0.0000
         6.8000       233.1118         1.0414         0.0000         0.0000
         7.0000       248.4397         0.9543         0.0000         0.0000
         7.2000       264.5951         1.2887         0.0000         0.0000
         7.4000       279.9187         1.2318         0.0000         0.0000
         7.6000       294.5806         1.3437         0.0000         0.0000
         7.8000       312.3586         1.3126         0.0000         0.0000
         8.0000       330.7747         1.3506         0.0000         0.0000
         8.2000       349.8649         1.4270         0.0000         0.0000
         8.4000       368.6487         1.8543         0.0000         0.0000
         8.6000       388.2802         1.7724         0.0000         0.0000
         8.8000       408.6163         1.3087         0.0000         0.0000
         9.0000       428.1061         1.3932         0.0000         0.0000
         9.2000       449.1362         1.8890         0.0000         0.0000
         9.4000       469.9482         1.7557         0.0000         0.0000
         9.6000       491.5870         1.7725         0.0026         0.0025
         9.8000       512.9436         1.6170         0.0061         0.0060
        10.0000       535.1560         1.3497         0.0068         0.0066
        10.2000       558.6511         1.0267         0.0041         0.0032
        10.4000       581.2701         1.1006         0.0050         0.0039
        10.6000       604.6843         1.1688         0.0050         0.0042
        10.8000       629.0891         1.1558         0.0021         0.0019
        11.0000       653.6260         1.4381         0.0011         0.0009
        11.2000       677.4210         2.0111       830.1249         3.2775
        11.4000       700.3624         2.6659       859.1455         2.4851
        11.6000       727.8625         2.8527       888.3687         2.2045
        11.8000       756.6179         2.7352       919.8455         2.8398
        12.0000       782.5280         2.4941       952.3356         3.0654
        12.2000       809.6215         2.0232       985.7330         2.5136
        12.4000       837.7583         1.5753      1020.0432         1.8668
        12.6000       867.0042         1.7414      1055.0821         2.0101
        12.8000       896.9066         1.8867      1089.5955         1.9716
        13.0000       927.9247         2.1018      1124.9728         2.0880
        13.2000       960.0915         2.6254      1159.1619         1.5127
        13.4000       992.4976         2.1171      1191.4682         1.7403
        13.6000      1022.3737         2.7449      1225.9543         2.3296
        13.8000      1054.6343         2.0223      1264.3819         3.1848
        14.0000      1088.3750         1.8807      1302.7794         2.9877
        14.2000      1121.2976         2.1472      1338.4318         2.2028
        14.4000      1154.4516         2.2338      1374.6846         2.9993
        14.6000      1189.3012         2.2714      1415.3944         3.8453
        14.8000      1225.5741         1.9746      1458.1719         3.5327
        15.0000      1261.0438         2.2778      1499.7573         2.8261
        15.2000      1297.7683         2.2814      1540.2905         3.0144
        15.4000      1331.9710         2.8154      1580.0374         2.9040
        15.6000      1370.7910         3.3081      1622.2525         3.0135
        15.8000      1409.9353         3.8119      1667.5999         2.7410
        16.0000      1448.8894         3.2076      1710.3405         3.0471
        16.2000      1486.9439         2.9634      1753.1685         2.9718
        16.4000      1524.5735         2.4928      1795.4729         2.5856
        16.6000      1564.9658         2.3085      1841.1901         2.0848
        16.8000      1602.3907         2.2369      1883.5564         2.6381
        17.0000      1641.3950         2.6405      1929.5411         3.0795
        17.2000      1681.3427         2.9332      1972.8562         3.7410
        17.4000      1722.3722         3.0941      2018.7435         3.5161
        17.6000      1761.1326         2.6725      2065.3895         3.8808
        17.8000      1800.6615         2.1350      2113.4810         4.3996
        18.0000      1843.8542         2.7285      2160.8791         3.6703
        18.2000      1886.4865         2.7696      2209.6908         3.3633
        18.4000      1925.8492         2.8705      2258.1646         4.2560
        18.6000      1970.5715         3.3420      2307.8532         3.6803
        18.8000      2012.4802         4.1002      2361.0025         2.8140
        19.0000      2056.8682         3.6354      2411.3698         2.1737
        19.2000      2104.4925         3.3096      2462.4079         2.4043
        19.4000      2148.5346         4.3438      2512.4483         2.8740
        19.6000      2195.6536         4.3195      2569.5102         4.0782
        19.8000      2243.4116         4.3022      2621.2160         5.3055
        20.0000      2290.1819         3.9850      2673.8230         5.2735
