         0.4000         0.0000         0.0000         0.0000         0.0000
         0.6000         0.0000         0.0000         0.0000         0.0000
         0.8000         0.0000         0.0000         0.0000         0.0000
         1.0000         0.0000         0.0000         0.0000         0.0000
         1.2000         0.8474         0.0329         0.0000         0.0000
         1.4000         2.5488         0.0788         0.0017         0.0017
         1.6000         4.7157         0.1236         0.0037         0.0036
         1.8000         7.3791         0.1484         0.0066         0.0065
         2.0000        10.5023         0.2297         0.0050         0.0041
         2.2000        14.1028         0.3178         0.0073         0.0050
         2.4000        18.3163         0.3827         0.0126         0.0066
         2.6000        22.9211         0.5699         0.0245         0.0128
         2.8000        28.4483         0.5857         0.0367         0.0115
         3.0000        33.7421         0.4965         0.0720         0.0179
         3.2000        39.9734         0.5034         0.1067         0.0224
         3.4000        46.4627         0.4472         0.1191         0.0256
         3.6000        52.7156         0.4684         0.1076         0.0209
         3.8000        60.0100         0.5725         0.0839         0.0131
         4.0000        68.3464         0.6425         0.0815         0.0120
         4.2000        76.8053         0.5992         0.0791         0.0116
         4.4000        85.9580         0.4490         0.0710         0.0120
         4.6000        95.6975         0.5499         0.1066         0.0190
         4.8000       105.2021         0.5909         0.1311         0.0277
         5.0000       115.7923         0.7034         0.1316         0.0229
         5.2000       126.4532         0.6900         0.1410         0.0212
         5.4000       138.2534         0.7920         0.1578         0.0212
         5.6000       150.7561         1.0440         0.1675         0.0213
         5.8000       162.5751         1.2408         0.1664         0.0286
         6.0000       175.1703         1.3717         0.1793         0.0396
         6.2000       188.6231         1.5439         0.0000         0.0000
         6.4000       202.8661         1.4765         0.0000         0.0000
         6.6000       216.8855         1.9350         0.0000         0.0000
         6.8000       232.3331         1.9590         0.0000         0.0000
         7.0000       248.1064         1.3144         0.0000         0.0000
         7.2000       263.9504         1.2838         0.0000         0.0000
         7.4000       280.1541         1.2794         0.0000         0.0000
         7.6000       296.4795         1.5772         0.0000         0.0000
         7.8000       313.8726         0.9752         0.0000         0.0000
         8.0000       331.0437         1.2191         0.0000         0.0000
         8.2000       348.7544         1.5297         0.0000         0.0000
         8.4000       367.3129         1.7008         0.0000         0.0000
         8.6000       387.4212         1.5622         0.0000         0.0000
         8.8000       407.7520         1.7011         0.0000         0.0000
         9.0000       428.0074         1.5529         0.0005         0.0005
         9.2000       449.0258         1.4257         0.0045         0.0035
         9.4000       470.3858         1.5688         0.0087         0.0051
         9.6000       493.0768         2.2393         0.0071         0.0068
         9.8000       515.3108         2.5509         0.0111         0.0104
        10.0000       537.8628         2.4247         0.0127         0.0110
        10.2000       559.8630         1.3952         0.0124         0.0110
        10.4000       581.3763         1.7160         0.0069         0.0064
        10.6000       606.3099         2.4769         0.0046         0.0044
        10.8000       632.4804         2.9143         0.0013         0.0013
        11.0000       656.6512         2.3658         0.0006         0.0006
        11.2000       681.6038         2.0412       834.5710         3.0057
        11.4000       707.5370         1.9513       865.7655         3.0887
        11.6000       733.3252         1.9055       896.5805         2.4723
        11.8000       759.3170         2.1369       928.7068         3.4360
        12.0000       786.6753         2.1260       959.4330         3.7666
        12.2000       814.7977         2.8791       991.8568         2.2504
        12.4000       842.7364         2.0374      1024.5345         2.5242
        12.6000       871.0993         1.8875      1054.8769         2.9035
        12.8000       900.0875         2.1622      1088.2290         2.8426
        13.0000       929.3734         3.1710      1123.1510         2.8961
        13.2000       959.2312         3.2732      1156.4577         3.2190
        13.4000       990.4719         2.6429      1191.6710         4.0024
        13.6000      1023.1979         2.0869      1229.5265         2.4746
        13.8000      1057.2339         2.7409      1265.6995         2.2867
        14.0000      1090.3710         3.3016      1303.5772         2.4375
        14.2000      1124.8335         3.2920      1339.7015         2.3507
        14.4000      1157.3391         3.5867      1378.8426         2.8781
        14.6000      1192.2419         4.0021      1418.7807         2.9806
        14.8000      1225.2268         3.5161      1456.1325         4.3901
        15.0000      1261.3904         3.0598      1495.4722         5.1788
        15.2000      1299.5666         2.9582      1532.1019         3.9506
        15.4000      1335.8755         3.6212      1574.1478         2.9834
        15.6000      1375.3603         3.0239      1615.5141         3.1398
        15.8000      1413.1309         2.5822      1657.1436         2.9783
        16.0000      1452.2063         3.8004      1700.3321         2.6225
        16.2000      1488.8358         4.3395      1745.0981         2.7457
        16.4000      1527.3287         3.4498      1791.3650         2.8792
        16.6000      1564.7871         1.9208      1833.2885         2.9133
        16.8000      1601.0997         2.4711      1874.7010         2.4715
        17.0000      1639.2879         3.1593      1924.0470         4.1109
        17.2000      1678.9799         2.8788      1971.1676         4.0213
        17.4000      1721.2022         2.7141      2019.8986         4.0302
        17.6000      1758.7496         2.2167      2068.3147         3.7000
        17.8000      1799.7319         2.2554      2119.7298         3.3896
        18.0000      1838.5711         1.9120      2168.0231         3.2007
        18.2000      1882.8788         2.4823      2216.1891         3.5351
        18.4000      1924.0762         2.9679      2262.4983         3.6515
        18.6000      1966.5320         4.1041      2311.0388         3.4778
        18.8000      2010.8108         4.3470      2361.5300         2.5483
        19.0000      2051.9836         3.0139      2408.7510         2.4394
        19.2000      2093.0518         3.1032      2459.9167         3.0214
        19.4000      2134.4165         4.3910      2513.6635         3.7265
        19.6000      2180.5603         4.1334      2566.5606         3.3238
        19.8000      2227.3457         5.0904      2620.2501         6.3796
        20.0000      2271.6377         5.8194      2673.3657         7.1150
