         0.4000         0.0000         0.0000         0.0000         0.0000
         0.6000         0.0000         0.0000         0.0000         0.0000
         0.8000         0.0000         0.0000         0.0000         0.0000
         1.0000         0.0000         0.0000         0.0000         0.0000
         1.2000         0.8226         0.0290         0.0000         0.0000
         1.4000         2.5661         0.0689         0.0000         0.0000
         1.6000         4.5952         0.1021         0.0000         0.0000
         1.8000         7.4052         0.1672         0.0000         0.0000
         2.0000        10.6764         0.1856         0.0000         0.0000
         2.2000        14.3901         0.2145         0.0000         0.0000
         2.4000        18.6589         0.3341         0.0000         0.0000
         2.6000        23.6994         0.2915         0.0000         0.0000
         2.8000        28.6662         0.4776         0.0000         0.0000
         3.0000        34.3837         0.4591         0.0000         0.0000
         3.2000        40.8530         0.4486         0.0000         0.0000
         3.4000        47.7019         0.4792         0.0000         0.0000
         3.6000        55.2491         0.4347         0.0000         0.0000
         3.8000        63.1431         0.3974         0.0000         0.0000
         4.0000        71.2609         0.4013         0.0000         0.0000
         4.2000        78.9443         0.5645         0.0000         0.0000
         4.4000        87.9988         0.5955         0.0000         0.0000
         4.6000        97.0200         0.8034         0.0000         0.0000
         4.8000       106.3876         1.4914         0.0000         0.0000
         5.0000       116.8399         2.2850         0.0000         0.0000
         5.2000       127.8554         2.0899         0.0000         0.0000
         5.4000       138.9251         2.3957         0.0000         0.0000
         5.6000       150.6437         2.3211         0.0000         0.0000
         5.8000       163.2046         2.1758         0.0000         0.0000
         6.0000       175.6947         1.9106         0.0000         0.0000
         6.2000       188.9171         2.8267         0.0000         0.0000
         6.4000       202.0635         2.5391         0.0000         0.0000
         6.6000       216.5126         2.0390         0.0000         0.0000
         6.8000       233.1153         1.6026         0.0000         0.0000
         7.0000       248.1019         1.3058         0.0000         0.0000
         7.2000       263.6209         1.2573         0.0000         0.0000
         7.4000       279.0570         1.6417         0.0000         0.0000
         7.6000       295.8687         1.3936         0.0004         0.0004
         7.8000       312.9506         0.9559         0.0012         0.0012
         8.0000       330.6535         1.2837         0.0008         0.0006
         8.2000       348.5955         0.9021         0.0060         0.0030
         8.4000       368.8429         1.0096         0.0138         0.0069
         8.6000       389.9343         0.9985         0.0115         0.0097
         8.8000       409.8162         1.0213         0.0149         0.0096
         9.0000       429.2722         1.2799         0.0144         0.0090
         9.2000       451.3344         1.4419         0.0138         0.0075
         9.4000       472.1712         1.5995         0.0115         0.0060
         9.6000       493.0415         1.5969         0.0136         0.0062
         9.8000       513.6434         1.9347         0.0223         0.0092
        10.0000       535.0872         1.4112         0.0282         0.0118
        10.2000       558.7406         1.1515         0.0215         0.0120
        10.4000       582.0834         1.3466         0.0144         0.0065
        10.6000       604.5750         1.6880         0.0150         0.0062
        10.8000       628.4099         1.7771         0.0076         0.0031
        11.0000       653.0794         2.1742         0.0014         0.0007
        11.2000       680.4654         1.3561       823.2019         3.7486
        11.4000       705.8716         1.5476       852.9412         3.2111
        11.6000       733.7788         1.6075       883.5141         3.3131
        11.8000       760.4953         1.6188       916.6613         2.4615
        12.0000       787.3058         1.9509       948.2712         1.7669
        12.2000       815.8215         2.2384       979.3725         1.6434
        12.4000       846.6341         1.7414      1011.9912         1.7746
        12.6000       875.8642         2.3274      1044.6198         1.9752
        12.8000       903.1410         2.6861      1078.8123         2.4195
        13.0000       932.4271         2.3292      1113.4240         4.0064
        13.2000       964.4017         2.2826      1151.0887         3.4876
        13.4000       996.0031         1.6886      1187.8612         2.7878
        13.6000      1026.3967         1.7920      1222.9044         2.7118
        13.8000      1058.9487         2.2495      1257.9195         2.6339
        14.0000      1092.2120         2.5994      1296.6666         3.6300
        14.2000      1125.9795         2.9459      1338.2667         2.4108
        14.4000      1159.9503         3.5572      1379.3169         2.5434
        14.6000      1196.7883         3.6235      1421.2421         3.7488
        14.8000      1231.3451         3.4475      1458.2490         3.0867
        15.0000      1265.6938         3.1838      1496.4484         3.3023
        15.2000      1298.9023         3.3297      1535.9758         3.1315
        15.4000      1335.6464         3.7367      1576.5937         2.8862
        15.6000      1370.1872         1.8840      1617.9708         2.5844
        15.8000      1405.4521         2.9578      1660.3498         1.5241
        16.0000      1442.5399         2.2386      1705.6141         1.6720
        16.2000      1479.3061         2.4612      1751.0139         2.5728
        16.4000      1517.3260         2.3670      1795.0727         3.0727
        16.6000      1555.8364         2.2440      1839.4012         3.3262
        16.8000      1593.9039         2.3660      1884.4567         3.3791
        17.0000      1635.0626         1.8668      1928.0654         2.9175
        17.2000      1674.3600         1.7711      1977.7165         2.6287
        17.4000      1710.2390         2.4991      2026.2921         3.3153
        17.6000      1752.1160         2.7789      2077.7676         4.0952
        17.8000      1795.7662         3.1952      2126.0720         3.7739
        18.0000      1837.1745         2.1071      2172.5160         2.9521
        18.2000      1881.6008         2.5262      2220.2083         2.5905
        18.4000      1923.0430         2.4370      2266.2041         2.9959
        18.6000      1965.5197         2.4048      2317.2722         2.7753
        18.8000      2010.6029         3.0506      2367.1311         2.1309
        19.0000      2051.3590         5.1990      2418.9109         3.3164
        19.2000      2095.5522         6.4147      2469.3168         3.2757
        19.4000      2141.7068         8.0674      2520.1637         3.3985
        19.6000      2187.7613         8.9991      2572.5010         2.8914
        19.8000      2233.2562         8.1609      2623.5686         3.5237
        20.0000      2279.4195         6.7011      2676.5924         4.4219
