         0.4000         0.0000         0.0000         0.0000         0.0000
         0.6000         0.0000         0.0000         0.0000         0.0000
         0.8000         0.0000         0.0000         0.0000         0.0000
         1.0000         0.0000         0.0000         0.0000         0.0000
         1.2000         0.8896         0.0290         0.0000         0.0000
         1.4000         2.7154         0.0833         0.0000         0.0000
         1.6000         4.9303         0.1579         0.0000         0.0000
         1.8000         7.5704         0.2378         0.0000         0.0000
         2.0000        10.6479         0.3162         0.0000         0.0000
         2.2000        14.1088         0.3777         0.0000         0.0000
         2.4000        18.2604         0.4423         0.0000         0.0000
         2.6000        22.7950         0.5546         0.0000         0.0000
         2.8000        28.1421         0.6555         0.0000         0.0000
         3.0000        33.6337         0.7127         0.0000         0.0000
         3.2000        39.8181         0.5436         0.0000         0.0000
         3.4000        46.8596         0.4907         0.0000         0.0000
         3.6000        53.8111         0.4348         0.0000         0.0000
         3.8000        61.1536         0.4068         0.0000         0.0000
         4.0000        69.1576         0.4110         0.0000         0.0000
         4.2000        78.0359         0.6439         0.0000         0.0000
         4.4000        87.1138         0.7566         0.0000         0.0000
         4.6000        96.3874         0.6911         0.0000         0.0000
         4.8000       105.9680         0.5639         0.0002         0.0002
         5.0000       117.4026         0.7110         0.0040         0.0039
         5.2000       128.6457         0.7761         0.0018         0.0018
         5.4000       140.0170         0.6818         0.0034         0.0025
         5.6000       153.0563         0.7751         0.0069         0.0062
         5.8000       165.1185         0.7992         0.0102         0.0099
         6.0000       177.4536         0.8314         0.0141         0.0116
         6.2000       190.4514         0.8802         0.0003         0.0003
         6.4000       203.2007         1.0179         0.0002         0.0002
         6.6000       217.5127         0.7784         0.0002         0.0002
         6.8000       232.9009         0.7410         0.0015         0.0013
         7.0000       248.6491         0.9015         0.0066         0.0044
         7.2000       264.1034         0.8303         0.0087         0.0054
         7.4000       281.1432         0.8635         0.0099         0.0054
         7.6000       297.3400         0.9872         0.0130         0.0066
         7.8000       313.1613         1.1957         0.0215         0.0110
         8.0000       331.4330         1.4539         0.0247         0.0121
         8.2000       350.0594         1.0006         0.0284         0.0118
         8.4000       367.3742         1.0247         0.0348         0.0145
         8.6000       386.4650         1.0919         0.0287         0.0135
         8.8000       406.1016         1.5556         0.0239         0.0115
         9.0000       426.8392         2.0029         0.0325         0.0137
         9.2000       447.6614         2.5963         0.0268         0.0111
         9.4000       468.4187         3.2062         0.0239         0.0086
         9.6000       488.0962         2.4618         0.0228         0.0080
         9.8000       510.8030         2.6399         0.0233         0.0181
        10.0000       534.1877         2.5735         0.0238         0.0198
        10.2000       556.4199         2.1087         0.0228         0.0182
        10.4000       578.3989         1.8251         0.0122         0.0074
        10.6000       601.6854         1.6689         0.0056         0.0036
        10.8000       625.8946         2.1115         0.0020         0.0016
        11.0000       652.9789         2.2093         0.0003         0.0003
        11.2000       680.3074         2.6163       831.8975         2.2676
        11.4000       707.7544         2.6438       858.8069         2.7082
        11.6000       735.0275         2.2892       890.4010         3.2199
        11.8000       763.5345         2.0359       922.4036         2.2563
        12.0000       791.3338         1.8362       954.5836         2.0625
        12.2000       820.7200         1.9660       986.9049         1.7689
        12.4000       847.1727         2.3469      1019.3819         2.6611
        12.6000       877.4952         2.5400      1053.7391         2.9562
        12.8000       907.2240         2.6152      1085.3559         2.4247
        13.0000       940.2292         2.4035      1121.5550         1.7344
        13.2000       970.0360         2.2791      1155.3636         2.1482
        13.4000       999.7486         1.8657      1188.0380         2.7677
        13.6000      1030.6465         1.6378      1225.4403         3.2602
        13.8000      1062.8941         1.7284      1260.2302         2.5675
        14.0000      1092.8339         2.0701      1296.1812         2.5926
        14.2000      1126.4323         2.3045      1335.7388         2.1975
        14.4000      1157.7466         1.9456      1376.5612         2.1320
        14.6000      1191.4093         2.1547      1415.2332         1.9552
        14.8000      1228.9417         2.4167      1456.0205         2.2805
        15.0000      1264.5863         1.8757      1496.8945         2.2084
        15.2000      1296.6018         1.9183      1538.0244         3.4557
        15.4000      1329.8890         2.7201      1579.4370         2.7771
        15.6000      1366.9502         3.3625      1621.7742         2.6595
        15.8000      1402.4661         3.5933      1665.1479         2.9569
        16.0000      1440.2441         3.4185      1706.3650         4.1182
        16.2000      1476.8392         2.6503      1749.3375         2.4174
        16.4000      1514.6060         2.9105      1792.3335         2.1607
        16.6000      1552.2999         3.1883      1839.3107         2.3005
        16.8000      1592.1270         4.2281      1884.6628         2.3588
        17.0000      1634.0837         3.5549      1929.7484         2.9967
        17.2000      1672.1566         3.2471      1976.1310         4.0033
        17.4000      1713.2661         3.4413      2021.3534         2.9947
        17.6000      1755.0566         4.3779      2071.9389         2.8371
        17.8000      1794.4510         3.1659      2122.3845         3.0399
        18.0000      1835.0194         2.9583      2169.4847         3.3507
        18.2000      1879.8605         2.5766      2219.6153         2.9583
        18.4000      1926.1429         2.9506      2264.9363         2.3169
        18.6000      1970.0255         2.3747      2311.2762         2.5058
        18.8000      2013.4676         2.7123      2360.2140         3.2095
        19.0000      2057.6293         3.6548      2406.9972         3.5955
        19.2000      2102.1377         3.4514      2458.2848         5.5657
        19.4000      2143.9360         4.4040      2512.3296         5.1558
        19.6000      2189.8899         3.6119      2565.0082         5.8650
        19.8000      2235.8209         5.1100      2616.0920         5.3123
        20.0000      2281.0128         5.3249      2669.5851         5.0317
