         0.4000         0.0000         0.0000         0.0000         0.0000
         0.6000         0.0000         0.0000         0.0000         0.0000
         0.8000         0.0000         0.0000         0.0000         0.0000
         1.0000         0.0000         0.0000         0.0000         0.0000
         1.2000         0.8524         0.0380         0.0000         0.0000
         1.4000         2.6180         0.1043         0.0000         0.0000
         1.6000         5.0671         0.1705         0.0000         0.0000
         1.8000         7.8569         0.2182         0.0000         0.0000
         2.0000        10.9293         0.2278         0.0010         0.0010
         2.2000        14.5493         0.2291         0.0062         0.0059
         2.4000        18.4639         0.2842         0.0094         0.0067
         2.6000        22.8406         0.3468         0.0202         0.0111
         2.8000        28.0105         0.3552         0.0230         0.0121
         3.0000        33.5638         0.3439         0.0364         0.0155
         3.2000        39.9366         0.4105         0.0481         0.0204
         3.4000        46.5948         0.4413         0.0473         0.0153
         3.6000        53.7363         0.4452         0.0695         0.0215
         3.8000        61.5252         0.7083         0.0873         0.0294
         4.0000        69.4236         0.6190         0.1041         0.0320
         4.2000        77.7844         0.5412         0.0813         0.0231
         4.4000        86.4449         0.6333         0.0691         0.0179
         4.6000        95.5908         0.6099         0.0833         0.0163
         4.8000       105.0026         0.6820         0.0886         0.0184
         5.0000       115.7219         0.4512         0.0831         0.0152
         5.2000       127.1640         0.4939         0.0744         0.0119
         5.4000       139.8076         0.5220         0.0758         0.0115
         5.6000       151.7244         0.7331         0.0894         0.0162
         5.8000       163.9429         0.7847         0.0976         0.0232
         6.0000       177.1221         0.8937         0.1172         0.0295
         6.2000       190.2853         1.1283         0.0000         0.0000
         6.4000       204.2822         1.2577         0.0000         0.0000
         6.6000       219.1799         1.4634         0.0000         0.0000
         6.8000       235.0269         1.3781         0.0000         0.0000
         7.0000       250.6083         1.1612         0.0000         0.0000
         7.2000       266.9065         1.1094         0.0000         0.0000
         7.4000       283.4384         1.4642         0.0000         0.0000
         7.6000       298.9728         1.4769         0.0000         0.0000
         7.8000       315.5343         1.0418         0.0000         0.0000
         8.0000       333.3189         1.8530         0.0000         0.0000
         8.2000       351.5858         1.9078         0.0029         0.0020
         8.4000       372.0038         1.9977         0.0064         0.0062
         8.6000       393.1095         1.6974         0.0120         0.0117
         8.8000       412.0997         1.6359         0.0094         0.0077
         9.0000       431.8912         1.6739         0.0026         0.0018
         9.2000       454.0903         1.6267         0.0027         0.0019
         9.4000       477.1580         2.6121         0.0021         0.0016
         9.6000       498.7913         2.0014         0.0026         0.0021
         9.8000       520.9930         2.9629         0.0073         0.0046
        10.0000       542.7754         1.9445         0.0081         0.0059
        10.2000       565.8091         1.8228         0.0090         0.0063
        10.4000       590.2022         1.5772         0.0092         0.0052
        10.6000       613.7738         2.2318         0.0083         0.0055
        10.8000       639.3753         2.4740         0.0008         0.0005
        11.0000       662.5644         2.8500         0.0006         0.0005
        11.2000       686.3957         1.7873       827.4715         3.0090
        11.4000       712.7273         1.7144       857.4545         2.7875
        11.6000       738.5389         1.5732       886.2711         2.0969
        11.8000       763.2441         1.5718       914.7959         1.6650
        12.0000       790.1113         1.3589       945.9518         1.7204
        12.2000       818.6749         1.4528       977.0396         2.4992
        12.4000       847.2860         2.1944      1009.0692         1.5455
        12.6000       877.3925         1.9660      1043.9129         1.5898
        12.8000       907.6570         2.1349      1081.2689         1.5405
        13.0000       941.0818         2.0570      1115.1060         1.6955
        13.2000       972.5746         2.1144      1149.4578         1.9447
        13.4000      1002.9608         1.8132      1185.4127         2.0846
        13.6000      1035.4704         2.0760      1220.7085         2.7245
        13.8000      1067.8980         1.8907      1258.8781         2.7686
        14.0000      1099.0546         1.7713      1300.2409         2.9583
        14.2000      1131.3253         1.7700      1339.4671         2.9421
        14.4000      1162.6911         1.6123      1376.5001         2.5552
        14.6000      1195.0690         2.0258      1415.7610         2.1405
        14.8000      1228.9175         2.8910      1456.8414         2.4205
        15.0000      1261.8227         3.4611      1497.1047         2.3294
        15.2000      1296.5528         2.9367      1538.3936         2.4984
        15.4000      1331.0065         2.3120      1579.1308         2.9158
        15.6000      1367.3376         2.0380      1622.0713         2.8202
        15.8000      1401.0608         2.3046      1664.2384         2.4558
        16.0000      1434.6164         2.0477      1709.3539         2.3525
        16.2000      1467.8747         1.9580      1752.2059         2.7179
        16.4000      1505.2986         2.1335      1794.9584         3.1288
        16.6000      1546.6325         2.6587      1840.5654         3.3461
        16.8000      1588.3810         2.4985      1886.1498         3.2978
        17.0000      1629.9486         2.0590      1931.6169         3.4566
        17.2000      1670.7595         1.5937      1981.1685         5.7744
        17.4000      1711.1964         2.4507      2028.0798         5.5321
        17.6000      1751.2350         2.4378      2071.1923         3.2821
        17.8000      1791.5494         2.6670      2115.2398         4.0772
        18.0000      1831.3486         2.9074      2163.1971         3.0310
        18.2000      1870.5772         2.4847      2213.7432         3.9952
        18.4000      1913.8110         1.9502      2265.7208         3.5283
        18.6000      1951.8993         2.1828      2317.9271         3.7949
        18.8000      1994.2801         2.7226      2369.9372         3.5887
        19.0000      2039.6579         2.8074      2423.4920         4.4751
        19.2000      2086.3122         2.3958      2473.2634         7.0100
        19.4000      2130.2419         2.3248      2519.7168         7.0140
        19.6000      2177.0116         3.8807      2571.1132         6.6177
        19.8000      2222.1063         3.6589      2625.1874         6.7684
        20.0000      2270.7990         4.2398      2679.7577         5.9473
