         0.4000         0.0000         0.0000         0.0000         0.0000
         0.6000         0.0000         0.0000         0.0000         0.0000
         0.8000         0.0000         0.0000         0.0000         0.0000
         1.0000         0.0000         0.0000         0.0000         0.0000
         1.2000         0.0695         0.0247         0.0000         0.0000
         1.4000         0.2330         0.1528         0.0000         0.0000
         1.6000         0.4360         0.2945         0.0000         0.0000
         1.8000         0.6092         0.4274         0.0000         0.0000
         2.0000         0.8776         0.6184         0.0000         0.0000
         2.2000         1.2171         0.8502         0.0000         0.0000
         2.4000         1.4636         0.9922         0.0000         0.0000
         2.6000         1.8372         1.2058         0.0000         0.0000
         2.8000         2.2766         1.4658         0.0000         0.0000
         3.0000         2.6033         1.6653         0.0000         0.0000
         3.2000         3.1204         2.0109         0.0000         0.0000
         3.4000         3.7354         2.4087         0.0000         0.0000
         3.6000         4.4308         2.7993         0.0000         0.0000
         3.8000         5.3449         3.3066         0.0000         0.0000
         4.0000         6.3039         3.9374         0.0000         0.0000
         4.2000         7.2912         4.5308         0.0000         0.0000
         4.4000         8.4830         5.2599         0.0000         0.0000
         4.6000         9.9202         6.0011         0.0000         0.0000
         4.8000        11.2496         6.8779         0.0000         0.0000
         5.0000        12.8180         7.7717         0.0000         0.0000
         5.2000        14.6128         8.6552         0.0000         0.0000
         5.4000        16.9437         9.9070         0.0000         0.0000
         5.6000        19.0938        11.0687         0.0000         0.0000
         5.8000        21.4391        12.2146         0.0000         0.0000
         6.0000        24.2548        13.8058         0.0000         0.0000
         6.2000        27.1724        15.3513         0.0000         0.0000
         6.4000        30.4719        17.1202         0.0000         0.0000
         6.6000        34.0431        19.0616         0.0000         0.0000
         6.8000        37.4572        20.8177         0.0000         0.0000
         7.0000        41.3298        22.7966         0.0000         0.0000
         7.2000        45.8982        24.9752         0.0000         0.0000
         7.4000        51.7041        27.9114         0.0000         0.0000
         7.6000        56.8240        30.2188         0.0000         0.0000
         7.8000        62.6358        32.6884         0.0000         0.0000
         8.0000        68.4047        35.0956         0.0000         0.0000
         8.2000        75.0117        37.8969         0.0000         0.0000
         8.4000        82.3212        40.8880         0.0000         0.0000
         8.6000        90.2354        44.0321         0.0000         0.0000
         8.8000        98.8839        47.6758         0.0000         0.0000
         9.0000       108.6084        51.1706         0.0000         0.0000
         9.2000       118.0996        54.7983         0.0000         0.0000
         9.4000       128.7080        58.6736         0.0000         0.0000
         9.6000       140.5003        62.8372         0.0000         0.0000
         9.8000       153.8531        67.5795         0.0000         0.0000
        10.0000       168.3736        72.8049         0.0000         0.0000
        10.2000       183.9142        78.1850         0.0000         0.0000
        10.4000       200.9965        83.5356         0.0000         0.0000
        10.6000       217.8605        89.2911         0.0000         0.0000
        10.8000       234.9234        94.1931         0.0000         0.0000
        11.0000       255.2910       100.1928         0.0000         0.0000
        11.2000       276.7616       106.7446       426.1045       154.2945
        11.4000       299.4123       112.4841       444.2184       159.7009
        11.6000       322.8113       118.4346       461.8477       164.8287
        11.8000       350.2547       124.5031       480.7987       170.2630
        12.0000       378.0313       130.6512       504.3057       176.0330
        12.2000       407.2125       134.9024       528.1061       181.5196
        12.4000       436.5903       139.8779       553.3597       185.6968
        12.6000       467.5551       144.1812       582.0502       190.3586
        12.8000       502.7073       149.7943       612.4007       194.2031
        13.0000       540.5268       155.0074       644.1222       197.5354
        13.2000       579.7577       159.3913       679.2519       199.8872
        13.4000       620.4272       164.2858       717.0469       202.3189
        13.6000       663.3835       166.9020       755.8933       205.3857
        13.8000       710.3219       170.0849       798.0687       205.6488
        14.0000       759.3773       172.4757       843.8846       206.5963
        14.2000       811.1187       174.1708       892.8883       206.0716
        14.4000       866.5560       176.1313       947.0533       207.0373
        14.6000       925.3576       177.2133      1000.5629       205.3031
        14.8000       985.9576       175.5940      1054.7561       201.6065
        15.0000      1049.8220       175.4155      1114.6225       198.3196
        15.2000      1116.5024       173.6239      1181.1233       193.1102
        15.4000      1187.6427       169.7642      1249.3413       186.2737
        15.6000      1261.1412       164.5057      1320.7431       179.7611
        15.8000      1340.1831       158.8280      1395.8258       170.3744
        16.0000      1426.0583       150.8541      1475.3341       161.7770
        16.2000      1512.1448       144.3542      1564.9224       152.7191
        16.4000      1604.2267       137.5148      1657.3520       141.8767
        16.6000      1704.5779       130.0908      1752.3446       132.4180
        16.8000      1808.4500       122.8857      1848.5424       122.5139
        17.0000      1914.9779       116.8661      1951.3859       113.4741
        17.2000      2026.3251       111.9371      2056.9342       107.4633
        17.4000      2140.3211       108.7771      2170.7457       103.2522
        17.6000      2266.1610       110.6623      2286.9057       103.7007
        17.8000      2394.2554       121.8829      2412.3218       108.6683
        18.0000      2529.8765       152.1267      2547.9290       127.4350
        18.2000      2667.7652       201.8171      2687.8473       171.2243
        18.4000      2808.7468       255.8097      2829.7019       226.3937
        18.6000      2959.2980       311.5921      2978.6606       284.0310
        18.8000      3116.9536       369.1431      3130.9499       349.8993
        19.0000      3281.7262       435.0024      3293.1193       419.6930
        19.2000      3451.1963       506.6733      3467.1471       491.3554
        19.4000      3626.1979       581.1419      3646.6258       575.0966
        19.6000      3810.0120       666.6769      3830.3842       656.1180
        19.8000      3998.7861       755.7522      4015.4199       747.0404
        20.0000      4192.4329       845.0918      4208.4099       837.5770
