         0.4000         0.0000         0.0000         0.0000         0.0000
         0.6000         0.0000         0.0000         0.0000         0.0000
         0.8000         0.0000         0.0000         0.0000         0.0000
         1.0000         0.0000         0.0000         0.0000         0.0000
         1.2000         0.7821         0.0290         0.0005         0.0005
         1.4000         2.4453         0.0836         0.0020         0.0019
         1.6000         4.5337         0.1390         0.0016         0.0016
         1.8000         6.9246         0.1229         0.0040         0.0039
         2.0000         9.9630         0.1514         0.0025         0.0014
         2.2000        13.6380         0.2245         0.0086         0.0049
         2.4000        17.8174         0.2702         0.0122         0.0085
         2.6000        22.5703         0.2936         0.0225         0.0120
         2.8000        27.6783         0.3864         0.0220         0.0113
         3.0000        33.4163         0.3590         0.0245         0.0146
         3.2000        39.6932         0.4257         0.0130         0.0076
         3.4000        46.6189         0.4987         0.0095         0.0037
         3.6000        53.3027         0.5672         0.0155         0.0064
         3.8000        60.3550         0.5489         0.0283         0.0118
         4.0000        67.8409         0.6092         0.0363         0.0124
         4.2000        75.8444         0.5815         0.0440         0.0130
         4.4000        85.2109         0.6551         0.0358         0.0113
         4.6000        94.5149         0.8215         0.0397         0.0122
         4.8000       104.7139         0.8626         0.0582         0.0240
         5.0000       115.1107         0.8337         0.0607         0.0201
         5.2000       125.3000         1.1692         0.0468         0.0121
         5.4000       136.6587         1.4672         0.0332         0.0134
         5.6000       148.6196         1.7506         0.0306         0.0108
         5.8000       161.0013         1.4224         0.0310         0.0129
         6.0000       174.9535         1.0479         0.0286         0.0144
         6.2000       188.4779         1.0484         0.0000         0.0000
         6.4000       204.0320         0.8337         0.0000         0.0000
         6.6000       220.1258         1.0435         0.0007         0.0007
         6.8000       234.0812         0.8247         0.0010         0.0010
         7.0000       248.3261         1.0027         0.0024         0.0024
         7.2000       262.8873         1.0129         0.0050         0.0037
         7.4000       277.5288         1.1222         0.0122         0.0101
         7.6000       293.3478         0.8529         0.0110         0.0082
         7.8000       310.5652         0.7650         0.0135         0.0094
         8.0000       328.4796         1.0081         0.0102         0.0041
         8.2000       345.8571         1.3449         0.0184         0.0102
         8.4000       365.9360         1.2658         0.0238         0.0138
         8.6000       384.4229         1.1458         0.0172         0.0084
         8.8000       405.9269         1.1679         0.0211         0.0079
         9.0000       427.0887         1.6632         0.0192         0.0073
         9.2000       445.7380         2.1034         0.0267         0.0178
         9.4000       466.9669         2.1007         0.0245         0.0157
         9.6000       489.3455         1.9825         0.0201         0.0136
         9.8000       511.6757         1.5360         0.0266         0.0180
        10.0000       534.3196         1.2536         0.0137         0.0091
        10.2000       557.0318         1.1343         0.0050         0.0033
        10.4000       581.5713         1.5843         0.0048         0.0029
        10.6000       605.9288         1.9735         0.0011         0.0009
        10.8000       629.1271         2.7609         0.0009         0.0007
        11.0000       653.0723         3.1745         0.0013         0.0010
        11.2000       678.1530         3.0640       827.6117         2.2918
        11.4000       701.8270         2.8123       855.3798         2.8432
        11.6000       727.9483         2.0668       887.3851         2.3889
        11.8000       755.4292         2.0286       919.3967         1.5001
        12.0000       783.5309         2.3988       950.4413         1.4327
        12.2000       813.2490         2.3233       982.9272         1.7986
        12.4000       839.5685         1.8227      1016.3407         2.2383
        12.6000       868.3634         1.6444      1047.1752         2.8717
        12.8000       899.2133         1.6489      1079.3956         2.6010
        13.0000       928.4294         1.8971      1112.0831         2.6157
        13.2000       957.7546         2.7315      1147.6098         3.0693
        13.4000       988.3291         1.6858      1183.0059         5.1893
        13.6000      1019.7319         3.2374      1219.1292         2.8289
        13.8000      1051.3539         2.9784      1254.9709         2.4754
        14.0000      1084.5102         1.7423      1293.6318         2.9252
        14.2000      1118.7196         2.2711      1332.6950         2.7343
        14.4000      1151.9229         3.3204      1372.3751         2.9414
        14.6000      1187.5515         2.6985      1409.1762         3.4011
        14.8000      1221.2185         2.8049      1447.8402         2.1614
        15.0000      1256.9216         2.2007      1486.3052         1.9825
        15.2000      1292.4103         1.8959      1528.5008         2.1111
        15.4000      1327.6030         4.2906      1569.5747         3.3285
        15.6000      1363.3754         3.4165      1615.4905         3.2658
        15.8000      1401.7185         2.2401      1655.8284         3.2248
        16.0000      1439.8910         1.6189      1698.0443         3.6073
        16.2000      1478.5163         2.5032      1738.3190         3.3776
        16.4000      1516.5828         2.7495      1782.4328         2.5803
        16.6000      1555.8071         2.1765      1829.2795         2.5035
        16.8000      1597.4453         2.1505      1877.5756         2.7204
        17.0000      1639.6333         2.6935      1924.6612         2.3308
        17.2000      1684.3519         2.4726      1975.7078         3.0391
        17.4000      1728.5089         3.4774      2024.9507         3.7606
        17.6000      1771.9886         3.5057      2072.1450         2.6274
        17.8000      1811.3519         3.4690      2119.7951         2.4659
        18.0000      1852.9632         4.1179      2172.0269         3.2236
        18.2000      1891.9863         2.7109      2223.7094         3.6079
        18.4000      1937.7139         2.8133      2274.6820         3.7952
        18.6000      1980.6334         2.3363      2328.5048         4.3394
        18.8000      2023.0943         2.3121      2377.9239         3.7038
        19.0000      2062.3854         2.1910      2428.8731         2.4665
        19.2000      2110.7483         2.7051      2483.2299         2.6695
        19.4000      2157.8090         3.3378      2533.1520         4.6108
        19.6000      2206.5690         3.3330      2586.4262         4.5987
        19.8000      2250.0824         3.2057      2641.2943         4.0223
        20.0000      2294.0818         3.6806      2699.7312         4.5638
