         0.4000         0.0000         0.0000         0.0000         0.0000
         0.6000         0.0000         0.0000         0.0000         0.0000
         0.8000         0.0000         0.0000         0.0000         0.0000
         1.0000         0.0000         0.0000         0.0000         0.0000
         1.2000         0.0038         0.0021         0.0000         0.0000
         1.4000         0.0105         0.0066         0.0000         0.0000
         1.6000         0.0163         0.0103         0.0000         0.0000
         1.8000         0.0191         0.0123         0.0000         0.0000
         2.0000         0.0218         0.0139         0.0000         0.0000
         2.2000         0.0244         0.0150         0.0000         0.0000
         2.4000         0.0264         0.0154         0.0000         0.0000
         2.6000         0.0283         0.0160         0.0000         0.0000
         2.8000         0.0300         0.0160         0.0000         0.0000
         3.0000         0.0310         0.0162         0.0000         0.0000
         3.2000         0.0326         0.0164         0.0000         0.0000
         3.4000         0.0331         0.0162         0.0000         0.0000
         3.6000         0.0347         0.0163         0.0000         0.0000
         3.8000         0.0363         0.0160         0.0000         0.0000
         4.0000         0.0370         0.0158         0.0000         0.0000
         4.2000         0.0373         0.0157         0.0000         0.0000
         4.4000         0.0383         0.0154         0.0000         0.0000
         4.6000         0.0393         0.0149         0.0000         0.0000
         4.8000         0.0399         0.0150         0.0000         0.0000
         5.0000         0.0401         0.0150         0.0000         0.0000
         5.2000         0.0409         0.0145         0.0000         0.0000
         5.4000         0.0424         0.0141         0.0000         0.0000
         5.6000         0.0437         0.0135         0.0000         0.0000
         5.8000         0.0445         0.0132         0.0000         0.0000
         6.0000         0.0446         0.0131         0.0000         0.0000
         6.2000         0.0451         0.0129         0.0000         0.0000
         6.4000         0.0458         0.0126         0.0000         0.0000
         6.6000         0.0465         0.0122         0.0000         0.0000
         6.8000         0.0472         0.0117         0.0000         0.0000
         7.0000         0.0473         0.0117         0.0000         0.0000
         7.2000         0.0480         0.0112         0.0000         0.0000
         7.4000         0.0485         0.0109         0.0000         0.0000
         7.6000         0.0492         0.0105         0.0000         0.0000
         7.8000         0.0497         0.0102         0.0000         0.0000
         8.0000         0.0505         0.0097         0.0000         0.0000
         8.2000         0.0509         0.0094         0.0000         0.0000
         8.4000         0.0511         0.0092         0.0000         0.0000
         8.6000         0.0515         0.0090         0.0000         0.0000
         8.8000         0.0518         0.0088         0.0000         0.0000
         9.0000         0.0520         0.0086         0.0000         0.0000
         9.2000         0.0524         0.0083         0.0000         0.0000
         9.4000         0.0528         0.0080         0.0000         0.0000
         9.6000         0.0532         0.0077         0.0000         0.0000
         9.8000         0.0533         0.0076         0.0000         0.0000
        10.0000         0.0538         0.0072         0.0000         0.0000
        10.2000         0.0542         0.0069         0.0000         0.0000
        10.4000         0.0542         0.0069         0.0000         0.0000
        10.6000         0.0544         0.0068         0.0000         0.0000
        10.8000         0.0548         0.0064         0.0000         0.0000
        11.0000         0.0553         0.0060         0.0000         0.0000
        11.2000         0.0557         0.0057         0.0552         0.0051
        11.4000         0.0560         0.0054         0.0563         0.0052
        11.6000         0.0561         0.0053         0.0565         0.0050
        11.8000         0.0566         0.0049         0.0567         0.0048
        12.0000         0.0569         0.0046         0.0568         0.0047
        12.2000         0.0572         0.0044         0.0573         0.0042
        12.4000         0.0575         0.0040         0.0575         0.0041
        12.6000         0.0578         0.0037         0.0579         0.0037
        12.8000         0.0580         0.0036         0.0583         0.0034
        13.0000         0.0584         0.0033         0.0583         0.0033
        13.2000         0.0587         0.0030         0.0584         0.0032
        13.4000         0.0589         0.0028         0.0587         0.0030
        13.6000         0.0590         0.0027         0.0591         0.0026
        13.8000         0.0589         0.0027         0.0591         0.0026
        14.0000         0.0592         0.0026         0.0592         0.0025
        14.2000         0.0594         0.0024         0.0594         0.0023
        14.4000         0.0597         0.0021         0.0595         0.0022
        14.6000         0.0599         0.0018         0.0596         0.0021
        14.8000         0.0600         0.0017         0.0598         0.0020
        15.0000         0.0600         0.0017         0.0601         0.0017
        15.2000         0.0602         0.0016         0.0603         0.0015
        15.4000         0.0603         0.0015         0.0605         0.0014
        15.6000         0.0604         0.0014         0.0606         0.0012
        15.8000         0.0606         0.0012         0.0608         0.0010
        16.0000         0.0608         0.0010         0.0609         0.0009
        16.2000         0.0609         0.0009         0.0609         0.0009
        16.4000         0.0609         0.0009         0.0610         0.0008
        16.6000         0.0610         0.0008         0.0611         0.0007
        16.8000         0.0612         0.0006         0.0612         0.0006
        17.0000         0.0613         0.0005         0.0612         0.0006
        17.2000         0.0613         0.0005         0.0614         0.0004
        17.4000         0.0613         0.0005         0.0614         0.0004
        17.6000         0.0615         0.0003         0.0615         0.0004
        17.8000         0.0615         0.0003         0.0615         0.0003
        18.0000         0.0616         0.0003         0.0615         0.0003
        18.2000         0.0616         0.0002         0.0616         0.0002
        18.4000         0.0616         0.0002         0.0617         0.0002
        18.6000         0.0617         0.0001         0.0617         0.0001
        18.8000         0.0617         0.0001         0.0617         0.0001
        19.0000         0.0618         0.0000         0.0617         0.0001
        19.2000         0.0618         0.0000         0.0618         0.0000
        19.4000         0.0618         0.0000         0.0618         0.0000
        19.6000         0.0618         0.0000         0.0618         0.0000
        19.8000         0.0618         0.0000         0.0618         0.0000
        20.0000         2.1072         0.0021         2.1071         0.0021
