         0.4000         0.0000         0.0000         0.0000         0.0000
         0.6000         0.0000         0.0000         0.0000         0.0000
         0.8000         0.0000         0.0000         0.0000         0.0000
         1.0000         0.0000         0.0000         0.0000         0.0000
         1.2000         0.0354         0.0010         0.0000         0.0000
         1.4000         0.0564         0.0005         0.0000         0.0000
         1.6000         0.0615         0.0002         0.0000         0.0000
         1.8000         0.0618         0.0001         0.0000         0.0000
         2.0000         0.0618         0.0000         0.0001         0.0001
         2.2000         0.0618         0.0000         0.0004         0.0004
         2.4000         0.0618         0.0000         0.0006         0.0004
         2.6000         0.0618         0.0000         0.0012         0.0007
         2.8000         0.0618         0.0000         0.0014         0.0008
         3.0000         0.0618         0.0000         0.0022         0.0009
         3.2000         0.0618         0.0000         0.0029         0.0012
         3.4000         0.0618         0.0000         0.0029         0.0007
         3.6000         0.0618         0.0000         0.0042         0.0013
         3.8000         0.0618         0.0000         0.0053         0.0017
         4.0000         0.0618         0.0000         0.0063         0.0019
         4.2000         0.0618         0.0000         0.0050         0.0014
         4.4000         0.0618         0.0000         0.0042         0.0010
         4.6000         0.0618         0.0000         0.0050         0.0010
         4.8000         0.0618         0.0000         0.0054         0.0011
         5.0000         0.0618         0.0000         0.0051         0.0009
         5.2000         0.0618         0.0000         0.0046         0.0007
         5.4000         0.0618         0.0000         0.0047         0.0007
         5.6000         0.0618         0.0000         0.0055         0.0010
         5.8000         0.0618         0.0000         0.0061         0.0014
         6.0000         0.0618         0.0000         0.0071         0.0018
         6.2000         0.0618         0.0000         0.0000         0.0000
         6.4000         0.0618         0.0000         0.0000         0.0000
         6.6000         0.0618         0.0000         0.0000         0.0000
         6.8000         0.0618         0.0000         0.0000         0.0000
         7.0000         0.0618         0.0000         0.0000         0.0000
         7.2000         0.0618         0.0000         0.0000         0.0000
         7.4000         0.0618         0.0000         0.0000         0.0000
         7.6000         0.0618         0.0000         0.0000         0.0000
         7.8000         0.0618         0.0000         0.0000         0.0000
         8.0000         0.0618         0.0000         0.0000         0.0000
         8.2000         0.0618         0.0000         0.0002         0.0001
         8.4000         0.0618         0.0000         0.0004         0.0004
         8.6000         0.0618         0.0000         0.0008         0.0007
         8.8000         0.0618         0.0000         0.0006         0.0005
         9.0000         0.0618         0.0000         0.0002         0.0001
         9.2000         0.0618         0.0000         0.0002         0.0001
         9.4000         0.0618         0.0000         0.0002         0.0001
         9.6000         0.0618         0.0000         0.0002         0.0001
         9.8000         0.0618         0.0000         0.0004         0.0003
        10.0000         0.0618         0.0000         0.0005         0.0004
        10.2000         0.0618         0.0000         0.0006         0.0004
        10.4000         0.0618         0.0000         0.0006         0.0003
        10.6000         0.0618         0.0000         0.0005         0.0003
        10.8000         0.0618         0.0000         0.0001         0.0000
        11.0000         0.0618         0.0000         0.0000         0.0000
        11.2000         0.0618         0.0000         0.0607         0.0000
        11.4000         0.0618         0.0000         0.0618         0.0000
        11.6000         0.0618         0.0000         0.0618         0.0000
        11.8000         0.0618         0.0000         0.0618         0.0000
        12.0000         0.0618         0.0000         0.0618         0.0000
        12.2000         0.0618         0.0000         0.0618         0.0000
        12.4000         0.0618         0.0000         0.0618         0.0000
        12.6000         0.0618         0.0000         0.0618         0.0000
        12.8000         0.0618         0.0000         0.0618         0.0000
        13.0000         0.0618         0.0000         0.0618         0.0000
        13.2000         0.0618         0.0000         0.0618         0.0000
        13.4000         0.0618         0.0000         0.0618         0.0000
        13.6000         0.0618         0.0000         0.0618         0.0000
        13.8000         0.0618         0.0000         0.0618         0.0000
        14.0000         0.0618         0.0000         0.0618         0.0000
        14.2000         0.0618         0.0000         0.0618         0.0000
        14.4000         0.0618         0.0000         0.0618         0.0000
        14.6000         0.0618         0.0000         0.0618         0.0000
        14.8000         0.0618         0.0000         0.0618         0.0000
        15.0000         0.0618         0.0000         0.0618         0.0000
        15.2000         0.0618         0.0000         0.0618         0.0000
        15.4000         0.0618         0.0000         0.0618         0.0000
        15.6000         0.0618         0.0000         0.0618         0.0000
        15.8000         0.0618         0.0000         0.0618         0.0000
        16.0000         0.0618         0.0000         0.0618         0.0000
        16.2000         0.0618         0.0000         0.0618         0.0000
        16.4000         0.0618         0.0000         0.0618         0.0000
        16.6000         0.0618         0.0000         0.0618         0.0000
        16.8000         0.0618         0.0000         0.0618         0.0000
        17.0000         0.0618         0.0000         0.0618         0.0000
        17.2000         0.0618         0.0000         0.0618         0.0000
        17.4000         0.0618         0.0000         0.0618         0.0000
        17.6000         0.0618         0.0000         0.0618         0.0000
        17.8000         0.0618         0.0000         0.0618         0.0000
        18.0000         0.0618         0.0000         0.0618         0.0000
        18.2000         0.0618         0.0000         0.0618         0.0000
        18.4000         0.0618         0.0000         0.0618         0.0000
        18.6000         0.0618         0.0000         0.0618         0.0000
        18.8000         0.0618         0.0000         0.0618         0.0000
        19.0000         0.0618         0.0000         0.0618         0.0000
        19.2000         0.0618         0.0000         0.0618         0.0000
        19.4000         0.0618         0.0000         0.0618         0.0000
        19.6000         0.0618         0.0000         0.0618         0.0000
        19.8000         0.0618         0.0000         0.0618         0.0000
        20.0000         2.1086         0.0013         2.1062         0.0013
