         0.4000         0.0000         0.0000         0.0000         0.0000
         0.6000         0.0000         0.0000         0.0000         0.0000
         0.8000         0.0000         0.0000         0.0000         0.0000
         1.0000         0.0000         0.0000         0.0000         0.0000
         1.2000         0.0365         0.0017         0.0924         0.0028
         1.4000         0.1125         0.0048         0.2745         0.0079
         1.6000         0.2086         0.0083         0.4823         0.0128
         1.8000         0.3285         0.0124         0.7177         0.0167
         2.0000         0.4675         0.0152         0.9558         0.0193
         2.2000         0.6228         0.0186         1.2131         0.0257
         2.4000         0.8008         0.0232         1.4655         0.0302
         2.6000         0.9918         0.0282         1.7264         0.0359
         2.8000         1.2024         0.0336         2.0032         0.0380
         3.0000         1.4494         0.0483         2.2453         0.0405
         3.2000         1.6975         0.0407         2.4800         0.0461
         3.4000         1.9513         0.0392         2.6850         0.0502
         3.6000         2.2025         0.0475         2.8837         0.0496
         3.8000         2.5060         0.0491         3.0960         0.0512
         4.0000         2.7898         0.0513         3.2676         0.0540
         4.2000         3.1332         0.0559         3.3868         0.0538
         4.4000         3.4359         0.0576         3.4530         0.0595
         4.6000         3.7346         0.0652         3.4856         0.0608
         4.8000         4.0563         0.0844         3.4651         0.0664
         5.0000         4.4142         0.0869         3.3280         0.0641
         5.2000         4.7896         0.0950         3.0964         0.0628
         5.4000         5.2369         0.0869         2.7687         0.0519
         5.6000         5.6644         0.1026         2.2319         0.0405
         5.8000         6.1435         0.1115         1.4578         0.0224
         6.0000         6.7005         0.0747         0.3621         0.0060
         6.2000         7.1938         0.0759         0.0059         0.0001
         6.4000         7.7952         0.0736         0.0644         0.0010
         6.6000         8.4426         0.0798         0.3363         0.0068
         6.8000         9.0769         0.0803         0.6968         0.0134
         7.0000         9.8339         0.0710         1.0349         0.0207
         7.2000        10.6096         0.0730         1.3797         0.0231
         7.4000        11.5071         0.0827         1.6969         0.0276
         7.6000        12.4571         0.0846         2.0198         0.0300
         7.8000        13.4330         0.0906         2.3206         0.0331
         8.0000        14.4457         0.0890         2.5992         0.0371
         8.2000        15.5975         0.0938         2.8753         0.0408
         8.4000        16.7520         0.0985         3.0813         0.0412
         8.6000        18.0061         0.1088         3.2418         0.0411
         8.8000        19.3991         0.1302         3.3534         0.0426
         9.0000        20.8916         0.1278         3.3816         0.0420
         9.2000        22.3772         0.1380         3.3442         0.0392
         9.4000        23.9825         0.1478         3.2289         0.0359
         9.6000        25.6887         0.1532         3.0704         0.0353
         9.8000        27.5702         0.1565         2.8079         0.0329
        10.0000        29.6409         0.1621         2.4789         0.0308
        10.2000        31.7743         0.1304         2.0424         0.0254
        10.4000        34.0276         0.1377         1.4627         0.0173
        10.6000        36.4976         0.1744         0.7618         0.0090
        10.8000        39.2984         0.1866         0.1541         0.0017
        11.0000        42.1434         0.1562         0.0156         0.0002
        11.2000        45.3360         0.1902         3.6541         0.0167
        11.4000        48.6794         0.1782        15.7715         0.0632
        11.6000        52.2369         0.1611        25.9750         0.1245
        11.8000        56.0096         0.1838        34.9999         0.1542
        12.0000        59.9034         0.1814        43.2465         0.1701
        12.2000        63.9073         0.1864        51.0272         0.2010
        12.4000        68.1180         0.1896        58.4271         0.2225
        12.6000        72.4904         0.1892        65.7413         0.2264
        12.8000        77.0295         0.1877        72.7553         0.2428
        13.0000        81.6792         0.2337        79.5172         0.2670
        13.2000        86.4351         0.2762        86.1681         0.2889
        13.4000        91.2949         0.2882        92.7598         0.2826
        13.6000        96.3479         0.2711        99.3597         0.3006
        13.8000       101.3987         0.3277       105.7767         0.3049
        14.0000       106.5143         0.2755       112.1786         0.3152
        14.2000       111.6474         0.2621       118.6762         0.3408
        14.4000       116.8600         0.2698       124.9864         0.3628
        14.6000       122.1544         0.2822       131.3020         0.3729
        14.8000       127.4285         0.3100       137.8149         0.3714
        15.0000       132.9353         0.3028       144.2031         0.3639
        15.2000       138.1681         0.2912       150.7219         0.3156
        15.4000       143.7127         0.2965       157.3304         0.3383
        15.6000       149.4824         0.2918       163.7844         0.3015
        15.8000       155.2457         0.2950       170.2729         0.3005
        16.0000       161.0824         0.3266       176.9569         0.3206
        16.2000       166.7758         0.3408       183.8528         0.3567
        16.4000       172.5068         0.3704       190.7278         0.3707
        16.6000       178.3564         0.3879       197.4289         0.4053
        16.8000       184.4464         0.3858       204.5922         0.3815
        17.0000       190.2050         0.3655       211.6570         0.3836
        17.2000       196.3988         0.3412       219.0557         0.3824
        17.4000       202.4626         0.3179       226.6267         0.3912
        17.6000       208.4781         0.3490       233.8066         0.3899
        17.8000       214.3049         0.4119       241.1218         0.3717
        18.0000       219.9713         0.4392       248.5984         0.3726
        18.2000       226.0076         0.4556       254.9168         0.4453
        18.4000       231.9779         0.4082       260.8606         0.5399
        18.6000       237.8516         0.4862       266.8807         0.5586
        18.8000       243.6878         0.5130       272.9128         0.5912
        19.0000       249.4522         0.6165       279.1554         0.5891
        19.2000       255.3988         0.7278       284.9571         0.6366
        19.4000       260.8755         0.7014       291.2175         0.6683
        19.6000       266.4572         0.6706       297.8835         0.6938
        19.8000       272.2275         0.7009       304.2091         0.7535
        20.0000       278.2972         0.7055       310.6940         0.7411
