         0.4000         0.0000         0.0000         0.0000         0.0000
         0.6000         0.0000         0.0000         0.0000         0.0000
         0.8000         0.0000         0.0000         0.0000         0.0000
         1.0000         0.0000         0.0000         0.0000         0.0000
         1.2000         0.0014         0.0000         0.3808         0.0080
         1.4000         0.0030         0.0000         0.2687         0.0060
         1.6000         0.0039         0.0000         0.1983         0.0049
         1.8000         0.0042         0.0000         0.1535         0.0039
         2.0000         0.0044         0.0000         0.1201         0.0030
         2.2000         0.0045         0.0000         0.1022         0.0025
         2.4000         0.0045         0.0000         0.0846         0.0020
         2.6000         0.0045         0.0000         0.0760         0.0017
         2.8000         0.0045         0.0000         0.0695         0.0015
         3.0000         0.0045         0.0000         0.0642         0.0015
         3.2000         0.0045         0.0000         0.0567         0.0012
         3.4000         0.0045         0.0000         0.0563         0.0012
         3.6000         0.0045         0.0000         0.0532         0.0011
         3.8000         0.0045         0.0000         0.0516         0.0011
         4.0000         0.0045         0.0000         0.0508         0.0011
         4.2000         0.0045         0.0000         0.0507         0.0011
         4.4000         0.0045         0.0000         0.0512         0.0012
         4.6000         0.0045         0.0000         0.0510         0.0012
         4.8000         0.0045         0.0000         0.0569         0.0014
         5.0000         0.0045         0.0000         0.0607         0.0016
         5.2000         0.0045         0.0000         0.0701         0.0018
         5.4000         0.0045         0.0000         0.0815         0.0021
         5.6000         0.0045         0.0000         0.1052         0.0028
         5.8000         0.0357         0.0046         1.1126         0.0263
         6.0000         0.0805         0.0095         3.4759         0.0691
         6.2000         0.0335         0.0044         3.0290         0.0730
         6.4000         0.0111         0.0011         0.2578         0.0059
         6.6000         0.0074         0.0004         0.0839         0.0022
         6.8000         0.0058         0.0003         0.0681         0.0017
         7.0000         0.0059         0.0003         0.0566         0.0014
         7.2000         0.0056         0.0002         0.0477         0.0012
         7.4000         0.0057         0.0002         0.0430         0.0011
         7.6000         0.0054         0.0002         0.0390         0.0010
         7.8000         0.0055         0.0002         0.0370         0.0009
         8.0000         0.0052         0.0001         0.0346         0.0011
         8.2000         0.0051         0.0001         0.0324         0.0009
         8.4000         0.0050         0.0001         0.0275         0.0008
         8.6000         0.0050         0.0001         0.0278         0.0007
         8.8000         0.0053         0.0002         0.0286         0.0007
         9.0000         0.0050         0.0001         0.0272         0.0007
         9.2000         0.0048         0.0001         0.0270         0.0007
         9.4000         0.0049         0.0001         0.0273         0.0006
         9.6000         0.0048         0.0001         0.0263         0.0006
         9.8000         0.0051         0.0001         0.0267         0.0006
        10.0000         0.0050         0.0001         0.0256         0.0006
        10.2000         0.0051         0.0001         0.0277         0.0007
        10.4000         0.0049         0.0001         0.0307         0.0007
        10.6000         0.0053         0.0002         0.0313         0.0008
        10.8000         0.0058         0.0003         0.0756         0.0020
        11.0000         0.0079         0.0010         1.3828         0.0410
        11.2000         0.0120         0.0019         0.6506         0.0233
        11.4000         0.0076         0.0008         0.1827         0.0060
        11.6000         0.0059         0.0004         0.1057         0.0030
        11.8000         0.0052         0.0002         0.0803         0.0022
        12.0000         0.0051         0.0002         0.0653         0.0018
        12.2000         0.0052         0.0002         0.0513         0.0013
        12.4000         0.0050         0.0001         0.0489         0.0012
        12.6000         0.0052         0.0002         0.0398         0.0010
        12.8000         0.0049         0.0001         0.0361         0.0009
        13.0000         0.0051         0.0002         0.0332         0.0008
        13.2000         0.0050         0.0001         0.0322         0.0008
        13.4000         0.0049         0.0001         0.0291         0.0007
        13.6000         0.0048         0.0001         0.0278         0.0006
        13.8000         0.0048         0.0001         0.0258         0.0005
        14.0000         0.0047         0.0001         0.0245         0.0005
        14.2000         0.0047         0.0001         0.0232         0.0005
        14.4000         0.0047         0.0001         0.0230         0.0005
        14.6000         0.0048         0.0001         0.0221         0.0004
        14.8000         0.0046         0.0000         0.0211         0.0004
        15.0000         0.0047         0.0000         0.0214         0.0004
        15.2000         0.0047         0.0000         0.0212         0.0004
        15.4000         0.0047         0.0001         0.0208         0.0004
        15.6000         0.0047         0.0000         0.0204         0.0004
        15.8000         0.0047         0.0000         0.0207         0.0004
        16.0000         0.0047         0.0000         0.0206         0.0004
        16.2000         0.0046         0.0000         0.0217         0.0004
        16.4000         0.0047         0.0000         0.0215         0.0004
        16.6000         0.0046         0.0000         0.0227         0.0004
        16.8000         0.0046         0.0000         0.0250         0.0004
        17.0000         0.0046         0.0000         0.0274         0.0004
        17.2000         0.0046         0.0000         0.0409         0.0005
        17.4000         0.0046         0.0000         0.0331         0.0004
        17.6000         0.0046         0.0000         0.0080         0.0002
        17.8000         0.0046         0.0000         0.0080         0.0002
        18.0000         0.0046         0.0000         0.0076         0.0001
        18.2000         0.0046         0.0000         0.0078         0.0001
        18.4000         0.0046         0.0000         0.0075         0.0001
        18.6000         0.0046         0.0000         0.0076         0.0001
        18.8000         0.0045         0.0000         0.0073         0.0001
        19.0000         0.0046         0.0000         0.0074         0.0001
        19.2000         0.0046         0.0000         0.0144         0.0002
        19.4000         0.0046         0.0000         0.0146         0.0002
        19.6000         0.0046         0.0000         0.0145         0.0002
        19.8000         0.0046         0.0000         0.0142         0.0002
        20.0000        62.3624         0.0267        62.3064         0.0260
