   8.0000004E-002   0.0000000E+000   0.0000000E+000   0.0000000E+000   0.0000000E+000
   1.2000000E-001   0.0000000E+000   0.0000000E+000   0.0000000E+000   0.0000000E+000
   1.6000001E-001   0.0000000E+000   0.0000000E+000   0.0000000E+000   0.0000000E+000
   2.0000000E-001   0.0000000E+000   0.0000000E+000   0.0000000E+000   0.0000000E+000
   2.4000000E-001   0.0000000E+000   0.0000000E+000   0.0000000E+000   0.0000000E+000
   2.8000001E-001   0.0000000E+000   0.0000000E+000   0.0000000E+000   0.0000000E+000
   3.2000002E-001   0.0000000E+000   0.0000000E+000   0.0000000E+000   0.0000000E+000
   3.5999998E-001   0.0000000E+000   0.0000000E+000   0.0000000E+000   0.0000000E+000
   3.9999999E-001   0.0000000E+000   0.0000000E+000   0.0000000E+000   0.0000000E+000
   4.4000000E-001   0.0000000E+000   0.0000000E+000   0.0000000E+000   0.0000000E+000
   4.8000000E-001   0.0000000E+000   0.0000000E+000   0.0000000E+000   0.0000000E+000
   5.2000001E-001   0.0000000E+000   0.0000000E+000   0.0000000E+000   0.0000000E+000
   5.6000002E-001   0.0000000E+000   0.0000000E+000   0.0000000E+000   0.0000000E+000
   5.9999999E-001   0.0000000E+000   0.0000000E+000   0.0000000E+000   0.0000000E+000
   6.4000003E-001   0.0000000E+000   0.0000000E+000   0.0000000E+000   0.0000000E+000
   6.8000004E-001   0.0000000E+000   0.0000000E+000   0.0000000E+000   0.0000000E+000
   7.1999997E-001   0.0000000E+000   0.0000000E+000   0.0000000E+000   0.0000000E+000
   7.5999998E-001   0.0000000E+000   0.0000000E+000   0.0000000E+000   0.0000000E+000
   7.9999998E-001   0.0000000E+000   0.0000000E+000   0.0000000E+000   0.0000000E+000
   8.3999999E-001   0.0000000E+000   0.0000000E+000   0.0000000E+000   0.0000000E+000
   8.8000000E-001   0.0000000E+000   0.0000000E+000   0.0000000E+000   0.0000000E+000
   9.2000000E-001   0.0000000E+000   0.0000000E+000   0.0000000E+000   0.0000000E+000
   9.6000001E-001   0.0000000E+000   0.0000000E+000   0.0000000E+000   0.0000000E+000
   1.0000000E+000   0.0000000E+000   0.0000000E+000   0.0000000E+000   0.0000000E+000
   1.0400000E+000   1.7654247E-005   2.0197309E-006   4.3961628E-006   1.1663071E-006
   1.0800000E+000   3.7706468E-005   4.0520567E-006   9.3096146E-006   2.0174595E-006
   1.1200000E+000   5.4522806E-005   5.5993474E-006   1.6152934E-005   3.4632555E-006
   1.1600000E+000   6.9858037E-005   6.5740546E-006   2.1197555E-005   4.0430330E-006
   1.2000000E+000   9.0219209E-005   8.2185932E-006   2.7513708E-005   6.3536632E-006
   1.2400000E+000   1.1598647E-004   1.0813992E-005   3.6353862E-005   8.6776400E-006
   1.2800001E+000   1.3963632E-004   1.2561296E-005   4.3252172E-005   8.8320610E-006
   1.3200000E+000   1.6948383E-004   1.5358655E-005   5.3245179E-005   1.0010451E-005
   1.3600001E+000   1.9892328E-004   1.8583898E-005   6.9794009E-005   1.2554852E-005
   1.4000000E+000   2.3220163E-004   2.0909492E-005   7.7031227E-005   1.1896549E-005
   1.4399999E+000   2.4905331E-004   2.2741635E-005   8.7675941E-005   1.1764742E-005
   1.4800000E+000   2.7992219E-004   2.4414397E-005   8.9092208E-005   1.2441312E-005
   1.5200000E+000   3.1831808E-004   2.5381368E-005   9.9172890E-005   1.3898382E-005
   1.5600000E+000   3.4885389E-004   2.4539495E-005   1.0956254E-004   1.5029707E-005
   1.6000000E+000   3.7195997E-004   2.7413228E-005   1.2164143E-004   1.6262038E-005
   1.6400000E+000   4.0721367E-004   2.9560949E-005   1.3470934E-004   1.5893072E-005
   1.6800000E+000   4.5049305E-004   3.7383046E-005   1.4784717E-004   1.6506211E-005
   1.7200001E+000   4.7583801E-004   4.0469366E-005   1.5885161E-004   1.6514185E-005
   1.7600000E+000   5.0943039E-004   3.7114413E-005   1.7080282E-004   1.7130560E-005
   1.8000001E+000   5.5593491E-004   3.8472136E-005   1.8522929E-004   1.7770297E-005
   1.8400000E+000   6.0431667E-004   4.0862371E-005   2.0728352E-004   1.8822039E-005
   1.8799999E+000   6.4746912E-004   4.1831779E-005   2.2974480E-004   2.0599980E-005
   1.9200000E+000   6.7486198E-004   4.5214740E-005   2.4973396E-004   2.4147846E-005
   1.9599999E+000   7.1033727E-004   4.6338381E-005   2.6937646E-004   2.9697715E-005
   2.0000000E+000   7.6298996E-004   4.6464821E-005   2.7053324E-004   2.4707593E-005
   2.0400000E+000   8.1895129E-004   5.8186086E-005   2.9353547E-004   2.5216471E-005
   2.0800000E+000   8.5381025E-004   5.5056563E-005   3.1893538E-004   2.7750243E-005
   2.1200000E+000   9.0742470E-004   4.9182615E-005   3.3368839E-004   2.9514263E-005
   2.1600001E+000   9.2724103E-004   5.3168253E-005   3.5857930E-004   3.2154579E-005
   2.2000000E+000   9.7707131E-004   5.0740002E-005   3.6309928E-004   3.3395380E-005
   2.2400001E+000   1.0121159E-003   5.0374900E-005   3.6639021E-004   3.4505693E-005
   2.2800000E+000   1.0620163E-003   5.0197156E-005   3.7751134E-004   3.5689789E-005
   2.3199999E+000   1.1157696E-003   5.8213379E-005   3.9117141E-004   3.9700065E-005
   2.3600000E+000   1.1577091E-003   5.4322461E-005   4.0143998E-004   4.0545289E-005
   2.3999999E+000   1.2051998E-003   5.9935718E-005   4.2637818E-004   4.1889331E-005
   2.4400000E+000   1.2630421E-003   6.2470311E-005   4.3093039E-004   3.7791987E-005
   2.4800000E+000   1.3032959E-003   5.6165981E-005   4.4394955E-004   4.1226109E-005
   2.5200000E+000   1.3726236E-003   5.6454739E-005   4.7257542E-004   4.4773784E-005
   2.5600001E+000   1.3979559E-003   6.0406718E-005   4.8271108E-004   4.5251744E-005
   2.5999999E+000   1.4627560E-003   5.6916048E-005   4.9273163E-004   4.5245476E-005
   2.6400000E+000   1.5148495E-003   6.7071208E-005   5.1958252E-004   4.5428221E-005
   2.6800001E+000   1.5945967E-003   6.6651846E-005   5.2751442E-004   4.2086037E-005
   2.7200001E+000   1.6863446E-003   7.1849957E-005   5.3315244E-004   4.2118301E-005
   2.7599999E+000   1.7586111E-003   7.2335820E-005   5.5470574E-004   3.7937895E-005
   2.8000000E+000   1.8533633E-003   6.2890723E-005   5.7190113E-004   3.9449994E-005
   2.8400001E+000   1.8935923E-003   7.2948911E-005   6.0464089E-004   4.5194493E-005
   2.8799999E+000   1.9446617E-003   6.0363101E-005   6.3023769E-004   4.3598933E-005
   2.9200000E+000   1.9539006E-003   9.4914551E-005   6.5233146E-004   5.2354948E-005
   2.9600000E+000   2.0182714E-003   7.7845580E-005   6.7389059E-004   4.9690487E-005
   3.0000001E+000   2.0311166E-003   6.2761709E-005   6.9986145E-004   5.4735885E-005
   3.0399999E+000   2.0575501E-003   6.7116213E-005   7.3979109E-004   5.8204315E-005
   3.0800000E+000   2.1602195E-003   5.9195035E-005   7.7206591E-004   5.6529435E-005
   3.1200001E+000   2.2195068E-003   6.7881709E-005   8.0275195E-004   5.4914705E-005
   3.1600001E+000   2.2792257E-003   9.5994336E-005   8.2290552E-004   5.9269255E-005
   3.1999999E+000   2.3820307E-003   7.5467895E-005   8.3612440E-004   5.8322175E-005
   3.2400000E+000   2.4166828E-003   7.6678918E-005   8.5647501E-004   3.9057869E-005
   3.2800001E+000   2.4965275E-003   7.9539991E-005   8.6832714E-004   4.6817570E-005
   3.3199999E+000   2.5495358E-003   8.6408948E-005   9.0215764E-004   5.0513983E-005
   3.3600000E+000   2.6694535E-003   8.4783351E-005   9.2718469E-004   5.1368281E-005
   3.4000000E+000   2.7458162E-003   8.3135545E-005   9.6032723E-004   5.1377087E-005
   3.4400001E+000   2.8366915E-003   8.1525210E-005   9.8984269E-004   5.6453015E-005
   3.4799999E+000   2.9297583E-003   8.5172028E-005   1.0183853E-003   4.8236667E-005
   3.5200000E+000   3.0274465E-003   1.1375107E-004   1.0450235E-003   5.3442698E-005
   3.5600001E+000   3.1171018E-003   9.4374967E-005   1.0275363E-003   5.0067428E-005
   3.6000001E+000   3.1954105E-003   8.9439861E-005   1.0891649E-003   5.7630215E-005
   3.6399999E+000   3.2851992E-003   8.9908331E-005   1.1167589E-003   5.8002959E-005
   3.6800000E+000   3.3697693E-003   1.1731780E-004   1.1541163E-003   7.5771559E-005
   3.7200001E+000   3.4940240E-003   1.3333363E-004   1.1860359E-003   8.4022440E-005
   3.7599999E+000   3.5485736E-003   1.2866203E-004   1.2153736E-003   7.8708492E-005
   3.8000000E+000   3.6524936E-003   1.2699435E-004   1.2663703E-003   8.0477855E-005
   3.8400000E+000   3.6734724E-003   9.9571838E-005   1.2972973E-003   7.0597291E-005
   3.8800001E+000   3.8293052E-003   1.1200943E-004   1.3512868E-003   5.1245391E-005
   3.9199999E+000   3.8895826E-003   1.1196689E-004   1.3725025E-003   4.8502747E-005
   3.9600000E+000   3.9937183E-003   1.2185290E-004   1.4097051E-003   4.2656898E-005
   4.0000001E+000   4.0862199E-003   1.1826374E-004   1.4231358E-003   4.7173816E-005
   4.0400001E+000   4.1963004E-003   1.1713380E-004   1.4171513E-003   4.8370592E-005
   4.0799999E+000   4.2922003E-003   1.1799200E-004   1.4511819E-003   4.8886455E-005
   4.1200000E+000   4.4188412E-003   1.5262911E-004   1.4750245E-003   4.4169152E-005
   4.1600001E+000   4.5275450E-003   1.6451212E-004   1.5400618E-003   4.9089205E-005
   4.1999999E+000   4.6401646E-003   1.6730113E-004   1.5510979E-003   4.9052376E-005
   4.2399999E+000   4.7760992E-003   1.2354759E-004   1.5941946E-003   4.8778835E-005
   4.2800000E+000   4.8324352E-003   1.1594376E-004   1.6179956E-003   6.4321782E-005
   4.3200001E+000   4.8894306E-003   1.2260716E-004   1.6663395E-003   5.4945173E-005
   4.3599999E+000   4.9894410E-003   1.2116256E-004   1.7108748E-003   6.2287279E-005
   4.4000000E+000   5.0362527E-003   1.1644004E-004   1.7624099E-003   6.5781441E-005
   4.4400001E+000   5.2040882E-003   1.1828838E-004   1.7892397E-003   6.6261042E-005
   4.4800001E+000   5.3301629E-003   1.2442367E-004   1.8362351E-003   7.0582919E-005
   4.5199999E+000   5.4097995E-003   1.1936184E-004   1.8624213E-003   7.0161772E-005
   4.5600000E+000   5.5761443E-003   1.3569941E-004   1.9175427E-003   7.2165133E-005
   4.6000001E+000   5.6897443E-003   1.3332876E-004   1.9629559E-003   6.2543931E-005
   4.6399999E+000   5.9075690E-003   1.4565045E-004   2.0271277E-003   6.9127042E-005
   4.6799999E+000   6.0741582E-003   1.5358530E-004   2.0251720E-003   6.9706388E-005
   4.7200000E+000   6.1912301E-003   1.5324950E-004   2.0702198E-003   6.6852336E-005
   4.7600001E+000   6.3737635E-003   1.4528086E-004   2.1294672E-003   7.0349233E-005
   4.7999999E+000   6.3944661E-003   1.4431437E-004   2.1625732E-003   7.1919513E-005
   4.8400000E+000   6.5314342E-003   1.3519861E-004   2.1913953E-003   6.4496239E-005
   4.8800001E+000   6.5739593E-003   1.5821947E-004   2.2634780E-003   7.2070245E-005
   4.9200001E+000   6.6748990E-003   1.3070496E-004   2.3186335E-003   7.8600469E-005
   4.9599999E+000   6.8085831E-003   1.5375092E-004   2.3611171E-003   8.1474366E-005
   5.0000000E+000   6.8616172E-003   1.3333421E-004   2.3582691E-003   7.3570086E-005
   5.0400001E+000   7.0098002E-003   1.7089576E-004   2.4069869E-003   7.4726861E-005
   5.0800002E+000   7.1996685E-003   1.4182011E-004   2.4409530E-003   7.5263745E-005
   5.1200002E+000   7.3554736E-003   1.9993299E-004   2.4784411E-003   7.9419198E-005
   5.1599997E+000   7.4153322E-003   2.0259273E-004   2.4781054E-003   8.2132272E-005
   5.1999998E+000   7.5205725E-003   1.6466169E-004   2.5262656E-003   8.2483239E-005
   5.2399999E+000   7.6283284E-003   1.6566341E-004   2.5512683E-003   8.2040155E-005
   5.2800000E+000   7.8165576E-003   2.0466177E-004   2.5762592E-003   7.4725601E-005
   5.3200001E+000   7.8958714E-003   1.8657562E-004   2.5618865E-003   7.7554000E-005
   5.3600001E+000   7.9971097E-003   1.6158811E-004   2.6296742E-003   7.4840052E-005
   5.4000002E+000   8.1474300E-003   1.8475220E-004   2.6879648E-003   7.8424203E-005
   5.4400003E+000   8.2050335E-003   1.5265658E-004   2.7155466E-003   7.7056126E-005
   5.4799998E+000   8.4034372E-003   1.7602382E-004   2.7399349E-003   7.4067798E-005
   5.5199999E+000   8.5042634E-003   1.8467838E-004   2.7957310E-003   7.0803828E-005
   5.5599999E+000   8.6063712E-003   2.2473039E-004   2.8297882E-003   7.4345860E-005
   5.6000000E+000   8.7021190E-003   1.9681872E-004   2.8643278E-003   6.9754492E-005
   5.6400001E+000   8.8681873E-003   2.1492652E-004   2.9502307E-003   7.3197565E-005
   5.6800002E+000   8.9807406E-003   2.2467055E-004   2.9995615E-003   7.0353879E-005
   5.7200003E+000   9.1971853E-003   2.1808880E-004   3.0458297E-003   6.2839574E-005
   5.7599998E+000   9.4348476E-003   2.2752452E-004   3.0918370E-003   6.6824659E-005
   5.7999998E+000   9.5399730E-003   2.0564841E-004   3.1332852E-003   6.4970904E-005
   5.8399999E+000   9.6790432E-003   2.2391195E-004   3.1982206E-003   6.2134317E-005
   5.8800000E+000   9.7588973E-003   2.7875948E-004   3.3148392E-003   4.8461263E-005
   5.9200001E+000   9.9053455E-003   2.3364648E-004   3.7650231E-003   4.7377614E-005
   5.9600002E+000   1.0147732E-002   2.3033118E-004   5.1936757E-003   7.6350003E-005
   6.0000002E+000   1.0282718E-002   2.3031270E-004   8.2982477E-003   1.1104281E-004
   6.0399997E+000   1.0475663E-002   2.7160414E-004   1.4345985E-002   1.4203614E-004
   6.0799998E+000   1.0642085E-002   3.1003404E-004   2.3470320E-002   2.4214693E-004
   6.1199999E+000   1.0881016E-002   2.3121190E-004   3.4820865E-002   3.1103590E-004
   6.1600000E+000   1.1104842E-002   2.0183646E-004   4.6119453E-002   4.0035527E-004
   6.2000000E+000   1.1268931E-002   2.1404241E-004   5.5744212E-002   4.5324858E-004
   6.2400001E+000   1.1444811E-002   2.0068539E-004   6.3114439E-002   5.3556121E-004
   6.2800002E+000   1.1672793E-002   1.7662393E-004   6.8527018E-002   5.8710779E-004
   6.3200003E+000   1.2025480E-002   1.7230358E-004   7.2259074E-002   6.1917693E-004
   6.3599998E+000   1.2233714E-002   1.6157410E-004   7.4784179E-002   6.4459658E-004
   6.3999999E+000   1.2358004E-002   1.5490734E-004   7.6871402E-002   6.5082039E-004
   6.4399999E+000   1.2539439E-002   1.6541315E-004   7.8577858E-002   6.4164605E-004
   6.4800000E+000   1.2607755E-002   1.6959474E-004   7.9792316E-002   6.6911512E-004
   6.5200001E+000   1.2797344E-002   2.1361497E-004   8.1041889E-002   6.3140014E-004
   6.5600002E+000   1.2879984E-002   1.9274125E-004   8.1851240E-002   6.2954382E-004
   6.6000003E+000   1.3091169E-002   2.0833552E-004   8.2707998E-002   5.7834487E-004
   6.6399997E+000   1.3219754E-002   1.9648018E-004   8.3399600E-002   5.4189594E-004
   6.6799998E+000   1.3377735E-002   2.0522933E-004   8.4413908E-002   5.3434806E-004
   6.7199999E+000   1.3537808E-002   1.8659404E-004   8.5085126E-002   5.3670744E-004
   6.7600000E+000   1.3738018E-002   2.3677457E-004   8.5946653E-002   6.0436997E-004
   6.8000001E+000   1.3925657E-002   2.1407740E-004   8.6796503E-002   6.4262104E-004
   6.8400002E+000   1.4140556E-002   2.2691111E-004   8.7909274E-002   6.7389210E-004
   6.8800002E+000   1.4336338E-002   2.3014908E-004   8.8971711E-002   6.9177370E-004
   6.9199997E+000   1.4442794E-002   2.5603936E-004   9.0145384E-002   6.5281881E-004
   6.9599998E+000   1.4612486E-002   2.5297247E-004   9.1228320E-002   5.9518876E-004
   6.9999999E+000   1.4764397E-002   3.5255818E-004   9.2177087E-002   4.2789636E-004
   7.0400000E+000   1.4912565E-002   3.0022942E-004   9.3379918E-002   5.6742513E-004
   7.0800000E+000   1.5087219E-002   2.9918960E-004   9.4134461E-002   5.1615735E-004
   7.1200001E+000   1.5386313E-002   3.8933260E-004   9.5493211E-002   4.5571610E-004
   7.1600002E+000   1.5464771E-002   4.0147385E-004   9.6406703E-002   4.4117565E-004
   7.2000003E+000   1.5603824E-002   3.5284289E-004   9.7701655E-002   4.3726525E-004
   7.2399998E+000   1.5704492E-002   4.3785277E-004   9.8973392E-002   3.9650778E-004
   7.2799999E+000   1.5869804E-002   3.5386282E-004   1.0017853E-001   3.7874286E-004
   7.3199999E+000   1.6085381E-002   4.2770446E-004   1.0139164E-001   4.0070571E-004
   7.3600000E+000   1.6248127E-002   4.0620102E-004   1.0240873E-001   4.1018981E-004
   7.4000001E+000   1.6421415E-002   3.5605414E-004   1.0366050E-001   4.4049897E-004
   7.4400002E+000   1.6650974E-002   4.2397969E-004   1.0479660E-001   4.1603247E-004
   7.4800003E+000   1.6693538E-002   5.1337453E-004   1.0622380E-001   4.6013591E-004
   7.5199997E+000   1.6899813E-002   5.0629602E-004   1.0773384E-001   4.5474812E-004
   7.5599998E+000   1.7164923E-002   5.3378402E-004   1.0897295E-001   3.8369160E-004
   7.5999999E+000   1.7329454E-002   5.0034957E-004   1.1047083E-001   3.7855934E-004
   7.6400000E+000   1.7547273E-002   5.0640881E-004   1.1171755E-001   3.6561979E-004
   7.6800001E+000   1.7704184E-002   5.0900398E-004   1.1324378E-001   3.8387661E-004
   7.7200001E+000   1.7996319E-002   5.0643556E-004   1.1435736E-001   3.8131500E-004
   7.7600002E+000   1.8175896E-002   5.2126695E-004   1.1580779E-001   4.2547724E-004
   7.7999997E+000   1.8419547E-002   5.2839174E-004   1.1666811E-001   3.9592759E-004
   7.8399998E+000   1.8712263E-002   5.3112196E-004   1.1782085E-001   4.1828064E-004
   7.8799999E+000   1.8973938E-002   5.3469918E-004   1.1881864E-001   4.3526952E-004
   7.9200000E+000   1.9294925E-002   4.8576028E-004   1.1995882E-001   4.2490408E-004
   7.9600000E+000   1.9492549E-002   5.3449941E-004   1.2100357E-001   4.6334502E-004
   8.0000001E+000   1.9642741E-002   5.2526462E-004   1.2234533E-001   4.8196390E-004
   8.0400002E+000   1.9801370E-002   5.8662335E-004   1.2365095E-001   4.4950444E-004
   8.0800003E+000   2.0020136E-002   4.6801164E-004   1.2481577E-001   4.2958539E-004
   8.1199998E+000   2.0269945E-002   4.5888770E-004   1.2618862E-001   4.3533911E-004
   8.1599998E+000   2.0377268E-002   4.8583362E-004   1.2775008E-001   3.9490926E-004
   8.1999999E+000   2.0624519E-002   6.5145950E-004   1.2905699E-001   4.4692474E-004
   8.2400000E+000   2.0776042E-002   6.5488741E-004   1.3039443E-001   4.4327558E-004
   8.2800001E+000   2.0955350E-002   6.3202617E-004   1.3182449E-001   4.3019142E-004
   8.3200002E+000   2.1240147E-002   5.6817413E-004   1.3290846E-001   4.6565469E-004
   8.3600003E+000   2.1383429E-002   5.5538243E-004   1.3400207E-001   4.4889823E-004
   8.3999997E+000   2.1549898E-002   5.0760079E-004   1.3507027E-001   4.4484794E-004
   8.4399998E+000   2.1776614E-002   5.1186642E-004   1.3643967E-001   4.5425275E-004
   8.4799999E+000   2.2059077E-002   4.6141945E-004   1.3740533E-001   4.3164548E-004
   8.5200000E+000   2.2320005E-002   2.9321058E-004   1.3910570E-001   4.5500782E-004
   8.5600001E+000   2.2530669E-002   2.5877658E-004   1.3996977E-001   4.6886580E-004
   8.6000001E+000   2.2567613E-002   2.3690941E-004   1.4135586E-001   4.8775746E-004
   8.6400002E+000   2.2771296E-002   2.4825449E-004   1.4246775E-001   4.9089483E-004
   8.6799997E+000   2.3058557E-002   2.1999749E-004   1.4388368E-001   4.7911036E-004
   8.7199998E+000   2.3232065E-002   2.0551928E-004   1.4516468E-001   4.7231147E-004
   8.7599999E+000   2.3514768E-002   1.9965154E-004   1.4652152E-001   4.6229754E-004
   8.8000000E+000   2.3753938E-002   1.8924588E-004   1.4763960E-001   5.3019303E-004
   8.8400000E+000   2.3848725E-002   1.9094419E-004   1.4904301E-001   4.8590732E-004
   8.8800001E+000   2.4151135E-002   2.0284813E-004   1.5031998E-001   5.4313621E-004
   8.9200002E+000   2.4354716E-002   2.0544514E-004   1.5162045E-001   6.3767781E-004
   8.9600003E+000   2.4630897E-002   2.0103650E-004   1.5302208E-001   6.1576645E-004
   8.9999998E+000   2.4933397E-002   2.0465332E-004   1.5432517E-001   6.5853836E-004
   9.0399998E+000   2.5155680E-002   2.1955271E-004   1.5559604E-001   6.7101496E-004
   9.0799999E+000   2.5370172E-002   2.3305032E-004   1.5706246E-001   6.7690165E-004
   9.1200000E+000   2.5708813E-002   2.4989342E-004   1.5818240E-001   6.5605050E-004
   9.1600001E+000   2.5811912E-002   2.4616053E-004   1.5962650E-001   6.4593377E-004
   9.2000002E+000   2.5937509E-002   2.2252202E-004   1.6092178E-001   6.2709869E-004
   9.2400002E+000   2.6179160E-002   2.6097854E-004   1.6243136E-001   7.1070015E-004
   9.2799997E+000   2.6416923E-002   2.5809289E-004   1.6368511E-001   7.8845669E-004
   9.3199998E+000   2.6525125E-002   2.5515677E-004   1.6548222E-001   6.0762865E-004
   9.3599999E+000   2.6926817E-002   2.4421525E-004   1.6708207E-001   5.9504445E-004
   9.4000000E+000   2.7256244E-002   2.4985278E-004   1.6809154E-001   6.6780079E-004
   9.4400001E+000   2.7444206E-002   2.3520119E-004   1.6954860E-001   7.2343895E-004
   9.4800001E+000   2.7754142E-002   2.4357609E-004   1.7100379E-001   5.4548689E-004
   9.5200002E+000   2.8141593E-002   2.2249017E-004   1.7196945E-001   5.6422604E-004
   9.5599997E+000   2.8446365E-002   2.3646437E-004   1.7353991E-001   5.3792307E-004
   9.5999998E+000   2.8720788E-002   2.4724636E-004   1.7498673E-001   5.2910451E-004
   9.6399999E+000   2.8981002E-002   2.6444420E-004   1.7668047E-001   5.6198793E-004
   9.6799999E+000   2.9356389E-002   2.7983447E-004   1.7784712E-001   9.8894766E-004
   9.7200000E+000   2.9598241E-002   2.7992779E-004   1.7929899E-001   1.0339777E-003
   9.7600001E+000   2.9856860E-002   2.5125414E-004   1.8031399E-001   9.5766742E-004
   9.8000002E+000   3.0295310E-002   2.9003206E-004   1.8176377E-001   9.7309003E-004
   9.8400003E+000   3.0499109E-002   3.1485361E-004   1.8308427E-001   9.9881990E-004
   9.8799998E+000   3.0671354E-002   3.0927391E-004   1.8423007E-001   9.1479910E-004
   9.9199998E+000   3.0950373E-002   3.3155746E-004   1.8607603E-001   9.8198389E-004
   9.9599999E+000   3.1080896E-002   2.8760831E-004   1.8799051E-001   6.5158252E-004
   1.0000000E+001   3.1414871E-002   2.6905420E-004   1.8978063E-001   8.9975302E-004
   1.0039999E+001   3.1652543E-002   2.8761512E-004   1.9146529E-001   5.8682421E-004
   1.0080000E+001   3.1822789E-002   2.9755023E-004   1.9292235E-001   5.8671108E-004
   1.0120000E+001   3.2200780E-002   3.0297598E-004   1.9454191E-001   6.1211721E-004
   1.0160000E+001   3.2510133E-002   2.9651988E-004   1.9643129E-001   1.0416702E-003
   1.0200000E+001   3.2783571E-002   3.2629152E-004   1.9801830E-001   9.5409182E-004
   1.0240000E+001   3.3167915E-002   3.5553509E-004   1.9988966E-001   1.0034386E-003
   1.0280000E+001   3.3358015E-002   3.4988354E-004   2.0151166E-001   1.0099315E-003
   1.0319999E+001   3.3757073E-002   3.4586267E-004   2.0307993E-001   9.5207067E-004
   1.0360000E+001   3.4019012E-002   3.6399100E-004   2.0511499E-001   1.0436788E-003
   1.0400000E+001   3.4397870E-002   3.6000575E-004   2.0639672E-001   9.7782316E-004
   1.0440000E+001   3.4810793E-002   2.9063597E-004   2.0802530E-001   9.5744958E-004
   1.0480000E+001   3.4979442E-002   2.9423580E-004   2.0960381E-001   9.5965615E-004
   1.0520000E+001   3.5337318E-002   2.8256683E-004   2.1078357E-001   1.0655489E-003
   1.0560000E+001   3.5579326E-002   2.6382189E-004   2.1195936E-001   1.0744301E-003
   1.0599999E+001   3.6021151E-002   2.6709761E-004   2.1258224E-001   1.1893906E-003
   1.0640000E+001   3.6176557E-002   2.8994913E-004   2.1261921E-001   1.1066624E-003
   1.0680000E+001   3.6790635E-002   2.4787967E-004   2.1169776E-001   1.1027589E-003
   1.0720000E+001   3.6931213E-002   2.7103654E-004   2.0860376E-001   1.0416126E-003
   1.0760000E+001   3.7239844E-002   2.6023744E-004   2.0166143E-001   1.0206509E-003
   1.0800000E+001   3.7548987E-002   2.6472382E-004   1.8969607E-001   9.6862974E-004
   1.0840000E+001   3.7950062E-002   2.5820623E-004   1.7089971E-001   7.5057772E-004
   1.0880001E+001   3.8214787E-002   2.7325402E-004   1.4364936E-001   6.5855121E-004
   1.0920000E+001   3.8634599E-002   2.6459398E-004   1.1017516E-001   5.0550342E-004
   1.0960000E+001   3.9041471E-002   2.5991375E-004   7.5969841E-002   4.1006375E-004
   1.1000000E+001   3.9289402E-002   2.4906256E-004   4.7524365E-002   2.6991208E-004
   1.1040000E+001   3.9734535E-002   2.3715717E-004   2.8255280E-002   1.7045967E-004
   1.1080000E+001   4.0006616E-002   2.5963733E-004   1.8096212E-002   1.6669848E-004
   1.1120000E+001   4.0134099E-002   2.9404315E-004   1.3635685E-002   1.4098954E-004
   1.1160001E+001   4.0438675E-002   2.6683327E-004   1.2248398E-002   1.4338509E-004
   1.1200000E+001   4.0774229E-002   2.8556289E-004   1.1971550E-002   1.2797586E-004
   1.1240000E+001   4.1151763E-002   2.8106828E-004   1.1995705E-002   1.4983607E-004
   1.1280000E+001   4.1395064E-002   2.8948771E-004   1.2147169E-002   1.3967037E-004
   1.1320000E+001   4.1565796E-002   2.8022885E-004   1.2249053E-002   1.5429742E-004
   1.1360000E+001   4.1868705E-002   3.0328173E-004   1.2370269E-002   1.5296023E-004
   1.1400000E+001   4.2045657E-002   3.1471102E-004   1.2400083E-002   1.6051931E-004
   1.1440001E+001   4.2423311E-002   3.0209311E-004   1.2468556E-002   1.6396186E-004
   1.1480000E+001   4.2612098E-002   3.0296596E-004   1.2623871E-002   1.5738187E-004
   1.1520000E+001   4.2902664E-002   3.0690665E-004   1.2814991E-002   1.7037092E-004
   1.1560000E+001   4.3157690E-002   3.2134944E-004   1.2911998E-002   1.7839313E-004
   1.1600000E+001   4.3375746E-002   3.4220464E-004   1.3125980E-002   1.9496822E-004
   1.1640000E+001   4.3684381E-002   3.6185678E-004   1.3277832E-002   2.0269327E-004
   1.1680000E+001   4.3961189E-002   3.6457989E-004   1.3460696E-002   2.0196542E-004
   1.1720001E+001   4.4127999E-002   3.8564931E-004   1.3634549E-002   1.7911604E-004
   1.1760000E+001   4.4404548E-002   3.7536919E-004   1.3859501E-002   1.8506355E-004
   1.1799999E+001   4.4708515E-002   3.6348607E-004   1.3943114E-002   2.0540236E-004
   1.1840000E+001   4.5107580E-002   3.6131655E-004   1.4147637E-002   2.1919745E-004
   1.1880000E+001   4.5295257E-002   3.6978962E-004   1.4296589E-002   2.2098580E-004
   1.1920000E+001   4.5598445E-002   3.5993468E-004   1.4377438E-002   2.2084062E-004
   1.1960000E+001   4.5971716E-002   3.6843793E-004   1.4360250E-002   2.2237579E-004
   1.2000000E+001   4.6219691E-002   4.0352888E-004   1.4398463E-002   2.4604845E-004
   1.2040000E+001   4.6553347E-002   3.6421268E-004   1.4458799E-002   2.4419428E-004
   1.2079999E+001   4.7036043E-002   3.7359419E-004   1.4463549E-002   2.4500788E-004
   1.2120000E+001   4.7495218E-002   3.7136411E-004   1.4600501E-002   2.2402099E-004
   1.2160000E+001   4.7758421E-002   3.8325063E-004   1.4733436E-002   2.2141968E-004
   1.2200000E+001   4.8294042E-002   3.9034663E-004   1.4780962E-002   2.2814609E-004
   1.2240000E+001   4.8774151E-002   3.9437559E-004   1.4966202E-002   2.3417206E-004
   1.2280000E+001   4.9143857E-002   4.0248858E-004   1.5027157E-002   2.2061061E-004
   1.2320000E+001   4.9403257E-002   3.6604541E-004   1.5132204E-002   2.3564272E-004
   1.2359999E+001   4.9670468E-002   3.7474613E-004   1.5283796E-002   2.2355018E-004
   1.2400000E+001   5.0070389E-002   4.3462016E-004   1.5423315E-002   2.3531851E-004
   1.2440000E+001   5.0293451E-002   4.4953682E-004   1.5565681E-002   3.0459397E-004
   1.2480000E+001   5.0679693E-002   5.1827217E-004   1.5594166E-002   2.8461909E-004
   1.2520000E+001   5.1084637E-002   4.9583782E-004   1.5820054E-002   2.7259068E-004
   1.2560000E+001   5.1412250E-002   5.0148840E-004   1.5979619E-002   2.0218000E-004
   1.2600000E+001   5.1797674E-002   4.4026010E-004   1.6042625E-002   2.9700950E-004
   1.2640001E+001   5.2121820E-002   4.2849318E-004   1.6263979E-002   2.2580513E-004
   1.2680000E+001   5.2420231E-002   5.0309091E-004   1.6392195E-002   2.2907966E-004
   1.2720000E+001   5.2811282E-002   4.7648025E-004   1.6607021E-002   2.3246726E-004
   1.2760000E+001   5.3225637E-002   4.3079184E-004   1.6645619E-002   2.4332343E-004
   1.2800000E+001   5.3650680E-002   4.1346005E-004   1.6755637E-002   2.4122447E-004
   1.2840000E+001   5.4012840E-002   3.9109126E-004   1.6932841E-002   2.3325951E-004
   1.2880000E+001   5.4432415E-002   3.1230593E-004   1.7042582E-002   2.3981851E-004
   1.2920001E+001   5.4584437E-002   3.3744635E-004   1.7068733E-002   2.1640593E-004
   1.2960000E+001   5.4811003E-002   3.4961478E-004   1.7068196E-002   1.8149802E-004
   1.3000000E+001   5.5159106E-002   3.6311200E-004   1.7171408E-002   2.6654242E-004
   1.3040000E+001   5.5494294E-002   4.6548829E-004   1.7295913E-002   2.5074772E-004
   1.3080000E+001   5.5882251E-002   4.6600071E-004   1.7401133E-002   2.0691655E-004
   1.3120000E+001   5.6314924E-002   4.4893285E-004   1.7587322E-002   2.0633737E-004
   1.3160000E+001   5.6727607E-002   5.4663266E-004   1.7775942E-002   2.3232227E-004
   1.3200001E+001   5.6909867E-002   7.6071274E-004   1.7905189E-002   2.5089260E-004
   1.3240000E+001   5.7093966E-002   8.3534295E-004   1.8052902E-002   2.4819060E-004
   1.3279999E+001   5.7277488E-002   8.4000157E-004   1.8215910E-002   2.6607867E-004
   1.3320000E+001   5.7615842E-002   5.7218212E-004   1.8370821E-002   2.6945358E-004
   1.3360000E+001   5.8051182E-002   5.5484437E-004   1.8430952E-002   2.6378534E-004
   1.3400000E+001   5.8520921E-002   5.3848325E-004   1.8537734E-002   2.6653258E-004
   1.3440000E+001   5.8807003E-002   5.2879927E-004   1.8673605E-002   2.3945105E-004
   1.3480000E+001   5.9354980E-002   5.0442303E-004   1.8743613E-002   2.3475910E-004
   1.3520000E+001   5.9731035E-002   5.2253412E-004   1.8801821E-002   2.4842687E-004
   1.3559999E+001   6.0132628E-002   5.4561641E-004   1.8872997E-002   2.4048351E-004
   1.3600000E+001   6.0425955E-002   5.6283207E-004   1.9086931E-002   2.1709392E-004
   1.3640000E+001   6.0811363E-002   5.6862670E-004   1.9202360E-002   2.2623433E-004
   1.3680000E+001   6.1020643E-002   6.0236121E-004   1.9438230E-002   2.4511689E-004
   1.3720000E+001   6.1292009E-002   5.4282182E-004   1.9590032E-002   2.5230853E-004
   1.3760000E+001   6.1561489E-002   4.7820160E-004   1.9816533E-002   2.6624750E-004
   1.3800000E+001   6.2091290E-002   5.1916339E-004   1.9899182E-002   2.3986054E-004
   1.3839999E+001   6.2324863E-002   5.1708180E-004   1.9948167E-002   2.2790353E-004
   1.3880000E+001   6.2573475E-002   5.3483764E-004   2.0008165E-002   1.9392413E-004
   1.3920000E+001   6.2984450E-002   5.0780332E-004   2.0157655E-002   2.1037389E-004
   1.3960000E+001   6.3389749E-002   5.1559385E-004   2.0295913E-002   2.0848839E-004
   1.4000000E+001   6.3742473E-002   5.1373867E-004   2.0425710E-002   2.0713481E-004
   1.4040000E+001   6.4140111E-002   4.8531041E-004   2.0576126E-002   1.9597963E-004
   1.4080000E+001   6.4420673E-002   5.4445231E-004   2.0660235E-002   1.8869197E-004
   1.4119999E+001   6.4814288E-002   4.5059261E-004   2.0813622E-002   1.8465158E-004
   1.4160000E+001   6.5232018E-002   5.0821705E-004   2.1131750E-002   1.9272404E-004
   1.4200000E+001   6.5777729E-002   4.6813324E-004   2.1225211E-002   1.7449748E-004
   1.4240000E+001   6.6347934E-002   4.5904234E-004   2.1427600E-002   1.9731366E-004
   1.4280000E+001   6.6804776E-002   4.9583067E-004   2.1637613E-002   2.1022297E-004
   1.4320000E+001   6.7406138E-002   5.4373328E-004   2.1791637E-002   1.9137813E-004
   1.4360000E+001   6.7633505E-002   4.1620029E-004   2.2065445E-002   2.0686222E-004
   1.4400001E+001   6.8250771E-002   4.0613108E-004   2.2253020E-002   2.0643688E-004
   1.4440000E+001   6.8464350E-002   4.4425078E-004   2.2189580E-002   2.0757772E-004
   1.4480000E+001   6.9045195E-002   4.3804701E-004   2.2324361E-002   2.1139948E-004
   1.4520000E+001   6.9633625E-002   4.2753112E-004   2.2467534E-002   2.0347367E-004
   1.4560000E+001   7.0155786E-002   4.4797657E-004   2.2626322E-002   2.1819231E-004
   1.4600000E+001   7.0565360E-002   4.2530675E-004   2.2739745E-002   2.2514234E-004
   1.4640000E+001   7.1021152E-002   4.4824328E-004   2.2924573E-002   2.1854004E-004
   1.4680001E+001   7.1370626E-002   5.3232868E-004   2.3032503E-002   1.9795133E-004
   1.4720000E+001   7.1709254E-002   4.7968170E-004   2.3145459E-002   1.9930381E-004
   1.4760000E+001   7.2092879E-002   5.2694456E-004   2.3334565E-002   2.1076101E-004
   1.4800000E+001   7.2451510E-002   4.7987463E-004   2.3493524E-002   2.1479604E-004
   1.4840000E+001   7.2920667E-002   4.6598287E-004   2.3705187E-002   2.4387540E-004
   1.4880000E+001   7.3100273E-002   3.9541437E-004   2.3786479E-002   2.3040877E-004
   1.4920000E+001   7.3579304E-002   3.9564249E-004   2.3934926E-002   2.3026312E-004
   1.4960001E+001   7.4028871E-002   4.1020396E-004   2.4129918E-002   2.2502155E-004
   1.5000000E+001   7.4309096E-002   4.1720742E-004   2.4441587E-002   2.0392378E-004
   1.5039999E+001   7.4796720E-002   4.2265306E-004   2.4489498E-002   2.0640178E-004
   1.5080000E+001   7.5325359E-002   4.2729447E-004   2.4721590E-002   2.0088200E-004
   1.5120000E+001   7.5638748E-002   4.9351853E-004   2.5010921E-002   2.0817428E-004
   1.5160000E+001   7.6097413E-002   5.0448689E-004   2.5073944E-002   2.1082738E-004
   1.5200000E+001   7.6522735E-002   4.6837914E-004   2.5233891E-002   2.0646859E-004
   1.5240000E+001   7.7095225E-002   4.4001269E-004   2.5390277E-002   2.0994539E-004
   1.5280000E+001   7.7426730E-002   4.7408983E-004   2.5559082E-002   1.9821797E-004
   1.5319999E+001   7.8056331E-002   5.1929417E-004   2.5680548E-002   1.8730900E-004
   1.5360000E+001   7.8249405E-002   3.9006088E-004   2.5876135E-002   1.9160174E-004
   1.5400000E+001   7.8639913E-002   5.8901246E-004   2.6055540E-002   1.8723328E-004
   1.5440000E+001   7.8896248E-002   5.4461069E-004   2.6153431E-002   1.8244873E-004
   1.5480000E+001   7.9341276E-002   5.9071454E-004   2.6384955E-002   2.1564791E-004
   1.5520000E+001   7.9807562E-002   5.5816454E-004   2.6519960E-002   2.2077786E-004
   1.5560000E+001   8.0263783E-002   5.7787537E-004   2.6663049E-002   2.2693700E-004
   1.5599999E+001   8.0770524E-002   5.0071723E-004   2.6720784E-002   2.5602878E-004
   1.5640000E+001   8.1201203E-002   5.5250086E-004   2.6790828E-002   2.1408527E-004
   1.5680000E+001   8.1599069E-002   5.1812922E-004   2.6933284E-002   2.1450066E-004
   1.5720000E+001   8.1734316E-002   5.5897159E-004   2.7084669E-002   2.3073654E-004
   1.5760000E+001   8.1930752E-002   5.1751734E-004   2.7335321E-002   2.2840861E-004
   1.5800000E+001   8.2205122E-002   5.0716848E-004   2.7518598E-002   2.2839697E-004
   1.5840000E+001   8.2694351E-002   5.3606246E-004   2.7834927E-002   2.2652249E-004
   1.5880001E+001   8.2848719E-002   4.6383726E-004   2.7935102E-002   2.4571964E-004
   1.5920000E+001   8.3258326E-002   5.2102604E-004   2.8180138E-002   2.5668297E-004
   1.5960000E+001   8.3801155E-002   5.3133856E-004   2.8280771E-002   2.5218573E-004
   1.6000000E+001   8.4225439E-002   5.2024025E-004   2.8353043E-002   2.3831106E-004
   1.6040000E+001   8.4702548E-002   4.8379885E-004   2.8472809E-002   2.3660739E-004
   1.6080000E+001   8.5167285E-002   4.4375946E-004   2.8547182E-002   2.5489594E-004
   1.6120000E+001   8.5720361E-002   4.6506226E-004   2.8683703E-002   2.5470684E-004
   1.6160001E+001   8.6223900E-002   4.0743651E-004   2.8715146E-002   2.4364028E-004
   1.6200000E+001   8.6561874E-002   4.3042466E-004   2.8740319E-002   2.6217339E-004
   1.6240000E+001   8.7053150E-002   4.1393682E-004   2.8793143E-002   2.5970069E-004
   1.6280000E+001   8.7461703E-002   4.1223437E-004   2.9123989E-002   2.4011470E-004
   1.6320000E+001   8.7804478E-002   3.5868696E-004   2.9282860E-002   2.6385995E-004
   1.6360000E+001   8.8052376E-002   3.5192675E-004   2.9307237E-002   2.5172381E-004
   1.6400000E+001   8.8563788E-002   3.1462195E-004   2.9484433E-002   2.6818847E-004
   1.6440001E+001   8.9227492E-002   3.5769067E-004   2.9678578E-002   2.6650626E-004
   1.6480000E+001   8.9657485E-002   3.4126052E-004   2.9927443E-002   3.0499373E-004
   1.6520000E+001   8.9833034E-002   3.5610125E-004   3.0005931E-002   3.2562125E-004
   1.6560000E+001   9.0350256E-002   3.3144393E-004   3.0161376E-002   3.1798512E-004
   1.6600000E+001   9.0690471E-002   3.3375457E-004   3.0287022E-002   3.1427504E-004
   1.6640000E+001   9.1022720E-002   3.5783723E-004   3.0553005E-002   3.0564876E-004
   1.6680000E+001   9.1616935E-002   4.3491356E-004   3.0691633E-002   3.3555611E-004
   1.6720001E+001   9.2178222E-002   4.2266355E-004   3.0687386E-002   3.2233483E-004
   1.6760000E+001   9.2406166E-002   4.1566122E-004   3.0829398E-002   3.1136439E-004
   1.6799999E+001   9.2899210E-002   4.4855940E-004   3.1061359E-002   2.9141696E-004
   1.6840000E+001   9.3379194E-002   4.3593361E-004   3.1241418E-002   3.1168755E-004
   1.6880000E+001   9.4011778E-002   4.8088751E-004   3.1478569E-002   3.3701319E-004
   1.6920000E+001   9.4653693E-002   4.7575527E-004   3.1677874E-002   3.2022960E-004
   1.6960000E+001   9.5171336E-002   4.9603304E-004   3.1692011E-002   2.8565137E-004
   1.7000000E+001   9.5655041E-002   4.9048524E-004   3.1955661E-002   2.8428428E-004
   1.7040000E+001   9.6168460E-002   5.1946493E-004   3.1943834E-002   2.8279341E-004
   1.7079999E+001   9.6522395E-002   5.2239687E-004   3.2134668E-002   2.6699046E-004
   1.7120000E+001   9.7184231E-002   4.9749948E-004   3.2320845E-002   2.5868701E-004
   1.7160000E+001   9.7635772E-002   4.8107588E-004   3.2466596E-002   2.6073630E-004
   1.7200000E+001   9.8095901E-002   5.1392528E-004   3.2499383E-002   2.5480527E-004
   1.7240000E+001   9.8427038E-002   4.5025482E-004   3.2562865E-002   2.5650891E-004
   1.7280000E+001   9.8881627E-002   4.8917039E-004   3.2751141E-002   2.6481268E-004
   1.7320000E+001   9.9285596E-002   4.9198209E-004   3.2968222E-002   2.6264296E-004
   1.7359999E+001   1.0001222E-001   5.3681920E-004   3.3273999E-002   2.7389947E-004
   1.7400000E+001   1.0063203E-001   4.9825670E-004   3.3480372E-002   2.7468641E-004
   1.7440000E+001   1.0109135E-001   5.0953886E-004   3.3585419E-002   2.6629428E-004
   1.7480000E+001   1.0170159E-001   5.4260217E-004   3.3677443E-002   2.5979449E-004
   1.7520000E+001   1.0239452E-001   5.4021817E-004   3.3869993E-002   3.2253755E-004
   1.7560000E+001   1.0277616E-001   5.2740036E-004   3.4010849E-002   3.0189623E-004
   1.7600000E+001   1.0337854E-001   4.9843875E-004   3.4043017E-002   2.7437119E-004
   1.7640001E+001   1.0364068E-001   4.2428985E-004   3.4231811E-002   2.9562769E-004
   1.7680000E+001   1.0389193E-001   4.3771523E-004   3.4357757E-002   3.0410559E-004
   1.7720000E+001   1.0465263E-001   4.8508924E-004   3.4435910E-002   2.8815875E-004
   1.7760000E+001   1.0513784E-001   4.9517928E-004   3.4631743E-002   2.8519939E-004
   1.7800000E+001   1.0592047E-001   5.5185595E-004   3.4699484E-002   3.0813361E-004
   1.7840000E+001   1.0664585E-001   6.0468899E-004   3.4821950E-002   2.8890589E-004
   1.7880000E+001   1.0713911E-001   6.2304120E-004   3.5006018E-002   2.9427728E-004
   1.7920001E+001   1.0765210E-001   6.4160969E-004   3.5061530E-002   2.7950317E-004
   1.7960000E+001   1.0798262E-001   6.4480748E-004   3.5066433E-002   2.8308643E-004
   1.8000000E+001   1.0858816E-001   6.0412884E-004   3.5323299E-002   2.9435654E-004
   1.8040000E+001   1.0874332E-001   6.1449456E-004   3.5440401E-002   2.9211983E-004
   1.8080000E+001   1.0950598E-001   5.7559452E-004   3.5663519E-002   2.8664817E-004
   1.8120000E+001   1.1015061E-001   6.1121424E-004   3.5834006E-002   2.6209340E-004
   1.8160000E+001   1.1070899E-001   6.6948680E-004   3.6059066E-002   2.6055313E-004
   1.8200001E+001   1.1112149E-001   7.7052499E-004   3.6468237E-002   2.7698427E-004
   1.8240000E+001   1.1163716E-001   7.5360256E-004   3.6668045E-002   2.7267477E-004
   1.8279999E+001   1.1214439E-001   6.7401949E-004   3.6898723E-002   2.7397824E-004
   1.8320000E+001   1.1272557E-001   5.8629133E-004   3.7079882E-002   3.0400204E-004
   1.8360000E+001   1.1312732E-001   6.0988928E-004   3.7325929E-002   3.0285497E-004
   1.8400000E+001   1.1377252E-001   6.3624278E-004   3.7500264E-002   2.4979476E-004
   1.8440000E+001   1.1448114E-001   6.1918903E-004   3.7782071E-002   2.8557472E-004
   1.8480000E+001   1.1496859E-001   6.6574482E-004   3.8045209E-002   2.6329682E-004
   1.8520000E+001   1.1589934E-001   9.3647749E-004   3.8270178E-002   3.4386626E-004
   1.8559999E+001   1.1630797E-001   9.7881762E-004   3.8555246E-002   3.6364272E-004
   1.8600000E+001   1.1688686E-001   6.8136928E-004   3.8592953E-002   3.7418231E-004
   1.8640000E+001   1.1706751E-001   7.3071091E-004   3.8888933E-002   3.8874953E-004
   1.8680000E+001   1.1782413E-001   1.2268659E-003   3.9040923E-002   5.8789456E-004
   1.8720000E+001   1.1815523E-001   6.5573706E-004   3.9167286E-002   3.7248250E-004
   1.8760000E+001   1.1871322E-001   7.3196471E-004   3.9376215E-002   6.3477918E-004
   1.8800000E+001   1.1937995E-001   1.0595223E-003   3.9630460E-002   6.9922579E-004
   1.8839999E+001   1.1994790E-001   9.4153918E-004   3.9784430E-002   6.8371201E-004
   1.8880000E+001   1.2049353E-001   6.9901694E-004   4.0036083E-002   7.2330848E-004
   1.8920000E+001   1.2092936E-001   6.7499250E-004   4.0189906E-002   7.2217942E-004
   1.8960000E+001   1.2151173E-001   7.1371630E-004   4.0423143E-002   5.3378245E-004
   1.9000000E+001   1.2190892E-001   6.6622567E-004   4.0674612E-002   6.6448467E-004
   1.9040000E+001   1.2225235E-001   7.1649455E-004   4.0691053E-002   6.0867867E-004
   1.9080000E+001   1.2288495E-001   7.3673144E-004   4.0896169E-002   4.7448151E-004
   1.9119999E+001   1.2342600E-001   6.1764596E-004   4.1121457E-002   4.6913571E-004
   1.9160000E+001   1.2403742E-001   6.4124553E-004   4.1405041E-002   8.3012135E-004
   1.9200000E+001   1.2469507E-001   6.2462596E-004   4.1497748E-002   7.4909132E-004
   1.9240000E+001   1.2513558E-001   8.2206643E-004   4.1877265E-002   6.7475193E-004
   1.9280000E+001   1.2604586E-001   7.9083827E-004   4.2070994E-002   7.1606908E-004
   1.9320000E+001   1.2669962E-001   8.6827730E-004   4.2295694E-002   6.7468627E-004
   1.9360000E+001   1.2742112E-001   8.7193468E-004   4.2599887E-002   6.5731062E-004
   1.9400001E+001   1.2827674E-001   8.5940989E-004   4.2688900E-002   6.7062314E-004
   1.9440000E+001   1.2873489E-001   8.6571220E-004   4.2960468E-002   6.9367298E-004
   1.9480000E+001   1.2910441E-001   8.6274193E-004   4.3075384E-002   8.6682982E-004
   1.9520000E+001   1.2953980E-001   7.9550808E-004   4.3149208E-002   7.9695272E-004
   1.9560000E+001   1.3006551E-001   8.1327810E-004   4.3373014E-002   7.6092642E-004
   1.9600000E+001   1.3083932E-001   8.0939790E-004   4.3624428E-002   7.5263314E-004
   1.9640000E+001   1.3139056E-001   6.8265041E-004   4.3836365E-002   6.9688421E-004
   1.9680001E+001   1.3198871E-001   7.7862994E-004   4.4118650E-002   7.0513840E-004
   1.9720000E+001   1.3275200E-001   7.7726216E-004   4.4160854E-002   7.0048429E-004
   1.9760000E+001   1.3343590E-001   7.0808120E-004   4.4345082E-002   6.8987077E-004
   1.9800000E+001   1.3413285E-001   7.4099608E-004   4.4535990E-002   6.2931178E-004
   1.9840000E+001   1.3478918E-001   6.7711412E-004   4.4801509E-002   6.5826691E-004
   1.9880000E+001   1.3499997E-001   7.0460276E-004   4.5000248E-002   5.3308445E-004
   1.9920000E+001   1.3580189E-001   6.9429993E-004   4.5296961E-002   5.0360671E-004
   1.9960001E+001   1.3627978E-001   6.4736251E-004   4.5629866E-002   5.0795333E-004
   2.0000000E+001   1.3679803E-001   6.7726178E-004   4.5790503E-002   5.8576490E-004
