   8.0000004E-002   0.0000000E+000   0.0000000E+000   0.0000000E+000   0.0000000E+000
   1.2000000E-001   0.0000000E+000   0.0000000E+000   0.0000000E+000   0.0000000E+000
   1.6000001E-001   0.0000000E+000   0.0000000E+000   0.0000000E+000   0.0000000E+000
   2.0000000E-001   0.0000000E+000   0.0000000E+000   0.0000000E+000   0.0000000E+000
   2.4000000E-001   0.0000000E+000   0.0000000E+000   0.0000000E+000   0.0000000E+000
   2.8000001E-001   0.0000000E+000   0.0000000E+000   0.0000000E+000   0.0000000E+000
   3.2000002E-001   0.0000000E+000   0.0000000E+000   0.0000000E+000   0.0000000E+000
   3.5999998E-001   0.0000000E+000   0.0000000E+000   0.0000000E+000   0.0000000E+000
   3.9999999E-001   0.0000000E+000   0.0000000E+000   0.0000000E+000   0.0000000E+000
   4.4000000E-001   0.0000000E+000   0.0000000E+000   0.0000000E+000   0.0000000E+000
   4.8000000E-001   0.0000000E+000   0.0000000E+000   0.0000000E+000   0.0000000E+000
   5.2000001E-001   0.0000000E+000   0.0000000E+000   0.0000000E+000   0.0000000E+000
   5.6000002E-001   0.0000000E+000   0.0000000E+000   0.0000000E+000   0.0000000E+000
   5.9999999E-001   0.0000000E+000   0.0000000E+000   0.0000000E+000   0.0000000E+000
   6.4000003E-001   0.0000000E+000   0.0000000E+000   0.0000000E+000   0.0000000E+000
   6.8000004E-001   0.0000000E+000   0.0000000E+000   0.0000000E+000   0.0000000E+000
   7.1999997E-001   0.0000000E+000   0.0000000E+000   0.0000000E+000   0.0000000E+000
   7.5999998E-001   0.0000000E+000   0.0000000E+000   0.0000000E+000   0.0000000E+000
   7.9999998E-001   0.0000000E+000   0.0000000E+000   0.0000000E+000   0.0000000E+000
   8.3999999E-001   0.0000000E+000   0.0000000E+000   0.0000000E+000   0.0000000E+000
   8.8000000E-001   0.0000000E+000   0.0000000E+000   0.0000000E+000   0.0000000E+000
   9.2000000E-001   0.0000000E+000   0.0000000E+000   0.0000000E+000   0.0000000E+000
   9.6000001E-001   0.0000000E+000   0.0000000E+000   0.0000000E+000   0.0000000E+000
   1.0000000E+000   0.0000000E+000   0.0000000E+000   0.0000000E+000   0.0000000E+000
   1.0400000E+000   1.6024828E-005   2.0001203E-006   3.6418189E-006   9.1697947E-007
   1.0800000E+000   3.7276559E-005   4.4409835E-006   5.8988549E-006   1.4475956E-006
   1.1200000E+000   5.5043920E-005   6.3788136E-006   9.4789137E-006   2.1870745E-006
   1.1600000E+000   8.1398852E-005   7.8659594E-006   1.1136503E-005   2.6937415E-006
   1.2000000E+000   1.0751380E-004   9.7608878E-006   1.9296987E-005   4.2536472E-006
   1.2400000E+000   1.2141055E-004   1.1021951E-005   2.2309068E-005   4.3803307E-006
   1.2800001E+000   1.5119815E-004   1.2778903E-005   2.4819006E-005   5.1416719E-006
   1.3200000E+000   1.7367871E-004   1.3341205E-005   3.0080490E-005   5.6370304E-006
   1.3600001E+000   2.0139910E-004   1.5382519E-005   3.5698965E-005   6.1530873E-006
   1.4000000E+000   2.3182111E-004   1.6469462E-005   4.1061917E-005   7.1822062E-006
   1.4399999E+000   2.6152678E-004   1.9767009E-005   4.6452662E-005   8.1425827E-006
   1.4800000E+000   3.0229236E-004   2.2524055E-005   5.5881579E-005   1.0447030E-005
   1.5200000E+000   3.1380265E-004   2.3041215E-005   6.4235647E-005   1.0308348E-005
   1.5600000E+000   3.4044314E-004   2.4582349E-005   6.9560184E-005   1.1511340E-005
   1.6000000E+000   3.5616197E-004   2.5229538E-005   7.7265799E-005   1.2560124E-005
   1.6400000E+000   3.7742609E-004   2.5914212E-005   7.5640144E-005   9.8290758E-006
   1.6800000E+000   4.1609036E-004   2.7973183E-005   9.0040056E-005   1.1320658E-005
   1.7200001E+000   4.4011324E-004   3.0221717E-005   9.2804890E-005   1.2174272E-005
   1.7600000E+000   4.9969007E-004   3.2232346E-005   1.0597050E-004   1.7012574E-005
   1.8000001E+000   5.0551575E-004   3.2179222E-005   1.1778718E-004   1.7569712E-005
   1.8400000E+000   5.4611605E-004   3.2941618E-005   1.2887009E-004   1.8611930E-005
   1.8799999E+000   5.9101320E-004   3.5190735E-005   1.4215845E-004   2.1400935E-005
   1.9200000E+000   6.4037780E-004   3.7576998E-005   1.4356050E-004   2.1715272E-005
   1.9599999E+000   6.8009796E-004   3.6570674E-005   1.5161591E-004   2.2696958E-005
   2.0000000E+000   7.4220737E-004   3.9421122E-005   1.6104766E-004   2.4923711E-005
   2.0400000E+000   7.8563164E-004   3.9182582E-005   1.7246114E-004   2.5474502E-005
   2.0800000E+000   8.3525310E-004   4.3436657E-005   1.8286023E-004   2.4406177E-005
   2.1200000E+000   8.7770194E-004   4.3446255E-005   2.0888041E-004   2.2729506E-005
   2.1600001E+000   9.4348046E-004   4.1054753E-005   2.1021263E-004   2.2081467E-005
   2.2000000E+000   9.7437501E-004   4.3135177E-005   2.2748051E-004   2.3893327E-005
   2.2400001E+000   1.0431174E-003   4.3176635E-005   2.3365003E-004   2.7993112E-005
   2.2800000E+000   1.0959146E-003   6.5055867E-005   2.3163154E-004   3.2144782E-005
   2.3199999E+000   1.1576270E-003   7.2904887E-005   2.2440029E-004   3.1449469E-005
   2.3600000E+000   1.2061912E-003   6.7730075E-005   2.3601220E-004   3.1019904E-005
   2.3999999E+000   1.2679591E-003   5.1714944E-005   2.5738148E-004   3.5077308E-005
   2.4400000E+000   1.3291647E-003   8.8324946E-005   2.7907768E-004   3.6289223E-005
   2.4800000E+000   1.4111172E-003   9.4468981E-005   2.8995758E-004   3.7058126E-005
   2.5200000E+000   1.4638745E-003   8.2947445E-005   2.9666151E-004   3.4829732E-005
   2.5600001E+000   1.5104452E-003   9.0830504E-005   3.1520037E-004   4.0275249E-005
   2.5999999E+000   1.5840208E-003   1.0276182E-004   3.2491047E-004   4.1528087E-005
   2.6400000E+000   1.6571482E-003   1.3417982E-004   3.5017861E-004   4.3614625E-005
   2.6800001E+000   1.7048888E-003   1.4393495E-004   3.5501288E-004   4.7470978E-005
   2.7200001E+000   1.7923021E-003   1.4793782E-004   3.7051566E-004   4.7215484E-005
   2.7599999E+000   1.8429132E-003   1.4302114E-004   3.8608188E-004   4.8914631E-005
   2.8000000E+000   1.9191265E-003   1.3495350E-004   4.0337537E-004   5.3284940E-005
   2.8400001E+000   1.9901460E-003   1.4785504E-004   4.1565122E-004   4.6610572E-005
   2.8799999E+000   2.0773327E-003   1.5583092E-004   4.3456692E-004   3.9503858E-005
   2.9200000E+000   2.1474794E-003   1.6058826E-004   4.4859065E-004   4.1797273E-005
   2.9600000E+000   2.2140149E-003   1.2024131E-004   4.4997179E-004   3.9132901E-005
   3.0000001E+000   2.2830159E-003   1.0951832E-004   4.6987708E-004   4.1334878E-005
   3.0399999E+000   2.3208563E-003   1.1750744E-004   4.8949700E-004   3.9381182E-005
   3.0800000E+000   2.3991483E-003   1.1895241E-004   4.9659013E-004   3.6933776E-005
   3.1200001E+000   2.4787984E-003   1.2553724E-004   5.2569314E-004   4.4453991E-005
   3.1600001E+000   2.6111190E-003   1.4212825E-004   5.2227438E-004   4.2045171E-005
   3.1999999E+000   2.6901099E-003   1.3997646E-004   5.5140469E-004   4.3491561E-005
   3.2400000E+000   2.7553548E-003   1.4184981E-004   5.7013533E-004   4.3575356E-005
   3.2800001E+000   2.8073328E-003   1.3754071E-004   6.1183693E-004   4.8134574E-005
   3.3199999E+000   2.8680708E-003   1.7817903E-004   6.2547793E-004   4.8133435E-005
   3.3600000E+000   2.9593871E-003   1.5749910E-004   6.3969138E-004   5.1542597E-005
   3.4000000E+000   3.0797608E-003   1.4677012E-004   6.4474628E-004   5.1407451E-005
   3.4400001E+000   3.2066671E-003   1.3591339E-004   6.6014123E-004   6.0802789E-005
   3.4799999E+000   3.2930048E-003   1.3115664E-004   6.7984620E-004   5.9400789E-005
   3.5200000E+000   3.3848640E-003   1.2934633E-004   7.0771561E-004   6.6570083E-005
   3.5600001E+000   3.4482931E-003   1.3615605E-004   7.1123112E-004   6.4829332E-005
   3.6000001E+000   3.5316652E-003   1.4042106E-004   7.3423532E-004   6.6313890E-005
   3.6399999E+000   3.6217615E-003   1.7882167E-004   7.4909607E-004   6.4997225E-005
   3.6800000E+000   3.6597660E-003   1.7877474E-004   7.7299116E-004   6.9365602E-005
   3.7200001E+000   3.7839252E-003   1.3472615E-004   8.1389839E-004   6.6966231E-005
   3.7599999E+000   3.8993754E-003   1.6410032E-004   8.5114079E-004   6.8347658E-005
   3.8000000E+000   3.9902329E-003   1.5392157E-004   8.7620854E-004   6.4324364E-005
   3.8400000E+000   4.0749120E-003   1.1188417E-004   9.1383555E-004   6.1840612E-005
   3.8800001E+000   4.2166054E-003   1.1399786E-004   9.4569165E-004   6.8314108E-005
   3.9199999E+000   4.3005385E-003   1.0202911E-004   9.7000888E-004   6.8911087E-005
   3.9600000E+000   4.4557643E-003   1.0035187E-004   1.0101460E-003   7.0291722E-005
   4.0000001E+000   4.5122116E-003   1.1079459E-004   1.0205799E-003   6.9993296E-005
   4.0400001E+000   4.6144915E-003   1.2269818E-004   1.0511873E-003   7.3239472E-005
   4.0799999E+000   4.7368311E-003   1.9192904E-004   1.0662737E-003   7.1080946E-005
   4.1200000E+000   4.7257524E-003   1.9869989E-004   1.0955875E-003   7.8588893E-005
   4.1600001E+000   4.8329156E-003   1.8168466E-004   1.1171583E-003   5.9878337E-005
   4.1999999E+000   4.9326131E-003   1.2315440E-004   1.1495142E-003   6.6081154E-005
   4.2399999E+000   5.0849775E-003   1.2024841E-004   1.1603892E-003   7.4421038E-005
   4.2800000E+000   5.1911982E-003   1.1350901E-004   1.1949559E-003   6.8382471E-005
   4.3200001E+000   5.2467479E-003   1.2203543E-004   1.2458986E-003   5.4745452E-005
   4.3599999E+000   5.3563914E-003   1.0735433E-004   1.2759894E-003   6.2725538E-005
   4.4000000E+000   5.4650943E-003   1.1069180E-004   1.2977441E-003   7.8021773E-005
   4.4400001E+000   5.5431580E-003   1.3177981E-004   1.3191540E-003   7.2534167E-005
   4.4800001E+000   5.6311878E-003   1.3206168E-004   1.3429830E-003   8.1790382E-005
   4.5199999E+000   5.7772452E-003   1.2915175E-004   1.3495041E-003   8.2853316E-005
   4.5600000E+000   5.8512839E-003   1.3140043E-004   1.3759955E-003   8.7580424E-005
   4.6000001E+000   5.9896731E-003   1.2380777E-004   1.4347584E-003   9.4402482E-005
   4.6399999E+000   6.0795360E-003   1.2677038E-004   1.4504987E-003   9.0538935E-005
   4.6799999E+000   6.2384449E-003   1.2920458E-004   1.4901163E-003   9.4585055E-005
   4.7200000E+000   6.3778172E-003   1.2513849E-004   1.5084692E-003   1.0893099E-004
   4.7600001E+000   6.5128921E-003   1.2903667E-004   1.5746919E-003   1.0778779E-004
   4.7999999E+000   6.6015072E-003   1.1136268E-004   1.6163021E-003   1.1396342E-004
   4.8400000E+000   6.7322352E-003   1.1437404E-004   1.6488090E-003   1.0391130E-004
   4.8800001E+000   6.8578163E-003   1.0538991E-004   1.6992872E-003   1.0500009E-004
   4.9200001E+000   6.9703558E-003   1.1173015E-004   1.6787307E-003   1.0207141E-004
   4.9599999E+000   7.1699057E-003   1.3490087E-004   1.7646850E-003   1.0510604E-004
   5.0000000E+000   7.3666386E-003   1.2549755E-004   1.7921155E-003   9.4038051E-005
   5.0400001E+000   7.5221849E-003   1.3326350E-004   1.8541263E-003   1.0487076E-004
   5.0800002E+000   7.7016946E-003   1.3797931E-004   1.8616526E-003   9.0084979E-005
   5.1200002E+000   7.8294758E-003   1.3054345E-004   1.8872563E-003   8.8823141E-005
   5.1599997E+000   7.9036827E-003   1.3374818E-004   1.9197418E-003   8.1830513E-005
   5.1999998E+000   8.0569785E-003   1.2668422E-004   2.0018163E-003   9.6441773E-005
   5.2399999E+000   8.2234804E-003   1.4292476E-004   2.0522761E-003   8.8406139E-005
   5.2800000E+000   8.3226500E-003   1.3602384E-004   2.1166618E-003   9.8616796E-005
   5.3200001E+000   8.4787459E-003   1.4149548E-004   2.1258172E-003   7.6845713E-005
   5.3600001E+000   8.5857583E-003   1.4360626E-004   2.1872215E-003   7.1943139E-005
   5.4000002E+000   8.6964414E-003   1.6349144E-004   2.2354145E-003   7.2013552E-005
   5.4400003E+000   8.9737229E-003   1.8495789E-004   2.2634291E-003   6.6995550E-005
   5.4799998E+000   9.1238312E-003   1.7204024E-004   2.3237163E-003   7.1425813E-005
   5.5199999E+000   9.2304456E-003   2.4950335E-004   2.3270423E-003   6.9167219E-005
   5.5599999E+000   9.3780210E-003   1.6483323E-004   2.3805937E-003   6.5584591E-005
   5.6000000E+000   9.5114074E-003   1.7597990E-004   2.4323381E-003   8.6592439E-005
   5.6400001E+000   9.7123241E-003   1.8048505E-004   2.4712516E-003   6.1457425E-005
   5.6800002E+000   9.8241018E-003   2.9064145E-004   2.5306210E-003   6.4126614E-005
   5.7200003E+000   9.9090371E-003   1.9632113E-004   2.5632544E-003   5.9845673E-005
   5.7599998E+000   1.0083710E-002   1.8587380E-004   2.5688872E-003   5.6557752E-005
   5.7999998E+000   1.0172964E-002   1.7914524E-004   2.6308388E-003   5.9747181E-005
   5.8399999E+000   1.0357326E-002   1.8975505E-004   2.6746756E-003   6.8749340E-005
   5.8800000E+000   1.0501628E-002   1.8839421E-004   2.7818018E-003   8.6013032E-005
   5.9200001E+000   1.0697232E-002   1.9509735E-004   3.2037317E-003   7.7383185E-005
   5.9600002E+000   1.0832176E-002   2.1234552E-004   4.3956446E-003   7.0919217E-005
   6.0000002E+000   1.0923903E-002   1.9653524E-004   7.0292374E-003   2.5490810E-004
   6.0399997E+000   1.1050999E-002   1.9071345E-004   1.1977302E-002   4.3053854E-004
   6.0799998E+000   1.1260790E-002   1.8699322E-004   1.9635536E-002   8.0551331E-004
   6.1199999E+000   1.1403212E-002   1.9877820E-004   2.9056064E-002   1.1236559E-003
   6.1600000E+000   1.1501657E-002   2.1360054E-004   3.8654094E-002   1.4228777E-003
   6.2000000E+000   1.1705354E-002   2.2363874E-004   4.6748292E-002   1.7904093E-003
   6.2400001E+000   1.1839904E-002   2.0247189E-004   5.3277657E-002   2.0448130E-003
   6.2800002E+000   1.1986688E-002   2.0863114E-004   5.8030157E-002   2.2287322E-003
   6.3200003E+000   1.2154592E-002   2.1907719E-004   6.1363347E-002   2.3729715E-003
   6.3599998E+000   1.2320710E-002   2.8452867E-004   6.3710686E-002   2.3999995E-003
   6.3999999E+000   1.2485997E-002   2.8750328E-004   6.5314062E-002   2.6204258E-003
   6.4399999E+000   1.2598993E-002   3.4377167E-004   6.6619081E-002   2.4904087E-003
   6.4800000E+000   1.2718660E-002   3.8799331E-004   6.8052028E-002   2.4012158E-003
   6.5200001E+000   1.2878963E-002   3.6920174E-004   6.8998989E-002   2.5261642E-003
   6.5600002E+000   1.2967889E-002   3.2160745E-004   6.9870188E-002   2.5520367E-003
   6.6000003E+000   1.3191781E-002   3.1856955E-004   7.0688783E-002   2.9150061E-003
   6.6399997E+000   1.3394683E-002   3.0855481E-004   7.1619422E-002   2.7476515E-003
   6.6799998E+000   1.3634046E-002   2.6306777E-004   7.2417218E-002   2.8011062E-003
   6.7199999E+000   1.3823815E-002   2.7372570E-004   7.3209460E-002   2.8898453E-003
   6.7600000E+000   1.4023421E-002   2.9284631E-004   7.4084180E-002   2.9741164E-003
   6.8000001E+000   1.4141768E-002   2.7344726E-004   7.5018799E-002   2.9888568E-003
   6.8400002E+000   1.4355985E-002   3.1625781E-004   7.5937298E-002   3.0103538E-003
   6.8800002E+000   1.4494809E-002   4.0005926E-004   7.6927590E-002   3.0109960E-003
   6.9199997E+000   1.4652527E-002   3.7677322E-004   7.7951933E-002   2.9554502E-003
   6.9599998E+000   1.4827646E-002   3.9783208E-004   7.8919591E-002   3.2084793E-003
   6.9999999E+000   1.5024737E-002   2.4293376E-004   7.9689001E-002   3.2066603E-003
   7.0400000E+000   1.5178990E-002   2.4956833E-004   8.0290340E-002   3.2752445E-003
   7.0800000E+000   1.5225473E-002   3.3511277E-004   8.1383893E-002   3.3583830E-003
   7.1200001E+000   1.5450358E-002   2.4585115E-004   8.2216967E-002   3.2173945E-003
   7.1600002E+000   1.5522790E-002   2.7640554E-004   8.3120148E-002   3.2377513E-003
   7.2000003E+000   1.5713387E-002   3.2696387E-004   8.4083570E-002   3.1594849E-003
   7.2399998E+000   1.5927291E-002   2.7328613E-004   8.5104793E-002   3.1816019E-003
   7.2799999E+000   1.6142376E-002   2.3560438E-004   8.6042315E-002   3.0780795E-003
   7.3199999E+000   1.6274012E-002   2.2862562E-004   8.7119311E-002   3.1670219E-003
   7.3600000E+000   1.6499065E-002   2.3223303E-004   8.8236192E-002   3.3177345E-003
   7.4000001E+000   1.6756228E-002   2.4289174E-004   8.9075554E-002   3.5139850E-003
   7.4400002E+000   1.6873942E-002   3.1226124E-004   9.0001993E-002   3.5338123E-003
   7.4800003E+000   1.7027393E-002   3.8543086E-004   9.1060913E-002   3.6123933E-003
   7.5199997E+000   1.7305704E-002   3.7086473E-004   9.2357871E-002   3.6343902E-003
   7.5599998E+000   1.7534642E-002   4.1038899E-004   9.3258316E-002   3.9155817E-003
   7.5999999E+000   1.7763544E-002   4.4465986E-004   9.4445395E-002   3.9287630E-003
   7.6400000E+000   1.8063352E-002   4.4285625E-004   9.5347517E-002   3.9253488E-003
   7.6800001E+000   1.8162633E-002   4.6160393E-004   9.6289371E-002   3.8942279E-003
   7.7200001E+000   1.8485804E-002   3.3520823E-004   9.7283294E-002   3.8865689E-003
   7.7600002E+000   1.8685249E-002   4.5686603E-004   9.8318295E-002   3.8086706E-003
   7.7999997E+000   1.8944848E-002   4.7903780E-004   9.9411680E-002   3.7060451E-003
   7.8399998E+000   1.9103057E-002   4.7418956E-004   1.0022164E-001   3.7201395E-003
   7.8799999E+000   1.9435598E-002   5.9419150E-004   1.0110291E-001   3.8734614E-003
   7.9200000E+000   1.9523910E-002   4.1899410E-004   1.0236020E-001   3.9862028E-003
   7.9600000E+000   1.9810345E-002   2.4717038E-004   1.0338170E-001   3.9969385E-003
   8.0000001E+000   2.0022165E-002   2.7041616E-004   1.0456207E-001   4.2782673E-003
   8.0400002E+000   2.0276672E-002   2.9396068E-004   1.0546083E-001   4.2690942E-003
   8.0800003E+000   2.0529901E-002   2.3145520E-004   1.0643644E-001   4.1816303E-003
   8.1199998E+000   2.0860930E-002   2.3589850E-004   1.0758640E-001   4.5731119E-003
   8.1599998E+000   2.1178992E-002   2.2668065E-004   1.0890147E-001   4.5558625E-003
   8.1999999E+000   2.1510294E-002   2.3532377E-004   1.1006168E-001   4.8151033E-003
   8.2400000E+000   2.1589921E-002   2.2865440E-004   1.1093948E-001   4.9324551E-003
   8.2800001E+000   2.1797972E-002   2.1710480E-004   1.1229192E-001   5.0273003E-003
   8.3200002E+000   2.2018915E-002   2.1882125E-004   1.1301929E-001   5.0977961E-003
   8.3600003E+000   2.2200807E-002   2.1640766E-004   1.1408898E-001   5.0951404E-003
   8.3999997E+000   2.2433704E-002   2.2008947E-004   1.1496299E-001   5.0750376E-003
   8.4399998E+000   2.2718131E-002   2.0607932E-004   1.1602344E-001   5.1156379E-003
   8.4799999E+000   2.3006082E-002   2.0161156E-004   1.1693406E-001   5.0569070E-003
   8.5200000E+000   2.3045214E-002   1.8058403E-004   1.1809736E-001   5.0442762E-003
   8.5600001E+000   2.3280417E-002   1.6489198E-004   1.1918723E-001   5.1338588E-003
   8.6000001E+000   2.3494646E-002   1.6014973E-004   1.2020664E-001   5.0517865E-003
   8.6400002E+000   2.3812585E-002   1.7801401E-004   1.2122534E-001   5.0784647E-003
   8.6799997E+000   2.3983964E-002   1.9870969E-004   1.2229136E-001   5.0670195E-003
   8.7199998E+000   2.4220945E-002   2.0842639E-004   1.2336248E-001   5.1089213E-003
   8.7599999E+000   2.4525905E-002   2.2288434E-004   1.2454408E-001   5.2119141E-003
   8.8000000E+000   2.4714581E-002   2.4267759E-004   1.2595193E-001   5.4040219E-003
   8.8400000E+000   2.4823319E-002   2.4115393E-004   1.2704052E-001   5.4366349E-003
   8.8800001E+000   2.5066743E-002   2.7468470E-004   1.2828743E-001   5.4652939E-003
   8.9200002E+000   2.5204158E-002   2.5071199E-004   1.2958497E-001   5.5321915E-003
   8.9600003E+000   2.5513715E-002   2.6717410E-004   1.3057581E-001   5.3831473E-003
   8.9999998E+000   2.5736636E-002   2.8500117E-004   1.3169179E-001   5.3568653E-003
   9.0399998E+000   2.5982891E-002   2.6383160E-004   1.3297526E-001   5.5221569E-003
   9.0799999E+000   2.6216445E-002   3.9313328E-004   1.3413138E-001   5.5438213E-003
   9.1200000E+000   2.6542975E-002   3.8802820E-004   1.3549022E-001   5.5746377E-003
   9.1600001E+000   2.6783003E-002   3.7539880E-004   1.3665621E-001   5.6699391E-003
   9.2000002E+000   2.7041537E-002   3.6513974E-004   1.3785054E-001   5.8234727E-003
   9.2400002E+000   2.7276141E-002   4.0850478E-004   1.3874341E-001   5.8958490E-003
   9.2799997E+000   2.7590766E-002   3.8627018E-004   1.3949144E-001   6.0859724E-003
   9.3199998E+000   2.7769455E-002   3.7120348E-004   1.4093546E-001   5.9770812E-003
   9.3599999E+000   2.7979640E-002   3.4499680E-004   1.4199358E-001   6.1191164E-003
   9.4000000E+000   2.8260522E-002   3.1333166E-004   1.4329244E-001   6.2805656E-003
   9.4400001E+000   2.8481612E-002   3.2817409E-004   1.4468038E-001   6.4035888E-003
   9.4800001E+000   2.8884603E-002   3.2529113E-004   1.4608095E-001   6.4829857E-003
   9.5200002E+000   2.9071397E-002   3.4181173E-004   1.4726647E-001   6.5302247E-003
   9.5599997E+000   2.9378090E-002   3.3769074E-004   1.4831772E-001   6.5515928E-003
   9.5999998E+000   2.9792184E-002   3.7773726E-004   1.4968484E-001   6.7126730E-003
   9.6399999E+000   3.0057764E-002   4.3315654E-004   1.5104369E-001   6.6810682E-003
   9.6799999E+000   3.0505777E-002   4.0702889E-004   1.5200636E-001   6.5053050E-003
   9.7200000E+000   3.0593513E-002   5.0943805E-004   1.5373033E-001   6.4365544E-003
   9.7600001E+000   3.0900991E-002   4.5893288E-004   1.5477027E-001   6.7795760E-003
   9.8000002E+000   3.1096954E-002   4.5096685E-004   1.5603016E-001   6.8713072E-003
   9.8400003E+000   3.1271078E-002   4.4894870E-004   1.5728643E-001   6.7948123E-003
   9.8799998E+000   3.1570658E-002   5.1018889E-004   1.5861555E-001   6.7504319E-003
   9.9199998E+000   3.1894871E-002   3.6387811E-004   1.6011491E-001   6.7952117E-003
   9.9599999E+000   3.2060196E-002   3.9592102E-004   1.6176674E-001   6.8134292E-003
   1.0000000E+001   3.2326445E-002   3.7792491E-004   1.6304789E-001   6.6687964E-003
   1.0039999E+001   3.2746805E-002   3.5985418E-004   1.6444932E-001   6.7719337E-003
   1.0080000E+001   3.2841345E-002   3.2682996E-004   1.6568045E-001   7.0988222E-003
   1.0120000E+001   3.3082912E-002   3.5429755E-004   1.6743774E-001   7.1551219E-003
   1.0160000E+001   3.3277966E-002   3.0615813E-004   1.6900048E-001   7.2120510E-003
   1.0200000E+001   3.3604740E-002   3.0454736E-004   1.7064481E-001   7.2407552E-003
   1.0240000E+001   3.3969810E-002   2.9821228E-004   1.7221373E-001   7.2258903E-003
   1.0280000E+001   3.4208214E-002   3.2359031E-004   1.7404882E-001   6.9913868E-003
   1.0319999E+001   3.4413021E-002   3.5367778E-004   1.7543255E-001   7.0897358E-003
   1.0360000E+001   3.4652086E-002   3.7201492E-004   1.7727887E-001   6.9235000E-003
   1.0400000E+001   3.4821667E-002   3.9177204E-004   1.7834197E-001   7.0953726E-003
   1.0440000E+001   3.5098245E-002   3.5227159E-004   1.7928937E-001   7.0244473E-003
   1.0480000E+001   3.5439361E-002   4.2131777E-004   1.8078574E-001   6.8931169E-003
   1.0520000E+001   3.5690540E-002   3.9642145E-004   1.8221074E-001   6.7236381E-003
   1.0560000E+001   3.6014293E-002   3.2213213E-004   1.8330626E-001   6.7925916E-003
   1.0599999E+001   3.6137265E-002   3.1264643E-004   1.8394557E-001   6.6721484E-003
   1.0640000E+001   3.6412553E-002   2.8825961E-004   1.8413483E-001   6.4923450E-003
   1.0680000E+001   3.6725033E-002   2.9094372E-004   1.8275575E-001   6.4206475E-003
   1.0720000E+001   3.7178863E-002   2.6990930E-004   1.7985958E-001   6.3729655E-003
   1.0760000E+001   3.7512647E-002   2.7778119E-004   1.7419149E-001   5.9877051E-003
   1.0800000E+001   3.7771365E-002   2.7512621E-004   1.6384351E-001   5.4348155E-003
   1.0840000E+001   3.7967866E-002   2.8685491E-004   1.4738898E-001   4.9794295E-003
   1.0880001E+001   3.8297537E-002   3.1554381E-004   1.2415231E-001   4.1383728E-003
   1.0920000E+001   3.8422768E-002   3.1696666E-004   9.5488754E-002   3.1653482E-003
   1.0960000E+001   3.8625053E-002   2.4138599E-004   6.5834980E-002   2.2851857E-003
   1.1000000E+001   3.9053506E-002   2.7100867E-004   4.1122141E-002   1.4833270E-003
   1.1040000E+001   3.9140384E-002   2.2204750E-004   2.4622177E-002   8.5047973E-004
   1.1080000E+001   3.9645813E-002   2.2698259E-004   1.5783066E-002   5.3459779E-004
   1.1120000E+001   3.9926159E-002   2.2340515E-004   1.2033881E-002   2.8104319E-004
   1.1160001E+001   4.0156731E-002   2.8373799E-004   1.0937748E-002   1.7909865E-004
   1.1200000E+001   4.0366601E-002   3.1502622E-004   1.0831835E-002   1.6530227E-004
   1.1240000E+001   4.0527347E-002   2.1951448E-004   1.0982636E-002   1.0565144E-004
   1.1280000E+001   4.0694617E-002   2.1525633E-004   1.1106910E-002   1.1012858E-004
   1.1320000E+001   4.0879691E-002   3.4052455E-004   1.1241494E-002   1.1137862E-004
   1.1360000E+001   4.1328155E-002   3.0406412E-004   1.1410608E-002   1.1316454E-004
   1.1400000E+001   4.1726874E-002   3.1697121E-004   1.1564487E-002   1.2124574E-004
   1.1440001E+001   4.2149544E-002   3.5525510E-004   1.1783594E-002   1.2681026E-004
   1.1480000E+001   4.2474159E-002   3.9832239E-004   1.1898344E-002   1.4123315E-004
   1.1520000E+001   4.2967783E-002   3.7991553E-004   1.2109428E-002   1.3731546E-004
   1.1560000E+001   4.3043638E-002   3.7125026E-004   1.2271131E-002   1.4478118E-004
   1.1600000E+001   4.3432371E-002   4.6167308E-004   1.2519959E-002   1.3499449E-004
   1.1640000E+001   4.3642110E-002   3.7293083E-004   1.2680482E-002   1.3368507E-004
   1.1680000E+001   4.3884623E-002   3.9633373E-004   1.2814067E-002   1.3891659E-004
   1.1720001E+001   4.4253785E-002   3.9433583E-004   1.3015924E-002   1.5413302E-004
   1.1760000E+001   4.4463079E-002   3.7475617E-004   1.3149986E-002   1.5997946E-004
   1.1799999E+001   4.4938772E-002   3.5901703E-004   1.3372989E-002   1.8039234E-004
   1.1840000E+001   4.5228665E-002   3.6902096E-004   1.3552446E-002   1.6095264E-004
   1.1880000E+001   4.5640930E-002   3.6313367E-004   1.3686097E-002   1.7856128E-004
   1.1920000E+001   4.5809736E-002   3.6366714E-004   1.3846582E-002   1.7088939E-004
   1.1960000E+001   4.6190023E-002   4.1047208E-004   1.4104600E-002   1.8074712E-004
   1.2000000E+001   4.6516389E-002   3.4339628E-004   1.4280773E-002   1.8737939E-004
   1.2040000E+001   4.6754723E-002   3.4061503E-004   1.4523137E-002   1.7603272E-004
   1.2079999E+001   4.7142536E-002   3.5739805E-004   1.4719795E-002   1.8641418E-004
   1.2120000E+001   4.7481435E-002   3.3921729E-004   1.4883660E-002   2.1866365E-004
   1.2160000E+001   4.7731496E-002   3.7850491E-004   1.5050741E-002   2.5097647E-004
   1.2200000E+001   4.8115742E-002   3.3446872E-004   1.5288829E-002   2.6178662E-004
   1.2240000E+001   4.8340005E-002   3.2917629E-004   1.5605792E-002   2.6232490E-004
   1.2280000E+001   4.8691747E-002   2.8856100E-004   1.5765444E-002   2.2781505E-004
   1.2320000E+001   4.9085583E-002   2.7269931E-004   1.5917124E-002   2.8233221E-004
   1.2359999E+001   4.9485620E-002   2.9245325E-004   1.6027944E-002   3.1628621E-004
   1.2400000E+001   5.0040145E-002   2.6972616E-004   1.6247660E-002   3.0697589E-004
   1.2440000E+001   5.0358869E-002   2.8509846E-004   1.6481669E-002   3.2382430E-004
   1.2480000E+001   5.0872759E-002   2.7010887E-004   1.6652044E-002   3.1588620E-004
   1.2520000E+001   5.1056787E-002   2.9505650E-004   1.6909326E-002   3.8292860E-004
   1.2560000E+001   5.1292626E-002   3.0462702E-004   1.7077801E-002   4.3215095E-004
   1.2600000E+001   5.1615889E-002   3.0630100E-004   1.7192057E-002   4.6950413E-004
   1.2640001E+001   5.1788683E-002   3.2926518E-004   1.7471446E-002   4.8652319E-004
   1.2680000E+001   5.2109671E-002   3.7247359E-004   1.7651482E-002   5.5635240E-004
   1.2720000E+001   5.2427369E-002   3.6813691E-004   1.7961870E-002   5.0632464E-004
   1.2760000E+001   5.2850692E-002   3.5393977E-004   1.8176521E-002   4.7435379E-004
   1.2800000E+001   5.3392127E-002   3.6722072E-004   1.8283379E-002   5.3313996E-004
   1.2840000E+001   5.3815703E-002   3.8403693E-004   1.8486651E-002   5.7565204E-004
   1.2880000E+001   5.4217619E-002   3.3572678E-004   1.8602175E-002   5.7726530E-004
   1.2920001E+001   5.4410160E-002   3.2293433E-004   1.8876788E-002   5.5883650E-004
   1.2960000E+001   5.4864310E-002   3.9283202E-004   1.9200635E-002   5.9856927E-004
   1.3000000E+001   5.5042126E-002   3.8989094E-004   1.9244163E-002   6.2161263E-004
   1.3040000E+001   5.5655963E-002   3.8951249E-004   1.9449211E-002   6.1611848E-004
   1.3080000E+001   5.6171778E-002   4.1930373E-004   1.9774954E-002   6.4657254E-004
   1.3120000E+001   5.6449653E-002   4.3759840E-004   2.0064913E-002   8.0458168E-004
   1.3160000E+001   5.6870810E-002   3.8518496E-004   2.0320978E-002   8.9489129E-004
   1.3200001E+001   5.7094211E-002   3.9218737E-004   2.0483184E-002   8.6433439E-004
   1.3240000E+001   5.7288773E-002   3.8435113E-004   2.0690953E-002   9.5400844E-004
   1.3279999E+001   5.7668014E-002   3.9584330E-004   2.0814966E-002   9.9244490E-004
   1.3320000E+001   5.8001886E-002   3.6523959E-004   2.1047722E-002   1.0413828E-003
   1.3360000E+001   5.8512613E-002   3.7002251E-004   2.1265356E-002   1.0495071E-003
   1.3400000E+001   5.8833507E-002   4.0929000E-004   2.1500359E-002   1.0455850E-003
   1.3440000E+001   5.9201769E-002   4.4338517E-004   2.1650268E-002   1.1021786E-003
   1.3480000E+001   5.9588551E-002   5.0562792E-004   2.1926937E-002   1.1260392E-003
   1.3520000E+001   5.9994920E-002   4.6957632E-004   2.2135390E-002   1.1324444E-003
   1.3559999E+001   6.0481695E-002   4.5953670E-004   2.2284585E-002   1.1166378E-003
   1.3600000E+001   6.0696682E-002   4.7476269E-004   2.2626790E-002   1.0276040E-003
   1.3640000E+001   6.1046139E-002   4.7943002E-004   2.2894408E-002   1.0376874E-003
   1.3680000E+001   6.1262593E-002   4.4671439E-004   2.3150998E-002   1.1034652E-003
   1.3720000E+001   6.1750117E-002   4.4420265E-004   2.3399132E-002   1.0787030E-003
   1.3760000E+001   6.1908660E-002   4.1221797E-004   2.3534888E-002   1.1030759E-003
   1.3800000E+001   6.2370531E-002   4.3378830E-004   2.3813892E-002   1.1915651E-003
   1.3839999E+001   6.2808910E-002   4.6254208E-004   2.4021348E-002   1.2005971E-003
   1.3880000E+001   6.3116465E-002   4.5923290E-004   2.4353143E-002   1.2769515E-003
   1.3920000E+001   6.3713026E-002   5.5745284E-004   2.4450687E-002   1.2870286E-003
   1.3960000E+001   6.4222520E-002   4.3826419E-004   2.4808494E-002   1.3255339E-003
   1.4000000E+001   6.4670022E-002   4.2063741E-004   2.5061676E-002   1.3541850E-003
   1.4040000E+001   6.5097295E-002   4.4683512E-004   2.5219878E-002   1.3748723E-003
   1.4080000E+001   6.5674358E-002   4.0633122E-004   2.5509237E-002   1.3808220E-003
   1.4119999E+001   6.6332215E-002   4.2456819E-004   2.5791457E-002   1.3606345E-003
   1.4160000E+001   6.6627266E-002   3.6256927E-004   2.5958677E-002   1.3085454E-003
   1.4200000E+001   6.7112105E-002   3.4542628E-004   2.6206205E-002   1.3461481E-003
   1.4240000E+001   6.7399887E-002   3.6816639E-004   2.6469834E-002   1.3741149E-003
   1.4280000E+001   6.7538960E-002   3.1487553E-004   2.6558283E-002   1.4420303E-003
   1.4320000E+001   6.7976716E-002   3.4057735E-004   2.6775569E-002   1.4374644E-003
   1.4360000E+001   6.8313233E-002   3.4376837E-004   2.7094843E-002   1.4466124E-003
   1.4400001E+001   6.8856727E-002   3.5604350E-004   2.7157396E-002   1.4083039E-003
   1.4440000E+001   6.9225845E-002   4.0508271E-004   2.7400553E-002   1.4519898E-003
   1.4480000E+001   6.9515186E-002   4.0386456E-004   2.7669726E-002   1.5712176E-003
   1.4520000E+001   6.9936590E-002   3.9064131E-004   2.7872765E-002   1.6912111E-003
   1.4560000E+001   7.0361642E-002   3.6887142E-004   2.8171879E-002   1.6974378E-003
   1.4600000E+001   7.0864878E-002   3.9179309E-004   2.8550606E-002   1.7082247E-003
   1.4640000E+001   7.1299033E-002   3.7270990E-004   2.8770515E-002   1.6890389E-003
   1.4680001E+001   7.1895009E-002   3.6545502E-004   2.9194768E-002   1.7082393E-003
   1.4720000E+001   7.2281712E-002   3.9565219E-004   2.9449945E-002   1.7836863E-003
   1.4760000E+001   7.2592810E-002   3.8962117E-004   2.9540655E-002   1.8919678E-003
   1.4800000E+001   7.2974644E-002   4.1088324E-004   2.9826764E-002   1.9373061E-003
   1.4840000E+001   7.3526381E-002   3.9632200E-004   3.0212715E-002   1.9089601E-003
   1.4880000E+001   7.3795821E-002   4.0277266E-004   3.0458889E-002   1.9237059E-003
   1.4920000E+001   7.4305023E-002   4.1045577E-004   3.0696887E-002   1.8900214E-003
   1.4960001E+001   7.4780237E-002   3.8751029E-004   3.0853166E-002   1.8342207E-003
   1.5000000E+001   7.5323780E-002   4.0709650E-004   3.1098299E-002   1.8851656E-003
   1.5039999E+001   7.5695323E-002   3.7319233E-004   3.1431205E-002   1.9197979E-003
   1.5080000E+001   7.6189238E-002   3.3815057E-004   3.1839699E-002   2.0112463E-003
   1.5120000E+001   7.6740876E-002   3.3029122E-004   3.2104197E-002   2.0990823E-003
   1.5160000E+001   7.7058613E-002   3.6386289E-004   3.2387178E-002   2.1210934E-003
   1.5200000E+001   7.7334453E-002   3.5808253E-004   3.2697719E-002   2.1286658E-003
   1.5240000E+001   7.7903941E-002   3.2421982E-004   3.2960075E-002   2.0909937E-003
   1.5280000E+001   7.8244125E-002   3.5040098E-004   3.3412031E-002   2.1848362E-003
   1.5319999E+001   7.8951998E-002   3.7541381E-004   3.3490925E-002   2.2152660E-003
   1.5360000E+001   7.9297939E-002   4.1358687E-004   3.3686975E-002   2.2403246E-003
   1.5400000E+001   7.9776981E-002   4.6764518E-004   3.3928392E-002   2.2810119E-003
   1.5440000E+001   8.0103472E-002   4.6540209E-004   3.4133165E-002   2.3992224E-003
   1.5480000E+001   8.0625033E-002   4.5020027E-004   3.4511524E-002   2.4489581E-003
   1.5520000E+001   8.0961686E-002   4.6036867E-004   3.4823154E-002   2.4853024E-003
   1.5560000E+001   8.1159191E-002   4.7734054E-004   3.5008748E-002   2.4464212E-003
   1.5599999E+001   8.1810426E-002   5.3184046E-004   3.5249066E-002   2.5262316E-003
   1.5640000E+001   8.2494411E-002   5.1609084E-004   3.5647507E-002   2.5376763E-003
   1.5680000E+001   8.2808098E-002   5.2815179E-004   3.5863217E-002   2.6409518E-003
   1.5720000E+001   8.3335323E-002   4.7579774E-004   3.6294114E-002   2.7440274E-003
   1.5760000E+001   8.3641410E-002   5.4463021E-004   3.6612079E-002   2.6897738E-003
   1.5800000E+001   8.3894266E-002   5.2079190E-004   3.6854515E-002   2.7658974E-003
   1.5840000E+001   8.4426407E-002   4.9807186E-004   3.7008810E-002   2.7849797E-003
   1.5880001E+001   8.4652736E-002   4.7289413E-004   3.7359156E-002   2.7886274E-003
   1.5920000E+001   8.5094126E-002   4.4935940E-004   3.7654737E-002   2.8165870E-003
   1.5960000E+001   8.5497118E-002   4.5234822E-004   3.7894552E-002   2.7310708E-003
   1.6000000E+001   8.5979459E-002   4.2921496E-004   3.8087460E-002   2.7411526E-003
   1.6040000E+001   8.6286391E-002   4.4933669E-004   3.8294589E-002   2.7295818E-003
   1.6080000E+001   8.6360439E-002   4.5543750E-004   3.8613865E-002   2.7245320E-003
   1.6120000E+001   8.6677045E-002   4.3433919E-004   3.8966668E-002   2.8705552E-003
   1.6160001E+001   8.7147977E-002   4.7576373E-004   3.9259357E-002   2.8682126E-003
   1.6200000E+001   8.7799965E-002   4.8861011E-004   3.9578137E-002   2.8255304E-003
   1.6240000E+001   8.8405833E-002   5.1283258E-004   3.9864506E-002   2.9957744E-003
   1.6280000E+001   8.8932575E-002   5.5067377E-004   4.0107861E-002   3.1043078E-003
   1.6320000E+001   8.9185461E-002   5.8410792E-004   4.0368540E-002   3.1888248E-003
   1.6360000E+001   8.9973198E-002   5.6293925E-004   4.0487850E-002   3.1998888E-003
   1.6400000E+001   9.0501443E-002   5.1444908E-004   4.0807750E-002   3.2584966E-003
   1.6440001E+001   9.1003156E-002   4.8001251E-004   4.1058283E-002   3.1988084E-003
   1.6480000E+001   9.1392470E-002   4.7298449E-004   4.1452373E-002   3.0599252E-003
   1.6520000E+001   9.1685738E-002   5.2791495E-004   4.1756162E-002   3.0603127E-003
   1.6560000E+001   9.2334927E-002   4.9085918E-004   4.2046390E-002   3.1161834E-003
   1.6600000E+001   9.2645922E-002   4.8643413E-004   4.2622368E-002   3.0933365E-003
   1.6640000E+001   9.3432026E-002   4.7512753E-004   4.2753419E-002   3.1320977E-003
   1.6680000E+001   9.3994838E-002   4.7931976E-004   4.3088572E-002   3.1378117E-003
   1.6720001E+001   9.4575765E-002   4.9276319E-004   4.3453885E-002   3.1331290E-003
   1.6760000E+001   9.5116794E-002   5.6631953E-004   4.3562791E-002   3.0325728E-003
   1.6799999E+001   9.5594001E-002   4.3348823E-004   4.3872184E-002   3.0065642E-003
   1.6840000E+001   9.6101354E-002   4.2923692E-004   4.4127609E-002   3.0056082E-003
   1.6880000E+001   9.6694412E-002   3.8833587E-004   4.4413144E-002   3.0668940E-003
   1.6920000E+001   9.7181525E-002   4.0562133E-004   4.4615206E-002   3.2184093E-003
   1.6960000E+001   9.7682636E-002   4.3147170E-004   4.4860087E-002   3.1928946E-003
   1.7000000E+001   9.8105207E-002   3.9779899E-004   4.5198041E-002   3.2344526E-003
   1.7040000E+001   9.8403101E-002   4.2148581E-004   4.5522491E-002   3.3492461E-003
   1.7079999E+001   9.8704389E-002   3.9174308E-004   4.5797733E-002   3.4913895E-003
   1.7120000E+001   9.9117899E-002   3.8657061E-004   4.6045650E-002   3.4561786E-003
   1.7160000E+001   9.9537691E-002   3.6463077E-004   4.6239566E-002   3.5703747E-003
   1.7200000E+001   1.0004488E-001   3.8488967E-004   4.6471203E-002   3.5470442E-003
   1.7240000E+001   1.0061269E-001   4.1906922E-004   4.6909111E-002   3.6435935E-003
   1.7280000E+001   1.0110228E-001   4.1014116E-004   4.7186047E-002   3.6973224E-003
   1.7320000E+001   1.0162382E-001   4.4469360E-004   4.7443436E-002   3.7370440E-003
   1.7359999E+001   1.0209402E-001   4.6088504E-004   4.7789009E-002   3.8228651E-003
   1.7400000E+001   1.0265843E-001   4.4385788E-004   4.8033637E-002   3.8671135E-003
   1.7440000E+001   1.0302017E-001   3.8439978E-004   4.8366763E-002   3.9202154E-003
   1.7480000E+001   1.0354440E-001   4.2493283E-004   4.8599302E-002   4.0035433E-003
   1.7520000E+001   1.0403824E-001   4.4471277E-004   4.8975643E-002   3.9438357E-003
   1.7560000E+001   1.0454030E-001   4.5393049E-004   4.9243334E-002   4.0060240E-003
   1.7600000E+001   1.0518146E-001   4.0883432E-004   4.9706682E-002   4.0100432E-003
   1.7640001E+001   1.0588273E-001   4.4470995E-004   4.9995017E-002   4.0397972E-003
   1.7680000E+001   1.0612376E-001   4.1598244E-004   5.0341237E-002   3.9960644E-003
   1.7720000E+001   1.0681761E-001   3.9206339E-004   5.0691334E-002   4.0705728E-003
   1.7760000E+001   1.0730246E-001   3.6474184E-004   5.1063880E-002   4.1181604E-003
   1.7800000E+001   1.0789959E-001   3.4835822E-004   5.1361555E-002   4.2640744E-003
   1.7840000E+001   1.0831712E-001   3.3858988E-004   5.1748810E-002   4.3292552E-003
   1.7880000E+001   1.0914664E-001   4.1473876E-004   5.1825350E-002   4.2484440E-003
   1.7920001E+001   1.0956143E-001   4.4814378E-004   5.2055692E-002   4.3484407E-003
   1.7960000E+001   1.0998878E-001   4.3296251E-004   5.2535284E-002   4.2087182E-003
   1.8000000E+001   1.1036501E-001   5.1710074E-004   5.2850459E-002   4.3024803E-003
   1.8040000E+001   1.1148872E-001   5.0718479E-004   5.3130532E-002   4.3355607E-003
   1.8080000E+001   1.1196473E-001   5.4961097E-004   5.3439663E-002   4.4220132E-003
   1.8120000E+001   1.1262845E-001   5.5524867E-004   5.3624963E-002   4.6204375E-003
   1.8160000E+001   1.1319583E-001   6.0964989E-004   5.3883194E-002   4.5435652E-003
   1.8200001E+001   1.1364329E-001   5.6274121E-004   5.4174109E-002   4.6157384E-003
   1.8240000E+001   1.1433798E-001   5.8388202E-004   5.4439615E-002   4.7367597E-003
   1.8279999E+001   1.1490017E-001   5.6034524E-004   5.4708525E-002   4.7096299E-003
   1.8320000E+001   1.1554501E-001   5.3557835E-004   5.5048290E-002   4.7640727E-003
   1.8360000E+001   1.1607439E-001   5.6328323E-004   5.5283636E-002   4.8561571E-003
   1.8400000E+001   1.1641628E-001   5.6738482E-004   5.5372029E-002   4.6619073E-003
   1.8440000E+001   1.1702425E-001   6.0206900E-004   5.5561549E-002   4.6845768E-003
   1.8480000E+001   1.1770581E-001   5.6763113E-004   5.5913336E-002   4.5577167E-003
   1.8520000E+001   1.1806071E-001   5.6717907E-004   5.6294451E-002   4.5269309E-003
   1.8559999E+001   1.1885051E-001   5.2339746E-004   5.6778263E-002   4.4857392E-003
   1.8600000E+001   1.1907553E-001   4.6513420E-004   5.7018794E-002   4.4744478E-003
   1.8640000E+001   1.1969026E-001   5.3309269E-004   5.7159480E-002   4.5268227E-003
   1.8680000E+001   1.2008137E-001   4.2424391E-004   5.7424131E-002   4.6234890E-003
   1.8720000E+001   1.2076858E-001   3.9957211E-004   5.7756613E-002   4.6221739E-003
   1.8760000E+001   1.2140002E-001   7.2509555E-004   5.8138634E-002   4.8187927E-003
   1.8800000E+001   1.2216921E-001   6.2131688E-004   5.8403906E-002   4.7647129E-003
   1.8839999E+001   1.2263021E-001   6.5285266E-004   5.8859875E-002   4.7079539E-003
   1.8880000E+001   1.2335868E-001   6.8167740E-004   5.9152097E-002   4.8392666E-003
   1.8920000E+001   1.2355648E-001   9.1309880E-004   5.9446642E-002   4.7765476E-003
   1.8960000E+001   1.2416022E-001   9.9907520E-004   5.9593492E-002   4.8377595E-003
   1.9000000E+001   1.2449110E-001   1.0851817E-003   5.9847163E-002   4.7848239E-003
   1.9040000E+001   1.2514094E-001   7.6136958E-004   6.0198144E-002   4.8747681E-003
   1.9080000E+001   1.2596857E-001   1.0550027E-003   6.0524090E-002   4.7749382E-003
   1.9119999E+001   1.2654456E-001   9.8355178E-004   6.0561936E-002   4.8391581E-003
   1.9160000E+001   1.2709110E-001   7.9816121E-004   6.0753923E-002   4.6773375E-003
   1.9200000E+001   1.2783557E-001   1.0679467E-003   6.1149990E-002   4.7908508E-003
   1.9240000E+001   1.2834037E-001   7.7878980E-004   6.1495132E-002   4.7200427E-003
   1.9280000E+001   1.2899244E-001   7.4477333E-004   6.1913693E-002   4.8662439E-003
   1.9320000E+001   1.2949834E-001   1.0038792E-003   6.1978665E-002   4.7342041E-003
   1.9360000E+001   1.3004802E-001   1.1132721E-003   6.2094566E-002   4.7185131E-003
   1.9400001E+001   1.3063994E-001   7.5474127E-004   6.2313212E-002   4.7854872E-003
   1.9440000E+001   1.3133111E-001   1.0202261E-003   6.2668174E-002   4.9173463E-003
   1.9480000E+001   1.3203932E-001   1.1156109E-003   6.2808637E-002   4.7178594E-003
   1.9520000E+001   1.3252449E-001   1.0020341E-003   6.2922572E-002   4.8425497E-003
   1.9560000E+001   1.3302697E-001   1.0000795E-003   6.3019830E-002   4.8641528E-003
   1.9600000E+001   1.3359000E-001   1.0212026E-003   6.3342699E-002   4.9012363E-003
   1.9640000E+001   1.3413828E-001   8.7005519E-004   6.3757846E-002   5.0534470E-003
   1.9680001E+001   1.3508827E-001   1.0726177E-003   6.4287994E-002   5.0970705E-003
   1.9720000E+001   1.3551110E-001   1.0779783E-003   6.4358032E-002   5.1688756E-003
   1.9760000E+001   1.3589940E-001   1.0288514E-003   6.4597823E-002   5.2002129E-003
   1.9800000E+001   1.3663001E-001   1.1223297E-003   6.4921586E-002   5.2591792E-003
   1.9840000E+001   1.3743423E-001   1.1367543E-003   6.4987251E-002   5.2530509E-003
   1.9880000E+001   1.3789313E-001   1.0066167E-003   6.5418982E-002   5.3206832E-003
   1.9920000E+001   1.3831725E-001   1.0248885E-003   6.5473575E-002   5.2248528E-003
   1.9960001E+001   1.3869810E-001   1.0413701E-003   6.5744928E-002   5.2962402E-003
   2.0000000E+001   1.3898457E-001   1.0907467E-003   6.6135919E-002   5.4287589E-003
