         0.0800         0.0000         0.0000         0.0000         0.0000         0.0000
         0.1200         0.0000         0.0000         0.0000         0.0000         0.0000
         0.1600         0.0000         0.0000         0.0000         0.0000         0.0000
         0.2000         0.0000         0.0000         0.0000         0.0000         0.0000
         0.2400         0.0000         0.0000         0.0000         0.0000         0.0000
         0.2800         0.0000         0.0000         0.0000         0.0000         0.0000
         0.3200         0.0000         0.0000         0.0000         0.0000         0.0000
         0.3600         0.0000         0.0000         0.0000         0.0000         0.0000
         0.4000         0.0000         0.0000         0.0000         0.0000         0.0000
         0.4400         0.0000         0.0000         0.0000         0.0000         0.0000
         0.4800         0.0000         0.0000         0.0000         0.0000         0.0000
         0.5200         0.0000         0.0000         0.0000         0.0000         0.0000
         0.5600         0.0000         0.0000         0.0000         0.0000         0.0000
         0.6000         0.0000         0.0000         0.0000         0.0000         0.0000
         0.6400         0.0000         0.0000         0.0000         0.0000         0.0000
         0.6800         0.0000         0.0000         0.0000         0.0000         0.0000
         0.7200         0.0000         0.0000         0.0000         0.0000         0.0000
         0.7600         0.0000         0.0000         0.0000         0.0000         0.0000
         0.8000         0.0000         0.0000         0.0000         0.0000         0.0000
         0.8400         0.0000         0.0000         0.0000         0.0000         0.0000
         0.8800         0.0000         0.0000         0.0000         0.0000         0.0000
         0.9200         0.0000         0.0000         0.0000         0.0000         0.0000
         0.9600         0.0001         0.0000         0.0001         0.0000         0.0000
         1.0000         0.0005         0.0000         0.0006         0.0000         0.0000
         1.0400         0.0016         0.0001         0.0015         0.0001         0.0000
         1.0800         0.0030         0.0002         0.0030         0.0002         0.0000
         1.1200         0.0043         0.0003         0.0045         0.0004         0.0000
         1.1600         0.0061         0.0004         0.0062         0.0005         0.0000
         1.2000         0.0075         0.0005         0.0078         0.0008         0.0000
         1.2400         0.0096         0.0006         0.0098         0.0006         0.0000
         1.2800         0.0117         0.0007         0.0121         0.0010         0.0000
         1.3200         0.0144         0.0011         0.0144         0.0009         0.0000
         1.3600         0.0171         0.0010         0.0164         0.0012         0.0000
         1.4000         0.0196         0.0013         0.0186         0.0014         0.0000
         1.4400         0.0221         0.0015         0.0214         0.0016         0.0000
         1.4800         0.0246         0.0023         0.0238         0.0018         0.0000
         1.5200         0.0265         0.0025         0.0265         0.0019         0.0000
         1.5600         0.0299         0.0026         0.0298         0.0017         0.0000
         1.6000         0.0324         0.0028         0.0325         0.0027         0.0000
         1.6400         0.0341         0.0032         0.0357         0.0029         0.0000
         1.6800         0.0375         0.0034         0.0392         0.0033         0.0000
         1.7200         0.0412         0.0032         0.0424         0.0035         0.0000
         1.7600         0.0441         0.0036         0.0451         0.0038         0.0000
         1.8000         0.0485         0.0046         0.0488         0.0040         0.0000
         1.8400         0.0521         0.0047         0.0531         0.0040         0.0000
         1.8800         0.0555         0.0052         0.0565         0.0053         0.0000
         1.9200         0.0598         0.0068         0.0614         0.0046         0.0000
         1.9600         0.0625         0.0066         0.0657         0.0050         0.0000
         2.0000         0.0660         0.0066         0.0699         0.0054         0.0000
         2.0400         0.0715         0.0075         0.0742         0.0066         0.0000
         2.0800         0.0771         0.0075         0.0796         0.0078         0.0000
         2.1200         0.0807         0.0085         0.0843         0.0086         0.0000
         2.1600         0.0855         0.0095         0.0877         0.0090         0.0000
         2.2000         0.0902         0.0103         0.0912         0.0096         0.0000
         2.2400         0.0941         0.0103         0.0966         0.0108         0.0000
         2.2800         0.0983         0.0111         0.0998         0.0106         0.0000
         2.3200         0.1034         0.0111         0.1033         0.0108         0.0000
         2.3600         0.1091         0.0118         0.1079         0.0116         0.0000
         2.4000         0.1142         0.0122         0.1119         0.0118         0.0000
         2.4400         0.1184         0.0127         0.1164         0.0123         0.0000
         2.4800         0.1244         0.0132         0.1229         0.0127         0.0000
         2.5200         0.1280         0.0135         0.1295         0.0136         0.0000
         2.5600         0.1327         0.0146         0.1376         0.0144         0.0000
         2.6000         0.1387         0.0153         0.1433         0.0147         0.0000
         2.6400         0.1416         0.0153         0.1488         0.0156         0.0000
         2.6800         0.1487         0.0160         0.1546         0.0158         0.0000
         2.7200         0.1549         0.0168         0.1588         0.0162         0.0000
         2.7600         0.1625         0.0170         0.1654         0.0178         0.0000
         2.8000         0.1698         0.0174         0.1706         0.0181         0.0000
         2.8400         0.1753         0.0182         0.1777         0.0183         0.0000
         2.8800         0.1816         0.0184         0.1839         0.0188         0.0000
         2.9200         0.1892         0.0189         0.1889         0.0194         0.0000
         2.9600         0.1939         0.0199         0.1942         0.0199         0.0000
         3.0000         0.2014         0.0203         0.2011         0.0207         0.0000
         3.0400         0.2088         0.0217         0.2099         0.0211         0.0000
         3.0800         0.2143         0.0230         0.2174         0.0225         0.0000
         3.1200         0.2204         0.0236         0.2244         0.0233         0.0000
         3.1600         0.2277         0.0240         0.2345         0.0239         0.0000
         3.2000         0.2343         0.0236         0.2423         0.0244         0.0000
         3.2400         0.2434         0.0249         0.2485         0.0252         0.0000
         3.2800         0.2520         0.0270         0.2550         0.0259         0.0000
         3.3200         0.2599         0.0279         0.2625         0.0269         0.0000
         3.3600         0.2685         0.0289         0.2697         0.0283         0.0000
         3.4000         0.2777         0.0312         0.2760         0.0295         0.0000
         3.4400         0.2870         0.0319         0.2855         0.0305         0.0000
         3.4800         0.2935         0.0318         0.2933         0.0307         0.0000
         3.5200         0.2994         0.0334         0.3019         0.0320         0.0000
         3.5600         0.3058         0.0332         0.3079         0.0330         0.0000
         3.6000         0.3130         0.0338         0.3152         0.0338         0.0000
         3.6400         0.3206         0.0355         0.3241         0.0346         0.0000
         3.6800         0.3300         0.0382         0.3354         0.0370         0.0000
         3.7200         0.3402         0.0382         0.3418         0.0375         0.0000
         3.7600         0.3480         0.0382         0.3499         0.0378         0.0000
         3.8000         0.3564         0.0398         0.3585         0.0389         0.0000
         3.8400         0.3645         0.0413         0.3698         0.0397         0.0000
         3.8800         0.3750         0.0420         0.3784         0.0398         0.0000
         3.9200         0.3839         0.0425         0.3877         0.0423         0.0000
         3.9600         0.3929         0.0437         0.3959         0.0443         0.0000
         4.0000         0.4063         0.0456         0.4051         0.0452         0.0000
         4.0400         0.4153         0.0471         0.4140         0.0480         0.0000
         4.0800         0.4248         0.0478         0.4246         0.0488         0.0000
         4.1200         0.4302         0.0494         0.4362         0.0500         0.0000
         4.1600         0.4391         0.0503         0.4460         0.0528         0.0000
         4.2000         0.4455         0.0517         0.4516         0.0542         0.0000
         4.2400         0.4556         0.0526         0.4599         0.0543         0.0000
         4.2800         0.4660         0.0541         0.4722         0.0560         0.0000
         4.3200         0.4762         0.0551         0.4838         0.0559         0.0000
         4.3600         0.4881         0.0567         0.4901         0.0580         0.0000
         4.4000         0.4970         0.0578         0.5027         0.0586         0.0000
         4.4400         0.5065         0.0590         0.5111         0.0596         0.0000
         4.4800         0.5170         0.0607         0.5205         0.0601         0.0000
         4.5200         0.5252         0.0610         0.5334         0.0621         0.0000
         4.5600         0.5371         0.0630         0.5472         0.0629         0.0000
         4.6000         0.5467         0.0640         0.5569         0.0628         0.0000
         4.6400         0.5593         0.0637         0.5680         0.0642         0.0000
         4.6800         0.5675         0.0646         0.5770         0.0642         0.0000
         4.7200         0.5778         0.0674         0.5883         0.0667         0.0000
         4.7600         0.5885         0.0668         0.5934         0.0678         0.0000
         4.8000         0.5995         0.0683         0.6066         0.0688         0.0000
         4.8400         0.6098         0.0696         0.6196         0.0699         0.0000
         4.8800         0.6216         0.0707         0.6332         0.0714         0.0000
         4.9200         0.6362         0.0692         0.6472         0.0724         0.0000
         4.9600         0.6475         0.0709         0.6620         0.0741         0.0000
         5.0000         0.6624         0.0735         0.6702         0.0754         0.0000
         5.0400         0.6708         0.0765         0.6804         0.0753         0.0000
         5.0800         0.6804         0.0759         0.6919         0.0772         0.0000
         5.1200         0.6877         0.0747         0.7042         0.0783         0.0000
         5.1600         0.6977         0.0760         0.7176         0.0790         0.0000
         5.2000         0.7078         0.0773         0.7362         0.0793         0.0000
         5.2400         0.7175         0.0794         0.7502         0.0799         0.0000
         5.2800         0.7285         0.0796         0.7679         0.0814         0.0000
         5.3200         0.7368         0.0793         0.7844         0.0818         0.0000
         5.3600         0.7447         0.0789         0.8029         0.0830         0.0000
         5.4000         0.7609         0.0810         0.8214         0.0841         0.0000
         5.4400         0.7692         0.0813         0.8354         0.0870         0.0000
         5.4800         0.7757         0.0816         0.8556         0.0889         0.0000
         5.5200         0.7818         0.0817         0.8766         0.0921         0.0000
         5.5600         0.7858         0.0818         0.8995         0.0942         0.0000
         5.6000         0.7856         0.0841         0.9260         0.0973         0.0000
         5.6400         0.7842         0.0827         0.9508         0.0997         0.0000
         5.6800         0.7819         0.0835         0.9751         0.1002         0.0000
         5.7200         0.7789         0.0806         1.0062         0.1034         0.0000
         5.7600         0.7674         0.0790         1.0374         0.1066         0.0000
         5.8000         0.7606         0.0782         1.0728         0.1103         0.0000
         5.8400         0.7480         0.0774         1.1176         0.1133         0.0000
         5.8800         0.7290         0.0742         1.1374         0.1152         0.0021
         5.9200         0.6987         0.0727         1.0708         0.1092         0.0339
         5.9600         0.6671         0.0689         0.8758         0.0911         0.1937
         6.0000         0.6337         0.0644         0.6202         0.0642         0.5693
         6.0400         0.5966         0.0595         0.4099         0.0417         1.1036
         6.0800         0.5637         0.0567         0.2843         0.0286         1.6517
         6.1200         0.5345         0.0542         0.2266         0.0221         2.1073
         6.1600         0.5079         0.0518         0.2048         0.0201         2.4386
         6.2000         0.4886         0.0480         0.2034         0.0191         2.6595
         6.2400         0.4713         0.0451         0.2091         0.0196         2.7989
         6.2800         0.4559         0.0426         0.2227         0.0198         2.8836
         6.3200         0.4433         0.0406         0.2390         0.0212         2.9337
         6.3600         0.4328         0.0376         0.2551         0.0225         2.9628
         6.4000         0.4254         0.0353         0.2694         0.0230         2.9794
         6.4400         0.4206         0.0359         0.2851         0.0233         2.9887
         6.4800         0.4191         0.0337         0.3005         0.0255         2.9939
         6.5200         0.4181         0.0329         0.3135         0.0272         2.9967
         6.5600         0.4169         0.0354         0.3261         0.0278         2.9983
         6.6000         0.4161         0.0363         0.3382         0.0310         2.9991
         6.6400         0.4156         0.0365         0.3473         0.0314         2.9995
         6.6800         0.4202         0.0365         0.3586         0.0325         2.9998
         6.7200         0.4228         0.0334         0.3672         0.0328         2.9999
         6.7600         0.4241         0.0368         0.3787         0.0338         2.9999
         6.8000         0.4255         0.0371         0.3894         0.0348         3.0000
         6.8400         0.4305         0.0354         0.4019         0.0345         3.0000
         6.8800         0.4352         0.0384         0.4114         0.0347         3.0000
         6.9200         0.4430         0.0382         0.4195         0.0344         3.0000
         6.9600         0.4469         0.0383         0.4268         0.0341         3.0000
         7.0000         0.4514         0.0399         0.4347         0.0375         3.0000
         7.0400         0.4594         0.0383         0.4416         0.0380         3.0000
         7.0800         0.4682         0.0393         0.4491         0.0383         3.0000
         7.1200         0.4771         0.0373         0.4548         0.0385         3.0000
         7.1600         0.4844         0.0375         0.4644         0.0389         3.0000
         7.2000         0.4891         0.0370         0.4756         0.0399         3.0000
         7.2400         0.4929         0.0368         0.4814         0.0369         3.0000
         7.2800         0.4972         0.0370         0.4916         0.0382         3.0000
         7.3200         0.5053         0.0368         0.4998         0.0384         3.0000
         7.3600         0.5098         0.0370         0.5082         0.0375         3.0000
         7.4000         0.5177         0.0380         0.5133         0.0375         3.0000
         7.4400         0.5255         0.0378         0.5143         0.0376         3.0000
         7.4800         0.5325         0.0383         0.5264         0.0383         3.0000
         7.5200         0.5406         0.0394         0.5298         0.0387         3.0000
         7.5600         0.5472         0.0384         0.5400         0.0389         3.0000
         7.6000         0.5503         0.0391         0.5483         0.0388         3.0000
         7.6400         0.5558         0.0384         0.5588         0.0388         3.0000
         7.6800         0.5658         0.0391         0.5685         0.0378         3.0000
         7.7200         0.5753         0.0395         0.5767         0.0380         3.0000
         7.7600         0.5828         0.0379         0.5848         0.0386         3.0000
         7.8000         0.5924         0.0371         0.5927         0.0398         3.0000
         7.8400         0.6014         0.0376         0.6015         0.0406         3.0000
         7.8800         0.6099         0.0381         0.6135         0.0412         3.0000
         7.9200         0.6176         0.0391         0.6237         0.0418         3.0000
         7.9600         0.6273         0.0401         0.6320         0.0419         3.0000
         8.0000         0.6379         0.0413         0.6415         0.0434         3.0000
         8.0400         0.6467         0.0425         0.6517         0.0417         3.0000
         8.0800         0.6542         0.0425         0.6624         0.0421         3.0000
         8.1200         0.6632         0.0426         0.6715         0.0437         3.0000
         8.1600         0.6712         0.0429         0.6799         0.0425         3.0000
         8.2000         0.6809         0.0443         0.6928         0.0435         3.0000
         8.2400         0.6905         0.0454         0.7059         0.0441         3.0000
         8.2800         0.6987         0.0454         0.7148         0.0448         3.0000
         8.3200         0.7111         0.0453         0.7222         0.0458         3.0000
         8.3600         0.7195         0.0465         0.7326         0.0460         3.0000
         8.4000         0.7317         0.0471         0.7410         0.0472         3.0000
         8.4400         0.7414         0.0476         0.7514         0.0486         3.0000
         8.4800         0.7530         0.0485         0.7589         0.0473         3.0000
         8.5200         0.7649         0.0495         0.7669         0.0483         3.0000
         8.5600         0.7742         0.0500         0.7779         0.0478         3.0000
         8.6000         0.7861         0.0503         0.7889         0.0480         3.0000
         8.6400         0.7922         0.0503         0.7990         0.0485         3.0000
         8.6800         0.8039         0.0521         0.8077         0.0491         3.0000
         8.7200         0.8116         0.0514         0.8164         0.0504         3.0000
         8.7600         0.8211         0.0510         0.8233         0.0500         3.0000
         8.8000         0.8350         0.0519         0.8297         0.0498         3.0000
         8.8400         0.8461         0.0515         0.8416         0.0496         3.0000
         8.8800         0.8543         0.0519         0.8501         0.0502         3.0000
         8.9200         0.8619         0.0521         0.8582         0.0510         3.0000
         8.9600         0.8754         0.0529         0.8726         0.0508         3.0000
         9.0000         0.8845         0.0537         0.8842         0.0521         3.0000
         9.0400         0.8950         0.0538         0.8932         0.0532         3.0000
         9.0800         0.9038         0.0523         0.8991         0.0527         3.0000
         9.1200         0.9099         0.0516         0.9023         0.0519         3.0000
         9.1600         0.9197         0.0510         0.9110         0.0511         3.0000
         9.2000         0.9365         0.0524         0.9231         0.0514         3.0000
         9.2400         0.9485         0.0515         0.9330         0.0494         3.0000
         9.2800         0.9582         0.0517         0.9465         0.0520         3.0000
         9.3200         0.9647         0.0530         0.9541         0.0488         3.0000
         9.3600         0.9768         0.0513         0.9646         0.0484         3.0000
         9.4000         0.9874         0.0517         0.9749         0.0483         3.0000
         9.4400         1.0045         0.0521         0.9837         0.0505         3.0000
         9.4800         1.0164         0.0519         0.9947         0.0508         3.0000
         9.5200         1.0304         0.0520         1.0081         0.0507         3.0000
         9.5600         1.0376         0.0513         1.0179         0.0511         3.0000
         9.6000         1.0486         0.0512         1.0320         0.0511         3.0000
         9.6400         1.0619         0.0528         1.0430         0.0507         3.0000
         9.6800         1.0765         0.0553         1.0528         0.0507         3.0000
         9.7200         1.0873         0.0554         1.0661         0.0522         3.0000
         9.7600         1.1006         0.0562         1.0742         0.0530         3.0000
         9.8000         1.1101         0.0564         1.0818         0.0523         3.0000
         9.8400         1.1182         0.0562         1.0917         0.0529         3.0000
         9.8800         1.1292         0.0558         1.1054         0.0547         3.0000
         9.9200         1.1456         0.0581         1.1094         0.0548         3.0000
         9.9600         1.1615         0.0588         1.1148         0.0553         3.0000
        10.0000         1.1797         0.0606         1.1223         0.0539         3.0000
        10.0400         1.1969         0.0621         1.1301         0.0549         3.0000
        10.0800         1.2163         0.0606         1.1441         0.0548         3.0000
        10.1200         1.2346         0.0616         1.1501         0.0545         3.0000
        10.1600         1.2554         0.0610         1.1525         0.0527         3.0000
        10.2000         1.2762         0.0610         1.1562         0.0517         3.0000
        10.2400         1.2968         0.0605         1.1548         0.0518         3.0000
        10.2800         1.3277         0.0612         1.1557         0.0524         3.0000
        10.3200         1.3555         0.0629         1.1502         0.0511         2.9999
        10.3600         1.3865         0.0630         1.1471         0.0502         2.9999
        10.4000         1.4156         0.0626         1.1361         0.0505         2.9998
        10.4400         1.4491         0.0646         1.1182         0.0505         2.9995
        10.4800         1.4877         0.0644         1.1028         0.0490         2.9991
        10.5200         1.5249         0.0658         1.0825         0.0476         2.9983
        10.5600         1.5745         0.0686         1.0577         0.0469         2.9967
        10.6000         1.6336         0.0699         1.0294         0.0453         2.9939
        10.6400         1.7075         0.0734         0.9923         0.0433         2.9887
        10.6800         1.7804         0.0762         0.9530         0.0418         2.9794
        10.7200         1.8666         0.0785         0.9116         0.0401         2.9628
        10.7600         1.9688         0.0850         0.8733         0.0373         2.9337
        10.8000         2.0858         0.0899         0.8455         0.0368         2.8836
        10.8400         2.2213         0.0927         0.8318         0.0366         2.7989
        10.8800         2.3750         0.0986         0.8609         0.0385         2.6595
        10.9200         2.5443         0.1043         0.9782         0.0441         2.4386
        10.9600         2.7357         0.1090         1.2613         0.0545         2.1073
        11.0000         2.9448         0.1170         1.8506         0.0793         1.6517
        11.0400         3.1801         0.1254         2.8826         0.1178         1.1036
        11.0800         3.4184         0.1339         4.1851         0.1692         0.5693
        11.1200         3.6424         0.1441         5.2375         0.2096         0.1937
        11.1600         3.8485         0.1524         5.6963         0.2303         0.0339
        11.2000         4.0405         0.1605         5.7409         0.2327         0.0021
        11.2400         4.2144         0.1689         5.6882         0.2296         0.0000
        11.2800         4.3494         0.1756         5.6111         0.2241         0.0000
        11.3200         4.4746         0.1807         5.5541         0.2214         0.0000
        11.3600         4.5844         0.1844         5.5178         0.2207         0.0000
        11.4000         4.6965         0.1894         5.4938         0.2207         0.0000
        11.4400         4.7840         0.1901         5.4712         0.2203         0.0000
        11.4800         4.8655         0.1930         5.4646         0.2180         0.0000
        11.5200         4.9471         0.1944         5.4660         0.2156         0.0000
        11.5600         5.0267         0.1972         5.4696         0.2127         0.0000
        11.6000         5.0991         0.2037         5.4734         0.2138         0.0000
        11.6400         5.1779         0.2060         5.4782         0.2158         0.0000
        11.6800         5.2436         0.2091         5.4951         0.2122         0.0000
        11.7200         5.3116         0.2108         5.5156         0.2142         0.0000
        11.7600         5.3652         0.2083         5.5499         0.2151         0.0000
        11.8000         5.4147         0.2098         5.5606         0.2154         0.0000
        11.8400         5.4588         0.2106         5.5891         0.2167         0.0000
        11.8800         5.5221         0.2120         5.6130         0.2170         0.0000
        11.9200         5.5682         0.2184         5.6520         0.2171         0.0000
        11.9600         5.6249         0.2132         5.6866         0.2169         0.0000
        12.0000         5.6674         0.2128         5.7087         0.2176         0.0000
        12.0400         5.7104         0.2167         5.7497         0.2180         0.0000
        12.0800         5.7487         0.2182         5.7881         0.2194         0.0000
        12.1200         5.7901         0.2185         5.8292         0.2205         0.0000
        12.1600         5.8271         0.2216         5.8717         0.2234         0.0000
        12.2000         5.8786         0.2230         5.9165         0.2218         0.0000
        12.2400         5.9164         0.2226         5.9530         0.2213         0.0000
        12.2800         5.9632         0.2211         5.9787         0.2214         0.0000
        12.3200         6.0274         0.2231         6.0221         0.2203         0.0000
        12.3600         6.0690         0.2194         6.0683         0.2212         0.0000
        12.4000         6.0961         0.2182         6.1041         0.2210         0.0000
        12.4400         6.1268         0.2173         6.1595         0.2238         0.0000
        12.4800         6.1724         0.2216         6.1872         0.2266         0.0000
        12.5200         6.2130         0.2215         6.2447         0.2273         0.0000
        12.5600         6.2776         0.2220         6.2793         0.2273         0.0000
        12.6000         6.3262         0.2216         6.3231         0.2266         0.0000
        12.6400         6.3651         0.2212         6.3688         0.2278         0.0000
        12.6800         6.4057         0.2218         6.4179         0.2316         0.0000
        12.7200         6.4520         0.2228         6.4568         0.2315         0.0000
        12.7600         6.4950         0.2208         6.4987         0.2305         0.0000
        12.8000         6.5337         0.2213         6.5574         0.2319         0.0000
        12.8400         6.5690         0.2174         6.6003         0.2278         0.0000
        12.8800         6.6146         0.2188         6.6453         0.2298         0.0000
        12.9200         6.6526         0.2205         6.6816         0.2270         0.0000
        12.9600         6.7019         0.2196         6.7330         0.2241         0.0000
        13.0000         6.7444         0.2192         6.7699         0.2227         0.0000
        13.0400         6.7963         0.2171         6.7971         0.2200         0.0000
        13.0800         6.8456         0.2177         6.8388         0.2200         0.0000
        13.1200         6.8748         0.2186         6.8819         0.2243         0.0000
        13.1600         6.9374         0.2201         6.9284         0.2232         0.0000
        13.2000         6.9797         0.2198         6.9585         0.2229         0.0000
        13.2400         7.0236         0.2222         7.0131         0.2198         0.0000
        13.2800         7.0724         0.2242         7.0698         0.2213         0.0000
        13.3200         7.1117         0.2250         7.1182         0.2192         0.0000
        13.3600         7.1665         0.2228         7.1578         0.2208         0.0000
        13.4000         7.2323         0.2237         7.2080         0.2209         0.0000
        13.4400         7.2742         0.2190         7.2503         0.2208         0.0000
        13.4800         7.3211         0.2202         7.3024         0.2211         0.0000
        13.5200         7.3625         0.2202         7.3591         0.2258         0.0000
        13.5600         7.4152         0.2237         7.4037         0.2192         0.0000
        13.6000         7.4607         0.2237         7.4664         0.2218         0.0000
        13.6400         7.5130         0.2194         7.5103         0.2244         0.0000
        13.6800         7.5646         0.2183         7.5445         0.2154         0.0000
        13.7200         7.6007         0.2179         7.5923         0.2177         0.0000
        13.7600         7.6442         0.2165         7.6406         0.2179         0.0000
        13.8000         7.6951         0.2172         7.6750         0.2166         0.0000
        13.8400         7.7380         0.2194         7.7201         0.2124         0.0000
        13.8800         7.7991         0.2171         7.7667         0.2088         0.0000
        13.9200         7.8476         0.2172         7.8294         0.2101         0.0000
        13.9600         7.8885         0.2112         7.8792         0.2074         0.0000
        14.0000         7.9445         0.2094         7.9249         0.2065         0.0000
        14.0400         7.9928         0.2048         7.9783         0.2030         0.0000
        14.0800         8.0411         0.1988         8.0154         0.2037         0.0000
        14.1200         8.0875         0.1962         8.0605         0.1990         0.0000
        14.1600         8.1376         0.1967         8.1068         0.2008         0.0000
        14.2000         8.1883         0.1985         8.1791         0.2065         0.0000
        14.2400         8.2381         0.1957         8.2184         0.2017         0.0000
        14.2800         8.2987         0.1951         8.2827         0.1999         0.0000
        14.3200         8.3500         0.1888         8.3340         0.1947         0.0000
        14.3600         8.4096         0.1905         8.3799         0.1922         0.0000
        14.4000         8.4621         0.1886         8.4343         0.1907         0.0000
        14.4400         8.5190         0.1884         8.4912         0.1885         0.0000
        14.4800         8.5679         0.1913         8.5493         0.1870         0.0000
        14.5200         8.6203         0.1872         8.6079         0.1845         0.0000
        14.5600         8.6732         0.1858         8.6607         0.1822         0.0000
        14.6000         8.7146         0.1793         8.7139         0.1785         0.0000
        14.6400         8.7489         0.1726         8.7477         0.1763         0.0000
        14.6800         8.7912         0.1745         8.7847         0.1742         0.0000
        14.7200         8.8497         0.1736         8.8249         0.1742         0.0000
        14.7600         8.9063         0.1767         8.8877         0.1727         0.0000
        14.8000         8.9773         0.1763         8.9408         0.1726         0.0000
        14.8400         9.0243         0.1704         9.0038         0.1691         0.0000
        14.8800         9.0915         0.1687         9.0632         0.1667         0.0000
        14.9200         9.1474         0.1679         9.1137         0.1642         0.0000
        14.9600         9.1876         0.1637         9.1722         0.1624         0.0000
        15.0000         9.2377         0.1601         9.2450         0.1574         0.0000
        15.0400         9.2895         0.1510         9.3083         0.1550         0.0000
        15.0800         9.3628         0.1468         9.3695         0.1510         0.0000
        15.1200         9.4124         0.1420         9.4310         0.1479         0.0000
        15.1600         9.4737         0.1418         9.4897         0.1473         0.0000
        15.2000         9.5379         0.1407         9.5281         0.1444         0.0000
        15.2400         9.5843         0.1373         9.5975         0.1364         0.0000
        15.2800         9.6333         0.1356         9.6548         0.1388         0.0000
        15.3200         9.6906         0.1334         9.6990         0.1324         0.0000
        15.3600         9.7521         0.1326         9.7611         0.1315         0.0000
        15.4000         9.8014         0.1294         9.8039         0.1314         0.0000
        15.4400         9.8516         0.1242         9.8559         0.1278         0.0000
        15.4800         9.9009         0.1219         9.9133         0.1225         0.0000
        15.5200         9.9677         0.1202         9.9613         0.1162         0.0000
        15.5600        10.0428         0.1167        10.0283         0.1145         0.0000
        15.6000        10.0934         0.1125        10.0927         0.1113         0.0000
        15.6400        10.1571         0.1082        10.1615         0.1082         0.0000
        15.6800        10.2274         0.1070        10.2256         0.1077         0.0000
        15.7200        10.2899         0.1052        10.2944         0.1049         0.0000
        15.7600        10.3594         0.1019        10.3523         0.1033         0.0000
        15.8000        10.4151         0.0998        10.4069         0.1023         0.0000
        15.8400        10.4766         0.0984        10.4804         0.1029         0.0000
        15.8800        10.5304         0.0957        10.5416         0.1007         0.0000
        15.9200        10.5826         0.0942        10.6178         0.0981         0.0000
        15.9600        10.6473         0.0920        10.6775         0.0964         0.0000
        16.0000        10.7203         0.0913        10.7499         0.0930         0.0000
        16.0400        10.7895         0.0905        10.7959         0.0916         0.0000
        16.0800        10.8574         0.0903        10.8565         0.0904         0.0000
        16.1200        10.9246         0.0898        10.9329         0.0901         0.0000
        16.1600        10.9821         0.0893        10.9922         0.0898         0.0000
        16.2000        11.0439         0.0872        11.0394         0.0880         0.0000
        16.2400        11.0947         0.0850        11.1010         0.0865         0.0000
        16.2800        11.1540         0.0840        11.1595         0.0845         0.0000
        16.3200        11.2311         0.0827        11.2247         0.0818         0.0000
        16.3600        11.3001         0.0830        11.2845         0.0823         0.0000
        16.4000        11.3809         0.0813        11.3568         0.0814         0.0000
        16.4400        11.4479         0.0826        11.4092         0.0816         0.0000
        16.4800        11.5065         0.0821        11.4721         0.0805         0.0000
        16.5200        11.5600         0.0801        11.5353         0.0800         0.0000
        16.5600        11.6110         0.0794        11.6112         0.0804         0.0000
        16.6000        11.6743         0.0789        11.6914         0.0796         0.0000
        16.6400        11.7448         0.0778        11.7582         0.0785         0.0000
        16.6800        11.7973         0.0786        11.8257         0.0801         0.0000
        16.7200        11.8861         0.0790        11.8793         0.0802         0.0000
        16.7600        11.9599         0.0790        11.9497         0.0801         0.0000
        16.8000        12.0238         0.0816        12.0191         0.0789         0.0000
        16.8400        12.0755         0.0821        12.1000         0.0791         0.0000
        16.8800        12.1509         0.0832        12.1724         0.0776         0.0000
        16.9200        12.2115         0.0820        12.2211         0.0814         0.0000
        16.9600        12.2965         0.0819        12.2689         0.0824         0.0000
        17.0000        12.3587         0.0849        12.3476         0.0844         0.0000
        17.0400        12.4181         0.0826        12.4149         0.0835         0.0000
        17.0800        12.4723         0.0821        12.4718         0.0874         0.0000
        17.1200        12.5632         0.0833        12.5325         0.0902         0.0000
        17.1600        12.6285         0.0904        12.5959         0.0952         0.0000
        17.2000        12.6871         0.0990        12.6677         0.0959         0.0000
        17.2400        12.7513         0.1076        12.7178         0.0986         0.0000
        17.2800        12.8219         0.1110        12.7824         0.1031         0.0000
        17.3200        12.9000         0.1107        12.8580         0.1066         0.0000
        17.3600        12.9644         0.1198        12.9190         0.1108         0.0000
        17.4000        13.0174         0.1301        12.9855         0.1179         0.0000
        17.4400        13.0803         0.1386        13.0648         0.1259         0.0000
        17.4800        13.1393         0.1526        13.1471         0.1562         0.0000
        17.5200        13.2007         0.1558        13.2295         0.1755         0.0000
        17.5600        13.2549         0.1627        13.3065         0.1745         0.0000
        17.6000        13.3299         0.1674        13.3774         0.1936         0.0000
        17.6400        13.4088         0.1777        13.4338         0.1901         0.0000
        17.6800        13.4701         0.1824        13.4869         0.1940         0.0000
        17.7200        13.5299         0.1909        13.5417         0.2109         0.0000
        17.7600        13.6024         0.2022        13.5963         0.2099         0.0000
        17.8000        13.6862         0.2064        13.6556         0.2137         0.0000
        17.8400        13.7504         0.2249        13.7294         0.2238         0.0000
        17.8800        13.8054         0.2341        13.8063         0.2360         0.0000
        17.9200        13.8635         0.2388        13.8578         0.2437         0.0000
        17.9600        13.9414         0.2511        13.9243         0.2484         0.0000
        18.0000        14.0322         0.2646        13.9823         0.2654         0.0000
        18.0400        14.0879         0.2787        14.0568         0.2879         0.0000
        18.0800        14.1513         0.2894        14.1331         0.3005         0.0000
        18.1200        14.2319         0.3003        14.2091         0.2982         0.0000
        18.1600        14.3022         0.3117        14.2920         0.3116         0.0000
        18.2000        14.3775         0.3226        14.3602         0.3123         0.0000
        18.2400        14.4569         0.3343        14.4297         0.3248         0.0000
        18.2800        14.5322         0.3421        14.5000         0.3355         0.0000
        18.3200        14.6069         0.3487        14.5752         0.3501         0.0000
        18.3600        14.6869         0.3678        14.6607         0.3588         0.0000
        18.4000        14.7876         0.3800        14.7445         0.3822         0.0000
        18.4400        14.8541         0.3920        14.8311         0.3847         0.0000
        18.4800        14.9501         0.4037        14.8999         0.3981         0.0000
        18.5200        15.0162         0.4167        14.9839         0.4142         0.0000
        18.5600        15.0887         0.4223        15.0771         0.4229         0.0000
        18.6000        15.1609         0.4278        15.1701         0.4321         0.0000
        18.6400        15.2428         0.4400        15.2387         0.4462         0.0000
        18.6800        15.3250         0.4517        15.3255         0.4543         0.0000
        18.7200        15.3927         0.4617        15.4216         0.4609         0.0000
        18.7600        15.4878         0.4776        15.4857         0.4773         0.0000
        18.8000        15.5730         0.4888        15.5872         0.4900         0.0000
        18.8400        15.6417         0.5013        15.6520         0.5061         0.0000
        18.8800        15.7371         0.5088        15.7401         0.5270         0.0000
        18.9200        15.8172         0.5243        15.8026         0.5395         0.0000
        18.9600        15.8824         0.5434        15.8838         0.5386         0.0000
        19.0000        15.9876         0.5508        15.9391         0.5547         0.0000
        19.0400        16.0733         0.5575        16.0020         0.5654         0.0000
        19.0800        16.1446         0.5736        16.0924         0.5876         0.0000
        19.1200        16.2217         0.5848        16.1897         0.6039         0.0000
        19.1600        16.2790         0.6030        16.2718         0.6149         0.0000
        19.2000        16.3620         0.6172        16.3615         0.6321         0.0000
        19.2400        16.4303         0.6313        16.4298         0.6393         0.0000
        19.2800        16.5144         0.6470        16.5091         0.6458         0.0000
        19.3200        16.6194         0.6592        16.5851         0.6550         0.0000
        19.3600        16.6907         0.6718        16.6567         0.6590         0.0000
        19.4000        16.7733         0.6855        16.7509         0.6728         0.0000
        19.4400        16.8438         0.6976        16.8436         0.6850         0.0000
        19.4800        16.9301         0.7103        16.9096         0.6963         0.0000
        19.5200        17.0281         0.7155        17.0104         0.7144         0.0000
        19.5600        17.1127         0.7387        17.1254         0.7386         0.0000
        19.6000        17.1851         0.7541        17.2132         0.7462         0.0000
        19.6400        17.2896         0.7707        17.3086         0.7555         0.0000
        19.6800        17.3580         0.7843        17.3660         0.7623         0.0000
        19.7200        17.4622         0.7947        17.4401         0.7708         0.0000
        19.7600        17.5416         0.8004        17.5292         0.7853         0.0000
        19.8000        17.6391         0.8073        17.6249         0.7967         0.0000
        19.8400        17.7417         0.8286        17.6936         0.7963         0.0000
        19.8800        17.8187         0.8467        17.7766         0.8210         0.0000
        19.9200        17.7733         0.8559        17.7503         0.8378         0.0000
        19.9600        16.7213         0.8235        16.7217         0.7957         0.0000
        20.0000        12.4263         0.6044        12.4506         0.6068         0.0000
