         0.0800         0.0000         0.0000         0.0000         0.0000         0.0000
         0.1200         0.0000         0.0000         0.0000         0.0000         0.0000
         0.1600         0.0000         0.0000         0.0000         0.0000         0.0000
         0.2000         0.0000         0.0000         0.0000         0.0000         0.0000
         0.2400         0.0000         0.0000         0.0000         0.0000         0.0000
         0.2800         0.0000         0.0000         0.0000         0.0000         0.0000
         0.3200         0.0000         0.0000         0.0000         0.0000         0.0000
         0.3600         0.0000         0.0000         0.0000         0.0000         0.0000
         0.4000         0.0000         0.0000         0.0000         0.0000         0.0000
         0.4400         0.0000         0.0000         0.0000         0.0000         0.0000
         0.4800         0.0000         0.0000         0.0000         0.0000         0.0000
         0.5200         0.0000         0.0000         0.0000         0.0000         0.0000
         0.5600         0.0000         0.0000         0.0000         0.0000         0.0000
         0.6000         0.0000         0.0000         0.0000         0.0000         0.0000
         0.6400         0.0000         0.0000         0.0000         0.0000         0.0000
         0.6800         0.0000         0.0000         0.0000         0.0000         0.0000
         0.7200         0.0000         0.0000         0.0000         0.0000         0.0000
         0.7600         0.0000         0.0000         0.0000         0.0000         0.0000
         0.8000         0.0000         0.0000         0.0000         0.0000         0.0000
         0.8400         0.0000         0.0000         0.0000         0.0000         0.0000
         0.8800         0.0000         0.0000         0.0000         0.0000         0.0000
         0.9200         0.0000         0.0000         0.0000         0.0000         0.0000
         0.9600         0.0001         0.0000         0.0001         0.0000         0.0000
         1.0000         0.0006         0.0000         0.0006         0.0000         0.0000
         1.0400         0.0016         0.0001         0.0019         0.0001         0.0000
         1.0800         0.0035         0.0002         0.0037         0.0002         0.0000
         1.1200         0.0051         0.0003         0.0059         0.0004         0.0000
         1.1600         0.0067         0.0004         0.0079         0.0005         0.0000
         1.2000         0.0084         0.0005         0.0098         0.0006         0.0000
         1.2400         0.0112         0.0007         0.0124         0.0008         0.0000
         1.2800         0.0139         0.0008         0.0147         0.0008         0.0000
         1.3200         0.0167         0.0009         0.0180         0.0008         0.0000
         1.3600         0.0194         0.0011         0.0202         0.0009         0.0000
         1.4000         0.0225         0.0012         0.0233         0.0010         0.0000
         1.4400         0.0252         0.0013         0.0263         0.0012         0.0000
         1.4800         0.0286         0.0015         0.0297         0.0013         0.0000
         1.5200         0.0314         0.0016         0.0330         0.0014         0.0000
         1.5600         0.0342         0.0017         0.0358         0.0015         0.0000
         1.6000         0.0380         0.0020         0.0391         0.0016         0.0000
         1.6400         0.0409         0.0021         0.0427         0.0018         0.0000
         1.6800         0.0452         0.0019         0.0464         0.0018         0.0000
         1.7200         0.0486         0.0020         0.0489         0.0018         0.0000
         1.7600         0.0531         0.0020         0.0526         0.0017         0.0000
         1.8000         0.0576         0.0022         0.0569         0.0019         0.0000
         1.8400         0.0626         0.0023         0.0618         0.0020         0.0000
         1.8800         0.0664         0.0024         0.0648         0.0020         0.0000
         1.9200         0.0715         0.0024         0.0702         0.0021         0.0000
         1.9600         0.0750         0.0026         0.0757         0.0021         0.0000
         2.0000         0.0800         0.0025         0.0813         0.0022         0.0000
         2.0400         0.0836         0.0025         0.0848         0.0023         0.0000
         2.0800         0.0878         0.0026         0.0905         0.0028         0.0000
         2.1200         0.0942         0.0026         0.0957         0.0026         0.0000
         2.1600         0.0992         0.0028         0.1008         0.0028         0.0000
         2.2000         0.1051         0.0028         0.1050         0.0029         0.0000
         2.2400         0.1116         0.0031         0.1088         0.0029         0.0000
         2.2800         0.1159         0.0031         0.1153         0.0036         0.0000
         2.3200         0.1221         0.0032         0.1208         0.0040         0.0000
         2.3600         0.1284         0.0033         0.1268         0.0039         0.0000
         2.4000         0.1345         0.0035         0.1317         0.0040         0.0000
         2.4400         0.1421         0.0036         0.1392         0.0035         0.0000
         2.4800         0.1485         0.0036         0.1440         0.0038         0.0000
         2.5200         0.1552         0.0041         0.1493         0.0039         0.0000
         2.5600         0.1623         0.0044         0.1563         0.0035         0.0000
         2.6000         0.1704         0.0043         0.1625         0.0043         0.0000
         2.6400         0.1786         0.0044         0.1703         0.0044         0.0000
         2.6800         0.1845         0.0043         0.1785         0.0051         0.0000
         2.7200         0.1899         0.0045         0.1851         0.0052         0.0000
         2.7600         0.1957         0.0045         0.1928         0.0055         0.0000
         2.8000         0.2019         0.0048         0.2012         0.0055         0.0000
         2.8400         0.2101         0.0049         0.2074         0.0056         0.0000
         2.8800         0.2152         0.0049         0.2128         0.0057         0.0000
         2.9200         0.2242         0.0051         0.2200         0.0056         0.0000
         2.9600         0.2305         0.0047         0.2272         0.0053         0.0000
         3.0000         0.2393         0.0046         0.2349         0.0054         0.0000
         3.0400         0.2484         0.0049         0.2445         0.0054         0.0000
         3.0800         0.2542         0.0049         0.2535         0.0055         0.0000
         3.1200         0.2616         0.0049         0.2635         0.0055         0.0000
         3.1600         0.2696         0.0059         0.2700         0.0051         0.0000
         3.2000         0.2775         0.0051         0.2765         0.0054         0.0000
         3.2400         0.2869         0.0053         0.2864         0.0054         0.0000
         3.2800         0.2942         0.0060         0.2954         0.0054         0.0000
         3.3200         0.3030         0.0064         0.3064         0.0054         0.0000
         3.3600         0.3096         0.0062         0.3174         0.0056         0.0000
         3.4000         0.3178         0.0063         0.3248         0.0058         0.0000
         3.4400         0.3275         0.0057         0.3380         0.0066         0.0000
         3.4800         0.3380         0.0063         0.3478         0.0061         0.0000
         3.5200         0.3485         0.0059         0.3594         0.0052         0.0000
         3.5600         0.3564         0.0056         0.3691         0.0054         0.0000
         3.6000         0.3673         0.0075         0.3764         0.0068         0.0000
         3.6400         0.3752         0.0063         0.3869         0.0062         0.0000
         3.6800         0.3860         0.0067         0.3956         0.0072         0.0000
         3.7200         0.3975         0.0072         0.4094         0.0072         0.0000
         3.7600         0.4105         0.0068         0.4217         0.0073         0.0000
         3.8000         0.4210         0.0069         0.4282         0.0072         0.0000
         3.8400         0.4341         0.0074         0.4369         0.0073         0.0000
         3.8800         0.4460         0.0071         0.4499         0.0075         0.0000
         3.9200         0.4554         0.0075         0.4582         0.0070         0.0000
         3.9600         0.4677         0.0069         0.4717         0.0063         0.0000
         4.0000         0.4765         0.0070         0.4820         0.0064         0.0000
         4.0400         0.4840         0.0069         0.4946         0.0054         0.0000
         4.0800         0.4980         0.0070         0.5069         0.0061         0.0000
         4.1200         0.5126         0.0065         0.5202         0.0065         0.0000
         4.1600         0.5215         0.0074         0.5308         0.0067         0.0000
         4.2000         0.5330         0.0078         0.5454         0.0083         0.0000
         4.2400         0.5447         0.0080         0.5531         0.0083         0.0000
         4.2800         0.5588         0.0078         0.5639         0.0084         0.0000
         4.3200         0.5717         0.0084         0.5804         0.0084         0.0000
         4.3600         0.5788         0.0088         0.5890         0.0089         0.0000
         4.4000         0.5942         0.0100         0.6046         0.0085         0.0000
         4.4400         0.6072         0.0099         0.6170         0.0096         0.0000
         4.4800         0.6195         0.0096         0.6277         0.0094         0.0000
         4.5200         0.6318         0.0098         0.6412         0.0086         0.0000
         4.5600         0.6440         0.0099         0.6551         0.0092         0.0000
         4.6000         0.6604         0.0101         0.6663         0.0094         0.0000
         4.6400         0.6719         0.0106         0.6777         0.0104         0.0000
         4.6800         0.6857         0.0103         0.6898         0.0108         0.0000
         4.7200         0.6985         0.0105         0.7038         0.0116         0.0000
         4.7600         0.7130         0.0102         0.7139         0.0118         0.0000
         4.8000         0.7214         0.0097         0.7292         0.0118         0.0000
         4.8400         0.7308         0.0104         0.7411         0.0117         0.0000
         4.8800         0.7448         0.0109         0.7505         0.0110         0.0000
         4.9200         0.7565         0.0108         0.7659         0.0115         0.0000
         4.9600         0.7709         0.0114         0.7840         0.0114         0.0000
         5.0000         0.7850         0.0114         0.8054         0.0122         0.0000
         5.0400         0.8027         0.0118         0.8206         0.0117         0.0000
         5.0800         0.8179         0.0119         0.8369         0.0117         0.0000
         5.1200         0.8302         0.0106         0.8548         0.0115         0.0000
         5.1600         0.8432         0.0097         0.8709         0.0130         0.0000
         5.2000         0.8584         0.0098         0.8913         0.0104         0.0000
         5.2400         0.8685         0.0094         0.9067         0.0112         0.0000
         5.2800         0.8804         0.0102         0.9281         0.0106         0.0000
         5.3200         0.8937         0.0100         0.9518         0.0114         0.0000
         5.3600         0.9032         0.0100         0.9744         0.0118         0.0000
         5.4000         0.9101         0.0112         0.9924         0.0126         0.0000
         5.4400         0.9172         0.0108         1.0123         0.0125         0.0000
         5.4800         0.9309         0.0099         1.0393         0.0127         0.0000
         5.5200         0.9360         0.0114         1.0677         0.0124         0.0000
         5.5600         0.9418         0.0142         1.0971         0.0124         0.0000
         5.6000         0.9459         0.0141         1.1286         0.0138         0.0000
         5.6400         0.9460         0.0134         1.1640         0.0134         0.0000
         5.6800         0.9438         0.0139         1.1993         0.0145         0.0000
         5.7200         0.9428         0.0150         1.2336         0.0157         0.0000
         5.7600         0.9335         0.0136         1.2789         0.0169         0.0000
         5.8000         0.9221         0.0111         1.3243         0.0174         0.0000
         5.8400         0.9029         0.0112         1.3700         0.0174         0.0000
         5.8800         0.8812         0.0136         1.3953         0.0170         0.0021
         5.9200         0.8486         0.0110         1.3069         0.0150         0.0339
         5.9600         0.8072         0.0109         1.0624         0.0117         0.1937
         6.0000         0.7664         0.0103         0.7525         0.0086         0.5693
         6.0400         0.7289         0.0096         0.4942         0.0058         1.1036
         6.0800         0.6884         0.0092         0.3462         0.0043         1.6517
         6.1200         0.6558         0.0120         0.2761         0.0039         2.1073
         6.1600         0.6249         0.0099         0.2505         0.0029         2.4386
         6.2000         0.5947         0.0088         0.2442         0.0028         2.6595
         6.2400         0.5740         0.0087         0.2517         0.0029         2.7989
         6.2800         0.5553         0.0064         0.2659         0.0032         2.8836
         6.3200         0.5400         0.0075         0.2825         0.0035         2.9337
         6.3600         0.5283         0.0079         0.3059         0.0038         2.9628
         6.4000         0.5174         0.0063         0.3239         0.0049         2.9794
         6.4400         0.5121         0.0065         0.3439         0.0054         2.9887
         6.4800         0.5085         0.0066         0.3597         0.0057         2.9939
         6.5200         0.5032         0.0067         0.3758         0.0059         2.9967
         6.5600         0.5010         0.0084         0.3898         0.0048         2.9983
         6.6000         0.4980         0.0085         0.4025         0.0061         2.9991
         6.6400         0.4998         0.0081         0.4123         0.0050         2.9995
         6.6800         0.4981         0.0078         0.4270         0.0053         2.9998
         6.7200         0.4998         0.0088         0.4380         0.0057         2.9999
         6.7600         0.5027         0.0081         0.4487         0.0058         2.9999
         6.8000         0.5055         0.0075         0.4567         0.0058         3.0000
         6.8400         0.5131         0.0078         0.4687         0.0058         3.0000
         6.8800         0.5164         0.0078         0.4791         0.0074         3.0000
         6.9200         0.5215         0.0081         0.4905         0.0082         3.0000
         6.9600         0.5270         0.0081         0.4957         0.0080         3.0000
         7.0000         0.5321         0.0078         0.5031         0.0079         3.0000
         7.0400         0.5379         0.0083         0.5092         0.0075         3.0000
         7.0800         0.5451         0.0090         0.5166         0.0078         3.0000
         7.1200         0.5508         0.0092         0.5269         0.0072         3.0000
         7.1600         0.5583         0.0086         0.5367         0.0072         3.0000
         7.2000         0.5643         0.0077         0.5468         0.0074         3.0000
         7.2400         0.5701         0.0076         0.5541         0.0074         3.0000
         7.2800         0.5777         0.0077         0.5616         0.0078         3.0000
         7.3200         0.5842         0.0076         0.5739         0.0084         3.0000
         7.3600         0.5885         0.0076         0.5849         0.0082         3.0000
         7.4000         0.5998         0.0080         0.5916         0.0077         3.0000
         7.4400         0.6039         0.0080         0.5972         0.0079         3.0000
         7.4800         0.6097         0.0078         0.6058         0.0081         3.0000
         7.5200         0.6173         0.0085         0.6140         0.0084         3.0000
         7.5600         0.6245         0.0077         0.6223         0.0100         3.0000
         7.6000         0.6304         0.0074         0.6305         0.0101         3.0000
         7.6400         0.6451         0.0072         0.6417         0.0116         3.0000
         7.6800         0.6516         0.0075         0.6449         0.0121         3.0000
         7.7200         0.6643         0.0072         0.6548         0.0115         3.0000
         7.7600         0.6660         0.0083         0.6637         0.0114         3.0000
         7.8000         0.6743         0.0080         0.6718         0.0108         3.0000
         7.8400         0.6815         0.0089         0.6798         0.0106         3.0000
         7.8800         0.6875         0.0084         0.6921         0.0103         3.0000
         7.9200         0.6944         0.0082         0.6993         0.0093         3.0000
         7.9600         0.7012         0.0084         0.7067         0.0097         3.0000
         8.0000         0.7104         0.0092         0.7169         0.0092         3.0000
         8.0400         0.7183         0.0097         0.7258         0.0099         3.0000
         8.0800         0.7282         0.0111         0.7345         0.0099         3.0000
         8.1200         0.7343         0.0108         0.7393         0.0093         3.0000
         8.1600         0.7470         0.0113         0.7466         0.0102         3.0000
         8.2000         0.7555         0.0124         0.7578         0.0106         3.0000
         8.2400         0.7646         0.0129         0.7652         0.0106         3.0000
         8.2800         0.7729         0.0123         0.7784         0.0111         3.0000
         8.3200         0.7841         0.0121         0.7874         0.0109         3.0000
         8.3600         0.7912         0.0111         0.7998         0.0107         3.0000
         8.4000         0.8038         0.0118         0.8104         0.0113         3.0000
         8.4400         0.8116         0.0119         0.8165         0.0112         3.0000
         8.4800         0.8208         0.0132         0.8209         0.0111         3.0000
         8.5200         0.8262         0.0146         0.8353         0.0132         3.0000
         8.5600         0.8350         0.0148         0.8428         0.0118         3.0000
         8.6000         0.8464         0.0151         0.8512         0.0118         3.0000
         8.6400         0.8587         0.0151         0.8622         0.0131         3.0000
         8.6800         0.8680         0.0145         0.8725         0.0138         3.0000
         8.7200         0.8808         0.0146         0.8798         0.0140         3.0000
         8.7600         0.8871         0.0140         0.8941         0.0104         3.0000
         8.8000         0.8958         0.0133         0.8998         0.0128         3.0000
         8.8400         0.9042         0.0123         0.9053         0.0101         3.0000
         8.8800         0.9110         0.0116         0.9107         0.0101         3.0000
         8.9200         0.9230         0.0118         0.9210         0.0107         3.0000
         8.9600         0.9346         0.0115         0.9287         0.0115         3.0000
         9.0000         0.9408         0.0118         0.9359         0.0104         3.0000
         9.0400         0.9530         0.0110         0.9482         0.0107         3.0000
         9.0800         0.9574         0.0107         0.9583         0.0130         3.0000
         9.1200         0.9635         0.0112         0.9698         0.0102         3.0000
         9.1600         0.9702         0.0102         0.9795         0.0103         3.0000
         9.2000         0.9806         0.0112         0.9862         0.0102         3.0000
         9.2400         0.9948         0.0106         0.9973         0.0092         3.0000
         9.2800         1.0062         0.0117         1.0064         0.0090         3.0000
         9.3200         1.0176         0.0111         1.0227         0.0091         3.0000
         9.3600         1.0245         0.0112         1.0257         0.0089         3.0000
         9.4000         1.0407         0.0108         1.0373         0.0092         3.0000
         9.4400         1.0517         0.0103         1.0465         0.0094         3.0000
         9.4800         1.0638         0.0100         1.0544         0.0130         3.0000
         9.5200         1.0705         0.0109         1.0663         0.0137         3.0000
         9.5600         1.0810         0.0106         1.0756         0.0131         3.0000
         9.6000         1.0931         0.0108         1.0890         0.0126         3.0000
         9.6400         1.1048         0.0110         1.1000         0.0131         3.0000
         9.6800         1.1171         0.0113         1.1110         0.0110         3.0000
         9.7200         1.1335         0.0111         1.1250         0.0112         3.0000
         9.7600         1.1444         0.0106         1.1316         0.0134         3.0000
         9.8000         1.1615         0.0109         1.1377         0.0100         3.0000
         9.8400         1.1771         0.0109         1.1483         0.0104         3.0000
         9.8800         1.1909         0.0112         1.1584         0.0105         3.0000
         9.9200         1.2062         0.0112         1.1631         0.0103         3.0000
         9.9600         1.2197         0.0118         1.1748         0.0107         3.0000
        10.0000         1.2381         0.0119         1.1849         0.0104         3.0000
        10.0400         1.2538         0.0121         1.1933         0.0103         3.0000
        10.0800         1.2751         0.0116         1.1998         0.0120         3.0000
        10.1200         1.2918         0.0114         1.2024         0.0118         3.0000
        10.1600         1.3079         0.0116         1.2106         0.0100         3.0000
        10.2000         1.3280         0.0116         1.2093         0.0096         3.0000
        10.2400         1.3506         0.0113         1.2148         0.0095         3.0000
        10.2800         1.3790         0.0114         1.2073         0.0094         3.0000
        10.3200         1.4012         0.0115         1.2004         0.0096         2.9999
        10.3600         1.4253         0.0109         1.1955         0.0092         2.9999
        10.4000         1.4590         0.0118         1.1851         0.0087         2.9998
        10.4400         1.4908         0.0124         1.1699         0.0088         2.9995
        10.4800         1.5326         0.0126         1.1545         0.0085         2.9991
        10.5200         1.5745         0.0129         1.1322         0.0086         2.9983
        10.5600         1.6269         0.0129         1.1057         0.0081         2.9967
        10.6000         1.6934         0.0129         1.0730         0.0081         2.9939
        10.6400         1.7711         0.0141         1.0406         0.0081         2.9887
        10.6800         1.8494         0.0136         0.9951         0.0075         2.9794
        10.7200         1.9453         0.0144         0.9575         0.0068         2.9628
        10.7600         2.0517         0.0154         0.9139         0.0067         2.9337
        10.8000         2.1685         0.0159         0.8826         0.0064         2.8836
        10.8400         2.3064         0.0162         0.8690         0.0059         2.7989
        10.8800         2.4576         0.0208         0.8961         0.0059         2.6595
        10.9200         2.6421         0.0226         1.0168         0.0064         2.4386
        10.9600         2.8460         0.0252         1.3105         0.0074         2.1073
        11.0000         3.0562         0.0270         1.9261         0.0129         1.6517
        11.0400         3.2992         0.0282         2.9975         0.0179         1.1036
        11.0800         3.5390         0.0284         4.3487         0.0291         0.5693
        11.1200         3.7856         0.0283         5.4515         0.0335         0.1937
        11.1600         3.9953         0.0318         5.9204         0.0348         0.0339
        11.2000         4.1791         0.0323         5.9639         0.0374         0.0021
        11.2400         4.3415         0.0324         5.8847         0.0385         0.0000
        11.2800         4.4896         0.0311         5.8103         0.0379         0.0000
        11.3200         4.6197         0.0319         5.7517         0.0375         0.0000
        11.3600         4.7408         0.0313         5.7065         0.0337         0.0000
        11.4000         4.8370         0.0308         5.6837         0.0329         0.0000
        11.4400         4.9331         0.0318         5.6642         0.0329         0.0000
        11.4800         5.0196         0.0334         5.6448         0.0313         0.0000
        11.5200         5.1053         0.0354         5.6461         0.0318         0.0000
        11.5600         5.1871         0.0352         5.6534         0.0351         0.0000
        11.6000         5.2648         0.0351         5.6564         0.0343         0.0000
        11.6400         5.3424         0.0345         5.6643         0.0345         0.0000
        11.6800         5.3940         0.0344         5.7006         0.0361         0.0000
        11.7200         5.4651         0.0341         5.7117         0.0370         0.0000
        11.7600         5.5118         0.0294         5.7434         0.0370         0.0000
        11.8000         5.5670         0.0278         5.7782         0.0380         0.0000
        11.8400         5.6119         0.0280         5.7885         0.0356         0.0000
        11.8800         5.6710         0.0290         5.8155         0.0344         0.0000
        11.9200         5.7327         0.0282         5.8565         0.0333         0.0000
        11.9600         5.7874         0.0330         5.8867         0.0302         0.0000
        12.0000         5.8420         0.0290         5.9190         0.0294         0.0000
        12.0400         5.9142         0.0342         5.9533         0.0273         0.0000
        12.0800         5.9596         0.0337         6.0060         0.0273         0.0000
        12.1200         6.0035         0.0288         6.0467         0.0300         0.0000
        12.1600         6.0591         0.0317         6.0816         0.0296         0.0000
        12.2000         6.1110         0.0335         6.1287         0.0304         0.0000
        12.2400         6.1593         0.0331         6.1654         0.0300         0.0000
        12.2800         6.2038         0.0286         6.2281         0.0289         0.0000
        12.3200         6.2544         0.0217         6.2748         0.0276         0.0000
        12.3600         6.3088         0.0259         6.3257         0.0319         0.0000
        12.4000         6.3528         0.0220         6.3698         0.0248         0.0000
        12.4400         6.3905         0.0249         6.4216         0.0247         0.0000
        12.4800         6.4465         0.0241         6.4564         0.0272         0.0000
        12.5200         6.4935         0.0262         6.4916         0.0319         0.0000
        12.5600         6.5319         0.0244         6.5345         0.0259         0.0000
        12.6000         6.5840         0.0251         6.5697         0.0285         0.0000
        12.6400         6.6268         0.0242         6.6020         0.0297         0.0000
        12.6800         6.6692         0.0280         6.6500         0.0292         0.0000
        12.7200         6.7118         0.0237         6.6845         0.0407         0.0000
        12.7600         6.7383         0.0304         6.7150         0.0354         0.0000
        12.8000         6.7780         0.0294         6.7685         0.0372         0.0000
        12.8400         6.8201         0.0318         6.8090         0.0377         0.0000
        12.8800         6.8584         0.0324         6.8630         0.0391         0.0000
        12.9200         6.8949         0.0259         6.9159         0.0385         0.0000
        12.9600         6.9448         0.0256         6.9640         0.0380         0.0000
        13.0000         6.9800         0.0315         7.0124         0.0388         0.0000
        13.0400         7.0277         0.0310         7.0559         0.0375         0.0000
        13.0800         7.0850         0.0251         7.1094         0.0384         0.0000
        13.1200         7.1378         0.0259         7.1428         0.0366         0.0000
        13.1600         7.1804         0.0340         7.1943         0.0348         0.0000
        13.2000         7.2238         0.0350         7.2362         0.0342         0.0000
        13.2400         7.2647         0.0244         7.2840         0.0355         0.0000
        13.2800         7.3104         0.0250         7.3237         0.0308         0.0000
        13.3200         7.3613         0.0259         7.3695         0.0266         0.0000
        13.3600         7.4135         0.0262         7.4066         0.0272         0.0000
        13.4000         7.4411         0.0281         7.4604         0.0291         0.0000
        13.4400         7.4995         0.0274         7.5150         0.0292         0.0000
        13.4800         7.5332         0.0268         7.5506         0.0298         0.0000
        13.5200         7.5944         0.0268         7.5919         0.0306         0.0000
        13.5600         7.6433         0.0277         7.6394         0.0305         0.0000
        13.6000         7.7059         0.0276         7.6827         0.0292         0.0000
        13.6400         7.7457         0.0293         7.7361         0.0304         0.0000
        13.6800         7.7938         0.0299         7.7799         0.0307         0.0000
        13.7200         7.8296         0.0300         7.8227         0.0296         0.0000
        13.7600         7.8798         0.0270         7.8596         0.0307         0.0000
        13.8000         7.9238         0.0276         7.9097         0.0294         0.0000
        13.8400         7.9594         0.0272         7.9524         0.0301         0.0000
        13.8800         8.0110         0.0267         7.9893         0.0289         0.0000
        13.9200         8.0452         0.0273         8.0321         0.0279         0.0000
        13.9600         8.0975         0.0272         8.0825         0.0280         0.0000
        14.0000         8.1392         0.0267         8.1393         0.0272         0.0000
        14.0400         8.1822         0.0284         8.1964         0.0276         0.0000
        14.0800         8.2324         0.0284         8.2475         0.0274         0.0000
        14.1200         8.2744         0.0281         8.3021         0.0269         0.0000
        14.1600         8.3164         0.0299         8.3503         0.0262         0.0000
        14.2000         8.3733         0.0294         8.4057         0.0292         0.0000
        14.2400         8.4077         0.0281         8.4555         0.0321         0.0000
        14.2800         8.4570         0.0276         8.5087         0.0312         0.0000
        14.3200         8.5136         0.0280         8.5523         0.0325         0.0000
        14.3600         8.5794         0.0285         8.5963         0.0326         0.0000
        14.4000         8.6214         0.0285         8.6545         0.0337         0.0000
        14.4400         8.6884         0.0289         8.6938         0.0343         0.0000
        14.4800         8.7485         0.0298         8.7426         0.0346         0.0000
        14.5200         8.8102         0.0308         8.7990         0.0336         0.0000
        14.5600         8.8688         0.0303         8.8585         0.0360         0.0000
        14.6000         8.9358         0.0288         8.9130         0.0341         0.0000
        14.6400         8.9778         0.0300         8.9692         0.0340         0.0000
        14.6800         9.0293         0.0329         9.0213         0.0346         0.0000
        14.7200         9.0699         0.0339         9.0728         0.0337         0.0000
        14.7600         9.1211         0.0308         9.1240         0.0326         0.0000
        14.8000         9.2022         0.0308         9.1680         0.0313         0.0000
        14.8400         9.2439         0.0309         9.2388         0.0316         0.0000
        14.8800         9.2926         0.0338         9.2963         0.0298         0.0000
        14.9200         9.3502         0.0329         9.3540         0.0300         0.0000
        14.9600         9.3892         0.0310         9.4034         0.0300         0.0000
        15.0000         9.4313         0.0311         9.4498         0.0308         0.0000
        15.0400         9.4873         0.0327         9.5006         0.0324         0.0000
        15.0800         9.5474         0.0330         9.5663         0.0324         0.0000
        15.1200         9.5863         0.0328         9.6181         0.0323         0.0000
        15.1600         9.6449         0.0333         9.6619         0.0323         0.0000
        15.2000         9.7083         0.0320         9.7131         0.0332         0.0000
        15.2400         9.7820         0.0356         9.7767         0.0323         0.0000
        15.2800         9.8435         0.0345         9.8229         0.0334         0.0000
        15.3200         9.8763         0.0300         9.8658         0.0332         0.0000
        15.3600         9.9112         0.0345         9.9268         0.0338         0.0000
        15.4000         9.9667         0.0311         9.9806         0.0341         0.0000
        15.4400        10.0044         0.0296        10.0356         0.0341         0.0000
        15.4800        10.0704         0.0292        10.0916         0.0270         0.0000
        15.5200        10.1483         0.0298        10.1336         0.0257         0.0000
        15.5600        10.2106         0.0298        10.1912         0.0255         0.0000
        15.6000        10.2610         0.0311        10.2507         0.0272         0.0000
        15.6400        10.3130         0.0324        10.3114         0.0275         0.0000
        15.6800        10.3582         0.0318        10.3710         0.0282         0.0000
        15.7200        10.4129         0.0353        10.4288         0.0315         0.0000
        15.7600        10.4880         0.0331        10.4859         0.0300         0.0000
        15.8000        10.5329         0.0351        10.5423         0.0289         0.0000
        15.8400        10.5855         0.0342        10.5988         0.0305         0.0000
        15.8800        10.6526         0.0312        10.6591         0.0314         0.0000
        15.9200        10.7022         0.0299        10.7184         0.0325         0.0000
        15.9600        10.7582         0.0309        10.7738         0.0317         0.0000
        16.0000        10.8159         0.0310        10.8362         0.0317         0.0000
        16.0400        10.8885         0.0300        10.8990         0.0317         0.0000
        16.0800        10.9520         0.0304        10.9343         0.0315         0.0000
        16.1200        10.9989         0.0298        10.9959         0.0319         0.0000
        16.1600        11.0662         0.0332        11.0495         0.0332         0.0000
        16.2000        11.1201         0.0351        11.1049         0.0367         0.0000
        16.2400        11.1820         0.0355        11.1456         0.0347         0.0000
        16.2800        11.2267         0.0349        11.2044         0.0338         0.0000
        16.3200        11.2900         0.0349        11.2674         0.0347         0.0000
        16.3600        11.3605         0.0349        11.3157         0.0318         0.0000
        16.4000        11.4122         0.0344        11.3783         0.0321         0.0000
        16.4400        11.4597         0.0338        11.4330         0.0325         0.0000
        16.4800        11.5349         0.0361        11.4777         0.0314         0.0000
        16.5200        11.5847         0.0368        11.5293         0.0304         0.0000
        16.5600        11.6205         0.0367        11.5652         0.0294         0.0000
        16.6000        11.6596         0.0354        11.6316         0.0283         0.0000
        16.6400        11.7095         0.0357        11.6819         0.0296         0.0000
        16.6800        11.7514         0.0359        11.7209         0.0296         0.0000
        16.7200        11.7918         0.0363        11.7984         0.0300         0.0000
        16.7600        11.8542         0.0350        11.8552         0.0299         0.0000
        16.8000        11.9069         0.0342        11.9193         0.0302         0.0000
        16.8400        11.9745         0.0354        11.9853         0.0293         0.0000
        16.8800        12.0312         0.0356        12.0405         0.0310         0.0000
        16.9200        12.1042         0.0376        12.0939         0.0318         0.0000
        16.9600        12.1604         0.0357        12.1377         0.0324         0.0000
        17.0000        12.2254         0.0356        12.1930         0.0307         0.0000
        17.0400        12.2788         0.0360        12.2518         0.0314         0.0000
        17.0800        12.3400         0.0335        12.3247         0.0303         0.0000
        17.1200        12.3873         0.0335        12.3610         0.0308         0.0000
        17.1600        12.4424         0.0329        12.4181         0.0329         0.0000
        17.2000        12.4937         0.0330        12.4813         0.0343         0.0000
        17.2400        12.5444         0.0329        12.5468         0.0359         0.0000
        17.2800        12.6190         0.0355        12.6044         0.0378         0.0000
        17.3200        12.6760         0.0347        12.6555         0.0365         0.0000
        17.3600        12.7411         0.0369        12.7309         0.0348         0.0000
        17.4000        12.7906         0.0381        12.7832         0.0310         0.0000
        17.4400        12.8366         0.0372        12.8377         0.0318         0.0000
        17.4800        12.8901         0.0367        12.8875         0.0303         0.0000
        17.5200        12.9468         0.0362        12.9264         0.0335         0.0000
        17.5600        13.0343         0.0355        13.0020         0.0322         0.0000
        17.6000        13.0913         0.0356        13.0524         0.0314         0.0000
        17.6400        13.1505         0.0379        13.1239         0.0316         0.0000
        17.6800        13.2011         0.0516        13.1912         0.0334         0.0000
        17.7200        13.2607         0.0392        13.2540         0.0328         0.0000
        17.7600        13.3203         0.0394        13.3229         0.0331         0.0000
        17.8000        13.3967         0.0511        13.3863         0.0354         0.0000
        17.8400        13.4553         0.0530        13.4240         0.0351         0.0000
        17.8800        13.5200         0.0341        13.4747         0.0432         0.0000
        17.9200        13.5816         0.0527        13.5325         0.0366         0.0000
        17.9600        13.6244         0.0372        13.6129         0.0327         0.0000
        18.0000        13.6653         0.0376        13.6751         0.0342         0.0000
        18.0400        13.7327         0.0419        13.7417         0.0343         0.0000
        18.0800        13.7933         0.0449        13.8131         0.0398         0.0000
        18.1200        13.8596         0.0460        13.8641         0.0361         0.0000
        18.1600        13.9009         0.0527        13.9268         0.0446         0.0000
        18.2000        13.9625         0.0567        13.9969         0.0521         0.0000
        18.2400        14.0341         0.0419        14.0429         0.0434         0.0000
        18.2800        14.1107         0.0432        14.1036         0.0506         0.0000
        18.3200        14.1701         0.0438        14.1507         0.0506         0.0000
        18.3600        14.2266         0.0454        14.1936         0.0470         0.0000
        18.4000        14.2875         0.0448        14.2542         0.0497         0.0000
        18.4400        14.3405         0.0470        14.3211         0.0518         0.0000
        18.4800        14.4059         0.0441        14.3962         0.0534         0.0000
        18.5200        14.4506         0.0410        14.4683         0.0540         0.0000
        18.5600        14.5095         0.0400        14.5345         0.0575         0.0000
        18.6000        14.5817         0.0427        14.5945         0.0597         0.0000
        18.6400        14.6277         0.0444        14.6585         0.0773         0.0000
        18.6800        14.7019         0.0460        14.7108         0.0851         0.0000
        18.7200        14.7736         0.0466        14.7815         0.0847         0.0000
        18.7600        14.8423         0.0481        14.8336         0.0521         0.0000
        18.8000        14.9084         0.0476        14.9092         0.0742         0.0000
        18.8400        14.9899         0.0466        14.9795         0.0772         0.0000
        18.8800        15.0397         0.0460        15.0437         0.0816         0.0000
        18.9200        15.1218         0.0480        15.1089         0.0789         0.0000
        18.9600        15.1806         0.0516        15.1844         0.0811         0.0000
        19.0000        15.2791         0.0495        15.2655         0.0746         0.0000
        19.0400        15.3297         0.0483        15.3158         0.0601         0.0000
        19.0800        15.3909         0.0459        15.3819         0.0750         0.0000
        19.1200        15.4612         0.0464        15.4365         0.0716         0.0000
        19.1600        15.5110         0.0484        15.5129         0.0655         0.0000
        19.2000        15.5700         0.0497        15.5750         0.0512         0.0000
        19.2400        15.6415         0.0502        15.6350         0.0476         0.0000
        19.2800        15.6943         0.0474        15.6810         0.0485         0.0000
        19.3200        15.7446         0.0477        15.7477         0.0512         0.0000
        19.3600        15.8349         0.0502        15.8278         0.0511         0.0000
        19.4000        15.9225         0.0527        15.9123         0.0475         0.0000
        19.4400        15.9950         0.0507        16.0009         0.0481         0.0000
        19.4800        16.0527         0.0521        16.0617         0.0467         0.0000
        19.5200        16.1280         0.0516        16.1289         0.0483         0.0000
        19.5600        16.1996         0.0512        16.1842         0.0482         0.0000
        19.6000        16.2689         0.0500        16.2466         0.0509         0.0000
        19.6400        16.3526         0.0486        16.3086         0.0483         0.0000
        19.6800        16.4086         0.0470        16.3747         0.0486         0.0000
        19.7200        16.4631         0.0477        16.4775         0.0475         0.0000
        19.7600        16.5314         0.0484        16.5470         0.0468         0.0000
        19.8000        16.6064         0.0489        16.6120         0.0411         0.0000
        19.8400        16.6668         0.0483        16.6829         0.0435         0.0000
        19.8800        16.7362         0.0502        16.7458         0.0451         0.0000
        19.9200        16.7284         0.0555        16.7149         0.0473         0.0000
        19.9600        15.7365         0.0546        15.7426         0.0462         0.0000
        20.0000        11.6787         0.0409        11.6943         0.0363         0.0000
