   8.0000004E-002   0.0000000E+000   0.0000000E+000   0.0000000E+000   0.0000000E+000   0.0000000E+000
   1.2000000E-001   0.0000000E+000   0.0000000E+000   0.0000000E+000   0.0000000E+000   0.0000000E+000
   1.6000001E-001   0.0000000E+000   0.0000000E+000   0.0000000E+000   0.0000000E+000   0.0000000E+000
   2.0000000E-001   0.0000000E+000   0.0000000E+000   0.0000000E+000   0.0000000E+000   0.0000000E+000
   2.4000000E-001   0.0000000E+000   0.0000000E+000   0.0000000E+000   0.0000000E+000   0.0000000E+000
   2.8000001E-001   0.0000000E+000   0.0000000E+000   0.0000000E+000   0.0000000E+000   0.0000000E+000
   3.2000002E-001   0.0000000E+000   0.0000000E+000   0.0000000E+000   0.0000000E+000   0.0000000E+000
   3.5999998E-001   0.0000000E+000   0.0000000E+000   0.0000000E+000   0.0000000E+000   0.0000000E+000
   3.9999999E-001   0.0000000E+000   0.0000000E+000   0.0000000E+000   0.0000000E+000   0.0000000E+000
   4.4000000E-001   0.0000000E+000   0.0000000E+000   0.0000000E+000   0.0000000E+000   0.0000000E+000
   4.8000000E-001   0.0000000E+000   0.0000000E+000   0.0000000E+000   0.0000000E+000   0.0000000E+000
   5.2000001E-001   0.0000000E+000   0.0000000E+000   0.0000000E+000   0.0000000E+000   0.0000000E+000
   5.6000002E-001   0.0000000E+000   0.0000000E+000   0.0000000E+000   0.0000000E+000   0.0000000E+000
   5.9999999E-001   0.0000000E+000   0.0000000E+000   0.0000000E+000   0.0000000E+000   0.0000000E+000
   6.4000003E-001   0.0000000E+000   0.0000000E+000   0.0000000E+000   0.0000000E+000   0.0000000E+000
   6.8000004E-001   0.0000000E+000   0.0000000E+000   0.0000000E+000   0.0000000E+000   0.0000000E+000
   7.1999997E-001   0.0000000E+000   0.0000000E+000   0.0000000E+000   0.0000000E+000   0.0000000E+000
   7.5999998E-001   0.0000000E+000   0.0000000E+000   0.0000000E+000   0.0000000E+000   0.0000000E+000
   7.9999998E-001   0.0000000E+000   0.0000000E+000   0.0000000E+000   0.0000000E+000   0.0000000E+000
   8.3999999E-001   0.0000000E+000   0.0000000E+000   0.0000000E+000   0.0000000E+000   0.0000000E+000
   8.8000000E-001   0.0000000E+000   0.0000000E+000   0.0000000E+000   0.0000000E+000   0.0000000E+000
   9.2000000E-001   0.0000000E+000   0.0000000E+000   0.0000000E+000   0.0000000E+000   0.0000000E+000
   9.6000001E-001   0.0000000E+000   0.0000000E+000   0.0000000E+000   0.0000000E+000   0.0000000E+000
   1.0000000E+000   0.0000000E+000   0.0000000E+000   0.0000000E+000   0.0000000E+000   0.0000000E+000
   1.0400000E+000   0.0000000E+000   0.0000000E+000   0.0000000E+000   0.0000000E+000   0.0000000E+000
   1.0800000E+000   0.0000000E+000   0.0000000E+000   0.0000000E+000   0.0000000E+000   0.0000000E+000
   1.1200000E+000   0.0000000E+000   0.0000000E+000   0.0000000E+000   0.0000000E+000   0.0000000E+000
   1.1600000E+000   0.0000000E+000   0.0000000E+000   0.0000000E+000   0.0000000E+000   0.0000000E+000
   1.2000000E+000   0.0000000E+000   0.0000000E+000   0.0000000E+000   0.0000000E+000   0.0000000E+000
   1.2400000E+000   0.0000000E+000   0.0000000E+000   0.0000000E+000   0.0000000E+000   0.0000000E+000
   1.2800001E+000   0.0000000E+000   0.0000000E+000   0.0000000E+000   0.0000000E+000   0.0000000E+000
   1.3200000E+000   0.0000000E+000   0.0000000E+000   0.0000000E+000   0.0000000E+000   0.0000000E+000
   1.3600001E+000   0.0000000E+000   0.0000000E+000   0.0000000E+000   0.0000000E+000   0.0000000E+000
   1.4000000E+000   0.0000000E+000   0.0000000E+000   0.0000000E+000   0.0000000E+000   0.0000000E+000
   1.4399999E+000   0.0000000E+000   0.0000000E+000   0.0000000E+000   0.0000000E+000   0.0000000E+000
   1.4800000E+000   0.0000000E+000   0.0000000E+000   0.0000000E+000   0.0000000E+000   0.0000000E+000
   1.5200000E+000   0.0000000E+000   0.0000000E+000   0.0000000E+000   0.0000000E+000   0.0000000E+000
   1.5600000E+000   0.0000000E+000   0.0000000E+000   0.0000000E+000   0.0000000E+000   0.0000000E+000
   1.6000000E+000   0.0000000E+000   0.0000000E+000   0.0000000E+000   0.0000000E+000   0.0000000E+000
   1.6400000E+000   0.0000000E+000   0.0000000E+000   0.0000000E+000   0.0000000E+000   0.0000000E+000
   1.6800000E+000   0.0000000E+000   0.0000000E+000   0.0000000E+000   0.0000000E+000   0.0000000E+000
   1.7200001E+000   0.0000000E+000   0.0000000E+000   0.0000000E+000   0.0000000E+000   0.0000000E+000
   1.7600000E+000   0.0000000E+000   0.0000000E+000   0.0000000E+000   0.0000000E+000   0.0000000E+000
   1.8000001E+000   0.0000000E+000   0.0000000E+000   0.0000000E+000   0.0000000E+000   0.0000000E+000
   1.8400000E+000   0.0000000E+000   0.0000000E+000   0.0000000E+000   0.0000000E+000   0.0000000E+000
   1.8799999E+000   0.0000000E+000   0.0000000E+000   0.0000000E+000   0.0000000E+000   0.0000000E+000
   1.9200000E+000   0.0000000E+000   0.0000000E+000   0.0000000E+000   0.0000000E+000   0.0000000E+000
   1.9599999E+000   0.0000000E+000   0.0000000E+000   0.0000000E+000   0.0000000E+000   0.0000000E+000
   2.0000000E+000   0.0000000E+000   0.0000000E+000   0.0000000E+000   0.0000000E+000   0.0000000E+000
   2.0400000E+000   0.0000000E+000   0.0000000E+000   0.0000000E+000   0.0000000E+000   0.0000000E+000
   2.0800000E+000   0.0000000E+000   0.0000000E+000   0.0000000E+000   0.0000000E+000   0.0000000E+000
   2.1200000E+000   0.0000000E+000   0.0000000E+000   0.0000000E+000   0.0000000E+000   0.0000000E+000
   2.1600001E+000   0.0000000E+000   0.0000000E+000   0.0000000E+000   0.0000000E+000   0.0000000E+000
   2.2000000E+000   0.0000000E+000   0.0000000E+000   0.0000000E+000   0.0000000E+000   0.0000000E+000
   2.2400001E+000   0.0000000E+000   0.0000000E+000   0.0000000E+000   0.0000000E+000   0.0000000E+000
   2.2800000E+000   0.0000000E+000   0.0000000E+000   0.0000000E+000   0.0000000E+000   0.0000000E+000
   2.3199999E+000   0.0000000E+000   0.0000000E+000   0.0000000E+000   0.0000000E+000   0.0000000E+000
   2.3600000E+000   0.0000000E+000   0.0000000E+000   0.0000000E+000   0.0000000E+000   0.0000000E+000
   2.3999999E+000   0.0000000E+000   0.0000000E+000   0.0000000E+000   0.0000000E+000   0.0000000E+000
   2.4400000E+000   0.0000000E+000   0.0000000E+000   0.0000000E+000   0.0000000E+000   0.0000000E+000
   2.4800000E+000   0.0000000E+000   0.0000000E+000   0.0000000E+000   0.0000000E+000   0.0000000E+000
   2.5200000E+000   0.0000000E+000   0.0000000E+000   0.0000000E+000   0.0000000E+000   0.0000000E+000
   2.5600001E+000   0.0000000E+000   0.0000000E+000   0.0000000E+000   0.0000000E+000   0.0000000E+000
   2.5999999E+000   0.0000000E+000   0.0000000E+000   0.0000000E+000   0.0000000E+000   0.0000000E+000
   2.6400000E+000   0.0000000E+000   0.0000000E+000   0.0000000E+000   0.0000000E+000   0.0000000E+000
   2.6800001E+000   0.0000000E+000   0.0000000E+000   0.0000000E+000   0.0000000E+000   0.0000000E+000
   2.7200001E+000   0.0000000E+000   0.0000000E+000   0.0000000E+000   0.0000000E+000   0.0000000E+000
   2.7599999E+000   0.0000000E+000   0.0000000E+000   0.0000000E+000   0.0000000E+000   0.0000000E+000
   2.8000000E+000   0.0000000E+000   0.0000000E+000   0.0000000E+000   0.0000000E+000   0.0000000E+000
   2.8400001E+000   0.0000000E+000   0.0000000E+000   0.0000000E+000   0.0000000E+000   0.0000000E+000
   2.8799999E+000   0.0000000E+000   0.0000000E+000   0.0000000E+000   0.0000000E+000   0.0000000E+000
   2.9200000E+000   0.0000000E+000   0.0000000E+000   0.0000000E+000   0.0000000E+000   0.0000000E+000
   2.9600000E+000   0.0000000E+000   0.0000000E+000   0.0000000E+000   0.0000000E+000   0.0000000E+000
   3.0000001E+000   0.0000000E+000   0.0000000E+000   0.0000000E+000   0.0000000E+000   0.0000000E+000
   3.0399999E+000   0.0000000E+000   0.0000000E+000   0.0000000E+000   0.0000000E+000   0.0000000E+000
   3.0800000E+000   0.0000000E+000   0.0000000E+000   0.0000000E+000   0.0000000E+000   0.0000000E+000
   3.1200001E+000   0.0000000E+000   0.0000000E+000   0.0000000E+000   0.0000000E+000   0.0000000E+000
   3.1600001E+000   0.0000000E+000   0.0000000E+000   0.0000000E+000   0.0000000E+000   0.0000000E+000
   3.1999999E+000   0.0000000E+000   0.0000000E+000   0.0000000E+000   0.0000000E+000   0.0000000E+000
   3.2400000E+000   0.0000000E+000   0.0000000E+000   0.0000000E+000   0.0000000E+000   0.0000000E+000
   3.2800001E+000   0.0000000E+000   0.0000000E+000   0.0000000E+000   0.0000000E+000   0.0000000E+000
   3.3199999E+000   0.0000000E+000   0.0000000E+000   0.0000000E+000   0.0000000E+000   0.0000000E+000
   3.3600000E+000   0.0000000E+000   0.0000000E+000   0.0000000E+000   0.0000000E+000   0.0000000E+000
   3.4000000E+000   0.0000000E+000   0.0000000E+000   0.0000000E+000   0.0000000E+000   0.0000000E+000
   3.4400001E+000   0.0000000E+000   0.0000000E+000   0.0000000E+000   0.0000000E+000   0.0000000E+000
   3.4799999E+000   0.0000000E+000   0.0000000E+000   0.0000000E+000   0.0000000E+000   0.0000000E+000
   3.5200000E+000   0.0000000E+000   0.0000000E+000   0.0000000E+000   0.0000000E+000   0.0000000E+000
   3.5600001E+000   0.0000000E+000   0.0000000E+000   0.0000000E+000   0.0000000E+000   0.0000000E+000
   3.6000001E+000   0.0000000E+000   0.0000000E+000   0.0000000E+000   0.0000000E+000   0.0000000E+000
   3.6399999E+000   0.0000000E+000   0.0000000E+000   0.0000000E+000   0.0000000E+000   0.0000000E+000
   3.6800000E+000   0.0000000E+000   0.0000000E+000   0.0000000E+000   0.0000000E+000   0.0000000E+000
   3.7200001E+000   0.0000000E+000   0.0000000E+000   0.0000000E+000   0.0000000E+000   0.0000000E+000
   3.7599999E+000   0.0000000E+000   0.0000000E+000   0.0000000E+000   0.0000000E+000   0.0000000E+000
   3.8000000E+000   0.0000000E+000   0.0000000E+000   0.0000000E+000   0.0000000E+000   0.0000000E+000
   3.8400000E+000   0.0000000E+000   0.0000000E+000   0.0000000E+000   0.0000000E+000   0.0000000E+000
   3.8800001E+000   0.0000000E+000   0.0000000E+000   0.0000000E+000   0.0000000E+000   0.0000000E+000
   3.9199999E+000   0.0000000E+000   0.0000000E+000   0.0000000E+000   0.0000000E+000   0.0000000E+000
   3.9600000E+000   0.0000000E+000   0.0000000E+000   0.0000000E+000   0.0000000E+000   0.0000000E+000
   4.0000001E+000   0.0000000E+000   0.0000000E+000   0.0000000E+000   0.0000000E+000   0.0000000E+000
   4.0400001E+000   0.0000000E+000   0.0000000E+000   0.0000000E+000   0.0000000E+000   0.0000000E+000
   4.0799999E+000   0.0000000E+000   0.0000000E+000   0.0000000E+000   0.0000000E+000   0.0000000E+000
   4.1200000E+000   0.0000000E+000   0.0000000E+000   0.0000000E+000   0.0000000E+000   0.0000000E+000
   4.1600001E+000   0.0000000E+000   0.0000000E+000   0.0000000E+000   0.0000000E+000   0.0000000E+000
   4.1999999E+000   0.0000000E+000   0.0000000E+000   0.0000000E+000   0.0000000E+000   0.0000000E+000
   4.2399999E+000   0.0000000E+000   0.0000000E+000   0.0000000E+000   0.0000000E+000   0.0000000E+000
   4.2800000E+000   0.0000000E+000   0.0000000E+000   0.0000000E+000   0.0000000E+000   0.0000000E+000
   4.3200001E+000   0.0000000E+000   0.0000000E+000   0.0000000E+000   0.0000000E+000   0.0000000E+000
   4.3599999E+000   0.0000000E+000   0.0000000E+000   0.0000000E+000   0.0000000E+000   0.0000000E+000
   4.4000000E+000   0.0000000E+000   0.0000000E+000   0.0000000E+000   0.0000000E+000   0.0000000E+000
   4.4400001E+000   0.0000000E+000   0.0000000E+000   0.0000000E+000   0.0000000E+000   0.0000000E+000
   4.4800001E+000   0.0000000E+000   0.0000000E+000   0.0000000E+000   0.0000000E+000   0.0000000E+000
   4.5199999E+000   0.0000000E+000   0.0000000E+000   0.0000000E+000   0.0000000E+000   0.0000000E+000
   4.5600000E+000   0.0000000E+000   0.0000000E+000   0.0000000E+000   0.0000000E+000   0.0000000E+000
   4.6000001E+000   0.0000000E+000   0.0000000E+000   0.0000000E+000   0.0000000E+000   0.0000000E+000
   4.6399999E+000   0.0000000E+000   0.0000000E+000   0.0000000E+000   0.0000000E+000   0.0000000E+000
   4.6799999E+000   0.0000000E+000   0.0000000E+000   0.0000000E+000   0.0000000E+000   0.0000000E+000
   4.7200000E+000   0.0000000E+000   0.0000000E+000   0.0000000E+000   0.0000000E+000   0.0000000E+000
   4.7600001E+000   0.0000000E+000   0.0000000E+000   0.0000000E+000   0.0000000E+000   0.0000000E+000
   4.7999999E+000   0.0000000E+000   0.0000000E+000   0.0000000E+000   0.0000000E+000   0.0000000E+000
   4.8400000E+000   0.0000000E+000   0.0000000E+000   0.0000000E+000   0.0000000E+000   0.0000000E+000
   4.8800001E+000   0.0000000E+000   0.0000000E+000   0.0000000E+000   0.0000000E+000   0.0000000E+000
   4.9200001E+000   0.0000000E+000   0.0000000E+000   0.0000000E+000   0.0000000E+000   0.0000000E+000
   4.9599999E+000   0.0000000E+000   0.0000000E+000   0.0000000E+000   0.0000000E+000   0.0000000E+000
   5.0000000E+000   0.0000000E+000   0.0000000E+000   0.0000000E+000   0.0000000E+000   0.0000000E+000
   5.0400001E+000   0.0000000E+000   0.0000000E+000   0.0000000E+000   0.0000000E+000   0.0000000E+000
   5.0800002E+000   0.0000000E+000   0.0000000E+000   0.0000000E+000   0.0000000E+000   0.0000000E+000
   5.1200002E+000   0.0000000E+000   0.0000000E+000   0.0000000E+000   0.0000000E+000   0.0000000E+000
   5.1599997E+000   0.0000000E+000   0.0000000E+000   0.0000000E+000   0.0000000E+000   0.0000000E+000
   5.1999998E+000   0.0000000E+000   0.0000000E+000   0.0000000E+000   0.0000000E+000   0.0000000E+000
   5.2399999E+000   0.0000000E+000   0.0000000E+000   0.0000000E+000   0.0000000E+000   0.0000000E+000
   5.2800000E+000   0.0000000E+000   0.0000000E+000   0.0000000E+000   0.0000000E+000   0.0000000E+000
   5.3200001E+000   0.0000000E+000   0.0000000E+000   0.0000000E+000   0.0000000E+000   0.0000000E+000
   5.3600001E+000   0.0000000E+000   0.0000000E+000   0.0000000E+000   0.0000000E+000   0.0000000E+000
   5.4000002E+000   0.0000000E+000   0.0000000E+000   0.0000000E+000   0.0000000E+000   0.0000000E+000
   5.4400003E+000   0.0000000E+000   0.0000000E+000   0.0000000E+000   0.0000000E+000   0.0000000E+000
   5.4799998E+000   0.0000000E+000   0.0000000E+000   0.0000000E+000   0.0000000E+000   3.4909096E-276
   5.5199999E+000   0.0000000E+000   0.0000000E+000   1.7562895E-120   2.3183927E-122   3.2046018E-180
   5.5599999E+000   0.0000000E+000   0.0000000E+000   2.1318855E-078   2.1884648E-080   1.2665885E-116
   5.6000000E+000   0.0000000E+000   0.0000000E+000   8.7364586E-051   9.4010373E-053   9.9035930E-075
   5.6400001E+000   0.0000000E+000   0.0000000E+000   8.8404714E-033   7.4102294E-035   2.5882517E-047
   5.6800002E+000   0.0000000E+000   0.0000000E+000   4.2367808E-021   2.8606849E-023   1.6906510E-029
   5.7200003E+000   0.0000000E+000   0.0000000E+000   1.4178225E-013   1.1603674E-015   5.1240323E-018
   5.7599998E+000   0.0000000E+000   0.0000000E+000   9.4499705E-009   7.6666783E-011   1.0906345E-010
   5.7999998E+000   0.0000000E+000   0.0000000E+000   1.1111280E-005   7.1063483E-008   4.5484066E-006
   5.8399999E+000   0.0000000E+000   0.0000000E+000   9.6065024E-004   5.8856997E-006   3.3351645E-003
   5.8800000E+000   0.0000000E+000   0.0000000E+000   1.4962118E-002   8.1211380E-005   1.8107257E-001
   5.9200001E+000   0.0000000E+000   0.0000000E+000   7.2130304E-002   4.5473907E-004   1.8561938E+000
   5.9600002E+000   0.0000000E+000   0.0000000E+000   1.5227959E-001   9.5714525E-004   6.5831787E+000
   6.0000002E+000   0.0000000E+000   0.0000000E+000   1.7639892E-001   1.4057864E-003   1.1920447E+001
   6.0399997E+000   0.0000000E+000   0.0000000E+000   1.3477612E-001   1.2638639E-003   1.4126571E+001
   6.0799998E+000   0.0000000E+000   0.0000000E+000   8.4495679E-002   9.3998048E-004   1.2822827E+001
   6.1199999E+000   0.0000000E+000   0.0000000E+000   5.0526532E-002   6.2384396E-004   9.8418731E+000
   6.1600000E+000   0.0000000E+000   0.0000000E+000   3.0968009E-002   3.1051806E-004   6.7934806E+000
   6.2000000E+000   0.0000000E+000   0.0000000E+000   1.8995786E-002   2.7124284E-004   4.3809603E+000
   6.2400001E+000   0.0000000E+000   0.0000000E+000   1.1852471E-002   1.2065571E-004   2.7016194E+000
   6.2800002E+000   0.0000000E+000   0.0000000E+000   7.3378084E-003   7.7914374E-005   1.6157218E+000
   6.3200003E+000   0.0000000E+000   0.0000000E+000   4.4805872E-003   4.8555222E-005   9.4499189E-001
   6.3599998E+000   0.0000000E+000   0.0000000E+000   2.7326085E-003   2.9396589E-005   5.4314821E-001
   6.3999999E+000   0.0000000E+000   0.0000000E+000   1.6146747E-003   1.8054428E-005   3.0762324E-001
   6.4399999E+000   0.0000000E+000   0.0000000E+000   9.4270287E-004   1.0751464E-005   1.7192917E-001
   6.4800000E+000   0.0000000E+000   0.0000000E+000   5.3769882E-004   7.0516101E-006   9.4883073E-002
   6.5200001E+000   0.0000000E+000   0.0000000E+000   3.0185342E-004   4.0178663E-006   5.1714260E-002
   6.5600002E+000   0.0000000E+000   0.0000000E+000   1.6683321E-004   1.7329420E-006   2.7833153E-002
   6.6000003E+000   0.0000000E+000   0.0000000E+000   9.0364577E-005   1.1260174E-006   1.4788181E-002
   6.6399997E+000   0.0000000E+000   0.0000000E+000   4.8040914E-005   4.7445060E-007   7.7532883E-003
   6.6799998E+000   0.0000000E+000   0.0000000E+000   2.5322381E-005   2.5259306E-007   4.0092071E-003
   6.7199999E+000   0.0000000E+000   0.0000000E+000   1.3070822E-005   1.3550767E-007   2.0435589E-003
   6.7600000E+000   0.0000000E+000   0.0000000E+000   6.6550910E-006   6.7886690E-008   1.0261309E-003
   6.8000001E+000   0.0000000E+000   0.0000000E+000   3.3053493E-006   3.3167463E-008   5.0724019E-004
   6.8400002E+000   0.0000000E+000   0.0000000E+000   1.6323491E-006   1.6035225E-008   2.4666392E-004
   6.8800002E+000   0.0000000E+000   0.0000000E+000   7.8875312E-007   9.2330750E-009   1.1790733E-004
   6.9199997E+000   0.0000000E+000   0.0000000E+000   3.7408843E-007   4.8240165E-009   5.5354891E-005
   6.9599998E+000   0.0000000E+000   0.0000000E+000   1.7242851E-007   2.1130609E-009   2.5501191E-005
   6.9999999E+000   0.0000000E+000   0.0000000E+000   7.7851132E-008   9.6629532E-010   1.1516837E-005
   7.0400000E+000   0.0000000E+000   0.0000000E+000   3.4505659E-008   3.8747554E-010   5.0935427E-006
   7.0800000E+000   0.0000000E+000   0.0000000E+000   1.4889753E-008   1.7186267E-010   2.2035833E-006
   7.1200001E+000   0.0000000E+000   0.0000000E+000   6.3439930E-009   6.6907992E-011   9.3138583E-007
   7.1600002E+000   0.0000000E+000   0.0000000E+000   2.6193439E-009   2.6778871E-011   3.8409852E-007
   7.2000003E+000   0.0000000E+000   0.0000000E+000   1.0546270E-009   1.0741415E-011   1.5432621E-007
   7.2399998E+000   0.0000000E+000   0.0000000E+000   4.1109976E-010   4.1656325E-012   6.0316326E-008
   7.2799999E+000   0.0000000E+000   0.0000000E+000   1.5567353E-010   1.6423817E-012   2.2891690E-008
   7.3199999E+000   0.0000000E+000   0.0000000E+000   5.7210212E-011   6.2087952E-013   8.4206517E-009
   7.3600000E+000   0.0000000E+000   0.0000000E+000   2.0387715E-011   2.2231716E-013   2.9959405E-009
   7.4000001E+000   0.0000000E+000   0.0000000E+000   6.9515216E-012   6.9634699E-014   1.0285877E-009
   7.4400002E+000   0.0000000E+000   0.0000000E+000   2.2778670E-012   2.2966113E-014   3.3991020E-010
   7.4800003E+000   0.0000000E+000   0.0000000E+000   7.1606363E-013   7.1051551E-015   1.0781341E-010
   7.5199997E+000   0.0000000E+000   0.0000000E+000   2.1494825E-013   2.1311616E-015   3.2718718E-011
   7.5599998E+000   0.0000000E+000   0.0000000E+000   6.1549584E-014   6.8713643E-016   9.4667150E-012
   7.5999999E+000   0.0000000E+000   0.0000000E+000   1.6716956E-014   1.9144791E-016   2.6010842E-012
   7.6400000E+000   0.0000000E+000   0.0000000E+000   4.2967638E-015   5.7862004E-017   6.7562972E-013
   7.6800001E+000   0.0000000E+000   0.0000000E+000   1.0307702E-015   1.3939906E-017   1.6506042E-013
   7.7200001E+000   0.0000000E+000   0.0000000E+000   2.3158711E-016   3.0145066E-018   3.7706861E-014
   7.7600002E+000   0.0000000E+000   0.0000000E+000   4.7945534E-017   5.7328057E-019   8.0006199E-015
   7.7999997E+000   0.0000000E+000   0.0000000E+000   9.1945480E-018   1.0826924E-019   1.5644953E-015
   7.8399998E+000   0.0000000E+000   0.0000000E+000   1.5900734E-018   1.7497595E-020   2.7940244E-016
   7.8799999E+000   0.0000000E+000   0.0000000E+000   2.5114600E-019   2.7160381E-021   4.5087168E-017
   7.9200000E+000   0.0000000E+000   0.0000000E+000   3.4928649E-020   3.4459913E-022   6.4913246E-018
   7.9600000E+000   0.0000000E+000   0.0000000E+000   4.2199524E-021   3.9629668E-023   8.2121856E-019
   8.0000001E+000   0.0000000E+000   0.0000000E+000   4.4201857E-022   4.0054137E-024   8.9618467E-020
   8.0400002E+000   0.0000000E+000   0.0000000E+000   3.8696360E-023   3.5983901E-025   8.2463372E-021
   8.0800003E+000   0.0000000E+000   0.0000000E+000   2.7477848E-024   2.6120922E-026   6.2184728E-022
   8.1199998E+000   0.0000000E+000   0.0000000E+000   1.5224908E-025   1.2019893E-027   3.7061156E-023
   8.1599998E+000   0.0000000E+000   0.0000000E+000   6.3028739E-027   5.9507599E-029   1.6652615E-024
   8.1999999E+000   0.0000000E+000   0.0000000E+000   1.8283623E-028   1.5672692E-030   5.2970904E-026
   8.2400000E+000   0.0000000E+000   0.0000000E+000   3.3588732E-030   3.2661297E-032   1.0938301E-027
   8.2800001E+000   0.0000000E+000   0.0000000E+000   3.5370460E-032   3.3302455E-034   1.2952832E-029
   8.3200002E+000   0.0000000E+000   0.0000000E+000   1.7005822E-034   1.7547557E-036   7.2995159E-032
   8.3600003E+000   0.0000000E+000   0.0000000E+000   2.8057521E-037   2.5183181E-039   1.4509038E-034
   8.3999997E+000   0.0000000E+000   0.0000000E+000   9.0474612E-041   8.7531462E-043   6.0001217E-038
   8.4399998E+000   0.0000000E+000   0.0000000E+000   1.9292712E-045   2.1723954E-047   1.7708874E-042
   8.4799999E+000   0.0000000E+000   0.0000000E+000   1.5389972E-052   1.4314538E-054   2.3489822E-049
   8.5200000E+000   0.0000000E+000   0.0000000E+000   1.6924037E-067   1.7639469E-069   3.8029518E-064
   8.5600001E+000   0.0000000E+000   0.0000000E+000   1.5750904E-052   1.5124844E-054  -3.8029518E-064
   8.6000001E+000   0.0000000E+000   0.0000000E+000   1.9944036E-045   1.9807143E-047  -2.3489822E-049
   8.6400002E+000   0.0000000E+000   0.0000000E+000   9.4721617E-041   8.2870202E-043  -1.7708874E-042
   8.6799997E+000   0.0000000E+000   0.0000000E+000   2.9845294E-037   2.7153942E-039  -6.0001217E-038
   8.7199998E+000   0.0000000E+000   0.0000000E+000   1.8410710E-034   1.6414166E-036  -1.4509038E-034
   8.7599999E+000   0.0000000E+000   0.0000000E+000   3.8865906E-032   2.9637022E-034  -7.2995159E-032
   8.8000000E+000   0.0000000E+000   0.0000000E+000   3.7700235E-030   2.8011028E-032  -1.2952832E-029
   8.8400000E+000   0.0000000E+000   0.0000000E+000   2.0518149E-028   1.5251534E-030  -1.0938301E-027
   8.8800001E+000   0.0000000E+000   0.0000000E+000   7.1823170E-027   5.1787545E-029  -5.2970904E-026
   8.9200002E+000   0.0000000E+000   0.0000000E+000   1.7567254E-025   1.3134918E-027  -1.6652615E-024
   8.9600003E+000   0.0000000E+000   0.0000000E+000   3.2046409E-024   2.4413079E-026  -3.7061156E-023
   8.9999998E+000   0.0000000E+000   0.0000000E+000   4.5757849E-023   2.9588392E-025  -6.2184728E-022
   9.0399998E+000   0.0000000E+000   0.0000000E+000   5.3155288E-022   3.9260387E-024  -8.2463372E-021
   9.0799999E+000   0.0000000E+000   0.0000000E+000   5.1620032E-021   4.5328822E-023  -8.9618467E-020
   9.1200000E+000   0.0000000E+000   0.0000000E+000   4.3152236E-020   2.9303658E-022  -8.2121856E-019
   9.1600001E+000   0.0000000E+000   0.0000000E+000   3.1452564E-019   2.0147212E-021  -6.4913246E-018
   9.2000002E+000   0.0000000E+000   0.0000000E+000   2.0320551E-018   1.1637906E-020  -4.5087168E-017
   9.2400002E+000   0.0000000E+000   0.0000000E+000   1.1894013E-017   6.7380692E-020  -2.7940244E-016
   9.2799997E+000   0.0000000E+000   0.0000000E+000   6.3025176E-017   3.4595401E-019  -1.5644953E-015
   9.3199998E+000   0.0000000E+000   0.0000000E+000   3.0936585E-016   1.6648695E-018  -8.0006199E-015
   9.3599999E+000   0.0000000E+000   0.0000000E+000   1.3907696E-015   7.4796307E-018  -3.7706861E-014
   9.4000000E+000   0.0000000E+000   0.0000000E+000   5.8667094E-015   3.1038301E-017  -1.6506042E-013
   9.4400001E+000   0.0000000E+000   0.0000000E+000   2.3254586E-014   1.5562611E-016  -6.7562972E-013
   9.4800001E+000   0.0000000E+000   0.0000000E+000   8.7074715E-014   6.4715819E-016  -2.6010842E-012
   9.5200002E+000   0.0000000E+000   0.0000000E+000   3.0901447E-013   2.2426562E-015  -9.4667150E-012
   9.5599997E+000   0.0000000E+000   0.0000000E+000   1.0402380E-012   7.4008368E-015  -3.2718718E-011
   9.5999998E+000   0.0000000E+000   0.0000000E+000   3.3717166E-012   2.2771066E-014  -1.0781341E-010
   9.6399999E+000   0.0000000E+000   0.0000000E+000   1.0412643E-011   7.0432191E-014  -3.3991020E-010
   9.6799999E+000   0.0000000E+000   0.0000000E+000   3.0991628E-011   1.7509023E-013  -1.0285877E-009
   9.7200000E+000   0.0000000E+000   0.0000000E+000   8.8802568E-011   5.9631181E-013  -2.9959405E-009
   9.7600001E+000   0.0000000E+000   0.0000000E+000   2.4571878E-010   1.3042724E-012  -8.4206517E-009
   9.8000002E+000   0.0000000E+000   0.0000000E+000   6.5805144E-010   3.1261671E-012  -2.2891690E-008
   9.8400003E+000   0.0000000E+000   0.0000000E+000   1.7144243E-009   8.4364367E-012  -6.0316326E-008
   9.8799998E+000   0.0000000E+000   0.0000000E+000   4.3414666E-009   2.1139409E-011  -1.5432621E-007
   9.9199998E+000   0.0000000E+000   0.0000000E+000   1.0639983E-008   4.9842398E-011  -3.8409852E-007
   9.9599999E+000   0.0000000E+000   0.0000000E+000   2.5551722E-008   1.3533260E-010  -9.3138583E-007
   1.0000000E+001   0.0000000E+000   0.0000000E+000   6.0042582E-008   2.8573392E-010  -2.2035833E-006
   1.0039999E+001   0.0000000E+000   0.0000000E+000   1.3760590E-007   6.4472497E-010  -5.0935427E-006
   1.0080000E+001   0.0000000E+000   0.0000000E+000   3.0786411E-007   1.6548376E-009  -1.1516837E-005
   1.0120000E+001   0.0000000E+000   0.0000000E+000   6.7496445E-007   3.5115043E-009  -2.5501191E-005
   1.0160000E+001   0.0000000E+000   0.0000000E+000   1.4549642E-006   7.0669381E-009  -5.5354891E-005
   1.0200000E+001   0.0000000E+000   0.0000000E+000   3.0626197E-006   1.4309261E-008  -1.1790733E-004
   1.0240000E+001   0.0000000E+000   0.0000000E+000   6.3691222E-006   2.5743878E-008  -2.4666392E-004
   1.0280000E+001   0.0000000E+000   0.0000000E+000   1.2925246E-005   5.3001225E-008  -5.0724019E-004
   1.0319999E+001   0.0000000E+000   0.0000000E+000   2.5852558E-005   1.1184654E-007  -1.0261309E-003
   1.0360000E+001   0.0000000E+000   0.0000000E+000   5.0902581E-005   2.1567902E-007  -2.0435589E-003
   1.0400000E+001   0.0000000E+000   0.0000000E+000   9.8720363E-005   3.9667498E-007  -4.0092071E-003
   1.0440000E+001   0.0000000E+000   0.0000000E+000   1.8782916E-004   7.4079408E-007  -7.7532883E-003
   1.0480000E+001   0.0000000E+000   0.0000000E+000   3.5291843E-004   1.3948271E-006  -1.4788181E-002
   1.0520000E+001   0.0000000E+000   0.0000000E+000   6.5377019E-004   2.7755775E-006  -2.7833153E-002
   1.0560000E+001   0.0000000E+000   0.0000000E+000   1.1888114E-003   4.8275273E-006  -5.1714260E-002
   1.0599999E+001   0.0000000E+000   0.0000000E+000   2.1340091E-003   9.1282360E-006  -9.4883073E-002
   1.0640000E+001   0.0000000E+000   0.0000000E+000   3.7762214E-003   1.5974425E-005  -1.7192917E-001
   1.0680000E+001   0.0000000E+000   0.0000000E+000   6.5436386E-003   3.0498244E-005  -3.0762324E-001
   1.0720000E+001   0.0000000E+000   0.0000000E+000   1.1199175E-002   4.8440554E-005  -5.4314821E-001
   1.0760000E+001   0.0000000E+000   0.0000000E+000   1.8783923E-002   8.5764464E-005  -9.4499189E-001
   1.0800000E+001   0.0000000E+000   0.0000000E+000   3.1156759E-002   1.1578904E-004  -1.6157218E+000
   1.0840000E+001   0.0000000E+000   0.0000000E+000   5.0926166E-002   2.2667221E-004  -2.7016194E+000
   1.0880001E+001   0.0000000E+000   0.0000000E+000   8.2325874E-002   3.4214333E-004  -4.3809603E+000
   1.0920000E+001   0.0000000E+000   0.0000000E+000   1.3367227E-001   5.2192047E-004  -6.7934806E+000
   1.0960000E+001   0.0000000E+000   0.0000000E+000   2.1030043E-001   6.2234058E-004  -9.8418731E+000
   1.1000000E+001   0.0000000E+000   0.0000000E+000   2.9360574E-001   6.2738662E-004  -1.2822827E+001
   1.1040000E+001   0.0000000E+000   0.0000000E+000   3.1545357E-001   2.9867787E-004  -1.4126571E+001
   1.1080000E+001   0.0000000E+000   0.0000000E+000   2.2841141E-001   8.6361727E-005  -1.1920447E+001
   1.1120000E+001   0.0000000E+000   0.0000000E+000   9.7974174E-002   3.2064567E-005  -6.5831787E+000
   1.1160001E+001   0.0000000E+000   0.0000000E+000   1.9731390E-002   8.7046331E-006  -1.8561938E+000
   1.1200000E+001   0.0000000E+000   0.0000000E+000   1.2752018E-003   9.5943714E-007  -1.8107257E-001
   1.1240000E+001   0.0000000E+000   0.0000000E+000   1.5022525E-005   1.6221996E-008  -3.3351645E-003
   1.1280000E+001   0.0000000E+000   0.0000000E+000   1.2971001E-008   2.0312217E-011  -4.5484066E-006
   1.1320000E+001   0.0000000E+000   0.0000000E+000   1.9849226E-013   3.6567719E-016  -1.0906345E-010
   1.1360000E+001   0.0000000E+000   0.0000000E+000   5.9785923E-021   1.3713876E-023  -5.1240323E-018
   1.1400000E+001   0.0000000E+000   0.0000000E+000   1.2676847E-032   3.8557897E-035  -1.6906510E-029
   1.1440001E+001   0.0000000E+000   0.0000000E+000   1.2592114E-050   5.1583101E-053  -2.5882517E-047
   1.1480000E+001   0.0000000E+000   0.0000000E+000   3.1735711E-078   1.3644973E-080  -9.9035930E-075
   1.1520000E+001   0.0000000E+000   0.0000000E+000   2.6805414E-120   1.5301178E-122  -1.2665885E-116
   1.1560000E+001   0.0000000E+000   0.0000000E+000   0.0000000E+000   0.0000000E+000  -3.2046018E-180
   1.1600000E+001   0.0000000E+000   0.0000000E+000   0.0000000E+000   0.0000000E+000  -3.4909096E-276
   1.1640000E+001   0.0000000E+000   0.0000000E+000   0.0000000E+000   0.0000000E+000   0.0000000E+000
   1.1680000E+001   0.0000000E+000   0.0000000E+000   0.0000000E+000   0.0000000E+000   0.0000000E+000
   1.1720001E+001   0.0000000E+000   0.0000000E+000   0.0000000E+000   0.0000000E+000   0.0000000E+000
   1.1760000E+001   0.0000000E+000   0.0000000E+000   0.0000000E+000   0.0000000E+000   0.0000000E+000
   1.1799999E+001   0.0000000E+000   0.0000000E+000   0.0000000E+000   0.0000000E+000   0.0000000E+000
   1.1840000E+001   0.0000000E+000   0.0000000E+000   0.0000000E+000   0.0000000E+000   0.0000000E+000
   1.1880000E+001   0.0000000E+000   0.0000000E+000   0.0000000E+000   0.0000000E+000   0.0000000E+000
   1.1920000E+001   0.0000000E+000   0.0000000E+000   0.0000000E+000   0.0000000E+000   0.0000000E+000
   1.1960000E+001   0.0000000E+000   0.0000000E+000   0.0000000E+000   0.0000000E+000   0.0000000E+000
   1.2000000E+001   0.0000000E+000   0.0000000E+000   0.0000000E+000   0.0000000E+000   0.0000000E+000
   1.2040000E+001   0.0000000E+000   0.0000000E+000   0.0000000E+000   0.0000000E+000   0.0000000E+000
   1.2079999E+001   0.0000000E+000   0.0000000E+000   0.0000000E+000   0.0000000E+000   0.0000000E+000
   1.2120000E+001   0.0000000E+000   0.0000000E+000   0.0000000E+000   0.0000000E+000   0.0000000E+000
   1.2160000E+001   0.0000000E+000   0.0000000E+000   0.0000000E+000   0.0000000E+000   0.0000000E+000
   1.2200000E+001   0.0000000E+000   0.0000000E+000   0.0000000E+000   0.0000000E+000   0.0000000E+000
   1.2240000E+001   0.0000000E+000   0.0000000E+000   0.0000000E+000   0.0000000E+000   0.0000000E+000
   1.2280000E+001   0.0000000E+000   0.0000000E+000   0.0000000E+000   0.0000000E+000   0.0000000E+000
   1.2320000E+001   0.0000000E+000   0.0000000E+000   0.0000000E+000   0.0000000E+000   0.0000000E+000
   1.2359999E+001   0.0000000E+000   0.0000000E+000   0.0000000E+000   0.0000000E+000   0.0000000E+000
   1.2400000E+001   0.0000000E+000   0.0000000E+000   0.0000000E+000   0.0000000E+000   0.0000000E+000
   1.2440000E+001   0.0000000E+000   0.0000000E+000   0.0000000E+000   0.0000000E+000   0.0000000E+000
   1.2480000E+001   0.0000000E+000   0.0000000E+000   0.0000000E+000   0.0000000E+000   0.0000000E+000
   1.2520000E+001   0.0000000E+000   0.0000000E+000   0.0000000E+000   0.0000000E+000   0.0000000E+000
   1.2560000E+001   0.0000000E+000   0.0000000E+000   0.0000000E+000   0.0000000E+000   0.0000000E+000
   1.2600000E+001   0.0000000E+000   0.0000000E+000   0.0000000E+000   0.0000000E+000   0.0000000E+000
   1.2640001E+001   0.0000000E+000   0.0000000E+000   0.0000000E+000   0.0000000E+000   0.0000000E+000
   1.2680000E+001   0.0000000E+000   0.0000000E+000   0.0000000E+000   0.0000000E+000   0.0000000E+000
   1.2720000E+001   0.0000000E+000   0.0000000E+000   0.0000000E+000   0.0000000E+000   0.0000000E+000
   1.2760000E+001   0.0000000E+000   0.0000000E+000   0.0000000E+000   0.0000000E+000   0.0000000E+000
   1.2800000E+001   0.0000000E+000   0.0000000E+000   0.0000000E+000   0.0000000E+000   0.0000000E+000
   1.2840000E+001   0.0000000E+000   0.0000000E+000   0.0000000E+000   0.0000000E+000   0.0000000E+000
   1.2880000E+001   0.0000000E+000   0.0000000E+000   0.0000000E+000   0.0000000E+000   0.0000000E+000
   1.2920001E+001   0.0000000E+000   0.0000000E+000   0.0000000E+000   0.0000000E+000   0.0000000E+000
   1.2960000E+001   0.0000000E+000   0.0000000E+000   0.0000000E+000   0.0000000E+000   0.0000000E+000
   1.3000000E+001   0.0000000E+000   0.0000000E+000   0.0000000E+000   0.0000000E+000   0.0000000E+000
   1.3040000E+001   0.0000000E+000   0.0000000E+000   0.0000000E+000   0.0000000E+000   0.0000000E+000
   1.3080000E+001   0.0000000E+000   0.0000000E+000   0.0000000E+000   0.0000000E+000   0.0000000E+000
   1.3120000E+001   0.0000000E+000   0.0000000E+000   0.0000000E+000   0.0000000E+000   0.0000000E+000
   1.3160000E+001   0.0000000E+000   0.0000000E+000   0.0000000E+000   0.0000000E+000   0.0000000E+000
   1.3200001E+001   0.0000000E+000   0.0000000E+000   0.0000000E+000   0.0000000E+000   0.0000000E+000
   1.3240000E+001   0.0000000E+000   0.0000000E+000   0.0000000E+000   0.0000000E+000   0.0000000E+000
   1.3279999E+001   0.0000000E+000   0.0000000E+000   0.0000000E+000   0.0000000E+000   0.0000000E+000
   1.3320000E+001   0.0000000E+000   0.0000000E+000   0.0000000E+000   0.0000000E+000   0.0000000E+000
   1.3360000E+001   0.0000000E+000   0.0000000E+000   0.0000000E+000   0.0000000E+000   0.0000000E+000
   1.3400000E+001   0.0000000E+000   0.0000000E+000   0.0000000E+000   0.0000000E+000   0.0000000E+000
   1.3440000E+001   0.0000000E+000   0.0000000E+000   0.0000000E+000   0.0000000E+000   0.0000000E+000
   1.3480000E+001   0.0000000E+000   0.0000000E+000   0.0000000E+000   0.0000000E+000   0.0000000E+000
   1.3520000E+001   0.0000000E+000   0.0000000E+000   0.0000000E+000   0.0000000E+000   0.0000000E+000
   1.3559999E+001   0.0000000E+000   0.0000000E+000   0.0000000E+000   0.0000000E+000   0.0000000E+000
   1.3600000E+001   0.0000000E+000   0.0000000E+000   0.0000000E+000   0.0000000E+000   0.0000000E+000
   1.3640000E+001   0.0000000E+000   0.0000000E+000   0.0000000E+000   0.0000000E+000   0.0000000E+000
   1.3680000E+001   0.0000000E+000   0.0000000E+000   0.0000000E+000   0.0000000E+000   0.0000000E+000
   1.3720000E+001   0.0000000E+000   0.0000000E+000   0.0000000E+000   0.0000000E+000   0.0000000E+000
   1.3760000E+001   0.0000000E+000   0.0000000E+000   0.0000000E+000   0.0000000E+000   0.0000000E+000
   1.3800000E+001   0.0000000E+000   0.0000000E+000   0.0000000E+000   0.0000000E+000   0.0000000E+000
   1.3839999E+001   0.0000000E+000   0.0000000E+000   0.0000000E+000   0.0000000E+000   0.0000000E+000
   1.3880000E+001   0.0000000E+000   0.0000000E+000   0.0000000E+000   0.0000000E+000   0.0000000E+000
   1.3920000E+001   0.0000000E+000   0.0000000E+000   0.0000000E+000   0.0000000E+000   0.0000000E+000
   1.3960000E+001   0.0000000E+000   0.0000000E+000   0.0000000E+000   0.0000000E+000   0.0000000E+000
   1.4000000E+001   0.0000000E+000   0.0000000E+000   0.0000000E+000   0.0000000E+000   0.0000000E+000
   1.4040000E+001   0.0000000E+000   0.0000000E+000   0.0000000E+000   0.0000000E+000   0.0000000E+000
   1.4080000E+001   0.0000000E+000   0.0000000E+000   0.0000000E+000   0.0000000E+000   0.0000000E+000
   1.4119999E+001   0.0000000E+000   0.0000000E+000   0.0000000E+000   0.0000000E+000   0.0000000E+000
   1.4160000E+001   0.0000000E+000   0.0000000E+000   0.0000000E+000   0.0000000E+000   0.0000000E+000
   1.4200000E+001   0.0000000E+000   0.0000000E+000   0.0000000E+000   0.0000000E+000   0.0000000E+000
   1.4240000E+001   0.0000000E+000   0.0000000E+000   0.0000000E+000   0.0000000E+000   0.0000000E+000
   1.4280000E+001   0.0000000E+000   0.0000000E+000   0.0000000E+000   0.0000000E+000   0.0000000E+000
   1.4320000E+001   0.0000000E+000   0.0000000E+000   0.0000000E+000   0.0000000E+000   0.0000000E+000
   1.4360000E+001   0.0000000E+000   0.0000000E+000   0.0000000E+000   0.0000000E+000   0.0000000E+000
   1.4400001E+001   0.0000000E+000   0.0000000E+000   0.0000000E+000   0.0000000E+000   0.0000000E+000
   1.4440000E+001   0.0000000E+000   0.0000000E+000   0.0000000E+000   0.0000000E+000   0.0000000E+000
   1.4480000E+001   0.0000000E+000   0.0000000E+000   0.0000000E+000   0.0000000E+000   0.0000000E+000
   1.4520000E+001   0.0000000E+000   0.0000000E+000   0.0000000E+000   0.0000000E+000   0.0000000E+000
   1.4560000E+001   0.0000000E+000   0.0000000E+000   0.0000000E+000   0.0000000E+000   0.0000000E+000
   1.4600000E+001   0.0000000E+000   0.0000000E+000   0.0000000E+000   0.0000000E+000   0.0000000E+000
   1.4640000E+001   0.0000000E+000   0.0000000E+000   0.0000000E+000   0.0000000E+000   0.0000000E+000
   1.4680001E+001   0.0000000E+000   0.0000000E+000   0.0000000E+000   0.0000000E+000   0.0000000E+000
   1.4720000E+001   0.0000000E+000   0.0000000E+000   0.0000000E+000   0.0000000E+000   0.0000000E+000
   1.4760000E+001   0.0000000E+000   0.0000000E+000   0.0000000E+000   0.0000000E+000   0.0000000E+000
   1.4800000E+001   0.0000000E+000   0.0000000E+000   0.0000000E+000   0.0000000E+000   0.0000000E+000
   1.4840000E+001   0.0000000E+000   0.0000000E+000   0.0000000E+000   0.0000000E+000   0.0000000E+000
   1.4880000E+001   0.0000000E+000   0.0000000E+000   0.0000000E+000   0.0000000E+000   0.0000000E+000
   1.4920000E+001   0.0000000E+000   0.0000000E+000   0.0000000E+000   0.0000000E+000   0.0000000E+000
   1.4960001E+001   0.0000000E+000   0.0000000E+000   0.0000000E+000   0.0000000E+000   0.0000000E+000
   1.5000000E+001   0.0000000E+000   0.0000000E+000   0.0000000E+000   0.0000000E+000   0.0000000E+000
   1.5039999E+001   0.0000000E+000   0.0000000E+000   0.0000000E+000   0.0000000E+000   0.0000000E+000
   1.5080000E+001   0.0000000E+000   0.0000000E+000   0.0000000E+000   0.0000000E+000   0.0000000E+000
   1.5120000E+001   0.0000000E+000   0.0000000E+000   0.0000000E+000   0.0000000E+000   0.0000000E+000
   1.5160000E+001   0.0000000E+000   0.0000000E+000   0.0000000E+000   0.0000000E+000   0.0000000E+000
   1.5200000E+001   0.0000000E+000   0.0000000E+000   0.0000000E+000   0.0000000E+000   0.0000000E+000
   1.5240000E+001   0.0000000E+000   0.0000000E+000   0.0000000E+000   0.0000000E+000   0.0000000E+000
   1.5280000E+001   0.0000000E+000   0.0000000E+000   0.0000000E+000   0.0000000E+000   0.0000000E+000
   1.5319999E+001   0.0000000E+000   0.0000000E+000   0.0000000E+000   0.0000000E+000   0.0000000E+000
   1.5360000E+001   0.0000000E+000   0.0000000E+000   0.0000000E+000   0.0000000E+000   0.0000000E+000
   1.5400000E+001   0.0000000E+000   0.0000000E+000   0.0000000E+000   0.0000000E+000   0.0000000E+000
   1.5440000E+001   0.0000000E+000   0.0000000E+000   0.0000000E+000   0.0000000E+000   0.0000000E+000
   1.5480000E+001   0.0000000E+000   0.0000000E+000   0.0000000E+000   0.0000000E+000   0.0000000E+000
   1.5520000E+001   0.0000000E+000   0.0000000E+000   0.0000000E+000   0.0000000E+000   0.0000000E+000
   1.5560000E+001   0.0000000E+000   0.0000000E+000   0.0000000E+000   0.0000000E+000   0.0000000E+000
   1.5599999E+001   0.0000000E+000   0.0000000E+000   0.0000000E+000   0.0000000E+000   0.0000000E+000
   1.5640000E+001   0.0000000E+000   0.0000000E+000   0.0000000E+000   0.0000000E+000   0.0000000E+000
   1.5680000E+001   0.0000000E+000   0.0000000E+000   0.0000000E+000   0.0000000E+000   0.0000000E+000
   1.5720000E+001   0.0000000E+000   0.0000000E+000   0.0000000E+000   0.0000000E+000   0.0000000E+000
   1.5760000E+001   0.0000000E+000   0.0000000E+000   0.0000000E+000   0.0000000E+000   0.0000000E+000
   1.5800000E+001   0.0000000E+000   0.0000000E+000   0.0000000E+000   0.0000000E+000   0.0000000E+000
   1.5840000E+001   0.0000000E+000   0.0000000E+000   0.0000000E+000   0.0000000E+000   0.0000000E+000
   1.5880001E+001   0.0000000E+000   0.0000000E+000   0.0000000E+000   0.0000000E+000   0.0000000E+000
   1.5920000E+001   0.0000000E+000   0.0000000E+000   0.0000000E+000   0.0000000E+000   0.0000000E+000
   1.5960000E+001   0.0000000E+000   0.0000000E+000   0.0000000E+000   0.0000000E+000   0.0000000E+000
   1.6000000E+001   0.0000000E+000   0.0000000E+000   0.0000000E+000   0.0000000E+000   0.0000000E+000
   1.6040000E+001   0.0000000E+000   0.0000000E+000   0.0000000E+000   0.0000000E+000   0.0000000E+000
   1.6080000E+001   0.0000000E+000   0.0000000E+000   0.0000000E+000   0.0000000E+000   0.0000000E+000
   1.6120000E+001   0.0000000E+000   0.0000000E+000   0.0000000E+000   0.0000000E+000   0.0000000E+000
   1.6160001E+001   0.0000000E+000   0.0000000E+000   0.0000000E+000   0.0000000E+000   0.0000000E+000
   1.6200000E+001   0.0000000E+000   0.0000000E+000   0.0000000E+000   0.0000000E+000   0.0000000E+000
   1.6240000E+001   0.0000000E+000   0.0000000E+000   0.0000000E+000   0.0000000E+000   0.0000000E+000
   1.6280000E+001   0.0000000E+000   0.0000000E+000   0.0000000E+000   0.0000000E+000   0.0000000E+000
   1.6320000E+001   0.0000000E+000   0.0000000E+000   0.0000000E+000   0.0000000E+000   0.0000000E+000
   1.6360000E+001   0.0000000E+000   0.0000000E+000   0.0000000E+000   0.0000000E+000   0.0000000E+000
   1.6400000E+001   0.0000000E+000   0.0000000E+000   0.0000000E+000   0.0000000E+000   0.0000000E+000
   1.6440001E+001   0.0000000E+000   0.0000000E+000   0.0000000E+000   0.0000000E+000   0.0000000E+000
   1.6480000E+001   0.0000000E+000   0.0000000E+000   0.0000000E+000   0.0000000E+000   0.0000000E+000
   1.6520000E+001   0.0000000E+000   0.0000000E+000   0.0000000E+000   0.0000000E+000   0.0000000E+000
   1.6560000E+001   0.0000000E+000   0.0000000E+000   0.0000000E+000   0.0000000E+000   0.0000000E+000
   1.6600000E+001   0.0000000E+000   0.0000000E+000   0.0000000E+000   0.0000000E+000   0.0000000E+000
   1.6640000E+001   0.0000000E+000   0.0000000E+000   0.0000000E+000   0.0000000E+000   0.0000000E+000
   1.6680000E+001   0.0000000E+000   0.0000000E+000   0.0000000E+000   0.0000000E+000   0.0000000E+000
   1.6720001E+001   0.0000000E+000   0.0000000E+000   0.0000000E+000   0.0000000E+000   0.0000000E+000
   1.6760000E+001   0.0000000E+000   0.0000000E+000   0.0000000E+000   0.0000000E+000   0.0000000E+000
   1.6799999E+001   0.0000000E+000   0.0000000E+000   0.0000000E+000   0.0000000E+000   0.0000000E+000
   1.6840000E+001   0.0000000E+000   0.0000000E+000   0.0000000E+000   0.0000000E+000   0.0000000E+000
   1.6880000E+001   0.0000000E+000   0.0000000E+000   0.0000000E+000   0.0000000E+000   0.0000000E+000
   1.6920000E+001   0.0000000E+000   0.0000000E+000   0.0000000E+000   0.0000000E+000   0.0000000E+000
   1.6960000E+001   0.0000000E+000   0.0000000E+000   0.0000000E+000   0.0000000E+000   0.0000000E+000
   1.7000000E+001   0.0000000E+000   0.0000000E+000   0.0000000E+000   0.0000000E+000   0.0000000E+000
   1.7040000E+001   0.0000000E+000   0.0000000E+000   0.0000000E+000   0.0000000E+000   0.0000000E+000
   1.7079999E+001   0.0000000E+000   0.0000000E+000   0.0000000E+000   0.0000000E+000   0.0000000E+000
   1.7120000E+001   0.0000000E+000   0.0000000E+000   0.0000000E+000   0.0000000E+000   0.0000000E+000
   1.7160000E+001   0.0000000E+000   0.0000000E+000   0.0000000E+000   0.0000000E+000   0.0000000E+000
   1.7200000E+001   0.0000000E+000   0.0000000E+000   0.0000000E+000   0.0000000E+000   0.0000000E+000
   1.7240000E+001   0.0000000E+000   0.0000000E+000   0.0000000E+000   0.0000000E+000   0.0000000E+000
   1.7280000E+001   0.0000000E+000   0.0000000E+000   0.0000000E+000   0.0000000E+000   0.0000000E+000
   1.7320000E+001   0.0000000E+000   0.0000000E+000   0.0000000E+000   0.0000000E+000   0.0000000E+000
   1.7359999E+001   0.0000000E+000   0.0000000E+000   0.0000000E+000   0.0000000E+000   0.0000000E+000
   1.7400000E+001   0.0000000E+000   0.0000000E+000   0.0000000E+000   0.0000000E+000   0.0000000E+000
   1.7440000E+001   0.0000000E+000   0.0000000E+000   0.0000000E+000   0.0000000E+000   0.0000000E+000
   1.7480000E+001   0.0000000E+000   0.0000000E+000   0.0000000E+000   0.0000000E+000   0.0000000E+000
   1.7520000E+001   0.0000000E+000   0.0000000E+000   0.0000000E+000   0.0000000E+000   0.0000000E+000
   1.7560000E+001   0.0000000E+000   0.0000000E+000   0.0000000E+000   0.0000000E+000   0.0000000E+000
   1.7600000E+001   0.0000000E+000   0.0000000E+000   0.0000000E+000   0.0000000E+000   0.0000000E+000
   1.7640001E+001   0.0000000E+000   0.0000000E+000   0.0000000E+000   0.0000000E+000   0.0000000E+000
   1.7680000E+001   0.0000000E+000   0.0000000E+000   0.0000000E+000   0.0000000E+000   0.0000000E+000
   1.7720000E+001   0.0000000E+000   0.0000000E+000   0.0000000E+000   0.0000000E+000   0.0000000E+000
   1.7760000E+001   0.0000000E+000   0.0000000E+000   0.0000000E+000   0.0000000E+000   0.0000000E+000
   1.7800000E+001   0.0000000E+000   0.0000000E+000   0.0000000E+000   0.0000000E+000   0.0000000E+000
   1.7840000E+001   0.0000000E+000   0.0000000E+000   0.0000000E+000   0.0000000E+000   0.0000000E+000
   1.7880000E+001   0.0000000E+000   0.0000000E+000   0.0000000E+000   0.0000000E+000   0.0000000E+000
   1.7920001E+001   0.0000000E+000   0.0000000E+000   0.0000000E+000   0.0000000E+000   0.0000000E+000
   1.7960000E+001   0.0000000E+000   0.0000000E+000   0.0000000E+000   0.0000000E+000   0.0000000E+000
   1.8000000E+001   0.0000000E+000   0.0000000E+000   0.0000000E+000   0.0000000E+000   0.0000000E+000
   1.8040000E+001   0.0000000E+000   0.0000000E+000   0.0000000E+000   0.0000000E+000   0.0000000E+000
   1.8080000E+001   0.0000000E+000   0.0000000E+000   0.0000000E+000   0.0000000E+000   0.0000000E+000
   1.8120000E+001   0.0000000E+000   0.0000000E+000   0.0000000E+000   0.0000000E+000   0.0000000E+000
   1.8160000E+001   0.0000000E+000   0.0000000E+000   0.0000000E+000   0.0000000E+000   0.0000000E+000
   1.8200001E+001   0.0000000E+000   0.0000000E+000   0.0000000E+000   0.0000000E+000   0.0000000E+000
   1.8240000E+001   0.0000000E+000   0.0000000E+000   0.0000000E+000   0.0000000E+000   0.0000000E+000
   1.8279999E+001   0.0000000E+000   0.0000000E+000   0.0000000E+000   0.0000000E+000   0.0000000E+000
   1.8320000E+001   0.0000000E+000   0.0000000E+000   0.0000000E+000   0.0000000E+000   0.0000000E+000
   1.8360000E+001   0.0000000E+000   0.0000000E+000   0.0000000E+000   0.0000000E+000   0.0000000E+000
   1.8400000E+001   0.0000000E+000   0.0000000E+000   0.0000000E+000   0.0000000E+000   0.0000000E+000
   1.8440000E+001   0.0000000E+000   0.0000000E+000   0.0000000E+000   0.0000000E+000   0.0000000E+000
   1.8480000E+001   0.0000000E+000   0.0000000E+000   0.0000000E+000   0.0000000E+000   0.0000000E+000
   1.8520000E+001   0.0000000E+000   0.0000000E+000   0.0000000E+000   0.0000000E+000   0.0000000E+000
   1.8559999E+001   0.0000000E+000   0.0000000E+000   0.0000000E+000   0.0000000E+000   0.0000000E+000
   1.8600000E+001   0.0000000E+000   0.0000000E+000   0.0000000E+000   0.0000000E+000   0.0000000E+000
   1.8640000E+001   0.0000000E+000   0.0000000E+000   0.0000000E+000   0.0000000E+000   0.0000000E+000
   1.8680000E+001   0.0000000E+000   0.0000000E+000   0.0000000E+000   0.0000000E+000   0.0000000E+000
   1.8720000E+001   0.0000000E+000   0.0000000E+000   0.0000000E+000   0.0000000E+000   0.0000000E+000
   1.8760000E+001   0.0000000E+000   0.0000000E+000   0.0000000E+000   0.0000000E+000   0.0000000E+000
   1.8800000E+001   0.0000000E+000   0.0000000E+000   0.0000000E+000   0.0000000E+000   0.0000000E+000
   1.8839999E+001   0.0000000E+000   0.0000000E+000   0.0000000E+000   0.0000000E+000   0.0000000E+000
   1.8880000E+001   0.0000000E+000   0.0000000E+000   0.0000000E+000   0.0000000E+000   0.0000000E+000
   1.8920000E+001   0.0000000E+000   0.0000000E+000   0.0000000E+000   0.0000000E+000   0.0000000E+000
   1.8960000E+001   0.0000000E+000   0.0000000E+000   0.0000000E+000   0.0000000E+000   0.0000000E+000
   1.9000000E+001   0.0000000E+000   0.0000000E+000   0.0000000E+000   0.0000000E+000   0.0000000E+000
   1.9040000E+001   0.0000000E+000   0.0000000E+000   0.0000000E+000   0.0000000E+000   0.0000000E+000
   1.9080000E+001   0.0000000E+000   0.0000000E+000   0.0000000E+000   0.0000000E+000   0.0000000E+000
   1.9119999E+001   0.0000000E+000   0.0000000E+000   0.0000000E+000   0.0000000E+000   0.0000000E+000
   1.9160000E+001   0.0000000E+000   0.0000000E+000   0.0000000E+000   0.0000000E+000   0.0000000E+000
   1.9200000E+001   0.0000000E+000   0.0000000E+000   0.0000000E+000   0.0000000E+000   0.0000000E+000
   1.9240000E+001   0.0000000E+000   0.0000000E+000   0.0000000E+000   0.0000000E+000   0.0000000E+000
   1.9280000E+001   0.0000000E+000   0.0000000E+000   0.0000000E+000   0.0000000E+000   0.0000000E+000
   1.9320000E+001   0.0000000E+000   0.0000000E+000   0.0000000E+000   0.0000000E+000   0.0000000E+000
   1.9360000E+001   0.0000000E+000   0.0000000E+000   0.0000000E+000   0.0000000E+000   0.0000000E+000
   1.9400001E+001   0.0000000E+000   0.0000000E+000   0.0000000E+000   0.0000000E+000   0.0000000E+000
   1.9440000E+001   0.0000000E+000   0.0000000E+000   0.0000000E+000   0.0000000E+000   0.0000000E+000
   1.9480000E+001   0.0000000E+000   0.0000000E+000   0.0000000E+000   0.0000000E+000   0.0000000E+000
   1.9520000E+001   0.0000000E+000   0.0000000E+000   0.0000000E+000   0.0000000E+000   0.0000000E+000
   1.9560000E+001   0.0000000E+000   0.0000000E+000   0.0000000E+000   0.0000000E+000   0.0000000E+000
   1.9600000E+001   0.0000000E+000   0.0000000E+000   0.0000000E+000   0.0000000E+000   0.0000000E+000
   1.9640000E+001   0.0000000E+000   0.0000000E+000   0.0000000E+000   0.0000000E+000   0.0000000E+000
   1.9680001E+001   0.0000000E+000   0.0000000E+000   0.0000000E+000   0.0000000E+000   0.0000000E+000
   1.9720000E+001   0.0000000E+000   0.0000000E+000   0.0000000E+000   0.0000000E+000   0.0000000E+000
   1.9760000E+001   0.0000000E+000   0.0000000E+000   0.0000000E+000   0.0000000E+000   0.0000000E+000
   1.9800000E+001   0.0000000E+000   0.0000000E+000   0.0000000E+000   0.0000000E+000   0.0000000E+000
   1.9840000E+001   0.0000000E+000   0.0000000E+000   0.0000000E+000   0.0000000E+000   0.0000000E+000
   1.9880000E+001   0.0000000E+000   0.0000000E+000   0.0000000E+000   0.0000000E+000   0.0000000E+000
   1.9920000E+001   0.0000000E+000   0.0000000E+000   0.0000000E+000   0.0000000E+000   0.0000000E+000
   1.9960001E+001   0.0000000E+000   0.0000000E+000   0.0000000E+000   0.0000000E+000   0.0000000E+000
   2.0000000E+001   0.0000000E+000   0.0000000E+000   0.0000000E+000   0.0000000E+000   0.0000000E+000
