         0.4000         0.0000         0.0000         0.0000         0.0000
         0.6000         0.0000         0.0000         0.0000         0.0000
         0.8000         0.0000         0.0000         0.0000         0.0000
         1.0000         0.0035         0.0001         0.0010         0.0000
         1.2000         0.1282         0.0030         0.0380         0.0019
         1.4000         0.3861         0.0097         0.1188         0.0058
         1.6000         0.7278         0.0165         0.2156         0.0085
         1.8000         1.1494         0.0221         0.3400         0.0122
         2.0000         1.6447         0.0284         0.4721         0.0167
         2.2000         2.2325         0.0334         0.6153         0.0199
         2.4000         2.8776         0.0387         0.7705         0.0285
         2.6000         3.6490         0.0400         0.9411         0.0277
         2.8000         4.4930         0.0458         1.1082         0.0290
         3.0000         5.3739         0.0513         1.2917         0.0278
         3.2000         6.3984         0.0597         1.4728         0.0313
         3.4000         7.5273         0.0637         1.6282         0.0272
         3.6000         8.7739         0.0750         1.7739         0.0304
         3.8000        10.0692         0.0740         1.9239         0.0348
         4.0000        11.5065         0.0864         2.0656         0.0310
         4.2000        13.0456         0.0980         2.1550         0.0299
         4.4000        14.7591         0.1003         2.2227         0.0333
         4.6000        16.6122         0.1027         2.2346         0.0325
         4.8000        18.6596         0.1124         2.2092         0.0324
         5.0000        20.8371         0.1297         2.1166         0.0308
         5.2000        23.2082         0.1301         1.9211         0.0274
         5.4000        25.7894         0.1390         1.6575         0.0227
         5.6000        28.6007         0.1727         1.3021         0.0182
         5.8000        31.4942         0.1820         0.8112         0.0101
         6.0000        34.6659         0.2036         0.2091         0.0027
         6.2000        38.2144         0.1929         6.1852         0.0271
         6.4000        41.9269         0.2050        73.0708         0.3409
         6.6000        45.7554         0.2235        87.4704         0.3767
         6.8000        49.5114         0.2176        92.6717         0.3201
         7.0000        53.2830         0.2239        97.9060         0.3134
         7.2000        57.1211         0.2170       103.3479         0.3314
         7.4000        60.9681         0.2241       109.0841         0.3181
         7.6000        64.4941         0.2200       115.0525         0.4059
         7.8000        68.1075         0.2518       121.4062         0.3561
         8.0000        71.5620         0.2382       128.2175         0.2990
         8.2000        74.8856         0.2369       135.3487         0.2892
         8.4000        78.2342         0.2669       142.7001         0.3051
         8.6000        81.2991         0.2618       150.4864         0.3678
         8.8000        84.3006         0.2670       158.8410         0.5395
         9.0000        87.0456         0.2441       167.5484         0.5548
         9.2000        89.6826         0.2442       176.8120         0.5466
         9.4000        91.9803         0.2524       186.8696         0.6209
         9.6000        93.9822         0.3276       197.1715         0.7118
         9.8000        95.5239         0.3385       208.0855         0.7483
        10.0000        96.8865         0.3175       219.6380         0.8699
        10.2000        97.8935         0.2682       231.7674         0.9208
        10.4000        98.2929         0.2709       244.0124         0.9447
        10.6000        98.1493         0.3540       255.8338         0.7812
        10.8000        97.3952         0.3959       235.5517         0.6675
        11.0000        96.0434         0.2751        21.1924         0.0679
        11.2000        94.7824         0.2784         1.3667         0.0068
        11.4000        93.8863         0.2776         5.7920         0.0321
        11.6000        93.0273         0.2966        10.3907         0.0561
        11.8000        92.5787         0.2802        14.8840         0.0905
        12.0000        92.1387         0.2812        19.2574         0.1070
        12.2000        91.8691         0.2916        23.4643         0.1283
        12.4000        91.8497         0.2372        27.5453         0.1548
        12.6000        92.0603         0.2230        31.6006         0.1762
        12.8000        92.3372         0.2353        35.5405         0.1799
        13.0000        92.7744         0.2578        39.4394         0.1943
        13.2000        93.4061         0.2668        43.2940         0.1978
        13.4000        94.1851         0.2760        47.1782         0.1937
        13.6000        95.1304         0.2725        51.0071         0.1931
        13.8000        96.1422         0.2729        54.7274         0.2064
        14.0000        97.0947         0.3018        58.3462         0.2378
        14.2000        98.2697         0.3675        61.8799         0.2519
        14.4000        99.4641         0.3671        65.3164         0.2482
        14.6000       100.7914         0.3759        68.9177         0.2556
        14.8000       102.3895         0.2968        72.4373         0.2539
        15.0000       104.1324         0.2852        75.9274         0.2432
        15.2000       105.8434         0.3051        79.4583         0.3279
        15.4000       107.7345         0.3035        82.9083         0.3471
        15.6000       109.7133         0.3109        86.2511         0.2581
        15.8000       111.9665         0.2936        89.5546         0.2509
        16.0000       113.9417         0.3347        92.8730         0.2433
        16.2000       116.1301         0.4233        96.2101         0.2531
        16.4000       118.3046         0.4905        99.5141         0.3054
        16.6000       120.6256         0.4429       103.0115         0.3019
        16.8000       123.0050         0.4415       106.3707         0.2975
        17.0000       125.4630         0.4537       109.7790         0.3280
        17.2000       128.0752         0.4678       113.0053         0.3944
        17.4000       130.6814         0.4828       116.3713         0.4060
        17.6000       133.5935         0.4781       119.6962         0.3671
        17.8000       136.3956         0.5030       122.9851         0.3384
        18.0000       139.2857         0.5296       126.3458         0.3287
        18.2000       142.2638         0.4519       129.6065         0.3585
        18.4000       145.2953         0.4919       132.8549         0.4868
        18.6000       148.4712         0.4433       136.2560         0.5422
        18.8000       151.8230         0.4647       139.6520         0.6268
        19.0000       155.0722         0.5159       143.0568         0.6743
        19.2000       158.1053         0.5727       146.4755         0.7007
        19.4000       161.4397         0.7046       149.4832         0.7317
        19.6000       164.8164         0.7996       152.7085         0.7322
        19.8000       168.3568         0.8286       156.0136         0.7141
        20.0000       158.6572         0.7853       146.9622         0.6569
