         0.0800         0.0000         0.0000         0.0000         0.0000         0.0000
         0.1200         0.0000         0.0000         0.0000         0.0000         0.0000
         0.1600         0.0000         0.0000         0.0000         0.0000         0.0000
         0.2000         0.0000         0.0000         0.0000         0.0000         0.0000
         0.2400         0.0000         0.0000         0.0000         0.0000         0.0000
         0.2800         0.0000         0.0000         0.0000         0.0000         0.0000
         0.3200         0.0000         0.0000         0.0000         0.0000         0.0000
         0.3600         0.0000         0.0000         0.0000         0.0000         0.0000
         0.4000         0.0000         0.0000         0.0000         0.0000         0.0000
         0.4400         0.0000         0.0000         0.0000         0.0000         0.0000
         0.4800         0.0000         0.0000         0.0000         0.0000         0.0000
         0.5200         0.0000         0.0000         0.0000         0.0000         0.0000
         0.5600         0.0000         0.0000         0.0000         0.0000         0.0000
         0.6000         0.0000         0.0000         0.0000         0.0000         0.0000
         0.6400         0.0000         0.0000         0.0000         0.0000         0.0000
         0.6800         0.0000         0.0000         0.0000         0.0000         0.0000
         0.7200         0.0000         0.0000         0.0000         0.0000         0.0000
         0.7600         0.0000         0.0000         0.0000         0.0000         0.0000
         0.8000         0.0000         0.0000         0.0000         0.0000         0.0000
         0.8400         0.0000         0.0000         0.0000         0.0000         0.0000
         0.8800         0.0000         0.0000         0.0000         0.0000         0.0000
         0.9200         0.0000         0.0000         0.0000         0.0000         0.0000
         0.9600         0.0000         0.0000         0.0000         0.0000         0.0000
         1.0000         0.0007         0.0000         0.0004         0.0000         0.0000
         1.0400         0.0105         0.0003         0.0057         0.0002         0.0000
         1.0800         0.0263         0.0007         0.0146         0.0005         0.0000
         1.1200         0.0437         0.0011         0.0239         0.0008         0.0000
         1.1600         0.0632         0.0015         0.0344         0.0011         0.0000
         1.2000         0.0837         0.0021         0.0460         0.0015         0.0000
         1.2400         0.1060         0.0023         0.0586         0.0018         0.0000
         1.2800         0.1273         0.0027         0.0724         0.0021         0.0000
         1.3200         0.1509         0.0032         0.0862         0.0025         0.0000
         1.3600         0.1765         0.0035         0.1015         0.0029         0.0000
         1.4000         0.2020         0.0038         0.1153         0.0031         0.0000
         1.4400         0.2286         0.0040         0.1309         0.0034         0.0000
         1.4800         0.2579         0.0040         0.1471         0.0036         0.0000
         1.5200         0.2883         0.0045         0.1644         0.0039         0.0000
         1.5600         0.3192         0.0049         0.1819         0.0042         0.0000
         1.6000         0.3503         0.0052         0.1998         0.0047         0.0000
         1.6400         0.3837         0.0058         0.2182         0.0049         0.0000
         1.6800         0.4182         0.0062         0.2358         0.0050         0.0000
         1.7200         0.4553         0.0066         0.2547         0.0055         0.0000
         1.7600         0.4898         0.0072         0.2752         0.0058         0.0000
         1.8000         0.5284         0.0076         0.2976         0.0060         0.0000
         1.8400         0.5681         0.0078         0.3203         0.0064         0.0000
         1.8800         0.6102         0.0086         0.3441         0.0067         0.0000
         1.9200         0.6537         0.0090         0.3689         0.0071         0.0000
         1.9600         0.6950         0.0090         0.3951         0.0074         0.0000
         2.0000         0.7381         0.0096         0.4208         0.0080         0.0000
         2.0400         0.7814         0.0102         0.4468         0.0084         0.0000
         2.0800         0.8275         0.0105         0.4722         0.0086         0.0000
         2.1200         0.8764         0.0108         0.4977         0.0088         0.0000
         2.1600         0.9279         0.0113         0.5241         0.0092         0.0000
         2.2000         0.9765         0.0118         0.5516         0.0096         0.0000
         2.2400         1.0240         0.0120         0.5792         0.0094         0.0000
         2.2800         1.0768         0.0123         0.6077         0.0097         0.0000
         2.3200         1.1271         0.0125         0.6376         0.0102         0.0000
         2.3600         1.1832         0.0130         0.6698         0.0104         0.0000
         2.4000         1.2456         0.0133         0.7050         0.0115         0.0000
         2.4400         1.3039         0.0132         0.7383         0.0125         0.0000
         2.4800         1.3628         0.0132         0.7722         0.0130         0.0000
         2.5200         1.4244         0.0136         0.8070         0.0137         0.0000
         2.5600         1.4850         0.0136         0.8427         0.0140         0.0000
         2.6000         1.5452         0.0134         0.8755         0.0140         0.0000
         2.6400         1.6051         0.0137         0.9073         0.0138         0.0000
         2.6800         1.6671         0.0139         0.9407         0.0144         0.0000
         2.7200         1.7306         0.0139         0.9776         0.0137         0.0000
         2.7600         1.7920         0.0139         1.0163         0.0143         0.0000
         2.8000         1.8644         0.0163         1.0545         0.0144         0.0000
         2.8400         1.9315         0.0164         1.0921         0.0156         0.0000
         2.8800         1.9982         0.0171         1.1284         0.0158         0.0000
         2.9200         2.0654         0.0154         1.1731         0.0162         0.0000
         2.9600         2.1388         0.0169         1.2172         0.0168         0.0000
         3.0000         2.2123         0.0186         1.2560         0.0174         0.0000
         3.0400         2.2873         0.0176         1.2970         0.0189         0.0000
         3.0800         2.3611         0.0189         1.3413         0.0199         0.0000
         3.1200         2.4382         0.0182         1.3882         0.0198         0.0000
         3.1600         2.5182         0.0193         1.4353         0.0211         0.0000
         3.2000         2.6005         0.0191         1.4756         0.0221         0.0000
         3.2400         2.6758         0.0186         1.5152         0.0228         0.0000
         3.2800         2.7620         0.0191         1.5621         0.0266         0.0000
         3.3200         2.8529         0.0202         1.6104         0.0281         0.0000
         3.3600         2.9388         0.0211         1.6625         0.0283         0.0000
         3.4000         3.0174         0.0212         1.7066         0.0290         0.0000
         3.4400         3.1035         0.0216         1.7608         0.0290         0.0000
         3.4800         3.1926         0.0223         1.8065         0.0287         0.0000
         3.5200         3.2832         0.0213         1.8558         0.0277         0.0000
         3.5600         3.3724         0.0224         1.9089         0.0285         0.0000
         3.6000         3.4682         0.0240         1.9621         0.0369         0.0000
         3.6400         3.5639         0.0256         2.0108         0.0283         0.0000
         3.6800         3.6531         0.0259         2.0647         0.0278         0.0000
         3.7200         3.7557         0.0263         2.1102         0.0273         0.0000
         3.7600         3.8489         0.0266         2.1648         0.0376         0.0000
         3.8000         3.9475         0.0288         2.2218         0.0379         0.0000
         3.8400         4.0556         0.0320         2.2805         0.0425         0.0000
         3.8800         4.1514         0.0349         2.3391         0.0479         0.0000
         3.9200         4.2518         0.0339         2.3944         0.0493         0.0000
         3.9600         4.3588         0.0354         2.4505         0.0512         0.0000
         4.0000         4.4639         0.0371         2.5076         0.0525         0.0000
         4.0400         4.5649         0.0350         2.5747         0.0570         0.0000
         4.0800         4.6725         0.0369         2.6302         0.0563         0.0000
         4.1200         4.7872         0.0388         2.6922         0.0570         0.0000
         4.1600         4.8987         0.0345         2.7581         0.0621         0.0000
         4.2000         5.0043         0.0343         2.8182         0.0630         0.0000
         4.2400         5.1145         0.0357         2.8770         0.0618         0.0000
         4.2800         5.2335         0.0450         2.9366         0.0691         0.0000
         4.3200         5.3509         0.0368         2.9961         0.0665         0.0000
         4.3600         5.4693         0.0390         3.0565         0.0672         0.0000
         4.4000         5.5833         0.0398         3.1165         0.0689         0.0000
         4.4400         5.7062         0.0388         3.1863         0.0778         0.0000
         4.4800         5.8248         0.0398         3.2563         0.0817         0.0000
         4.5200         5.9511         0.0403         3.3179         0.0826         0.0000
         4.5600         6.0772         0.0422         3.3767         0.0780         0.0000
         4.6000         6.2076         0.0482         3.4397         0.0791         0.0000
         4.6400         6.3408         0.0496         3.5063         0.0761         0.0000
         4.6800         6.4650         0.0519         3.5794         0.0811         0.0000
         4.7200         6.5937         0.0495         3.6494         0.0837         0.0000
         4.7600         6.7197         0.0475         3.7150         0.0878         0.0000
         4.8000         6.8370         0.0453         3.7849         0.0890         0.0000
         4.8400         6.9552         0.0433         3.8522         0.0895         0.0000
         4.8800         7.0816         0.0425         3.9193         0.0923         0.0000
         4.9200         7.2078         0.0443         3.9868         0.0948         0.0000
         4.9600         7.3427         0.0443         4.0613         0.0986         0.0000
         5.0000         7.4870         0.0447         4.1418         0.0983         0.0000
         5.0400         7.6227         0.0469         4.2218         0.0991         0.0000
         5.0800         7.7643         0.0481         4.2964         0.1002         0.0000
         5.1200         7.9162         0.0484         4.3669         0.1014         0.0000
         5.1600         8.0522         0.0473         4.4300         0.1042         0.0000
         5.2000         8.1897         0.0472         4.5022         0.1049         0.0000
         5.2400         8.3312         0.0470         4.5786         0.1095         0.0000
         5.2800         8.4813         0.0432         4.6571         0.1128         0.0000
         5.3200         8.6180         0.0426         4.7206         0.1125         0.0000
         5.3600         8.7638         0.0458         4.7931         0.1109         0.0000
         5.4000         8.9203         0.0391         4.8731         0.1062         0.0000
         5.4400         9.0552         0.0449         4.9600         0.1108         0.0000
         5.4800         9.2007         0.0443         5.0400         0.1100         0.0000
         5.5200         9.3531         0.0479         5.1299         0.1062         0.0000
         5.5600         9.5182         0.0521         5.2029         0.1025         0.0000
         5.6000         9.6735         0.0485         5.2867         0.1008         0.0000
         5.6400         9.8331         0.0480         5.3718         0.1027         0.0000
         5.6800         9.9874         0.0472         5.4597         0.1022         0.0000
         5.7200        10.1324         0.0504         5.5401         0.1040         0.0000
         5.7600        10.2727         0.0511         5.6264         0.1035         0.0000
         5.8000        10.4317         0.0530         5.7100         0.0991         0.0000
         5.8400        10.5877         0.0521         5.7938         0.0999         0.0000
         5.8800        10.7388         0.0516         5.8004         0.1008         0.0021
         5.9200        10.8986         0.0530         5.3929         0.0717         0.0339
         5.9600        11.0544         0.0524         4.2290         0.0569         0.1937
         6.0000        11.2223         0.0525         2.7341         0.0357         0.5693
         6.0400        11.3845         0.0546         1.6083         0.0228         1.1036
         6.0800        11.5351         0.0564         0.9823         0.0151         1.6517
         6.1200        11.7073         0.0587         0.6750         0.0054         2.1073
         6.1600        11.8868         0.0601         0.5265         0.0048         2.4386
         6.2000        12.0521         0.0592         0.4516         0.0044         2.6595
         6.2400        12.2132         0.0669         0.4155         0.0043         2.7989
         6.2800        12.3896         0.0691         0.4009         0.0045         2.8836
         6.3200        12.5623         0.0616         0.3978         0.0048         2.9337
         6.3600        12.7366         0.0621         0.4012         0.0049         2.9628
         6.4000        12.9113         0.0640         0.4085         0.0047         2.9794
         6.4400        13.0953         0.0640         0.4189         0.0048         2.9887
         6.4800        13.2643         0.0627         0.4302         0.0054         2.9939
         6.5200        13.4367         0.0645         0.4439         0.0058         2.9967
         6.5600        13.6281         0.0639         0.4599         0.0062         2.9983
         6.6000        13.8056         0.0685         0.4765         0.0077         2.9991
         6.6400        13.9820         0.0687         0.4905         0.0085         2.9995
         6.6800        14.1640         0.0652         0.5051         0.0087         2.9998
         6.7200        14.3410         0.0697         0.5188         0.0092         2.9999
         6.7600        14.5157         0.0689         0.5328         0.0097         2.9999
         6.8000        14.7175         0.0573         0.5470         0.0087         3.0000
         6.8400        14.9110         0.0657         0.5620         0.0087         3.0000
         6.8800        15.1126         0.0693         0.5737         0.0087         3.0000
         6.9200        15.3024         0.0687         0.5878         0.0090         3.0000
         6.9600        15.4746         0.0863         0.6002         0.0094         3.0000
         7.0000        15.6430         0.0966         0.6145         0.0096         3.0000
         7.0400        15.8343         0.0818         0.6316         0.0099         3.0000
         7.0800        16.0334         0.0819         0.6464         0.0097         3.0000
         7.1200        16.2218         0.0800         0.6643         0.0099         3.0000
         7.1600        16.4084         0.0796         0.6844         0.0098         3.0000
         7.2000        16.6125         0.0761         0.7047         0.0100         3.0000
         7.2400        16.8160         0.0790         0.7207         0.0102         3.0000
         7.2800        17.0215         0.0838         0.7378         0.0113         3.0000
         7.3200        17.2269         0.0991         0.7531         0.0115         3.0000
         7.3600        17.4436         0.0991         0.7670         0.0113         3.0000
         7.4000        17.6587         0.0977         0.7823         0.0106         3.0000
         7.4400        17.8739         0.0965         0.7964         0.0108         3.0000
         7.4800        18.1061         0.0940         0.8140         0.0114         3.0000
         7.5200        18.3226         0.0914         0.8326         0.0117         3.0000
         7.5600        18.5293         0.0987         0.8513         0.0124         3.0000
         7.6000        18.7394         0.1006         0.8702         0.0128         3.0000
         7.6400        18.9566         0.1033         0.8860         0.0124         3.0000
         7.6800        19.1688         0.1054         0.9008         0.0124         3.0000
         7.7200        19.3844         0.1127         0.9155         0.0126         3.0000
         7.7600        19.5985         0.1190         0.9338         0.0129         3.0000
         7.8000        19.8165         0.1248         0.9508         0.0129         3.0000
         7.8400        20.0506         0.1340         0.9685         0.0128         3.0000
         7.8800        20.2795         0.1445         0.9869         0.0137         3.0000
         7.9200        20.5018         0.1422         1.0077         0.0149         3.0000
         7.9600        20.7172         0.1397         1.0273         0.0166         3.0000
         8.0000        20.9431         0.1451         1.0491         0.0168         3.0000
         8.0400        21.1545         0.1456         1.0652         0.0171         3.0000
         8.0800        21.3859         0.1480         1.0776         0.0157         3.0000
         8.1200        21.6114         0.1456         1.0969         0.0165         3.0000
         8.1600        21.8392         0.1586         1.1135         0.0185         3.0000
         8.2000        22.0594         0.1618         1.1345         0.0173         3.0000
         8.2400        22.3001         0.1584         1.1494         0.0171         3.0000
         8.2800        22.5533         0.1535         1.1719         0.0173         3.0000
         8.3200        22.7994         0.1519         1.1955         0.0161         3.0000
         8.3600        23.0184         0.1477         1.2190         0.0156         3.0000
         8.4000        23.2679         0.1493         1.2424         0.0155         3.0000
         8.4400        23.5175         0.1490         1.2645         0.0147         3.0000
         8.4800        23.7615         0.1576         1.2865         0.0140         3.0000
         8.5200        24.0122         0.1518         1.3066         0.0153         3.0000
         8.5600        24.2492         0.1454         1.3272         0.0161         3.0000
         8.6000        24.4728         0.1433         1.3473         0.0169         3.0000
         8.6400        24.6838         0.1491         1.3732         0.0171         3.0000
         8.6800        24.9158         0.1402         1.3939         0.0179         3.0000
         8.7200        25.1502         0.1134         1.4165         0.0191         3.0000
         8.7600        25.3929         0.1127         1.4351         0.0192         3.0000
         8.8000        25.6632         0.1099         1.4526         0.0187         3.0000
         8.8400        25.9237         0.1115         1.4713         0.0190         3.0000
         8.8800        26.1672         0.1148         1.4924         0.0190         3.0000
         8.9200        26.4224         0.1172         1.5152         0.0190         3.0000
         8.9600        26.6838         0.1228         1.5361         0.0193         3.0000
         9.0000        26.9438         0.1302         1.5592         0.0191         3.0000
         9.0400        27.1983         0.1325         1.5789         0.0198         3.0000
         9.0800        27.4426         0.1297         1.5972         0.0195         3.0000
         9.1200        27.6774         0.1334         1.6164         0.0194         3.0000
         9.1600        27.9317         0.1313         1.6426         0.0192         3.0000
         9.2000        28.1855         0.1339         1.6676         0.0198         3.0000
         9.2400        28.4351         0.1367         1.6910         0.0189         3.0000
         9.2800        28.6804         0.1382         1.7173         0.0186         3.0000
         9.3200        28.9601         0.1338         1.7342         0.0184         3.0000
         9.3600        29.2275         0.1488         1.7530         0.0183         3.0000
         9.4000        29.4972         0.1585         1.7733         0.0181         3.0000
         9.4400        29.7631         0.1570         1.7980         0.0174         3.0000
         9.4800        30.0340         0.1638         1.8235         0.0169         3.0000
         9.5200        30.2920         0.1601         1.8471         0.0174         3.0000
         9.5600        30.5807         0.1661         1.8689         0.0175         3.0000
         9.6000        30.8719         0.1640         1.8942         0.0177         3.0000
         9.6400        31.1529         0.1653         1.9222         0.0174         3.0000
         9.6800        31.4414         0.1649         1.9387         0.0174         3.0000
         9.7200        31.7280         0.1620         1.9629         0.0188         3.0000
         9.7600        32.0091         0.1609         1.9932         0.0196         3.0000
         9.8000        32.2945         0.1536         2.0150         0.0191         3.0000
         9.8400        32.5902         0.1551         2.0389         0.0203         3.0000
         9.8800        32.8606         0.1602         2.0613         0.0198         3.0000
         9.9200        33.1415         0.1514         2.0884         0.0202         3.0000
         9.9600        33.4459         0.1685         2.1139         0.0192         3.0000
        10.0000        33.7462         0.1693         2.1376         0.0178         3.0000
        10.0400        34.0151         0.1598         2.1624         0.0176         3.0000
        10.0800        34.2744         0.1593         2.1881         0.0168         3.0000
        10.1200        34.5384         0.1680         2.2150         0.0162         3.0000
        10.1600        34.8085         0.1667         2.2479         0.0181         3.0000
        10.2000        35.0857         0.1755         2.2721         0.0181         3.0000
        10.2400        35.3594         0.1805         2.2962         0.0178         3.0000
        10.2800        35.6711         0.1875         2.3165         0.0177         3.0000
        10.3200        35.9748         0.1898         2.3440         0.0175         2.9999
        10.3600        36.2653         0.1938         2.3708         0.0174         2.9999
        10.4000        36.5663         0.2064         2.4013         0.0168         2.9998
        10.4400        36.8448         0.1999         2.4321         0.0166         2.9995
        10.4800        37.1493         0.2192         2.4582         0.0170         2.9991
        10.5200        37.4654         0.2086         2.4866         0.0166         2.9983
        10.5600        37.7318         0.2078         2.5184         0.0159         2.9967
        10.6000        38.0266         0.2076         2.5604         0.0146         2.9939
        10.6400        38.3423         0.2060         2.6065         0.0121         2.9887
        10.6800        38.6694         0.2065         2.6645         0.0125         2.9794
        10.7200        38.9920         0.2081         2.7582         0.0124         2.9628
        10.7600        39.2933         0.2200         2.9016         0.0115         2.9337
        10.8000        39.5946         0.2269         3.1349         0.0109         2.8836
        10.8400        39.9033         0.2180         3.5365         0.0108         2.7989
        10.8800        40.2046         0.2173         4.2778         0.0140         2.6595
        10.9200        40.4871         0.2266         5.7059         0.0181         2.4386
        10.9600        40.8127         0.2515         8.5765         0.0263         2.1073
        11.0000        41.1493         0.2364        14.4114         0.0462         1.6517
        11.0400        41.4824         0.2498        25.1672         0.0754         1.1036
        11.0800        41.8039         0.2555        39.9593         0.1117         0.5693
        11.1200        42.1397         0.2615        52.1961         0.1392         0.1937
        11.1600        42.4989         0.2736        57.3467         0.1500         0.0339
        11.2000        42.8090         0.2787        58.5159         0.1516         0.0021
        11.2400        43.1402         0.3066        58.9738         0.1518         0.0000
        11.2800        43.4549         0.3049        59.3941         0.1511         0.0000
        11.3200        43.7654         0.3082        59.8263         0.1528         0.0000
        11.3600        44.0882         0.3028        60.2553         0.1515         0.0000
        11.4000        44.4270         0.2938        60.7028         0.1525         0.0000
        11.4400        44.7378         0.2926        61.1331         0.1513         0.0000
        11.4800        45.0209         0.2901        61.5752         0.1564         0.0000
        11.5200        45.3616         0.2756        62.0305         0.1575         0.0000
        11.5600        45.7220         0.2816        62.4800         0.1626         0.0000
        11.6000        46.0418         0.2985        62.9323         0.1701         0.0000
        11.6400        46.3818         0.2988        63.3880         0.1666         0.0000
        11.6800        46.7291         0.2943        63.8260         0.1679         0.0000
        11.7200        47.0600         0.2922        64.2759         0.1744         0.0000
        11.7600        47.3662         0.3080        64.7322         0.1781         0.0000
        11.8000        47.6955         0.2901        65.2159         0.1753         0.0000
        11.8400        48.0155         0.2817        65.6872         0.1751         0.0000
        11.8800        48.3755         0.2828        66.1298         0.1767         0.0000
        11.9200        48.7028         0.2713        66.6025         0.1893         0.0000
        11.9600        49.0391         0.2730        67.0713         0.1928         0.0000
        12.0000        49.3750         0.2725        67.5421         0.1913         0.0000
        12.0400        49.6988         0.2671        67.9978         0.2408         0.0000
        12.0800        50.0374         0.2635        68.4259         0.2464         0.0000
        12.1200        50.3816         0.1975        68.9115         0.2500         0.0000
        12.1600        50.7309         0.2632        69.3922         0.2565         0.0000
        12.2000        51.0850         0.2518        69.8842         0.2634         0.0000
        12.2400        51.4323         0.1931        70.2938         0.2495         0.0000
        12.2800        51.8158         0.1904        70.6995         0.2479         0.0000
        12.3200        52.2142         0.1833        71.1477         0.2600         0.0000
        12.3600        52.5413         0.1801        71.5950         0.2598         0.0000
        12.4000        52.9105         0.1770        72.1006         0.2632         0.0000
        12.4400        53.2461         0.1770        72.5754         0.2562         0.0000
        12.4800        53.6148         0.1820        73.0502         0.2530         0.0000
        12.5200        54.0156         0.1839        73.5008         0.2666         0.0000
        12.5600        54.4104         0.1886        73.9654         0.2702         0.0000
        12.6000        54.7960         0.1849        74.4797         0.2774         0.0000
        12.6400        55.1573         0.1818        74.9997         0.2876         0.0000
        12.6800        55.5178         0.1823        75.4876         0.2925         0.0000
        12.7200        55.8729         0.1822        75.9889         0.2897         0.0000
        12.7600        56.2157         0.1897        76.4952         0.2724         0.0000
        12.8000        56.5916         0.1887        77.0091         0.2641         0.0000
        12.8400        56.9811         0.1871        77.5101         0.2783         0.0000
        12.8800        57.3750         0.2144        77.9920         0.2700         0.0000
        12.9200        57.7534         0.1897        78.4883         0.2283         0.0000
        12.9600        58.1149         0.2067        79.0334         0.2440         0.0000
        13.0000        58.5058         0.2566        79.5247         0.2599         0.0000
        13.0400        58.8920         0.2208        80.0158         0.2416         0.0000
        13.0800        59.2737         0.1993        80.5046         0.2432         0.0000
        13.1200        59.6546         0.1983        80.9647         0.2481         0.0000
        13.1600        60.0586         0.1972        81.4688         0.2485         0.0000
        13.2000        60.4313         0.1963        81.9749         0.2535         0.0000
        13.2400        60.8048         0.1997        82.4783         0.2462         0.0000
        13.2800        61.1693         0.1777        82.9925         0.2451         0.0000
        13.3200        61.5558         0.1671        83.5170         0.2457         0.0000
        13.3600        61.9201         0.1853        84.0295         0.2555         0.0000
        13.4000        62.3016         0.1955        84.5759         0.2141         0.0000
        13.4400        62.6867         0.2033        85.0942         0.2177         0.0000
        13.4800        63.0601         0.2081        85.5827         0.2148         0.0000
        13.5200        63.4667         0.2174        86.0923         0.2129         0.0000
        13.5600        63.8806         0.2247        86.6123         0.2116         0.0000
        13.6000        64.3061         0.2157        87.1253         0.2076         0.0000
        13.6400        64.7004         0.2104        87.6591         0.2013         0.0000
        13.6800        65.0662         0.2043        88.1954         0.1966         0.0000
        13.7200        65.4755         0.2082        88.7611         0.1973         0.0000
        13.7600        65.8775         0.2269        89.2935         0.1936         0.0000
        13.8000        66.2864         0.2256        89.7997         0.1971         0.0000
        13.8400        66.7077         0.2588        90.3481         0.1948         0.0000
        13.8800        67.1138         0.2590        90.8431         0.1618         0.0000
        13.9200        67.5596         0.2552        91.3401         0.1611         0.0000
        13.9600        67.9904         0.2265        91.9057         0.1611         0.0000
        14.0000        68.4079         0.1724        92.4809         0.1894         0.0000
        14.0400        68.8057         0.1692        93.0531         0.2263         0.0000
        14.0800        69.2439         0.1820        93.5640         0.2299         0.0000
        14.1200        69.6782         0.1941        94.0795         0.2420         0.0000
        14.1600        70.1039         0.1995        94.5771         0.1768         0.0000
        14.2000        70.5318         0.2009        95.1070         0.1806         0.0000
        14.2400        70.9703         0.2097        95.6389         0.1785         0.0000
        14.2800        71.3982         0.2118        96.2123         0.1769         0.0000
        14.3200        71.8197         0.2034        96.7790         0.2240         0.0000
        14.3600        72.2268         0.2010        97.3571         0.2277         0.0000
        14.4000        72.6421         0.2055        97.9247         0.1697         0.0000
        14.4400        73.0568         0.2049        98.5017         0.2479         0.0000
        14.4800        73.4847         0.2134        99.0626         0.2403         0.0000
        14.5200        73.9202         0.2142        99.6175         0.1781         0.0000
        14.5600        74.3510         0.2218       100.1619         0.1736         0.0000
        14.6000        74.7906         0.2239       100.7087         0.1672         0.0000
        14.6400        75.2485         0.2095       101.2531         0.1693         0.0000
        14.6800        75.7091         0.2103       101.7999         0.1743         0.0000
        14.7200        76.1545         0.2149       102.3058         0.2215         0.0000
        14.7600        76.5552         0.2242       102.8627         0.2242         0.0000
        14.8000        77.0326         0.2248       103.4063         0.2263         0.0000
        14.8400        77.4904         0.2306       103.9711         0.2241         0.0000
        14.8800        77.9050         0.2252       104.5555         0.2007         0.0000
        14.9200        78.3400         0.2156       105.1271         0.2036         0.0000
        14.9600        78.7640         0.2167       105.6863         0.2047         0.0000
        15.0000        79.1778         0.2181       106.3020         0.2053         0.0000
        15.0400        79.5998         0.2172       106.8722         0.1921         0.0000
        15.0800        80.0263         0.2074       107.4783         0.1913         0.0000
        15.1200        80.4597         0.2090       108.1028         0.1933         0.0000
        15.1600        80.9204         0.2153       108.6616         0.2020         0.0000
        15.2000        81.3426         0.2194       109.1905         0.2104         0.0000
        15.2400        81.7801         0.2277       109.7531         0.2060         0.0000
        15.2800        82.2293         0.2346       110.3033         0.2115         0.0000
        15.3200        82.6747         0.2309       110.8537         0.2356         0.0000
        15.3600        83.1288         0.2309       111.4273         0.2406         0.0000
        15.4000        83.5559         0.2251       112.0157         0.2569         0.0000
        15.4400        83.9747         0.2086       112.5879         0.2295         0.0000
        15.4800        84.4060         0.2050       113.1316         0.2221         0.0000
        15.5200        84.8863         0.1802       113.7226         0.2317         0.0000
        15.5600        85.3456         0.1841       114.2898         0.2293         0.0000
        15.6000        85.8392         0.1861       114.8863         0.2101         0.0000
        15.6400        86.3221         0.1877       115.4978         0.2264         0.0000
        15.6800        86.8102         0.2240       116.0928         0.2153         0.0000
        15.7200        87.2491         0.2002       116.7301         0.2191         0.0000
        15.7600        87.6974         0.2211       117.3233         0.2210         0.0000
        15.8000        88.1430         0.2136       117.9114         0.2193         0.0000
        15.8400        88.6115         0.2206       118.5453         0.2153         0.0000
        15.8800        89.0946         0.2187       119.1584         0.2171         0.0000
        15.9200        89.5454         0.2133       119.7810         0.2208         0.0000
        15.9600        90.0013         0.2098       120.4091         0.2269         0.0000
        16.0000        90.4740         0.1844       121.0384         0.2297         0.0000
        16.0400        90.9962         0.1948       121.6699         0.2207         0.0000
        16.0800        91.4720         0.1890       122.2540         0.2185         0.0000
        16.1200        91.9281         0.1758       122.8044         0.2295         0.0000
        16.1600        92.4286         0.1733       123.3982         0.2655         0.0000
        16.2000        92.8867         0.1716       124.0002         0.2446         0.0000
        16.2400        93.3577         0.2115       124.6273         0.2401         0.0000
        16.2800        93.7994         0.2235       125.2801         0.2473         0.0000
        16.3200        94.2692         0.2811       125.9453         0.2992         0.0000
        16.3600        94.7361         0.2529       126.5241         0.2718         0.0000
        16.4000        95.1818         0.2621       127.1714         0.2698         0.0000
        16.4400        95.6600         0.2626       127.8015         0.2041         0.0000
        16.4800        96.1243         0.3150       128.3978         0.2003         0.0000
        16.5200        96.5564         0.3196       129.0020         0.2080         0.0000
        16.5600        97.0092         0.3274       129.6839         0.3026         0.0000
        16.6000        97.5105         0.3093       130.3375         0.3197         0.0000
        16.6400        98.0277         0.3045       131.0100         0.3139         0.0000
        16.6800        98.5329         0.3284       131.6614         0.2701         0.0000
        16.7200        99.0330         0.3503       132.3156         0.3113         0.0000
        16.7600        99.5303         0.3344       132.9100         0.3251         0.0000
        16.8000       100.0072         0.3352       133.5867         0.3758         0.0000
        16.8400       100.4830         0.3595       134.2311         0.3716         0.0000
        16.8800       101.0309         0.3666       134.8541         0.4106         0.0000
        16.9200       101.5394         0.3840       135.4675         0.4344         0.0000
        16.9600       102.0821         0.4296       136.0656         0.4413         0.0000
        17.0000       102.5676         0.4008       136.7252         0.4373         0.0000
        17.0400       103.0477         0.4738       137.3750         0.3467         0.0000
        17.0800       103.5015         0.4975       138.0588         0.3409         0.0000
        17.1200       103.9583         0.4874       138.6607         0.4209         0.0000
        17.1600       104.4324         0.5001       139.2655         0.2359         0.0000
        17.2000       104.9044         0.5001       139.9373         0.2325         0.0000
        17.2400       105.3469         0.4467       140.6101         0.2089         0.0000
        17.2800       105.8253         0.4627       141.3067         0.3209         0.0000
        17.3200       106.3781         0.4572       141.9645         0.3446         0.0000
        17.3600       106.8695         0.4704       142.6159         0.3482         0.0000
        17.4000       107.3585         0.4463       143.2221         0.3380         0.0000
        17.4400       107.8745         0.4455       143.8835         0.3371         0.0000
        17.4800       108.4227         0.4003       144.5842         0.3478         0.0000
        17.5200       108.9605         0.4291       145.2518         0.3164         0.0000
        17.5600       109.4240         0.3858       145.9267         0.2407         0.0000
        17.6000       109.9624         0.4166       146.5470         0.2446         0.0000
        17.6400       110.4605         0.4084       147.2102         0.2505         0.0000
        17.6800       110.9977         0.4132       147.8318         0.4620         0.0000
        17.7200       111.5115         0.4102       148.5021         0.3806         0.0000
        17.7600       112.0590         0.4582       149.1797         0.3816         0.0000
        17.8000       112.5810         0.4762       149.8746         0.3596         0.0000
        17.8400       113.1267         0.4805       150.5682         0.3516         0.0000
        17.8800       113.6504         0.4906       151.2861         0.3518         0.0000
        17.9200       114.1348         0.4819       151.9554         0.2329         0.0000
        17.9600       114.6798         0.3661       152.6313         0.2291         0.0000
        18.0000       115.2158         0.3595       153.3398         0.2411         0.0000
        18.0400       115.7939         0.3418       154.0722         0.2591         0.0000
        18.0800       116.3208         0.3475       154.8422         0.2607         0.0000
        18.1200       116.8271         0.3629       155.5434         0.2627         0.0000
        18.1600       117.3690         0.3595       156.2037         0.2655         0.0000
        18.2000       117.8924         0.3529       156.8800         0.3826         0.0000
        18.2400       118.3864         0.3208       157.6468         0.3572         0.0000
        18.2800       118.8735         0.3152       158.3353         0.3486         0.0000
        18.3200       119.3965         0.3112       159.1058         0.4160         0.0000
        18.3600       119.9372         0.3143       159.8371         0.3490         0.0000
        18.4000       120.4490         0.3271       160.5041         0.3519         0.0000
        18.4400       120.9980         0.3394       161.2402         0.3793         0.0000
        18.4800       121.5439         0.3448       161.9948         0.4858         0.0000
        18.5200       122.0493         0.3396       162.7001         0.4972         0.0000
        18.5600       122.5400         0.3612       163.4408         0.5160         0.0000
        18.6000       123.0764         0.3572       164.1573         0.5210         0.0000
        18.6400       123.6309         0.3568       164.8389         0.5225         0.0000
        18.6800       124.1848         0.4765       165.5748         0.5306         0.0000
        18.7200       124.7330         0.4830       166.2839         0.4999         0.0000
        18.7600       125.2574         0.4454       166.9264         0.5388         0.0000
        18.8000       125.8879         0.3983       167.6117         0.5338         0.0000
        18.8400       126.4553         0.4602       168.3464         0.5651         0.0000
        18.8800       127.0084         0.4518       169.1580         0.5664         0.0000
        18.9200       127.5095         0.4445       169.8971         0.5902         0.0000
        18.9600       128.0677         0.4479       170.5590         0.5784         0.0000
        19.0000       128.6249         0.4654       171.2327         0.5864         0.0000
        19.0400       129.2052         0.4552       171.9665         0.5948         0.0000
        19.0800       129.8153         0.4402       172.7466         0.6101         0.0000
        19.1200       130.3913         0.4517       173.3974         0.5444         0.0000
        19.1600       130.9317         0.4553       174.1398         0.5236         0.0000
        19.2000       131.4692         0.4331       174.8745         0.5002         0.0000
        19.2400       132.0647         0.4366       175.5661         0.4144         0.0000
        19.2800       132.6202         0.4430       176.3309         0.4192         0.0000
        19.3200       133.1888         0.4800       177.1441         0.5375         0.0000
        19.3600       133.7416         0.4466       177.8765         0.6873         0.0000
        19.4000       134.3223         0.4504       178.5957         0.7545         0.0000
        19.4400       134.8686         0.4672       179.3163         0.7644         0.0000
        19.4800       135.4524         0.4766       180.0654         0.6745         0.0000
        19.5200       136.0515         0.4812       180.7968         0.6766         0.0000
        19.5600       136.6522         0.4642       181.5511         0.7734         0.0000
        19.6000       137.2290         0.4434       182.2587         0.8220         0.0000
        19.6400       137.7858         0.4442       183.0277         0.8046         0.0000
        19.6800       138.3127         0.4521       183.7592         0.7950         0.0000
        19.7200       138.9399         0.4647       184.4972         0.8475         0.0000
        19.7600       139.6008         0.4788       185.3291         0.8611         0.0000
        19.8000       140.1964         0.4812       186.1431         0.8864         0.0000
        19.8400       140.7346         0.4878       186.9544         0.8955         0.0000
        19.8800       141.3099         0.4822       187.7554         0.9038         0.0000
        19.9200       141.8957         0.4877       188.5629         0.9362         0.0000
        19.9600       142.4964         0.5450       189.3883         0.9006         0.0000
        20.0000       125.5724         0.4826       166.8547         0.8415         0.0000
