   8.0000004E-002   0.0000000E+000   0.0000000E+000   0.0000000E+000   0.0000000E+000   0.0000000E+000
   1.2000000E-001   0.0000000E+000   0.0000000E+000   0.0000000E+000   0.0000000E+000   0.0000000E+000
   1.6000001E-001   0.0000000E+000   0.0000000E+000   0.0000000E+000   0.0000000E+000   0.0000000E+000
   2.0000000E-001   0.0000000E+000   0.0000000E+000   0.0000000E+000   0.0000000E+000   0.0000000E+000
   2.4000000E-001   0.0000000E+000   0.0000000E+000   0.0000000E+000   0.0000000E+000   0.0000000E+000
   2.8000001E-001   0.0000000E+000   0.0000000E+000   0.0000000E+000   0.0000000E+000   0.0000000E+000
   3.2000002E-001   0.0000000E+000   0.0000000E+000   0.0000000E+000   0.0000000E+000   0.0000000E+000
   3.5999998E-001   0.0000000E+000   0.0000000E+000   0.0000000E+000   0.0000000E+000   0.0000000E+000
   3.9999999E-001   0.0000000E+000   0.0000000E+000   0.0000000E+000   0.0000000E+000   0.0000000E+000
   4.4000000E-001   0.0000000E+000   0.0000000E+000   0.0000000E+000   0.0000000E+000   0.0000000E+000
   4.8000000E-001   0.0000000E+000   0.0000000E+000   0.0000000E+000   0.0000000E+000   0.0000000E+000
   5.2000001E-001   0.0000000E+000   0.0000000E+000   0.0000000E+000   0.0000000E+000   0.0000000E+000
   5.6000002E-001   0.0000000E+000   0.0000000E+000   0.0000000E+000   0.0000000E+000   0.0000000E+000
   5.9999999E-001   0.0000000E+000   0.0000000E+000   0.0000000E+000   0.0000000E+000   0.0000000E+000
   6.4000003E-001   0.0000000E+000   0.0000000E+000   0.0000000E+000   0.0000000E+000   0.0000000E+000
   6.8000004E-001   0.0000000E+000   0.0000000E+000   0.0000000E+000   0.0000000E+000   0.0000000E+000
   7.1999997E-001   0.0000000E+000   0.0000000E+000   0.0000000E+000   0.0000000E+000   0.0000000E+000
   7.5999998E-001   0.0000000E+000   0.0000000E+000   0.0000000E+000   0.0000000E+000   0.0000000E+000
   7.9999998E-001   0.0000000E+000   0.0000000E+000   0.0000000E+000   0.0000000E+000   0.0000000E+000
   8.3999999E-001   0.0000000E+000   0.0000000E+000   0.0000000E+000   0.0000000E+000   0.0000000E+000
   8.8000000E-001   0.0000000E+000   0.0000000E+000   0.0000000E+000   0.0000000E+000   0.0000000E+000
   9.2000000E-001   0.0000000E+000   0.0000000E+000   0.0000000E+000   0.0000000E+000   0.0000000E+000
   9.6000001E-001   0.0000000E+000   0.0000000E+000   0.0000000E+000   0.0000000E+000   0.0000000E+000
   1.0000000E+000   0.0000000E+000   0.0000000E+000   0.0000000E+000   0.0000000E+000   0.0000000E+000
   1.0400000E+000   0.0000000E+000   0.0000000E+000   0.0000000E+000   0.0000000E+000   0.0000000E+000
   1.0800000E+000   0.0000000E+000   0.0000000E+000   0.0000000E+000   0.0000000E+000   0.0000000E+000
   1.1200000E+000   0.0000000E+000   0.0000000E+000   0.0000000E+000   0.0000000E+000   0.0000000E+000
   1.1600000E+000   0.0000000E+000   0.0000000E+000   0.0000000E+000   0.0000000E+000   0.0000000E+000
   1.2000000E+000   0.0000000E+000   0.0000000E+000   0.0000000E+000   0.0000000E+000   0.0000000E+000
   1.2400000E+000   0.0000000E+000   0.0000000E+000   0.0000000E+000   0.0000000E+000   0.0000000E+000
   1.2800001E+000   0.0000000E+000   0.0000000E+000   0.0000000E+000   0.0000000E+000   0.0000000E+000
   1.3200000E+000   0.0000000E+000   0.0000000E+000   0.0000000E+000   0.0000000E+000   0.0000000E+000
   1.3600001E+000   0.0000000E+000   0.0000000E+000   0.0000000E+000   0.0000000E+000   0.0000000E+000
   1.4000000E+000   0.0000000E+000   0.0000000E+000   0.0000000E+000   0.0000000E+000   0.0000000E+000
   1.4399999E+000   0.0000000E+000   0.0000000E+000   0.0000000E+000   0.0000000E+000   0.0000000E+000
   1.4800000E+000   0.0000000E+000   0.0000000E+000   0.0000000E+000   0.0000000E+000   0.0000000E+000
   1.5200000E+000   0.0000000E+000   0.0000000E+000   0.0000000E+000   0.0000000E+000   0.0000000E+000
   1.5600000E+000   0.0000000E+000   0.0000000E+000   0.0000000E+000   0.0000000E+000   0.0000000E+000
   1.6000000E+000   0.0000000E+000   0.0000000E+000   0.0000000E+000   0.0000000E+000   0.0000000E+000
   1.6400000E+000   0.0000000E+000   0.0000000E+000   0.0000000E+000   0.0000000E+000   0.0000000E+000
   1.6800000E+000   0.0000000E+000   0.0000000E+000   0.0000000E+000   0.0000000E+000   0.0000000E+000
   1.7200001E+000   0.0000000E+000   0.0000000E+000   0.0000000E+000   0.0000000E+000   0.0000000E+000
   1.7600000E+000   0.0000000E+000   0.0000000E+000   0.0000000E+000   0.0000000E+000   0.0000000E+000
   1.8000001E+000   0.0000000E+000   0.0000000E+000   0.0000000E+000   0.0000000E+000   0.0000000E+000
   1.8400000E+000   0.0000000E+000   0.0000000E+000   0.0000000E+000   0.0000000E+000   0.0000000E+000
   1.8799999E+000   0.0000000E+000   0.0000000E+000   0.0000000E+000   0.0000000E+000   0.0000000E+000
   1.9200000E+000   0.0000000E+000   0.0000000E+000   0.0000000E+000   0.0000000E+000   0.0000000E+000
   1.9599999E+000   0.0000000E+000   0.0000000E+000   0.0000000E+000   0.0000000E+000   0.0000000E+000
   2.0000000E+000   0.0000000E+000   0.0000000E+000   0.0000000E+000   0.0000000E+000   0.0000000E+000
   2.0400000E+000   0.0000000E+000   0.0000000E+000   0.0000000E+000   0.0000000E+000   0.0000000E+000
   2.0800000E+000   0.0000000E+000   0.0000000E+000   0.0000000E+000   0.0000000E+000   0.0000000E+000
   2.1200000E+000   0.0000000E+000   0.0000000E+000   0.0000000E+000   0.0000000E+000   0.0000000E+000
   2.1600001E+000   0.0000000E+000   0.0000000E+000   0.0000000E+000   0.0000000E+000   0.0000000E+000
   2.2000000E+000   0.0000000E+000   0.0000000E+000   0.0000000E+000   0.0000000E+000   0.0000000E+000
   2.2400001E+000   0.0000000E+000   0.0000000E+000   0.0000000E+000   0.0000000E+000   0.0000000E+000
   2.2800000E+000   0.0000000E+000   0.0000000E+000   0.0000000E+000   0.0000000E+000   0.0000000E+000
   2.3199999E+000   0.0000000E+000   0.0000000E+000   0.0000000E+000   0.0000000E+000   0.0000000E+000
   2.3600000E+000   0.0000000E+000   0.0000000E+000   0.0000000E+000   0.0000000E+000   0.0000000E+000
   2.3999999E+000   0.0000000E+000   0.0000000E+000   0.0000000E+000   0.0000000E+000   0.0000000E+000
   2.4400000E+000   0.0000000E+000   0.0000000E+000   0.0000000E+000   0.0000000E+000   0.0000000E+000
   2.4800000E+000   0.0000000E+000   0.0000000E+000   0.0000000E+000   0.0000000E+000   0.0000000E+000
   2.5200000E+000   0.0000000E+000   0.0000000E+000   0.0000000E+000   0.0000000E+000   0.0000000E+000
   2.5600001E+000   0.0000000E+000   0.0000000E+000   0.0000000E+000   0.0000000E+000   0.0000000E+000
   2.5999999E+000   0.0000000E+000   0.0000000E+000   0.0000000E+000   0.0000000E+000   0.0000000E+000
   2.6400000E+000   0.0000000E+000   0.0000000E+000   0.0000000E+000   0.0000000E+000   0.0000000E+000
   2.6800001E+000   0.0000000E+000   0.0000000E+000   0.0000000E+000   0.0000000E+000   0.0000000E+000
   2.7200001E+000   0.0000000E+000   0.0000000E+000   0.0000000E+000   0.0000000E+000   0.0000000E+000
   2.7599999E+000   0.0000000E+000   0.0000000E+000   0.0000000E+000   0.0000000E+000   0.0000000E+000
   2.8000000E+000   0.0000000E+000   0.0000000E+000   0.0000000E+000   0.0000000E+000   0.0000000E+000
   2.8400001E+000   0.0000000E+000   0.0000000E+000   0.0000000E+000   0.0000000E+000   0.0000000E+000
   2.8799999E+000   0.0000000E+000   0.0000000E+000   0.0000000E+000   0.0000000E+000   0.0000000E+000
   2.9200000E+000   0.0000000E+000   0.0000000E+000   0.0000000E+000   0.0000000E+000   0.0000000E+000
   2.9600000E+000   0.0000000E+000   0.0000000E+000   0.0000000E+000   0.0000000E+000   0.0000000E+000
   3.0000001E+000   0.0000000E+000   0.0000000E+000   0.0000000E+000   0.0000000E+000   0.0000000E+000
   3.0399999E+000   0.0000000E+000   0.0000000E+000   0.0000000E+000   0.0000000E+000   0.0000000E+000
   3.0800000E+000   0.0000000E+000   0.0000000E+000   0.0000000E+000   0.0000000E+000   0.0000000E+000
   3.1200001E+000   0.0000000E+000   0.0000000E+000   0.0000000E+000   0.0000000E+000   0.0000000E+000
   3.1600001E+000   0.0000000E+000   0.0000000E+000   0.0000000E+000   0.0000000E+000   0.0000000E+000
   3.1999999E+000   0.0000000E+000   0.0000000E+000   0.0000000E+000   0.0000000E+000   0.0000000E+000
   3.2400000E+000   0.0000000E+000   0.0000000E+000   0.0000000E+000   0.0000000E+000   0.0000000E+000
   3.2800001E+000   0.0000000E+000   0.0000000E+000   0.0000000E+000   0.0000000E+000   0.0000000E+000
   3.3199999E+000   0.0000000E+000   0.0000000E+000   0.0000000E+000   0.0000000E+000   0.0000000E+000
   3.3600000E+000   0.0000000E+000   0.0000000E+000   0.0000000E+000   0.0000000E+000   0.0000000E+000
   3.4000000E+000   0.0000000E+000   0.0000000E+000   0.0000000E+000   0.0000000E+000   0.0000000E+000
   3.4400001E+000   0.0000000E+000   0.0000000E+000   0.0000000E+000   0.0000000E+000   0.0000000E+000
   3.4799999E+000   0.0000000E+000   0.0000000E+000   0.0000000E+000   0.0000000E+000   0.0000000E+000
   3.5200000E+000   0.0000000E+000   0.0000000E+000   0.0000000E+000   0.0000000E+000   0.0000000E+000
   3.5600001E+000   0.0000000E+000   0.0000000E+000   0.0000000E+000   0.0000000E+000   0.0000000E+000
   3.6000001E+000   0.0000000E+000   0.0000000E+000   0.0000000E+000   0.0000000E+000   0.0000000E+000
   3.6399999E+000   0.0000000E+000   0.0000000E+000   0.0000000E+000   0.0000000E+000   0.0000000E+000
   3.6800000E+000   0.0000000E+000   0.0000000E+000   0.0000000E+000   0.0000000E+000   0.0000000E+000
   3.7200001E+000   0.0000000E+000   0.0000000E+000   0.0000000E+000   0.0000000E+000   0.0000000E+000
   3.7599999E+000   0.0000000E+000   0.0000000E+000   0.0000000E+000   0.0000000E+000   0.0000000E+000
   3.8000000E+000   0.0000000E+000   0.0000000E+000   0.0000000E+000   0.0000000E+000   0.0000000E+000
   3.8400000E+000   0.0000000E+000   0.0000000E+000   0.0000000E+000   0.0000000E+000   0.0000000E+000
   3.8800001E+000   0.0000000E+000   0.0000000E+000   0.0000000E+000   0.0000000E+000   0.0000000E+000
   3.9199999E+000   0.0000000E+000   0.0000000E+000   0.0000000E+000   0.0000000E+000   0.0000000E+000
   3.9600000E+000   0.0000000E+000   0.0000000E+000   0.0000000E+000   0.0000000E+000   0.0000000E+000
   4.0000001E+000   0.0000000E+000   0.0000000E+000   0.0000000E+000   0.0000000E+000   0.0000000E+000
   4.0400001E+000   0.0000000E+000   0.0000000E+000   0.0000000E+000   0.0000000E+000   0.0000000E+000
   4.0799999E+000   0.0000000E+000   0.0000000E+000   0.0000000E+000   0.0000000E+000   0.0000000E+000
   4.1200000E+000   0.0000000E+000   0.0000000E+000   0.0000000E+000   0.0000000E+000   0.0000000E+000
   4.1600001E+000   0.0000000E+000   0.0000000E+000   0.0000000E+000   0.0000000E+000   0.0000000E+000
   4.1999999E+000   0.0000000E+000   0.0000000E+000   0.0000000E+000   0.0000000E+000   0.0000000E+000
   4.2399999E+000   0.0000000E+000   0.0000000E+000   0.0000000E+000   0.0000000E+000   0.0000000E+000
   4.2800000E+000   0.0000000E+000   0.0000000E+000   0.0000000E+000   0.0000000E+000   0.0000000E+000
   4.3200001E+000   0.0000000E+000   0.0000000E+000   0.0000000E+000   0.0000000E+000   0.0000000E+000
   4.3599999E+000   0.0000000E+000   0.0000000E+000   0.0000000E+000   0.0000000E+000   0.0000000E+000
   4.4000000E+000   0.0000000E+000   0.0000000E+000   0.0000000E+000   0.0000000E+000   0.0000000E+000
   4.4400001E+000   0.0000000E+000   0.0000000E+000   0.0000000E+000   0.0000000E+000   0.0000000E+000
   4.4800001E+000   0.0000000E+000   0.0000000E+000   0.0000000E+000   0.0000000E+000   0.0000000E+000
   4.5199999E+000   0.0000000E+000   0.0000000E+000   0.0000000E+000   0.0000000E+000   0.0000000E+000
   4.5600000E+000   0.0000000E+000   0.0000000E+000   0.0000000E+000   0.0000000E+000   0.0000000E+000
   4.6000001E+000   0.0000000E+000   0.0000000E+000   0.0000000E+000   0.0000000E+000   0.0000000E+000
   4.6399999E+000   0.0000000E+000   0.0000000E+000   0.0000000E+000   0.0000000E+000   0.0000000E+000
   4.6799999E+000   0.0000000E+000   0.0000000E+000   0.0000000E+000   0.0000000E+000   0.0000000E+000
   4.7200000E+000   0.0000000E+000   0.0000000E+000   0.0000000E+000   0.0000000E+000   0.0000000E+000
   4.7600001E+000   0.0000000E+000   0.0000000E+000   0.0000000E+000   0.0000000E+000   0.0000000E+000
   4.7999999E+000   0.0000000E+000   0.0000000E+000   0.0000000E+000   0.0000000E+000   0.0000000E+000
   4.8400000E+000   0.0000000E+000   0.0000000E+000   0.0000000E+000   0.0000000E+000   0.0000000E+000
   4.8800001E+000   0.0000000E+000   0.0000000E+000   0.0000000E+000   0.0000000E+000   0.0000000E+000
   4.9200001E+000   0.0000000E+000   0.0000000E+000   0.0000000E+000   0.0000000E+000   0.0000000E+000
   4.9599999E+000   0.0000000E+000   0.0000000E+000   0.0000000E+000   0.0000000E+000   0.0000000E+000
   5.0000000E+000   0.0000000E+000   0.0000000E+000   0.0000000E+000   0.0000000E+000   0.0000000E+000
   5.0400001E+000   0.0000000E+000   0.0000000E+000   0.0000000E+000   0.0000000E+000   0.0000000E+000
   5.0800002E+000   0.0000000E+000   0.0000000E+000   0.0000000E+000   0.0000000E+000   0.0000000E+000
   5.1200002E+000   0.0000000E+000   0.0000000E+000   0.0000000E+000   0.0000000E+000   0.0000000E+000
   5.1599997E+000   0.0000000E+000   0.0000000E+000   0.0000000E+000   0.0000000E+000   0.0000000E+000
   5.1999998E+000   0.0000000E+000   0.0000000E+000   0.0000000E+000   0.0000000E+000   0.0000000E+000
   5.2399999E+000   0.0000000E+000   0.0000000E+000   0.0000000E+000   0.0000000E+000   0.0000000E+000
   5.2800000E+000   0.0000000E+000   0.0000000E+000   0.0000000E+000   0.0000000E+000   0.0000000E+000
   5.3200001E+000   0.0000000E+000   0.0000000E+000   0.0000000E+000   0.0000000E+000   0.0000000E+000
   5.3600001E+000   0.0000000E+000   0.0000000E+000   0.0000000E+000   0.0000000E+000   0.0000000E+000
   5.4000002E+000   0.0000000E+000   0.0000000E+000   0.0000000E+000   0.0000000E+000   0.0000000E+000
   5.4400003E+000   0.0000000E+000   0.0000000E+000   0.0000000E+000   0.0000000E+000   0.0000000E+000
   5.4799998E+000   0.0000000E+000   0.0000000E+000   0.0000000E+000   0.0000000E+000   3.4909096E-276
   5.5199999E+000   0.0000000E+000   0.0000000E+000   2.6809869E-120   5.5495849E-123   3.2046018E-180
   5.5599999E+000   0.0000000E+000   0.0000000E+000   3.1769912E-078   5.2674983E-081   1.2665885E-116
   5.6000000E+000   0.0000000E+000   0.0000000E+000   1.2718766E-050   1.7648831E-053   9.9035930E-075
   5.6400001E+000   0.0000000E+000   0.0000000E+000   1.2803062E-032   1.3612375E-035   2.5882517E-047
   5.6800002E+000   0.0000000E+000   0.0000000E+000   6.0013271E-021   6.3918773E-024   1.6906510E-029
   5.7200003E+000   0.0000000E+000   0.0000000E+000   1.9912177E-013   1.7616211E-016   5.1240323E-018
   5.7599998E+000   0.0000000E+000   0.0000000E+000   1.2988946E-008   9.8349746E-012   1.0906345E-010
   5.7999998E+000   0.0000000E+000   0.0000000E+000   1.5003535E-005   8.3274848E-009   4.5484066E-006
   5.8399999E+000   0.0000000E+000   0.0000000E+000   1.2785684E-003   5.3996491E-007   3.3351645E-003
   5.8800000E+000   0.0000000E+000   0.0000000E+000   1.9777948E-002   5.6509233E-006   1.8107257E-001
   5.9200001E+000   0.0000000E+000   0.0000000E+000   9.8088685E-002   2.4579300E-005   1.8561938E+000
   5.9600002E+000   0.0000000E+000   0.0000000E+000   2.2808039E-001   1.0979599E-004   6.5831787E+000
   6.0000002E+000   0.0000000E+000   0.0000000E+000   3.1244911E-001   4.6917536E-004   1.1920447E+001
   6.0399997E+000   0.0000000E+000   0.0000000E+000   2.7938467E-001   9.1193098E-004   1.4126571E+001
   6.0799998E+000   0.0000000E+000   0.0000000E+000   1.8422404E-001   1.0192998E-003   1.2822827E+001
   6.1199999E+000   0.0000000E+000   0.0000000E+000   1.0554009E-001   7.3336471E-004   9.8418731E+000
   6.1600000E+000   0.0000000E+000   0.0000000E+000   5.8733095E-002   5.6567734E-004   6.7934806E+000
   6.2000000E+000   0.0000000E+000   0.0000000E+000   3.3079273E-002   3.5249487E-004   4.3809603E+000
   6.2400001E+000   0.0000000E+000   0.0000000E+000   1.8829717E-002   1.6928471E-004   2.7016194E+000
   6.2800002E+000   0.0000000E+000   0.0000000E+000   1.0799062E-002   1.0274172E-004   1.6157218E+000
   6.3200003E+000   0.0000000E+000   0.0000000E+000   6.2203479E-003   6.6728470E-005   9.4499189E-001
   6.3599998E+000   0.0000000E+000   0.0000000E+000   3.5658213E-003   4.0137471E-005   5.4314821E-001
   6.3999999E+000   0.0000000E+000   0.0000000E+000   2.0392663E-003   2.3879576E-005   3.0762324E-001
   6.4399999E+000   0.0000000E+000   0.0000000E+000   1.1595678E-003   1.4161669E-005   1.7192917E-001
   6.4800000E+000   0.0000000E+000   0.0000000E+000   6.4925811E-004   8.0062475E-006   9.4883073E-002
   6.5200001E+000   0.0000000E+000   0.0000000E+000   3.5989067E-004   4.5172783E-006   5.1714260E-002
   6.5600002E+000   0.0000000E+000   0.0000000E+000   1.9760900E-004   2.5118090E-006   2.7833153E-002
   6.6000003E+000   0.0000000E+000   0.0000000E+000   1.0702310E-004   1.3347688E-006   1.4788181E-002
   6.6399997E+000   0.0000000E+000   0.0000000E+000   5.6940164E-005   6.8093074E-007   7.7532883E-003
   6.6799998E+000   0.0000000E+000   0.0000000E+000   2.9946810E-005   3.5660530E-007   4.0092071E-003
   6.7199999E+000   0.0000000E+000   0.0000000E+000   1.5456676E-005   1.8137332E-007   2.0435589E-003
   6.7600000E+000   0.0000000E+000   0.0000000E+000   7.8754297E-006   9.1041027E-008   1.0261309E-003
   6.8000001E+000   0.0000000E+000   0.0000000E+000   3.9479404E-006   4.7644896E-008   5.0724019E-004
   6.8400002E+000   0.0000000E+000   0.0000000E+000   1.9351439E-006   3.1517713E-008   2.4666392E-004
   6.8800002E+000   0.0000000E+000   0.0000000E+000   9.3287249E-007   1.1117072E-008   1.1790733E-004
   6.9199997E+000   0.0000000E+000   0.0000000E+000   4.4369344E-007   4.5632545E-009   5.5354891E-005
   6.9599998E+000   0.0000000E+000   0.0000000E+000   2.0517618E-007   2.1820235E-009   2.5501191E-005
   6.9999999E+000   0.0000000E+000   0.0000000E+000   9.3511005E-008   9.5519550E-010   1.1516837E-005
   7.0400000E+000   0.0000000E+000   0.0000000E+000   4.1839805E-008   4.1143839E-010   5.0935427E-006
   7.0800000E+000   0.0000000E+000   0.0000000E+000   1.8223508E-008   1.7646102E-010   2.2035833E-006
   7.1200001E+000   0.0000000E+000   0.0000000E+000   7.7550801E-009   7.4222170E-011   9.3138583E-007
   7.1600002E+000   0.0000000E+000   0.0000000E+000   3.2114177E-009   2.9763444E-011   3.8409852E-007
   7.2000003E+000   0.0000000E+000   0.0000000E+000   1.2941091E-009   1.5193902E-011   1.5432621E-007
   7.2399998E+000   0.0000000E+000   0.0000000E+000   5.0780429E-010   7.0941256E-012   6.0316326E-008
   7.2799999E+000   0.0000000E+000   0.0000000E+000   1.9269979E-010   2.7521003E-012   2.2891690E-008
   7.3199999E+000   0.0000000E+000   0.0000000E+000   7.1063637E-011   8.5958407E-013   8.4206517E-009
   7.3600000E+000   0.0000000E+000   0.0000000E+000   2.5297086E-011   2.9361303E-013   2.9959405E-009
   7.4000001E+000   0.0000000E+000   0.0000000E+000   8.6848547E-012   9.6172235E-014   1.0285877E-009
   7.4400002E+000   0.0000000E+000   0.0000000E+000   2.8608336E-012   3.0116583E-014   3.3991020E-010
   7.4800003E+000   0.0000000E+000   0.0000000E+000   9.0188020E-013   9.0022590E-015   1.0781341E-010
   7.5199997E+000   0.0000000E+000   0.0000000E+000   2.7186873E-013   2.9447741E-015   3.2718718E-011
   7.5599998E+000   0.0000000E+000   0.0000000E+000   7.7783364E-014   8.7018966E-016   9.4667150E-012
   7.5999999E+000   0.0000000E+000   0.0000000E+000   2.1163200E-014   2.3155839E-016   2.6010842E-012
   7.6400000E+000   0.0000000E+000   0.0000000E+000   5.4490107E-015   5.6540743E-017   6.7562972E-013
   7.6800001E+000   0.0000000E+000   0.0000000E+000   1.3115689E-015   1.2559616E-017   1.6506042E-013
   7.7200001E+000   0.0000000E+000   0.0000000E+000   2.9554963E-016   2.8709740E-018   3.7706861E-014
   7.7600002E+000   0.0000000E+000   0.0000000E+000   6.1349162E-017   6.2729064E-019   8.0006199E-015
   7.7999997E+000   0.0000000E+000   0.0000000E+000   1.1742201E-017   1.2030276E-019   1.5644953E-015
   7.8399998E+000   0.0000000E+000   0.0000000E+000   2.0402024E-018   2.0400008E-020   2.7940244E-016
   7.8799999E+000   0.0000000E+000   0.0000000E+000   3.1999677E-019   3.3160689E-021   4.5087168E-017
   7.9200000E+000   0.0000000E+000   0.0000000E+000   4.4579821E-020   4.4882054E-022   6.4913246E-018
   7.9600000E+000   0.0000000E+000   0.0000000E+000   5.4348162E-021   5.2511717E-023   8.2121856E-019
   8.0000001E+000   0.0000000E+000   0.0000000E+000   5.6744970E-022   5.3706713E-024   8.9618467E-020
   8.0400002E+000   0.0000000E+000   0.0000000E+000   4.9783358E-023   4.7002442E-025   8.2463372E-021
   8.0800003E+000   0.0000000E+000   0.0000000E+000   3.5373062E-024   3.2000221E-026   6.2184728E-022
   8.1199998E+000   0.0000000E+000   0.0000000E+000   1.9725361E-025   1.7289607E-027   3.7061156E-023
   8.1599998E+000   0.0000000E+000   0.0000000E+000   8.2147368E-027   6.7949425E-029   1.6652615E-024
   8.1999999E+000   0.0000000E+000   0.0000000E+000   2.3874325E-028   2.0632982E-030   5.2970904E-026
   8.2400000E+000   0.0000000E+000   0.0000000E+000   4.4065656E-030   4.0928617E-032   1.0938301E-027
   8.2800001E+000   0.0000000E+000   0.0000000E+000   4.5874202E-032   4.1530526E-034   1.2952832E-029
   8.3200002E+000   0.0000000E+000   0.0000000E+000   2.2086598E-034   1.8885650E-036   7.2995159E-032
   8.3600003E+000   0.0000000E+000   0.0000000E+000   3.6337603E-037   2.9302881E-039   1.4509038E-034
   8.3999997E+000   0.0000000E+000   0.0000000E+000   1.1808424E-040   8.5990826E-043   6.0001217E-038
   8.4399998E+000   0.0000000E+000   0.0000000E+000   2.5097582E-045   1.8434854E-047   1.7708874E-042
   8.4799999E+000   0.0000000E+000   0.0000000E+000   2.0165951E-052   1.3525108E-054   2.3489822E-049
   8.5200000E+000   0.0000000E+000   0.0000000E+000   2.2122510E-067   1.5309632E-069   3.8029518E-064
   8.5600001E+000   0.0000000E+000   0.0000000E+000   2.0780527E-052   1.3190592E-054  -3.8029518E-064
   8.6000001E+000   0.0000000E+000   0.0000000E+000   2.6358417E-045   1.4173440E-047  -2.3489822E-049
   8.6400002E+000   0.0000000E+000   0.0000000E+000   1.2539254E-040   7.6614648E-043  -1.7708874E-042
   8.6799997E+000   0.0000000E+000   0.0000000E+000   3.9213548E-037   2.2637694E-039  -6.0001217E-038
   8.7199998E+000   0.0000000E+000   0.0000000E+000   2.4207050E-034   1.4074209E-036  -1.4509038E-034
   8.7599999E+000   0.0000000E+000   0.0000000E+000   5.0939098E-032   2.3880368E-034  -7.2995159E-032
   8.8000000E+000   0.0000000E+000   0.0000000E+000   4.9756409E-030   2.4727055E-032  -1.2952832E-029
   8.8400000E+000   0.0000000E+000   0.0000000E+000   2.7260171E-028   1.5171261E-030  -1.0938301E-027
   8.8800001E+000   0.0000000E+000   0.0000000E+000   9.5089764E-027   5.0154796E-029  -5.2970904E-026
   8.9200002E+000   0.0000000E+000   0.0000000E+000   2.3206974E-025   1.2186250E-027  -1.6652615E-024
   8.9600003E+000   0.0000000E+000   0.0000000E+000   4.2287263E-024   2.2386249E-026  -3.7061156E-023
   8.9999998E+000   0.0000000E+000   0.0000000E+000   6.0353461E-023   3.2523425E-025  -6.2184728E-022
   9.0399998E+000   0.0000000E+000   0.0000000E+000   7.0025795E-022   3.8497585E-024  -8.2463372E-021
   9.0799999E+000   0.0000000E+000   0.0000000E+000   6.8096704E-021   3.2674258E-023  -8.9618467E-020
   9.1200000E+000   0.0000000E+000   0.0000000E+000   5.6717589E-020   2.6861859E-022  -8.2121856E-019
   9.1600001E+000   0.0000000E+000   0.0000000E+000   4.1311838E-019   2.0088304E-021  -6.4913246E-018
   9.2000002E+000   0.0000000E+000   0.0000000E+000   2.6732283E-018   1.3350213E-020  -4.5087168E-017
   9.2400002E+000   0.0000000E+000   0.0000000E+000   1.5555307E-017   7.3864478E-020  -2.7940244E-016
   9.2799997E+000   0.0000000E+000   0.0000000E+000   8.2459505E-017   3.7416230E-019  -1.5644953E-015
   9.3199998E+000   0.0000000E+000   0.0000000E+000   4.0258201E-016   1.7410980E-018  -8.0006199E-015
   9.3599999E+000   0.0000000E+000   0.0000000E+000   1.8163454E-015   6.9922173E-018  -3.7706861E-014
   9.4000000E+000   0.0000000E+000   0.0000000E+000   7.6606654E-015   2.9284969E-017  -1.6506042E-013
   9.4400001E+000   0.0000000E+000   0.0000000E+000   3.0331323E-014   1.0917307E-016  -6.7562972E-013
   9.4800001E+000   0.0000000E+000   0.0000000E+000   1.1349353E-013   4.3643381E-016  -2.6010842E-012
   9.5200002E+000   0.0000000E+000   0.0000000E+000   4.0203614E-013   1.3430480E-015  -9.4667150E-012
   9.5599997E+000   0.0000000E+000   0.0000000E+000   1.3537085E-012   4.6679776E-015  -3.2718718E-011
   9.5999998E+000   0.0000000E+000   0.0000000E+000   4.3635002E-012   1.4372831E-014  -1.0781341E-010
   9.6399999E+000   0.0000000E+000   0.0000000E+000   1.3472538E-011   3.9411500E-014  -3.3991020E-010
   9.6799999E+000   0.0000000E+000   0.0000000E+000   4.0041389E-011   1.1913343E-013  -1.0285877E-009
   9.7200000E+000   0.0000000E+000   0.0000000E+000   1.1460563E-010   3.2781585E-013  -2.9959405E-009
   9.7600001E+000   0.0000000E+000   0.0000000E+000   3.1677765E-010   8.6858741E-013  -8.4206517E-009
   9.8000002E+000   0.0000000E+000   0.0000000E+000   8.4778534E-010   2.5145887E-012  -2.2891690E-008
   9.8400003E+000   0.0000000E+000   0.0000000E+000   2.2033903E-009   5.7272894E-012  -6.0316326E-008
   9.8799998E+000   0.0000000E+000   0.0000000E+000   5.5683442E-009   1.5193287E-011  -1.5432621E-007
   9.9199998E+000   0.0000000E+000   0.0000000E+000   1.3708625E-008   3.6808649E-011  -3.8409852E-007
   9.9599999E+000   0.0000000E+000   0.0000000E+000   3.2886127E-008   8.1633764E-011  -9.3138583E-007
   1.0000000E+001   0.0000000E+000   0.0000000E+000   7.7054317E-008   1.7556842E-010  -2.2035833E-006
   1.0039999E+001   0.0000000E+000   0.0000000E+000   1.7660677E-007   3.9012990E-010  -5.0935427E-006
   1.0080000E+001   0.0000000E+000   0.0000000E+000   3.9556193E-007   8.7020589E-010  -1.1516837E-005
   1.0120000E+001   0.0000000E+000   0.0000000E+000   8.6910425E-007   1.8903569E-009  -2.5501191E-005
   1.0160000E+001   0.0000000E+000   0.0000000E+000   1.8714563E-006   4.6479651E-009  -5.5354891E-005
   1.0200000E+001   0.0000000E+000   0.0000000E+000   3.9624328E-006   9.1818204E-009  -1.1790733E-004
   1.0240000E+001   0.0000000E+000   0.0000000E+000   8.2296841E-006   1.5401867E-008  -2.4666392E-004
   1.0280000E+001   0.0000000E+000   0.0000000E+000   1.6796499E-005   3.4690383E-008  -5.0724019E-004
   1.0319999E+001   0.0000000E+000   0.0000000E+000   3.3775224E-005   6.2779429E-008  -1.0261309E-003
   1.0360000E+001   0.0000000E+000   0.0000000E+000   6.6901738E-005   1.1880888E-007  -2.0435589E-003
   1.0400000E+001   0.0000000E+000   0.0000000E+000   1.3042756E-004   2.5134449E-007  -4.0092071E-003
   1.0440000E+001   0.0000000E+000   0.0000000E+000   2.5103631E-004   4.7830286E-007  -7.7532883E-003
   1.0480000E+001   0.0000000E+000   0.0000000E+000   4.7604395E-004   8.9185812E-007  -1.4788181E-002
   1.0520000E+001   0.0000000E+000   0.0000000E+000   8.9170754E-004   1.2602115E-006  -2.7833153E-002
   1.0560000E+001   0.0000000E+000   0.0000000E+000   1.6501954E-003   2.7906834E-006  -5.1714260E-002
   1.0599999E+001   0.0000000E+000   0.0000000E+000   3.0150199E-003   4.3682746E-006  -9.4883073E-002
   1.0640000E+001   0.0000000E+000   0.0000000E+000   5.4472912E-003   6.8133530E-006  -1.7192917E-001
   1.0680000E+001   0.0000000E+000   0.0000000E+000   9.7266251E-003   1.0647613E-005  -3.0762324E-001
   1.0720000E+001   0.0000000E+000   0.0000000E+000   1.7145655E-002   1.6279597E-005  -5.4314821E-001
   1.0760000E+001   0.0000000E+000   0.0000000E+000   2.9839331E-002   2.3136020E-005  -9.4499189E-001
   1.0800000E+001   0.0000000E+000   0.0000000E+000   5.1053339E-002   3.4403173E-005  -1.6157218E+000
   1.0840000E+001   0.0000000E+000   0.0000000E+000   8.5370052E-002   3.7033268E-005  -2.7016194E+000
   1.0880001E+001   0.0000000E+000   0.0000000E+000   1.3758390E-001   3.4137153E-005  -4.3809603E+000
   1.0920000E+001   0.0000000E+000   0.0000000E+000   2.0861698E-001   1.4455828E-005  -6.7934806E+000
   1.0960000E+001   0.0000000E+000   0.0000000E+000   2.8763219E-001   8.4879473E-006  -9.8418731E+000
   1.1000000E+001   0.0000000E+000   0.0000000E+000   3.4403268E-001   2.5970478E-006  -1.2822827E+001
   1.1040000E+001   0.0000000E+000   0.0000000E+000   3.3144040E-001   3.4589828E-006  -1.4126571E+001
   1.1080000E+001   0.0000000E+000   0.0000000E+000   2.3053391E-001   5.8642493E-006  -1.1920447E+001
   1.1120000E+001   0.0000000E+000   0.0000000E+000   9.8219685E-002   5.3042120E-006  -6.5831787E+000
   1.1160001E+001   0.0000000E+000   0.0000000E+000   1.9757795E-002   1.7733600E-006  -1.8561938E+000
   1.1200000E+001   0.0000000E+000   0.0000000E+000   1.2741093E-003   1.5646642E-007  -1.8107257E-001
   1.1240000E+001   0.0000000E+000   0.0000000E+000   1.4936988E-005   2.7097965E-009  -3.3351645E-003
   1.1280000E+001   0.0000000E+000   0.0000000E+000   1.2914755E-008   2.5750718E-012  -4.5484066E-006
   1.1320000E+001   0.0000000E+000   0.0000000E+000   1.9751174E-013   4.8340995E-017  -1.0906345E-010
   1.1360000E+001   0.0000000E+000   0.0000000E+000   5.9614681E-021   1.6188354E-024  -5.1240323E-018
   1.1400000E+001   0.0000000E+000   0.0000000E+000   1.2713153E-032   4.1904567E-036  -1.6906510E-029
   1.1440001E+001   0.0000000E+000   0.0000000E+000   1.2643225E-050   4.5061409E-054  -2.5882517E-047
   1.1480000E+001   0.0000000E+000   0.0000000E+000   3.1643133E-078   1.4166970E-081  -9.9035930E-075
   1.1520000E+001   0.0000000E+000   0.0000000E+000   2.6621291E-120   1.6175666E-123  -1.2665885E-116
   1.1560000E+001   0.0000000E+000   0.0000000E+000   0.0000000E+000   0.0000000E+000  -3.2046018E-180
   1.1600000E+001   0.0000000E+000   0.0000000E+000   0.0000000E+000   0.0000000E+000  -3.4909096E-276
   1.1640000E+001   0.0000000E+000   0.0000000E+000   0.0000000E+000   0.0000000E+000   0.0000000E+000
   1.1680000E+001   0.0000000E+000   0.0000000E+000   0.0000000E+000   0.0000000E+000   0.0000000E+000
   1.1720001E+001   0.0000000E+000   0.0000000E+000   0.0000000E+000   0.0000000E+000   0.0000000E+000
   1.1760000E+001   0.0000000E+000   0.0000000E+000   0.0000000E+000   0.0000000E+000   0.0000000E+000
   1.1799999E+001   0.0000000E+000   0.0000000E+000   0.0000000E+000   0.0000000E+000   0.0000000E+000
   1.1840000E+001   0.0000000E+000   0.0000000E+000   0.0000000E+000   0.0000000E+000   0.0000000E+000
   1.1880000E+001   0.0000000E+000   0.0000000E+000   0.0000000E+000   0.0000000E+000   0.0000000E+000
   1.1920000E+001   0.0000000E+000   0.0000000E+000   0.0000000E+000   0.0000000E+000   0.0000000E+000
   1.1960000E+001   0.0000000E+000   0.0000000E+000   0.0000000E+000   0.0000000E+000   0.0000000E+000
   1.2000000E+001   0.0000000E+000   0.0000000E+000   0.0000000E+000   0.0000000E+000   0.0000000E+000
   1.2040000E+001   0.0000000E+000   0.0000000E+000   0.0000000E+000   0.0000000E+000   0.0000000E+000
   1.2079999E+001   0.0000000E+000   0.0000000E+000   0.0000000E+000   0.0000000E+000   0.0000000E+000
   1.2120000E+001   0.0000000E+000   0.0000000E+000   0.0000000E+000   0.0000000E+000   0.0000000E+000
   1.2160000E+001   0.0000000E+000   0.0000000E+000   0.0000000E+000   0.0000000E+000   0.0000000E+000
   1.2200000E+001   0.0000000E+000   0.0000000E+000   0.0000000E+000   0.0000000E+000   0.0000000E+000
   1.2240000E+001   0.0000000E+000   0.0000000E+000   0.0000000E+000   0.0000000E+000   0.0000000E+000
   1.2280000E+001   0.0000000E+000   0.0000000E+000   0.0000000E+000   0.0000000E+000   0.0000000E+000
   1.2320000E+001   0.0000000E+000   0.0000000E+000   0.0000000E+000   0.0000000E+000   0.0000000E+000
   1.2359999E+001   0.0000000E+000   0.0000000E+000   0.0000000E+000   0.0000000E+000   0.0000000E+000
   1.2400000E+001   0.0000000E+000   0.0000000E+000   0.0000000E+000   0.0000000E+000   0.0000000E+000
   1.2440000E+001   0.0000000E+000   0.0000000E+000   0.0000000E+000   0.0000000E+000   0.0000000E+000
   1.2480000E+001   0.0000000E+000   0.0000000E+000   0.0000000E+000   0.0000000E+000   0.0000000E+000
   1.2520000E+001   0.0000000E+000   0.0000000E+000   0.0000000E+000   0.0000000E+000   0.0000000E+000
   1.2560000E+001   0.0000000E+000   0.0000000E+000   0.0000000E+000   0.0000000E+000   0.0000000E+000
   1.2600000E+001   0.0000000E+000   0.0000000E+000   0.0000000E+000   0.0000000E+000   0.0000000E+000
   1.2640001E+001   0.0000000E+000   0.0000000E+000   0.0000000E+000   0.0000000E+000   0.0000000E+000
   1.2680000E+001   0.0000000E+000   0.0000000E+000   0.0000000E+000   0.0000000E+000   0.0000000E+000
   1.2720000E+001   0.0000000E+000   0.0000000E+000   0.0000000E+000   0.0000000E+000   0.0000000E+000
   1.2760000E+001   0.0000000E+000   0.0000000E+000   0.0000000E+000   0.0000000E+000   0.0000000E+000
   1.2800000E+001   0.0000000E+000   0.0000000E+000   0.0000000E+000   0.0000000E+000   0.0000000E+000
   1.2840000E+001   0.0000000E+000   0.0000000E+000   0.0000000E+000   0.0000000E+000   0.0000000E+000
   1.2880000E+001   0.0000000E+000   0.0000000E+000   0.0000000E+000   0.0000000E+000   0.0000000E+000
   1.2920001E+001   0.0000000E+000   0.0000000E+000   0.0000000E+000   0.0000000E+000   0.0000000E+000
   1.2960000E+001   0.0000000E+000   0.0000000E+000   0.0000000E+000   0.0000000E+000   0.0000000E+000
   1.3000000E+001   0.0000000E+000   0.0000000E+000   0.0000000E+000   0.0000000E+000   0.0000000E+000
   1.3040000E+001   0.0000000E+000   0.0000000E+000   0.0000000E+000   0.0000000E+000   0.0000000E+000
   1.3080000E+001   0.0000000E+000   0.0000000E+000   0.0000000E+000   0.0000000E+000   0.0000000E+000
   1.3120000E+001   0.0000000E+000   0.0000000E+000   0.0000000E+000   0.0000000E+000   0.0000000E+000
   1.3160000E+001   0.0000000E+000   0.0000000E+000   0.0000000E+000   0.0000000E+000   0.0000000E+000
   1.3200001E+001   0.0000000E+000   0.0000000E+000   0.0000000E+000   0.0000000E+000   0.0000000E+000
   1.3240000E+001   0.0000000E+000   0.0000000E+000   0.0000000E+000   0.0000000E+000   0.0000000E+000
   1.3279999E+001   0.0000000E+000   0.0000000E+000   0.0000000E+000   0.0000000E+000   0.0000000E+000
   1.3320000E+001   0.0000000E+000   0.0000000E+000   0.0000000E+000   0.0000000E+000   0.0000000E+000
   1.3360000E+001   0.0000000E+000   0.0000000E+000   0.0000000E+000   0.0000000E+000   0.0000000E+000
   1.3400000E+001   0.0000000E+000   0.0000000E+000   0.0000000E+000   0.0000000E+000   0.0000000E+000
   1.3440000E+001   0.0000000E+000   0.0000000E+000   0.0000000E+000   0.0000000E+000   0.0000000E+000
   1.3480000E+001   0.0000000E+000   0.0000000E+000   0.0000000E+000   0.0000000E+000   0.0000000E+000
   1.3520000E+001   0.0000000E+000   0.0000000E+000   0.0000000E+000   0.0000000E+000   0.0000000E+000
   1.3559999E+001   0.0000000E+000   0.0000000E+000   0.0000000E+000   0.0000000E+000   0.0000000E+000
   1.3600000E+001   0.0000000E+000   0.0000000E+000   0.0000000E+000   0.0000000E+000   0.0000000E+000
   1.3640000E+001   0.0000000E+000   0.0000000E+000   0.0000000E+000   0.0000000E+000   0.0000000E+000
   1.3680000E+001   0.0000000E+000   0.0000000E+000   0.0000000E+000   0.0000000E+000   0.0000000E+000
   1.3720000E+001   0.0000000E+000   0.0000000E+000   0.0000000E+000   0.0000000E+000   0.0000000E+000
   1.3760000E+001   0.0000000E+000   0.0000000E+000   0.0000000E+000   0.0000000E+000   0.0000000E+000
   1.3800000E+001   0.0000000E+000   0.0000000E+000   0.0000000E+000   0.0000000E+000   0.0000000E+000
   1.3839999E+001   0.0000000E+000   0.0000000E+000   0.0000000E+000   0.0000000E+000   0.0000000E+000
   1.3880000E+001   0.0000000E+000   0.0000000E+000   0.0000000E+000   0.0000000E+000   0.0000000E+000
   1.3920000E+001   0.0000000E+000   0.0000000E+000   0.0000000E+000   0.0000000E+000   0.0000000E+000
   1.3960000E+001   0.0000000E+000   0.0000000E+000   0.0000000E+000   0.0000000E+000   0.0000000E+000
   1.4000000E+001   0.0000000E+000   0.0000000E+000   0.0000000E+000   0.0000000E+000   0.0000000E+000
   1.4040000E+001   0.0000000E+000   0.0000000E+000   0.0000000E+000   0.0000000E+000   0.0000000E+000
   1.4080000E+001   0.0000000E+000   0.0000000E+000   0.0000000E+000   0.0000000E+000   0.0000000E+000
   1.4119999E+001   0.0000000E+000   0.0000000E+000   0.0000000E+000   0.0000000E+000   0.0000000E+000
   1.4160000E+001   0.0000000E+000   0.0000000E+000   0.0000000E+000   0.0000000E+000   0.0000000E+000
   1.4200000E+001   0.0000000E+000   0.0000000E+000   0.0000000E+000   0.0000000E+000   0.0000000E+000
   1.4240000E+001   0.0000000E+000   0.0000000E+000   0.0000000E+000   0.0000000E+000   0.0000000E+000
   1.4280000E+001   0.0000000E+000   0.0000000E+000   0.0000000E+000   0.0000000E+000   0.0000000E+000
   1.4320000E+001   0.0000000E+000   0.0000000E+000   0.0000000E+000   0.0000000E+000   0.0000000E+000
   1.4360000E+001   0.0000000E+000   0.0000000E+000   0.0000000E+000   0.0000000E+000   0.0000000E+000
   1.4400001E+001   0.0000000E+000   0.0000000E+000   0.0000000E+000   0.0000000E+000   0.0000000E+000
   1.4440000E+001   0.0000000E+000   0.0000000E+000   0.0000000E+000   0.0000000E+000   0.0000000E+000
   1.4480000E+001   0.0000000E+000   0.0000000E+000   0.0000000E+000   0.0000000E+000   0.0000000E+000
   1.4520000E+001   0.0000000E+000   0.0000000E+000   0.0000000E+000   0.0000000E+000   0.0000000E+000
   1.4560000E+001   0.0000000E+000   0.0000000E+000   0.0000000E+000   0.0000000E+000   0.0000000E+000
   1.4600000E+001   0.0000000E+000   0.0000000E+000   0.0000000E+000   0.0000000E+000   0.0000000E+000
   1.4640000E+001   0.0000000E+000   0.0000000E+000   0.0000000E+000   0.0000000E+000   0.0000000E+000
   1.4680001E+001   0.0000000E+000   0.0000000E+000   0.0000000E+000   0.0000000E+000   0.0000000E+000
   1.4720000E+001   0.0000000E+000   0.0000000E+000   0.0000000E+000   0.0000000E+000   0.0000000E+000
   1.4760000E+001   0.0000000E+000   0.0000000E+000   0.0000000E+000   0.0000000E+000   0.0000000E+000
   1.4800000E+001   0.0000000E+000   0.0000000E+000   0.0000000E+000   0.0000000E+000   0.0000000E+000
   1.4840000E+001   0.0000000E+000   0.0000000E+000   0.0000000E+000   0.0000000E+000   0.0000000E+000
   1.4880000E+001   0.0000000E+000   0.0000000E+000   0.0000000E+000   0.0000000E+000   0.0000000E+000
   1.4920000E+001   0.0000000E+000   0.0000000E+000   0.0000000E+000   0.0000000E+000   0.0000000E+000
   1.4960001E+001   0.0000000E+000   0.0000000E+000   0.0000000E+000   0.0000000E+000   0.0000000E+000
   1.5000000E+001   0.0000000E+000   0.0000000E+000   0.0000000E+000   0.0000000E+000   0.0000000E+000
   1.5039999E+001   0.0000000E+000   0.0000000E+000   0.0000000E+000   0.0000000E+000   0.0000000E+000
   1.5080000E+001   0.0000000E+000   0.0000000E+000   0.0000000E+000   0.0000000E+000   0.0000000E+000
   1.5120000E+001   0.0000000E+000   0.0000000E+000   0.0000000E+000   0.0000000E+000   0.0000000E+000
   1.5160000E+001   0.0000000E+000   0.0000000E+000   0.0000000E+000   0.0000000E+000   0.0000000E+000
   1.5200000E+001   0.0000000E+000   0.0000000E+000   0.0000000E+000   0.0000000E+000   0.0000000E+000
   1.5240000E+001   0.0000000E+000   0.0000000E+000   0.0000000E+000   0.0000000E+000   0.0000000E+000
   1.5280000E+001   0.0000000E+000   0.0000000E+000   0.0000000E+000   0.0000000E+000   0.0000000E+000
   1.5319999E+001   0.0000000E+000   0.0000000E+000   0.0000000E+000   0.0000000E+000   0.0000000E+000
   1.5360000E+001   0.0000000E+000   0.0000000E+000   0.0000000E+000   0.0000000E+000   0.0000000E+000
   1.5400000E+001   0.0000000E+000   0.0000000E+000   0.0000000E+000   0.0000000E+000   0.0000000E+000
   1.5440000E+001   0.0000000E+000   0.0000000E+000   0.0000000E+000   0.0000000E+000   0.0000000E+000
   1.5480000E+001   0.0000000E+000   0.0000000E+000   0.0000000E+000   0.0000000E+000   0.0000000E+000
   1.5520000E+001   0.0000000E+000   0.0000000E+000   0.0000000E+000   0.0000000E+000   0.0000000E+000
   1.5560000E+001   0.0000000E+000   0.0000000E+000   0.0000000E+000   0.0000000E+000   0.0000000E+000
   1.5599999E+001   0.0000000E+000   0.0000000E+000   0.0000000E+000   0.0000000E+000   0.0000000E+000
   1.5640000E+001   0.0000000E+000   0.0000000E+000   0.0000000E+000   0.0000000E+000   0.0000000E+000
   1.5680000E+001   0.0000000E+000   0.0000000E+000   0.0000000E+000   0.0000000E+000   0.0000000E+000
   1.5720000E+001   0.0000000E+000   0.0000000E+000   0.0000000E+000   0.0000000E+000   0.0000000E+000
   1.5760000E+001   0.0000000E+000   0.0000000E+000   0.0000000E+000   0.0000000E+000   0.0000000E+000
   1.5800000E+001   0.0000000E+000   0.0000000E+000   0.0000000E+000   0.0000000E+000   0.0000000E+000
   1.5840000E+001   0.0000000E+000   0.0000000E+000   0.0000000E+000   0.0000000E+000   0.0000000E+000
   1.5880001E+001   0.0000000E+000   0.0000000E+000   0.0000000E+000   0.0000000E+000   0.0000000E+000
   1.5920000E+001   0.0000000E+000   0.0000000E+000   0.0000000E+000   0.0000000E+000   0.0000000E+000
   1.5960000E+001   0.0000000E+000   0.0000000E+000   0.0000000E+000   0.0000000E+000   0.0000000E+000
   1.6000000E+001   0.0000000E+000   0.0000000E+000   0.0000000E+000   0.0000000E+000   0.0000000E+000
   1.6040000E+001   0.0000000E+000   0.0000000E+000   0.0000000E+000   0.0000000E+000   0.0000000E+000
   1.6080000E+001   0.0000000E+000   0.0000000E+000   0.0000000E+000   0.0000000E+000   0.0000000E+000
   1.6120000E+001   0.0000000E+000   0.0000000E+000   0.0000000E+000   0.0000000E+000   0.0000000E+000
   1.6160001E+001   0.0000000E+000   0.0000000E+000   0.0000000E+000   0.0000000E+000   0.0000000E+000
   1.6200000E+001   0.0000000E+000   0.0000000E+000   0.0000000E+000   0.0000000E+000   0.0000000E+000
   1.6240000E+001   0.0000000E+000   0.0000000E+000   0.0000000E+000   0.0000000E+000   0.0000000E+000
   1.6280000E+001   0.0000000E+000   0.0000000E+000   0.0000000E+000   0.0000000E+000   0.0000000E+000
   1.6320000E+001   0.0000000E+000   0.0000000E+000   0.0000000E+000   0.0000000E+000   0.0000000E+000
   1.6360000E+001   0.0000000E+000   0.0000000E+000   0.0000000E+000   0.0000000E+000   0.0000000E+000
   1.6400000E+001   0.0000000E+000   0.0000000E+000   0.0000000E+000   0.0000000E+000   0.0000000E+000
   1.6440001E+001   0.0000000E+000   0.0000000E+000   0.0000000E+000   0.0000000E+000   0.0000000E+000
   1.6480000E+001   0.0000000E+000   0.0000000E+000   0.0000000E+000   0.0000000E+000   0.0000000E+000
   1.6520000E+001   0.0000000E+000   0.0000000E+000   0.0000000E+000   0.0000000E+000   0.0000000E+000
   1.6560000E+001   0.0000000E+000   0.0000000E+000   0.0000000E+000   0.0000000E+000   0.0000000E+000
   1.6600000E+001   0.0000000E+000   0.0000000E+000   0.0000000E+000   0.0000000E+000   0.0000000E+000
   1.6640000E+001   0.0000000E+000   0.0000000E+000   0.0000000E+000   0.0000000E+000   0.0000000E+000
   1.6680000E+001   0.0000000E+000   0.0000000E+000   0.0000000E+000   0.0000000E+000   0.0000000E+000
   1.6720001E+001   0.0000000E+000   0.0000000E+000   0.0000000E+000   0.0000000E+000   0.0000000E+000
   1.6760000E+001   0.0000000E+000   0.0000000E+000   0.0000000E+000   0.0000000E+000   0.0000000E+000
   1.6799999E+001   0.0000000E+000   0.0000000E+000   0.0000000E+000   0.0000000E+000   0.0000000E+000
   1.6840000E+001   0.0000000E+000   0.0000000E+000   0.0000000E+000   0.0000000E+000   0.0000000E+000
   1.6880000E+001   0.0000000E+000   0.0000000E+000   0.0000000E+000   0.0000000E+000   0.0000000E+000
   1.6920000E+001   0.0000000E+000   0.0000000E+000   0.0000000E+000   0.0000000E+000   0.0000000E+000
   1.6960000E+001   0.0000000E+000   0.0000000E+000   0.0000000E+000   0.0000000E+000   0.0000000E+000
   1.7000000E+001   0.0000000E+000   0.0000000E+000   0.0000000E+000   0.0000000E+000   0.0000000E+000
   1.7040000E+001   0.0000000E+000   0.0000000E+000   0.0000000E+000   0.0000000E+000   0.0000000E+000
   1.7079999E+001   0.0000000E+000   0.0000000E+000   0.0000000E+000   0.0000000E+000   0.0000000E+000
   1.7120000E+001   0.0000000E+000   0.0000000E+000   0.0000000E+000   0.0000000E+000   0.0000000E+000
   1.7160000E+001   0.0000000E+000   0.0000000E+000   0.0000000E+000   0.0000000E+000   0.0000000E+000
   1.7200000E+001   0.0000000E+000   0.0000000E+000   0.0000000E+000   0.0000000E+000   0.0000000E+000
   1.7240000E+001   0.0000000E+000   0.0000000E+000   0.0000000E+000   0.0000000E+000   0.0000000E+000
   1.7280000E+001   0.0000000E+000   0.0000000E+000   0.0000000E+000   0.0000000E+000   0.0000000E+000
   1.7320000E+001   0.0000000E+000   0.0000000E+000   0.0000000E+000   0.0000000E+000   0.0000000E+000
   1.7359999E+001   0.0000000E+000   0.0000000E+000   0.0000000E+000   0.0000000E+000   0.0000000E+000
   1.7400000E+001   0.0000000E+000   0.0000000E+000   0.0000000E+000   0.0000000E+000   0.0000000E+000
   1.7440000E+001   0.0000000E+000   0.0000000E+000   0.0000000E+000   0.0000000E+000   0.0000000E+000
   1.7480000E+001   0.0000000E+000   0.0000000E+000   0.0000000E+000   0.0000000E+000   0.0000000E+000
   1.7520000E+001   0.0000000E+000   0.0000000E+000   0.0000000E+000   0.0000000E+000   0.0000000E+000
   1.7560000E+001   0.0000000E+000   0.0000000E+000   0.0000000E+000   0.0000000E+000   0.0000000E+000
   1.7600000E+001   0.0000000E+000   0.0000000E+000   0.0000000E+000   0.0000000E+000   0.0000000E+000
   1.7640001E+001   0.0000000E+000   0.0000000E+000   0.0000000E+000   0.0000000E+000   0.0000000E+000
   1.7680000E+001   0.0000000E+000   0.0000000E+000   0.0000000E+000   0.0000000E+000   0.0000000E+000
   1.7720000E+001   0.0000000E+000   0.0000000E+000   0.0000000E+000   0.0000000E+000   0.0000000E+000
   1.7760000E+001   0.0000000E+000   0.0000000E+000   0.0000000E+000   0.0000000E+000   0.0000000E+000
   1.7800000E+001   0.0000000E+000   0.0000000E+000   0.0000000E+000   0.0000000E+000   0.0000000E+000
   1.7840000E+001   0.0000000E+000   0.0000000E+000   0.0000000E+000   0.0000000E+000   0.0000000E+000
   1.7880000E+001   0.0000000E+000   0.0000000E+000   0.0000000E+000   0.0000000E+000   0.0000000E+000
   1.7920001E+001   0.0000000E+000   0.0000000E+000   0.0000000E+000   0.0000000E+000   0.0000000E+000
   1.7960000E+001   0.0000000E+000   0.0000000E+000   0.0000000E+000   0.0000000E+000   0.0000000E+000
   1.8000000E+001   0.0000000E+000   0.0000000E+000   0.0000000E+000   0.0000000E+000   0.0000000E+000
   1.8040000E+001   0.0000000E+000   0.0000000E+000   0.0000000E+000   0.0000000E+000   0.0000000E+000
   1.8080000E+001   0.0000000E+000   0.0000000E+000   0.0000000E+000   0.0000000E+000   0.0000000E+000
   1.8120000E+001   0.0000000E+000   0.0000000E+000   0.0000000E+000   0.0000000E+000   0.0000000E+000
   1.8160000E+001   0.0000000E+000   0.0000000E+000   0.0000000E+000   0.0000000E+000   0.0000000E+000
   1.8200001E+001   0.0000000E+000   0.0000000E+000   0.0000000E+000   0.0000000E+000   0.0000000E+000
   1.8240000E+001   0.0000000E+000   0.0000000E+000   0.0000000E+000   0.0000000E+000   0.0000000E+000
   1.8279999E+001   0.0000000E+000   0.0000000E+000   0.0000000E+000   0.0000000E+000   0.0000000E+000
   1.8320000E+001   0.0000000E+000   0.0000000E+000   0.0000000E+000   0.0000000E+000   0.0000000E+000
   1.8360000E+001   0.0000000E+000   0.0000000E+000   0.0000000E+000   0.0000000E+000   0.0000000E+000
   1.8400000E+001   0.0000000E+000   0.0000000E+000   0.0000000E+000   0.0000000E+000   0.0000000E+000
   1.8440000E+001   0.0000000E+000   0.0000000E+000   0.0000000E+000   0.0000000E+000   0.0000000E+000
   1.8480000E+001   0.0000000E+000   0.0000000E+000   0.0000000E+000   0.0000000E+000   0.0000000E+000
   1.8520000E+001   0.0000000E+000   0.0000000E+000   0.0000000E+000   0.0000000E+000   0.0000000E+000
   1.8559999E+001   0.0000000E+000   0.0000000E+000   0.0000000E+000   0.0000000E+000   0.0000000E+000
   1.8600000E+001   0.0000000E+000   0.0000000E+000   0.0000000E+000   0.0000000E+000   0.0000000E+000
   1.8640000E+001   0.0000000E+000   0.0000000E+000   0.0000000E+000   0.0000000E+000   0.0000000E+000
   1.8680000E+001   0.0000000E+000   0.0000000E+000   0.0000000E+000   0.0000000E+000   0.0000000E+000
   1.8720000E+001   0.0000000E+000   0.0000000E+000   0.0000000E+000   0.0000000E+000   0.0000000E+000
   1.8760000E+001   0.0000000E+000   0.0000000E+000   0.0000000E+000   0.0000000E+000   0.0000000E+000
   1.8800000E+001   0.0000000E+000   0.0000000E+000   0.0000000E+000   0.0000000E+000   0.0000000E+000
   1.8839999E+001   0.0000000E+000   0.0000000E+000   0.0000000E+000   0.0000000E+000   0.0000000E+000
   1.8880000E+001   0.0000000E+000   0.0000000E+000   0.0000000E+000   0.0000000E+000   0.0000000E+000
   1.8920000E+001   0.0000000E+000   0.0000000E+000   0.0000000E+000   0.0000000E+000   0.0000000E+000
   1.8960000E+001   0.0000000E+000   0.0000000E+000   0.0000000E+000   0.0000000E+000   0.0000000E+000
   1.9000000E+001   0.0000000E+000   0.0000000E+000   0.0000000E+000   0.0000000E+000   0.0000000E+000
   1.9040000E+001   0.0000000E+000   0.0000000E+000   0.0000000E+000   0.0000000E+000   0.0000000E+000
   1.9080000E+001   0.0000000E+000   0.0000000E+000   0.0000000E+000   0.0000000E+000   0.0000000E+000
   1.9119999E+001   0.0000000E+000   0.0000000E+000   0.0000000E+000   0.0000000E+000   0.0000000E+000
   1.9160000E+001   0.0000000E+000   0.0000000E+000   0.0000000E+000   0.0000000E+000   0.0000000E+000
   1.9200000E+001   0.0000000E+000   0.0000000E+000   0.0000000E+000   0.0000000E+000   0.0000000E+000
   1.9240000E+001   0.0000000E+000   0.0000000E+000   0.0000000E+000   0.0000000E+000   0.0000000E+000
   1.9280000E+001   0.0000000E+000   0.0000000E+000   0.0000000E+000   0.0000000E+000   0.0000000E+000
   1.9320000E+001   0.0000000E+000   0.0000000E+000   0.0000000E+000   0.0000000E+000   0.0000000E+000
   1.9360000E+001   0.0000000E+000   0.0000000E+000   0.0000000E+000   0.0000000E+000   0.0000000E+000
   1.9400001E+001   0.0000000E+000   0.0000000E+000   0.0000000E+000   0.0000000E+000   0.0000000E+000
   1.9440000E+001   0.0000000E+000   0.0000000E+000   0.0000000E+000   0.0000000E+000   0.0000000E+000
   1.9480000E+001   0.0000000E+000   0.0000000E+000   0.0000000E+000   0.0000000E+000   0.0000000E+000
   1.9520000E+001   0.0000000E+000   0.0000000E+000   0.0000000E+000   0.0000000E+000   0.0000000E+000
   1.9560000E+001   0.0000000E+000   0.0000000E+000   0.0000000E+000   0.0000000E+000   0.0000000E+000
   1.9600000E+001   0.0000000E+000   0.0000000E+000   0.0000000E+000   0.0000000E+000   0.0000000E+000
   1.9640000E+001   0.0000000E+000   0.0000000E+000   0.0000000E+000   0.0000000E+000   0.0000000E+000
   1.9680001E+001   0.0000000E+000   0.0000000E+000   0.0000000E+000   0.0000000E+000   0.0000000E+000
   1.9720000E+001   0.0000000E+000   0.0000000E+000   0.0000000E+000   0.0000000E+000   0.0000000E+000
   1.9760000E+001   0.0000000E+000   0.0000000E+000   0.0000000E+000   0.0000000E+000   0.0000000E+000
   1.9800000E+001   0.0000000E+000   0.0000000E+000   0.0000000E+000   0.0000000E+000   0.0000000E+000
   1.9840000E+001   0.0000000E+000   0.0000000E+000   0.0000000E+000   0.0000000E+000   0.0000000E+000
   1.9880000E+001   0.0000000E+000   0.0000000E+000   0.0000000E+000   0.0000000E+000   0.0000000E+000
   1.9920000E+001   0.0000000E+000   0.0000000E+000   0.0000000E+000   0.0000000E+000   0.0000000E+000
   1.9960001E+001   0.0000000E+000   0.0000000E+000   0.0000000E+000   0.0000000E+000   0.0000000E+000
   2.0000000E+001   0.0000000E+000   0.0000000E+000   0.0000000E+000   0.0000000E+000   0.0000000E+000
