   8.0000004E-002   0.0000000E+000   0.0000000E+000   0.0000000E+000   0.0000000E+000
   1.2000000E-001   0.0000000E+000   0.0000000E+000   0.0000000E+000   0.0000000E+000
   1.6000001E-001   0.0000000E+000   0.0000000E+000   0.0000000E+000   0.0000000E+000
   2.0000000E-001   0.0000000E+000   0.0000000E+000   0.0000000E+000   0.0000000E+000
   2.4000000E-001   0.0000000E+000   0.0000000E+000   0.0000000E+000   0.0000000E+000
   2.8000001E-001   0.0000000E+000   0.0000000E+000   0.0000000E+000   0.0000000E+000
   3.2000002E-001   0.0000000E+000   0.0000000E+000   0.0000000E+000   0.0000000E+000
   3.5999998E-001   0.0000000E+000   0.0000000E+000   0.0000000E+000   0.0000000E+000
   3.9999999E-001   0.0000000E+000   0.0000000E+000   0.0000000E+000   0.0000000E+000
   4.4000000E-001   0.0000000E+000   0.0000000E+000   0.0000000E+000   0.0000000E+000
   4.8000000E-001   0.0000000E+000   0.0000000E+000   0.0000000E+000   0.0000000E+000
   5.2000001E-001   0.0000000E+000   0.0000000E+000   0.0000000E+000   0.0000000E+000
   5.6000002E-001   0.0000000E+000   0.0000000E+000   0.0000000E+000   0.0000000E+000
   5.9999999E-001   0.0000000E+000   0.0000000E+000   0.0000000E+000   0.0000000E+000
   6.4000003E-001   0.0000000E+000   0.0000000E+000   0.0000000E+000   0.0000000E+000
   6.8000004E-001   0.0000000E+000   0.0000000E+000   0.0000000E+000   0.0000000E+000
   7.1999997E-001   0.0000000E+000   0.0000000E+000   0.0000000E+000   0.0000000E+000
   7.5999998E-001   0.0000000E+000   0.0000000E+000   0.0000000E+000   0.0000000E+000
   7.9999998E-001   0.0000000E+000   0.0000000E+000   0.0000000E+000   0.0000000E+000
   8.3999999E-001   0.0000000E+000   0.0000000E+000   0.0000000E+000   0.0000000E+000
   8.8000000E-001   0.0000000E+000   0.0000000E+000   0.0000000E+000   0.0000000E+000
   9.2000000E-001   0.0000000E+000   0.0000000E+000   0.0000000E+000   0.0000000E+000
   9.6000001E-001   0.0000000E+000   0.0000000E+000   0.0000000E+000   0.0000000E+000
   1.0000000E+000   0.0000000E+000   0.0000000E+000   0.0000000E+000   0.0000000E+000
   1.0400000E+000   4.9473177E-006   1.0948888E-007   2.5230901E-006   8.0385967E-008
   1.0800000E+000   1.2399655E-005   2.6714033E-007   6.5753571E-006   2.1466781E-007
   1.1200000E+000   2.0356632E-005   4.5164367E-007   1.0543936E-005   3.6301829E-007
   1.1600000E+000   2.8576678E-005   6.1632990E-007   1.4727839E-005   4.9930289E-007
   1.2000000E+000   3.7318382E-005   7.6093858E-007   1.9478668E-005   6.0577551E-007
   1.2400000E+000   4.7401112E-005   9.0357930E-007   2.4371616E-005   7.4546335E-007
   1.2800001E+000   5.7842841E-005   1.0788895E-006   2.9653917E-005   8.6857650E-007
   1.3200000E+000   6.8988357E-005   1.2237500E-006   3.5232495E-005   9.8780107E-007
   1.3600001E+000   8.0188690E-005   1.3796894E-006   4.0773467E-005   1.0825145E-006
   1.4000000E+000   9.1325634E-005   1.6878426E-006   4.7162941E-005   1.2123035E-006
   1.4399999E+000   1.0366437E-004   1.8640873E-006   5.4120472E-005   1.3592663E-006
   1.4800000E+000   1.1639838E-004   2.0801639E-006   6.1136646E-005   1.5657563E-006
   1.5200000E+000   1.2962913E-004   2.2330316E-006   6.8010319E-005   1.7377441E-006
   1.5600000E+000   1.4374984E-004   2.4409844E-006   7.4934625E-005   1.8591548E-006
   1.6000000E+000   1.5697247E-004   2.7372120E-006   8.2073919E-005   1.9534562E-006
   1.6400000E+000   1.7229204E-004   2.8563403E-006   9.0429264E-005   2.0714199E-006
   1.6800000E+000   1.8762718E-004   2.8587472E-006   9.9417577E-005   2.2217801E-006
   1.7200001E+000   2.0402202E-004   3.1806884E-006   1.0846737E-004   2.3372056E-006
   1.7600000E+000   2.2112305E-004   3.3931720E-006   1.1840591E-004   2.5130025E-006
   1.8000001E+000   2.3841219E-004   3.3581033E-006   1.2854073E-004   2.7924302E-006
   1.8400000E+000   2.5694227E-004   3.4933607E-006   1.3859816E-004   2.8890494E-006
   1.8799999E+000   2.7506872E-004   3.7468430E-006   1.4863643E-004   3.0536274E-006
   1.9200000E+000   2.9433555E-004   4.2417757E-006   1.5891600E-004   3.1409907E-006
   1.9599999E+000   3.1485609E-004   4.5786698E-006   1.6974193E-004   3.2100554E-006
   2.0000000E+000   3.3462567E-004   4.6934409E-006   1.8052218E-004   3.3226624E-006
   2.0400000E+000   3.5658172E-004   4.6446607E-006   1.9231780E-004   3.4869740E-006
   2.0800000E+000   3.7796311E-004   4.7601455E-006   2.0304243E-004   3.6287487E-006
   2.1200000E+000   4.0011002E-004   4.9317318E-006   2.1484940E-004   3.7737872E-006
   2.1600001E+000   4.2018859E-004   4.9516402E-006   2.2758535E-004   4.0089902E-006
   2.2000000E+000   4.4310592E-004   5.1707855E-006   2.4053478E-004   4.3132397E-006
   2.2400001E+000   4.6674125E-004   5.2671680E-006   2.5214424E-004   4.6259809E-006
   2.2800000E+000   4.8929233E-004   5.5648688E-006   2.6421767E-004   4.7726752E-006
   2.3199999E+000   5.1564695E-004   6.0762107E-006   2.7681503E-004   4.8619369E-006
   2.3600000E+000   5.4125408E-004   6.5762942E-006   2.9101971E-004   4.8452225E-006
   2.3999999E+000   5.6810702E-004   6.7683274E-006   3.0483822E-004   4.6623332E-006
   2.4400000E+000   5.9386621E-004   6.9317165E-006   3.1996860E-004   5.0643618E-006
   2.4800000E+000   6.1997239E-004   7.0041661E-006   3.3398031E-004   5.0476935E-006
   2.5200000E+000   6.4739218E-004   7.1016581E-006   3.4812420E-004   4.9510441E-006
   2.5600001E+000   6.7604550E-004   7.0887271E-006   3.6238877E-004   4.8859071E-006
   2.5999999E+000   7.0410339E-004   7.7182682E-006   3.7748046E-004   4.8565138E-006
   2.6400000E+000   7.3173574E-004   7.8429816E-006   3.9312473E-004   4.8173822E-006
   2.6800001E+000   7.5848034E-004   8.1346398E-006   4.0940088E-004   5.1230179E-006
   2.7200001E+000   7.8885992E-004   8.0931097E-006   4.2582252E-004   4.8359174E-006
   2.7599999E+000   8.2058230E-004   7.9224019E-006   4.3976953E-004   4.9813926E-006
   2.8000000E+000   8.5315547E-004   7.9705746E-006   4.5497798E-004   5.2608335E-006
   2.8400001E+000   8.8337819E-004   8.3587639E-006   4.7199735E-004   5.5357054E-006
   2.8799999E+000   9.1468870E-004   9.3054742E-006   4.8954830E-004   5.5465441E-006
   2.9200000E+000   9.4704147E-004   9.5386315E-006   5.0574453E-004   6.1653228E-006
   2.9600000E+000   9.7771481E-004   1.0088143E-005   5.2208258E-004   6.5405947E-006
   3.0000001E+000   1.0102003E-003   1.0241282E-005   5.3901829E-004   5.6277892E-006
   3.0399999E+000   1.0455472E-003   1.0611481E-005   5.5652914E-004   7.0232342E-006
   3.0800000E+000   1.0785167E-003   1.2052146E-005   5.7537645E-004   8.9969496E-006
   3.1200001E+000   1.1146743E-003   1.2368094E-005   5.9338561E-004   6.3813251E-006
   3.1600001E+000   1.1516228E-003   1.2900858E-005   6.1001228E-004   6.7836155E-006
   3.1999999E+000   1.1902595E-003   1.2673031E-005   6.2631857E-004   7.2466463E-006
   3.2400000E+000   1.2300606E-003   1.2848714E-005   6.4395872E-004   7.2499884E-006
   3.2800001E+000   1.2690499E-003   1.2926844E-005   6.6050983E-004   7.2700237E-006
   3.3199999E+000   1.3077897E-003   1.2779794E-005   6.8042897E-004   7.3134569E-006
   3.3600000E+000   1.3462857E-003   1.3376281E-005   7.0159742E-004   6.0965260E-006
   3.4000000E+000   1.3863444E-003   1.5029873E-005   7.2336590E-004   7.6775624E-006
   3.4400001E+000   1.4293013E-003   1.5156574E-005   7.4330454E-004   8.0452948E-006
   3.4799999E+000   1.4727893E-003   1.6076691E-005   7.6410208E-004   8.5539022E-006
   3.5200000E+000   1.5158393E-003   1.7068440E-005   7.8521428E-004   8.3599372E-006
   3.5600001E+000   1.5591285E-003   1.7145725E-005   8.0628072E-004   8.8700527E-006
   3.6000001E+000   1.6021710E-003   1.8469964E-005   8.2813032E-004   9.4479709E-006
   3.6399999E+000   1.6466046E-003   1.8383436E-005   8.4940729E-004   9.8430949E-006
   3.6800000E+000   1.6896648E-003   1.7375563E-005   8.7277304E-004   9.6806062E-006
   3.7200001E+000   1.7368987E-003   1.6622995E-005   8.9644954E-004   1.0114443E-005
   3.7599999E+000   1.7801245E-003   1.6289580E-005   9.2163005E-004   9.8771654E-006
   3.8000000E+000   1.8244779E-003   1.6222736E-005   9.4712799E-004   1.0310685E-005
   3.8400000E+000   1.8697795E-003   1.6368957E-005   9.7568231E-004   1.0635156E-005
   3.8800001E+000   1.9181066E-003   1.6477235E-005   9.9939613E-004   1.0533745E-005
   3.9199999E+000   1.9611050E-003   1.7779306E-005   1.0209051E-003   1.2145191E-005
   3.9600000E+000   2.0104301E-003   1.8304269E-005   1.0451884E-003   1.1304437E-005
   4.0000001E+000   2.0579724E-003   1.8489854E-005   1.0709086E-003   1.7299665E-005
   4.0400001E+000   2.1064130E-003   1.8504122E-005   1.0947680E-003   2.3195432E-005
   4.0799999E+000   2.1596325E-003   1.8477445E-005   1.1195226E-003   2.4855368E-005
   4.1200000E+000   2.2130078E-003   1.8319699E-005   1.1461778E-003   2.5742011E-005
   4.1600001E+000   2.2662474E-003   1.7925598E-005   1.1730676E-003   2.7502693E-005
   4.1999999E+000   2.3197115E-003   1.8236884E-005   1.2026521E-003   2.8911373E-005
   4.2399999E+000   2.3719870E-003   1.7631309E-005   1.2326075E-003   3.1260538E-005
   4.2800000E+000   2.4176812E-003   1.7829106E-005   1.2624387E-003   3.4218831E-005
   4.3200001E+000   2.4718257E-003   1.6513607E-005   1.2907510E-003   3.4570328E-005
   4.3599999E+000   2.5223064E-003   1.6624342E-005   1.3171332E-003   3.4306225E-005
   4.4000000E+000   2.5736946E-003   1.6716140E-005   1.3456061E-003   3.6856800E-005
   4.4400001E+000   2.6243411E-003   1.9817630E-005   1.3728235E-003   3.7763017E-005
   4.4800001E+000   2.6785938E-003   1.5471392E-005   1.3980614E-003   3.8127648E-005
   4.5199999E+000   2.7337970E-003   1.5067469E-005   1.4247093E-003   3.8671877E-005
   4.5600000E+000   2.7923598E-003   1.5350566E-005   1.4496254E-003   3.8590509E-005
   4.6000001E+000   2.8451393E-003   1.5647819E-005   1.4781485E-003   3.9603830E-005
   4.6399999E+000   2.8977740E-003   1.6276718E-005   1.5054594E-003   3.9652372E-005
   4.6799999E+000   2.9554221E-003   1.6656751E-005   1.5345878E-003   3.8984745E-005
   4.7200000E+000   3.0138952E-003   1.6688154E-005   1.5632808E-003   4.0456336E-005
   4.7600001E+000   3.0733106E-003   1.6231562E-005   1.5918217E-003   4.1791517E-005
   4.7999999E+000   3.1326074E-003   1.4282808E-005   1.6213255E-003   4.1513343E-005
   4.8400000E+000   3.1937921E-003   1.7381915E-005   1.6519665E-003   4.1371966E-005
   4.8800001E+000   3.2543495E-003   1.7234580E-005   1.6785142E-003   4.1128134E-005
   4.9200001E+000   3.3138581E-003   1.5674205E-005   1.7123203E-003   4.3414630E-005
   4.9599999E+000   3.3746658E-003   1.7804870E-005   1.7429654E-003   4.3355633E-005
   5.0000000E+000   3.4444133E-003   1.8281100E-005   1.7739380E-003   4.3944293E-005
   5.0400001E+000   3.5133643E-003   1.7794872E-005   1.8041934E-003   4.3127520E-005
   5.0800002E+000   3.5819824E-003   1.6046090E-005   1.8387968E-003   4.4472770E-005
   5.1200002E+000   3.6409978E-003   1.5763528E-005   1.8714463E-003   4.5777979E-005
   5.1599997E+000   3.7033659E-003   1.5588476E-005   1.9089642E-003   4.7149958E-005
   5.1999998E+000   3.7692923E-003   1.5045881E-005   1.9415576E-003   4.7175857E-005
   5.2399999E+000   3.8336963E-003   1.5135937E-005   1.9766331E-003   4.7940404E-005
   5.2800000E+000   3.9048657E-003   1.5109231E-005   2.0122197E-003   4.9864892E-005
   5.3200001E+000   3.9731213E-003   1.5125542E-005   2.0491731E-003   5.0290895E-005
   5.3600001E+000   4.0408130E-003   1.5203713E-005   2.0804424E-003   4.9670263E-005
   5.4000002E+000   4.1161251E-003   1.5495453E-005   2.1135066E-003   5.0371543E-005
   5.4400003E+000   4.1892426E-003   1.6302130E-005   2.1482964E-003   5.2298049E-005
   5.4799998E+000   4.2592168E-003   1.7497975E-005   2.1814532E-003   5.3018478E-005
   5.5199999E+000   4.3308404E-003   1.8280903E-005   2.2159222E-003   5.4579600E-005
   5.5599999E+000   4.4029094E-003   1.8914927E-005   2.2489994E-003   5.5092027E-005
   5.6000000E+000   4.4724687E-003   1.9590672E-005   2.2823759E-003   5.2319649E-005
   5.6400001E+000   4.5446921E-003   2.0537530E-005   2.3187319E-003   5.2981535E-005
   5.6800002E+000   4.6193124E-003   2.0694196E-005   2.3535202E-003   5.5084713E-005
   5.7200003E+000   4.6901922E-003   2.0895957E-005   2.3918004E-003   5.5886932E-005
   5.7599998E+000   4.7639323E-003   2.0384959E-005   2.4260576E-003   5.6435874E-005
   5.7999998E+000   4.8369719E-003   2.0421983E-005   2.4605345E-003   5.7033764E-005
   5.8399999E+000   4.9123611E-003   2.1111037E-005   2.4911586E-003   5.7309231E-005
   5.8800000E+000   4.9868740E-003   2.0706868E-005   2.4926110E-003   5.9219383E-005
   5.9200001E+000   5.0644356E-003   2.2308040E-005   2.3197815E-003   5.6650298E-005
   5.9600002E+000   5.1397436E-003   2.3026728E-005   1.8167867E-003   4.3787697E-005
   6.0000002E+000   5.2154435E-003   2.3803672E-005   1.1706025E-003   2.7675534E-005
   6.0399997E+000   5.2952418E-003   2.4537170E-005   6.8678649E-004   1.5690829E-005
   6.0799998E+000   5.3761410E-003   2.5236410E-005   4.2222558E-004   9.1897999E-006
   6.1199999E+000   5.4552244E-003   2.4940243E-005   2.9163905E-004   5.1236460E-006
   6.1600000E+000   5.5334704E-003   2.4153182E-005   2.2744098E-004   3.4947259E-006
   6.2000000E+000   5.6130658E-003   2.4799718E-005   1.9498555E-004   2.8634150E-006
   6.2400001E+000   5.6969870E-003   2.6243621E-005   1.7968988E-004   2.7465466E-006
   6.2800002E+000   5.7851248E-003   2.5762998E-005   1.7376835E-004   2.9748079E-006
   6.3200003E+000   5.8690318E-003   2.5971199E-005   1.7256739E-004   3.0668069E-006
   6.3599998E+000   5.9502966E-003   2.7108166E-005   1.7572578E-004   2.6370191E-006
   6.3999999E+000   6.0372889E-003   2.6922402E-005   1.7964888E-004   2.7451674E-006
   6.4399999E+000   6.1251314E-003   2.6216166E-005   1.8376553E-004   2.4355901E-006
   6.4800000E+000   6.2091620E-003   2.4930279E-005   1.8876732E-004   2.3771864E-006
   6.5200001E+000   6.2876987E-003   2.5256561E-005   1.9268562E-004   2.4384613E-006
   6.5600002E+000   6.3723305E-003   2.5344334E-005   1.9756583E-004   2.4773596E-006
   6.6000003E+000   6.4515995E-003   2.5065897E-005   2.0336684E-004   2.4984808E-006
   6.6399997E+000   6.5365692E-003   2.5169354E-005   2.0969936E-004   2.9292339E-006
   6.6799998E+000   6.6232277E-003   2.3696605E-005   2.1519197E-004   2.9747739E-006
   6.7199999E+000   6.7143626E-003   2.3266435E-005   2.2069632E-004   3.1581662E-006
   6.7600000E+000   6.8017415E-003   2.3702675E-005   2.2584640E-004   3.2023113E-006
   6.8000001E+000   6.8920662E-003   2.4879333E-005   2.3212044E-004   3.3595961E-006
   6.8400002E+000   6.9704822E-003   2.4279083E-005   2.3948381E-004   3.4915926E-006
   6.8800002E+000   7.0612539E-003   2.5964213E-005   2.4577544E-004   3.6785438E-006
   6.9199997E+000   7.1537832E-003   2.6946338E-005   2.5089928E-004   3.7408181E-006
   6.9599998E+000   7.2431208E-003   2.4364960E-005   2.5839740E-004   3.8502692E-006
   6.9999999E+000   7.3272390E-003   2.3998623E-005   2.6609454E-004   4.0113669E-006
   7.0400000E+000   7.4191124E-003   2.3135751E-005   2.7417229E-004   3.9648390E-006
   7.0800000E+000   7.5136995E-003   2.3367061E-005   2.8096912E-004   3.9219077E-006
   7.1200001E+000   7.5991427E-003   2.2708251E-005   2.8813569E-004   3.9725702E-006
   7.1600002E+000   7.6950501E-003   3.5524432E-005   2.9454882E-004   4.1812331E-006
   7.2000003E+000   7.7886499E-003   3.4700312E-005   3.0383888E-004   4.3489260E-006
   7.2399998E+000   7.8808413E-003   3.4880077E-005   3.1119245E-004   4.9703338E-006
   7.2799999E+000   7.9739947E-003   2.7576659E-005   3.1964535E-004   5.0100890E-006
   7.3199999E+000   8.0738449E-003   2.8894690E-005   3.2801680E-004   5.5588140E-006
   7.3600000E+000   8.1693451E-003   3.3022344E-005   3.3573182E-004   5.1947281E-006
   7.4000001E+000   8.2622621E-003   3.2255412E-005   3.4174636E-004   5.4685268E-006
   7.4400002E+000   8.3567313E-003   3.1661494E-005   3.4729179E-004   5.5638779E-006
   7.4800003E+000   8.4559390E-003   3.2568404E-005   3.5291060E-004   5.1258714E-006
   7.5199997E+000   8.5449097E-003   3.1928193E-005   3.5977371E-004   5.2340012E-006
   7.5599998E+000   8.6298071E-003   2.8134937E-005   3.6571942E-004   5.5523049E-006
   7.5999999E+000   8.7246329E-003   2.6122129E-005   3.7354940E-004   6.5849905E-006
   7.6400000E+000   8.8179773E-003   2.5327258E-005   3.8061513E-004   6.7156641E-006
   7.6800001E+000   8.9056283E-003   2.4492891E-005   3.8845271E-004   6.1357140E-006
   7.7200001E+000   9.0024505E-003   2.3845045E-005   3.9568640E-004   5.9692117E-006
   7.7600002E+000   9.1163347E-003   2.4787632E-005   4.0281549E-004   5.7654318E-006
   7.7999997E+000   9.2241226E-003   2.5706716E-005   4.1044895E-004   5.9117753E-006
   7.8399998E+000   9.3270674E-003   2.3420599E-005   4.1745137E-004   6.2344895E-006
   7.8799999E+000   9.4281081E-003   2.3723158E-005   4.2585221E-004   6.5315873E-006
   7.9200000E+000   9.5239644E-003   2.4168273E-005   4.3225729E-004   6.2647853E-006
   7.9600000E+000   9.6261854E-003   2.5043298E-005   4.3871002E-004   6.7582961E-006
   8.0000001E+000   9.7286820E-003   2.6396330E-005   4.4499150E-004   7.8911636E-006
   8.0400002E+000   9.8390280E-003   2.7603324E-005   4.5142294E-004   8.5326266E-006
   8.0800003E+000   9.9492682E-003   2.8571944E-005   4.5883093E-004   8.4909522E-006
   8.1199998E+000   1.0066293E-002   2.8240608E-005   4.6770943E-004   8.8065951E-006
   8.1599998E+000   1.0173692E-002   2.8767073E-005   4.7626285E-004   8.6579459E-006
   8.1999999E+000   1.0279012E-002   2.9058287E-005   4.8621741E-004   8.4380347E-006
   8.2400000E+000   1.0393551E-002   2.7515740E-005   4.9396328E-004   8.4026289E-006
   8.2800001E+000   1.0504618E-002   2.6101801E-005   5.0330144E-004   8.4421294E-006
   8.3200002E+000   1.0611342E-002   2.6498840E-005   5.1058721E-004   8.6770303E-006
   8.3600003E+000   1.0716838E-002   2.6942562E-005   5.2084799E-004   8.8253425E-006
   8.3999997E+000   1.0834613E-002   2.9435144E-005   5.3301370E-004   8.4647637E-006
   8.4399998E+000   1.0947105E-002   2.9390247E-005   5.4152618E-004   8.4511404E-006
   8.4799999E+000   1.1053028E-002   3.0173623E-005   5.4856226E-004   8.6539766E-006
   8.5200000E+000   1.1152653E-002   2.9036215E-005   5.5653349E-004   8.7622193E-006
   8.5600001E+000   1.1261997E-002   2.9544345E-005   5.6497986E-004   8.9042898E-006
   8.6000001E+000   1.1371272E-002   2.9740515E-005   5.7304454E-004   9.0314233E-006
   8.6400002E+000   1.1484500E-002   3.0320031E-005   5.8308601E-004   9.0620115E-006
   8.6799997E+000   1.1596240E-002   3.0594347E-005   5.9352525E-004   8.6358442E-006
   8.7199998E+000   1.1697881E-002   3.0166831E-005   6.0516458E-004   8.8946467E-006
   8.7599999E+000   1.1809642E-002   3.0420582E-005   6.1644559E-004   8.8102715E-006
   8.8000000E+000   1.1928296E-002   3.4150086E-005   6.2645135E-004   8.9668405E-006
   8.8400000E+000   1.2049608E-002   3.1275968E-005   6.3782837E-004   9.1913634E-006
   8.8800001E+000   1.2164423E-002   3.2199910E-005   6.4586905E-004   1.0949338E-005
   8.9200002E+000   1.2268560E-002   3.1768088E-005   6.5249342E-004   1.1192078E-005
   8.9600003E+000   1.2380195E-002   3.2040686E-005   6.5859146E-004   1.1582640E-005
   8.9999998E+000   1.2481953E-002   3.1513971E-005   6.6973949E-004   1.1424866E-005
   9.0399998E+000   1.2599828E-002   3.1032031E-005   6.7849128E-004   1.1727054E-005
   9.0799999E+000   1.2723775E-002   3.2434167E-005   6.8791870E-004   1.1730305E-005
   9.1200000E+000   1.2840308E-002   3.3427941E-005   6.9732162E-004   1.1636162E-005
   9.1600001E+000   1.2959282E-002   3.2000821E-005   7.0994991E-004   1.1205720E-005
   9.2000002E+000   1.3079372E-002   3.1795295E-005   7.1895824E-004   1.0974725E-005
   9.2400002E+000   1.3199746E-002   3.1024343E-005   7.2621259E-004   1.1037760E-005
   9.2799997E+000   1.3317969E-002   3.0245913E-005   7.3538817E-004   9.4019280E-006
   9.3199998E+000   1.3433883E-002   3.2748622E-005   7.4468474E-004   9.0522859E-006
   9.3599999E+000   1.3559794E-002   3.0019940E-005   7.5349686E-004   8.9869873E-006
   9.4000000E+000   1.3692035E-002   3.0572978E-005   7.6414627E-004   8.7386795E-006
   9.4400001E+000   1.3817097E-002   3.0671773E-005   7.7426230E-004   8.8357516E-006
   9.4800001E+000   1.3941860E-002   3.2571926E-005   7.8373716E-004   9.0871874E-006
   9.5200002E+000   1.4058999E-002   3.2612120E-005   7.9290296E-004   9.2220676E-006
   9.5599997E+000   1.4174230E-002   3.2779597E-005   8.0382913E-004   8.9485024E-006
   9.5999998E+000   1.4291835E-002   3.2281599E-005   8.1715624E-004   9.2210980E-006
   9.6399999E+000   1.4421088E-002   4.0624191E-005   8.2979014E-004   8.4545593E-006
   9.6799999E+000   1.4537350E-002   3.2079912E-005   8.4002487E-004   8.2967624E-006
   9.7200000E+000   1.4671081E-002   3.2155320E-005   8.4916627E-004   8.5697808E-006
   9.7600001E+000   1.4808488E-002   3.9007909E-005   8.6055152E-004   8.6338646E-006
   9.8000002E+000   1.4942229E-002   3.4676313E-005   8.7021518E-004   8.7440236E-006
   9.8400003E+000   1.5081431E-002   3.6043176E-005   8.8256761E-004   8.6920525E-006
   9.8799998E+000   1.5218673E-002   3.6565504E-005   8.9466157E-004   9.0958152E-006
   9.9199998E+000   1.5354306E-002   4.5205484E-005   9.0452457E-004   9.2140416E-006
   9.9599999E+000   1.5489719E-002   4.6019021E-005   9.1665050E-004   9.3444372E-006
   1.0000000E+001   1.5625252E-002   4.5080910E-005   9.3275936E-004   9.7768472E-006
   1.0039999E+001   1.5767886E-002   4.4682959E-005   9.4759991E-004   9.9456550E-006
   1.0080000E+001   1.5913764E-002   3.9179877E-005   9.6136424E-004   9.8546611E-006
   1.0120000E+001   1.6056945E-002   3.8739830E-005   9.7558280E-004   9.5156485E-006
   1.0160000E+001   1.6198691E-002   4.6776712E-005   9.8981999E-004   9.5548352E-006
   1.0200000E+001   1.6338710E-002   4.6330154E-005   1.0001719E-003   1.2001474E-005
   1.0240000E+001   1.6473285E-002   4.6825577E-005   1.0104950E-003   8.4075231E-006
   1.0280000E+001   1.6609170E-002   4.8263761E-005   1.0213905E-003   8.5811318E-006
   1.0319999E+001   1.6738747E-002   4.7672936E-005   1.0307960E-003   8.5239055E-006
   1.0360000E+001   1.6871551E-002   4.8240899E-005   1.0410174E-003   1.1539384E-005
   1.0400000E+001   1.7005002E-002   4.8196908E-005   1.0539935E-003   1.1639612E-005
   1.0440000E+001   1.7137472E-002   4.6343406E-005   1.0675913E-003   8.1538326E-006
   1.0480000E+001   1.7283736E-002   5.6495593E-005   1.0826592E-003   7.9269396E-006
   1.0520000E+001   1.7432575E-002   4.3531913E-005   1.0940580E-003   7.5874144E-006
   1.0560000E+001   1.7567544E-002   5.7998577E-005   1.1091841E-003   7.2865796E-006
   1.0599999E+001   1.7718940E-002   5.0283824E-005   1.1287395E-003   7.1478952E-006
   1.0640000E+001   1.7870228E-002   6.1155689E-005   1.1485293E-003   6.9499161E-006
   1.0680000E+001   1.8012426E-002   6.0844865E-005   1.1738572E-003   7.9560582E-006
   1.0720000E+001   1.8147427E-002   6.0294180E-005   1.2146554E-003   8.0073200E-006
   1.0760000E+001   1.8308311E-002   6.6133900E-005   1.2802854E-003   7.8062568E-006
   1.0800000E+001   1.8456233E-002   5.3105435E-005   1.3816221E-003   8.9711310E-006
   1.0840000E+001   1.8597792E-002   5.2781492E-005   1.5582419E-003   9.6571004E-006
   1.0880001E+001   1.8735829E-002   5.3935763E-005   1.8846613E-003   1.0599678E-005
   1.0920000E+001   1.8892537E-002   5.1720525E-005   2.5067127E-003   1.3221651E-005
   1.0960000E+001   1.9038190E-002   5.0984104E-005   3.7647276E-003   1.7738817E-005
   1.1000000E+001   1.9182483E-002   5.3267084E-005   6.3298773E-003   2.4489718E-005
   1.1040000E+001   1.9330983E-002   5.5939910E-005   1.1028842E-002   4.4950821E-005
   1.1080000E+001   1.9453685E-002   8.0166541E-005   1.7514990E-002   7.2017376E-005
   1.1120000E+001   1.9595990E-002   8.3716359E-005   2.2892894E-002   8.1709313E-005
   1.1160001E+001   1.9750372E-002   8.6911618E-005   2.5143967E-002   1.0299232E-004
   1.1200000E+001   1.9898484E-002   8.7836243E-005   2.5651666E-002   1.0373170E-004
   1.1240000E+001   2.0047030E-002   9.0499493E-005   2.5853819E-002   1.0868027E-004
   1.1280000E+001   2.0185901E-002   8.8987419E-005   2.6033479E-002   1.0643329E-004
   1.1320000E+001   2.0337941E-002   8.7917688E-005   2.6215748E-002   1.0431163E-004
   1.1360000E+001   2.0492205E-002   8.6346567E-005   2.6393741E-002   1.0267659E-004
   1.1400000E+001   2.0646149E-002   8.6422875E-005   2.6590003E-002   9.9443618E-005
   1.1440001E+001   2.0786045E-002   8.9016163E-005   2.6776185E-002   9.9429342E-005
   1.1480000E+001   2.0953156E-002   9.1496865E-005   2.6962360E-002   9.7074585E-005
   1.1520000E+001   2.1103679E-002   9.4478399E-005   2.7163409E-002   1.0129709E-004
   1.1560000E+001   2.1251264E-002   1.0012435E-004   2.7351812E-002   1.0011578E-004
   1.1600000E+001   2.1418408E-002   1.0247366E-004   2.7546316E-002   1.0079376E-004
   1.1640000E+001   2.1579091E-002   1.0154504E-004   2.7748601E-002   1.0139648E-004
   1.1680000E+001   2.1736108E-002   1.0303477E-004   2.7953342E-002   9.6915997E-005
   1.1720001E+001   2.1893686E-002   1.0801741E-004   2.8159362E-002   9.2707144E-005
   1.1760000E+001   2.2056537E-002   1.0846263E-004   2.8362948E-002   8.8776052E-005
   1.1799999E+001   2.2207385E-002   1.0348782E-004   2.8558333E-002   8.6181623E-005
   1.1840000E+001   2.2355767E-002   7.1878595E-005   2.8748228E-002   8.5719157E-005
   1.1880000E+001   2.2501183E-002   7.0601897E-005   2.8946387E-002   8.1777207E-005
   1.1920000E+001   2.2664683E-002   6.9223119E-005   2.9147775E-002   8.1431420E-005
   1.1960000E+001   2.2824466E-002   9.1488879E-005   2.9355491E-002   8.4521329E-005
   1.2000000E+001   2.2976077E-002   9.6063607E-005   2.9570157E-002   8.6697824E-005
   1.2040000E+001   2.3146212E-002   9.5456595E-005   2.9770658E-002   8.8210943E-005
   1.2079999E+001   2.3302301E-002   7.6395273E-005   2.9961748E-002   8.7985335E-005
   1.2120000E+001   2.3468084E-002   6.9319609E-005   3.0161719E-002   8.6977826E-005
   1.2160000E+001   2.3638355E-002   8.8125050E-005   3.0357914E-002   8.5079843E-005
   1.2200000E+001   2.3799702E-002   6.3266000E-005   3.0558881E-002   8.1257446E-005
   1.2240000E+001   2.3953785E-002   6.2877767E-005   3.0748281E-002   8.1297423E-005
   1.2280000E+001   2.4119987E-002   9.2699271E-005   3.0961936E-002   8.4609002E-005
   1.2320000E+001   2.4281747E-002   7.5121241E-005   3.1165120E-002   8.7088913E-005
   1.2359999E+001   2.4438396E-002   7.8314084E-005   3.1358653E-002   8.4026129E-005
   1.2400000E+001   2.4596846E-002   7.7983274E-005   3.1560187E-002   8.1409670E-005
   1.2440000E+001   2.4761178E-002   7.6686322E-005   3.1761671E-002   8.0077140E-005
   1.2480000E+001   2.4934059E-002   7.4790879E-005   3.1978794E-002   8.0533591E-005
   1.2520000E+001   2.5106549E-002   7.8373489E-005   3.2203372E-002   7.8487792E-005
   1.2560000E+001   2.5263374E-002   7.7051417E-005   3.2426804E-002   8.0050104E-005
   1.2600000E+001   2.5435740E-002   7.5305764E-005   3.2634444E-002   7.9540926E-005
   1.2640001E+001   2.5628705E-002   7.6325682E-005   3.2819895E-002   7.4854286E-005
   1.2680000E+001   2.5805107E-002   8.0402203E-005   3.3030150E-002   7.2718560E-005
   1.2720000E+001   2.5986698E-002   8.0543176E-005   3.3234392E-002   7.7357762E-005
   1.2760000E+001   2.6172841E-002   7.8754196E-005   3.3436663E-002   7.8359561E-005
   1.2800000E+001   2.6340090E-002   8.4770494E-005   3.3639594E-002   7.9097424E-005
   1.2840000E+001   2.6512207E-002   8.6384102E-005   3.3851764E-002   8.2088348E-005
   1.2880000E+001   2.6690659E-002   8.7238191E-005   3.4065768E-002   8.3532793E-005
   1.2920001E+001   2.6871392E-002   8.4198922E-005   3.4265151E-002   8.5343172E-005
   1.2960000E+001   2.7043373E-002   7.5330846E-005   3.4472286E-002   8.3447579E-005
   1.3000000E+001   2.7206914E-002   8.4251119E-005   3.4680657E-002   8.2189470E-005
   1.3040000E+001   2.7385004E-002   8.1459038E-005   3.4887319E-002   8.4616546E-005
   1.3080000E+001   2.7549498E-002   7.8479119E-005   3.5100593E-002   8.6247677E-005
   1.3120000E+001   2.7723012E-002   6.7838280E-005   3.5336209E-002   8.5230258E-005
   1.3160000E+001   2.7911146E-002   6.7980204E-005   3.5548287E-002   8.3299211E-005
   1.3200001E+001   2.8103268E-002   6.8662071E-005   3.5769136E-002   8.0341451E-005
   1.3240000E+001   2.8284594E-002   7.1688691E-005   3.5982471E-002   7.9116308E-005
   1.3279999E+001   2.8456492E-002   7.3193264E-005   3.6206192E-002   7.8610403E-005
   1.3320000E+001   2.8614144E-002   7.6308692E-005   3.6423306E-002   7.8812114E-005
   1.3360000E+001   2.8790875E-002   7.5422496E-005   3.6639461E-002   8.0253192E-005
   1.3400000E+001   2.8963216E-002   7.2882923E-005   3.6877482E-002   8.4475835E-005
   1.3440000E+001   2.9159230E-002   7.4806121E-005   3.7110750E-002   8.2110303E-005
   1.3480000E+001   2.9352976E-002   7.3066552E-005   3.7364679E-002   7.9585526E-005
   1.3520000E+001   2.9542524E-002   8.3882501E-005   3.7585211E-002   7.9693744E-005
   1.3559999E+001   2.9716888E-002   8.7015543E-005   3.7812087E-002   8.6821227E-005
   1.3600000E+001   2.9893852E-002   7.6297780E-005   3.8046994E-002   1.0399281E-004
   1.3640000E+001   3.0078452E-002   8.9121318E-005   3.8278753E-002   1.0229073E-004
   1.3680000E+001   3.0265400E-002   9.4513979E-005   3.8489632E-002   8.8559490E-005
   1.3720000E+001   3.0443800E-002   9.5113615E-005   3.8705667E-002   8.0719233E-005
   1.3760000E+001   3.0618298E-002   9.8900868E-005   3.8922755E-002   7.9899469E-005
   1.3800000E+001   3.0805542E-002   1.0184852E-004   3.9142335E-002   8.0698113E-005
   1.3839999E+001   3.1002683E-002   1.3090238E-004   3.9382490E-002   8.2195835E-005
   1.3880000E+001   3.1207955E-002   1.3863060E-004   3.9605724E-002   7.8336943E-005
   1.3920000E+001   3.1392859E-002   1.4167584E-004   3.9817488E-002   7.8323725E-005
   1.3960000E+001   3.1573444E-002   1.4051650E-004   4.0056942E-002   8.4101379E-005
   1.4000000E+001   3.1766696E-002   1.3984395E-004   4.0268588E-002   8.7290865E-005
   1.4040000E+001   3.1945966E-002   1.3470199E-004   4.0495476E-002   9.3007472E-005
   1.4080000E+001   3.2128690E-002   1.2841196E-004   4.0724992E-002   1.0407719E-004
   1.4119999E+001   3.2318726E-002   1.2843015E-004   4.0972358E-002   1.0733738E-004
   1.4160000E+001   3.2515078E-002   1.1083630E-004   4.1212747E-002   1.0279399E-004
   1.4200000E+001   3.2712804E-002   1.2653757E-004   4.1440910E-002   1.1839746E-004
   1.4240000E+001   3.2909428E-002   1.2920242E-004   4.1696668E-002   1.1201642E-004
   1.4280000E+001   3.3102212E-002   1.3445000E-004   4.1958582E-002   9.4023719E-005
   1.4320000E+001   3.3290962E-002   1.6538641E-004   4.2194924E-002   9.1222458E-005
   1.4360000E+001   3.3483131E-002   1.8187137E-004   4.2403082E-002   8.2265280E-005
   1.4400001E+001   3.3668250E-002   1.6627245E-004   4.2625732E-002   8.1817597E-005
   1.4440000E+001   3.3869592E-002   1.7589550E-004   4.2877317E-002   7.8856988E-005
   1.4480000E+001   3.4052951E-002   1.9056386E-004   4.3123691E-002   8.4335345E-005
   1.4520000E+001   3.4245606E-002   1.6303850E-004   4.3375489E-002   7.8821703E-005
   1.4560000E+001   3.4443367E-002   1.5969074E-004   4.3638745E-002   7.9715232E-005
   1.4600000E+001   3.4644132E-002   1.6850669E-004   4.3892870E-002   8.0395782E-005
   1.4640000E+001   3.4851970E-002   1.7695679E-004   4.4132114E-002   6.2331708E-005
   1.4680001E+001   3.5033499E-002   1.8328058E-004   4.4380399E-002   5.9324530E-005
   1.4720000E+001   3.5213538E-002   1.8161815E-004   4.4629567E-002   5.7669675E-005
   1.4760000E+001   3.5386038E-002   2.0505244E-004   4.4870473E-002   5.6574859E-005
   1.4800000E+001   3.5578932E-002   2.0209463E-004   4.5126558E-002   5.8059134E-005
   1.4840000E+001   3.5779591E-002   2.0022470E-004   4.5369565E-002   6.9459801E-005
   1.4880000E+001   3.5972260E-002   2.1296512E-004   4.5619060E-002   7.3773505E-005
   1.4920000E+001   3.6162959E-002   2.0112859E-004   4.5885864E-002   7.4532586E-005
   1.4960001E+001   3.6354329E-002   1.9794835E-004   4.6157636E-002   7.6404623E-005
   1.5000000E+001   3.6552716E-002   2.2712111E-004   4.6422290E-002   7.9024872E-005
   1.5039999E+001   3.6761359E-002   2.2562568E-004   4.6687995E-002   8.2561650E-005
   1.5080000E+001   3.6955280E-002   2.1594829E-004   4.6958972E-002   8.2468593E-005
   1.5120000E+001   3.7156728E-002   2.2282994E-004   4.7227585E-002   8.0586651E-005
   1.5160000E+001   3.7366786E-002   2.0714902E-004   4.7472926E-002   8.3287625E-005
   1.5200000E+001   3.7589709E-002   1.8875536E-004   4.7732721E-002   9.1603474E-005
   1.5240000E+001   3.7789625E-002   1.9010238E-004   4.8000309E-002   9.2803967E-005
   1.5280000E+001   3.7994612E-002   1.9577573E-004   4.8274637E-002   9.4302603E-005
   1.5319999E+001   3.8203154E-002   1.9622093E-004   4.8543394E-002   9.6380756E-005
   1.5360000E+001   3.8415798E-002   1.9732462E-004   4.8803792E-002   9.5769469E-005
   1.5400000E+001   3.8628836E-002   1.9719656E-004   4.9086600E-002   9.2169209E-005
   1.5440000E+001   3.8823699E-002   1.9127154E-004   4.9358883E-002   9.1642848E-005
   1.5480000E+001   3.9032815E-002   1.8029440E-004   4.9620026E-002   9.2204253E-005
   1.5520000E+001   3.9224145E-002   1.8534329E-004   4.9890488E-002   9.5429575E-005
   1.5560000E+001   3.9430751E-002   1.9829136E-004   5.0173099E-002   9.5069548E-005
   1.5599999E+001   3.9642517E-002   2.3452795E-004   5.0445157E-002   9.5647088E-005
   1.5640000E+001   3.9847697E-002   2.2649113E-004   5.0730355E-002   9.2777294E-005
   1.5680000E+001   4.0033038E-002   1.6766016E-004   5.1002245E-002   9.4132121E-005
   1.5720000E+001   4.0230710E-002   1.6183616E-004   5.1266262E-002   9.5340538E-005
   1.5760000E+001   4.0433537E-002   1.5802304E-004   5.1551937E-002   9.6951183E-005
   1.5800000E+001   4.0657843E-002   1.6053367E-004   5.1823747E-002   9.4241217E-005
   1.5840000E+001   4.0879931E-002   2.1705214E-004   5.2088069E-002   9.6246324E-005
   1.5880001E+001   4.1092384E-002   1.5169751E-004   5.2371134E-002   1.2543369E-004
   1.5920000E+001   4.1315513E-002   1.5323950E-004   5.2639386E-002   1.2383807E-004
   1.5960000E+001   4.1531805E-002   1.5322401E-004   5.2900793E-002   1.3018748E-004
   1.6000000E+001   4.1742610E-002   2.0739132E-004   5.3155279E-002   1.3430605E-004
   1.6040000E+001   4.1959501E-002   1.0338188E-004   5.3434562E-002   1.4205454E-004
   1.6080000E+001   4.2169067E-002   1.0225511E-004   5.3717262E-002   1.3968320E-004
   1.6120000E+001   4.2379212E-002   1.0201507E-004   5.3992335E-002   9.6548288E-005
   1.6160001E+001   4.2571817E-002   1.0039494E-004   5.4260200E-002   9.4656817E-005
   1.6200000E+001   4.2777802E-002   9.9281862E-005   5.4557874E-002   8.9717748E-005
   1.6240000E+001   4.2982412E-002   9.5208941E-005   5.4820320E-002   9.4385669E-005
   1.6280000E+001   4.3193892E-002   9.5931416E-005   5.5096839E-002   9.8236088E-005
   1.6320000E+001   4.3403653E-002   9.9567997E-005   5.5369388E-002   1.0264213E-004
   1.6360000E+001   4.3605436E-002   1.1124622E-004   5.5613003E-002   1.0630341E-004
   1.6400000E+001   4.3823634E-002   1.3931114E-004   5.5870052E-002   1.1087836E-004
   1.6440001E+001   4.4055910E-002   1.3892111E-004   5.6153653E-002   1.5492368E-004
   1.6480000E+001   4.4289066E-002   1.1514970E-004   5.6424114E-002   1.5967411E-004
   1.6520000E+001   4.4529619E-002   1.1611597E-004   5.6693550E-002   1.6574761E-004
   1.6560000E+001   4.4761238E-002   1.1824404E-004   5.6972206E-002   1.7003573E-004
   1.6600000E+001   4.5000264E-002   1.5308728E-004   5.7272359E-002   1.9263365E-004
   1.6640000E+001   4.5215493E-002   2.2638945E-004   5.7571787E-002   2.0569123E-004
   1.6680000E+001   4.5417551E-002   1.5215201E-004   5.7870302E-002   2.1030638E-004
   1.6720001E+001   4.5638161E-002   2.2364010E-004   5.8154832E-002   2.1578798E-004
   1.6760000E+001   4.5868582E-002   2.2034985E-004   5.8439189E-002   2.2026130E-004
   1.6799999E+001   4.6085696E-002   2.2888870E-004   5.8706215E-002   2.2042010E-004
   1.6840000E+001   4.6313799E-002   2.3400918E-004   5.9003247E-002   2.1984825E-004
   1.6880000E+001   4.6540992E-002   2.3173142E-004   5.9300905E-002   2.1220462E-004
   1.6920000E+001   4.6780781E-002   2.2228045E-004   5.9592594E-002   1.9497157E-004
   1.6960000E+001   4.7007125E-002   2.3379646E-004   5.9866362E-002   1.9985720E-004
   1.7000000E+001   4.7245045E-002   2.4620790E-004   6.0147707E-002   2.2405700E-004
   1.7040000E+001   4.7477839E-002   2.0873124E-004   6.0450140E-002   2.3311346E-004
   1.7079999E+001   4.7710960E-002   1.9966100E-004   6.0755800E-002   2.4592163E-004
   1.7120000E+001   4.7917668E-002   2.1620451E-004   6.1060446E-002   2.4714785E-004
   1.7160000E+001   4.8144636E-002   2.1776256E-004   6.1342651E-002   2.2983912E-004
   1.7200000E+001   4.8358511E-002   2.3270897E-004   6.1611452E-002   1.9922836E-004
   1.7240000E+001   4.8578561E-002   2.2331505E-004   6.1881887E-002   2.2575122E-004
   1.7280000E+001   4.8815365E-002   2.0225047E-004   6.2152043E-002   2.4420729E-004
   1.7320000E+001   4.9056457E-002   2.1939985E-004   6.2439430E-002   2.7404235E-004
   1.7359999E+001   4.9286970E-002   2.3472790E-004   6.2744256E-002   2.8399542E-004
   1.7400000E+001   4.9530403E-002   2.3278979E-004   6.3045565E-002   2.9437088E-004
   1.7440000E+001   4.9786943E-002   2.5239679E-004   6.3337369E-002   3.0216474E-004
   1.7480000E+001   5.0029032E-002   2.3245225E-004   6.3634790E-002   3.1487735E-004
   1.7520000E+001   5.0268197E-002   2.3186770E-004   6.3943836E-002   3.2090984E-004
   1.7560000E+001   5.0500197E-002   2.3823214E-004   6.4253008E-002   3.2895256E-004
   1.7600000E+001   5.0732709E-002   2.4257681E-004   6.4550321E-002   3.3165850E-004
   1.7640001E+001   5.0976204E-002   2.3239225E-004   6.4834727E-002   3.2609786E-004
   1.7680000E+001   5.1217603E-002   2.4116665E-004   6.5117077E-002   3.3440259E-004
   1.7720000E+001   5.1456093E-002   2.2607404E-004   6.5387677E-002   3.2378287E-004
   1.7760000E+001   5.1689804E-002   2.2863628E-004   6.5711197E-002   3.2865420E-004
   1.7800000E+001   5.1937889E-002   2.3459214E-004   6.6014852E-002   3.3133961E-004
   1.7840000E+001   5.2176317E-002   2.3944709E-004   6.6300570E-002   3.3487340E-004
   1.7880000E+001   5.2390406E-002   2.3736764E-004   6.6604055E-002   3.3872638E-004
   1.7920001E+001   5.2634313E-002   2.3879470E-004   6.6917511E-002   3.3875269E-004
   1.7960000E+001   5.2895532E-002   2.3539554E-004   6.7230567E-002   3.6501471E-004
   1.8000000E+001   5.3146282E-002   2.3057348E-004   6.7542556E-002   3.4056399E-004
   1.8040000E+001   5.3410735E-002   2.2612807E-004   6.7822116E-002   3.4273598E-004
   1.8080000E+001   5.3661791E-002   2.2453314E-004   6.8126633E-002   3.7981514E-004
   1.8120000E+001   5.3890161E-002   2.2613142E-004   6.8461060E-002   3.8867427E-004
   1.8160000E+001   5.4139617E-002   2.4967487E-004   6.8781572E-002   3.6764912E-004
   1.8200001E+001   5.4396600E-002   2.5251001E-004   6.9090097E-002   3.6790720E-004
   1.8240000E+001   5.4644982E-002   2.5195195E-004   6.9393161E-002   3.7261404E-004
   1.8279999E+001   5.4890808E-002   2.2589503E-004   6.9710427E-002   3.7715117E-004
   1.8320000E+001   5.5132445E-002   2.2993070E-004   7.0012390E-002   3.8804277E-004
   1.8360000E+001   5.5384866E-002   2.4112165E-004   7.0319960E-002   3.8564526E-004
   1.8400000E+001   5.5634916E-002   3.1339114E-004   7.0616054E-002   4.0591158E-004
   1.8440000E+001   5.5902815E-002   3.2238109E-004   7.0931405E-002   4.4822487E-004
   1.8480000E+001   5.6164522E-002   3.2015085E-004   7.1256158E-002   4.4746613E-004
   1.8520000E+001   5.6438848E-002   3.2267420E-004   7.1564132E-002   4.4020951E-004
   1.8559999E+001   5.6703261E-002   3.2518760E-004   7.1880601E-002   4.0773519E-004
   1.8600000E+001   5.6932227E-002   2.9132857E-004   7.2182268E-002   4.1303852E-004
   1.8640000E+001   5.7179365E-002   3.2603993E-004   7.2516697E-002   4.1846202E-004
   1.8680000E+001   5.7426839E-002   2.9021638E-004   7.2836784E-002   4.5176979E-004
   1.8720000E+001   5.7675278E-002   2.8271133E-004   7.3166553E-002   4.5884461E-004
   1.8760000E+001   5.7955700E-002   2.7601372E-004   7.3479921E-002   4.6607211E-004
   1.8800000E+001   5.8237457E-002   3.0452264E-004   7.3789508E-002   4.4985342E-004
   1.8839999E+001   5.8504357E-002   3.0716317E-004   7.4117362E-002   4.4607411E-004
   1.8880000E+001   5.8762469E-002   2.7991255E-004   7.4464136E-002   4.4964546E-004
   1.8920000E+001   5.9023492E-002   2.7993137E-004   7.4788227E-002   4.4848349E-004
   1.8960000E+001   5.9292130E-002   2.6644756E-004   7.5115501E-002   4.4330965E-004
   1.9000000E+001   5.9557700E-002   2.5623430E-004   7.5432728E-002   4.4185504E-004
   1.9040000E+001   5.9797138E-002   2.6044257E-004   7.5781003E-002   4.3849644E-004
   1.9080000E+001   6.0063140E-002   2.6809232E-004   7.6118838E-002   4.5798215E-004
   1.9119999E+001   6.0314985E-002   2.6921814E-004   7.6415900E-002   4.5573808E-004
   1.9160000E+001   6.0556681E-002   2.7666159E-004   7.6723963E-002   4.6257177E-004
   1.9200000E+001   6.0815150E-002   2.7367826E-004   7.7028860E-002   4.6622483E-004
   1.9240000E+001   6.1070874E-002   2.8233629E-004   7.7349653E-002   4.6707307E-004
   1.9280000E+001   6.1306910E-002   2.9101606E-004   7.7679283E-002   4.7674291E-004
   1.9320000E+001   6.1560999E-002   2.8698854E-004   7.8037342E-002   4.8001085E-004
   1.9360000E+001   6.1808001E-002   2.8327353E-004   7.8360773E-002   4.8518947E-004
   1.9400001E+001   6.2057939E-002   2.1917928E-004   7.8683566E-002   4.7196594E-004
   1.9440000E+001   6.2311056E-002   2.1746679E-004   7.9036439E-002   5.1148311E-004
   1.9480000E+001   6.2584679E-002   1.8343429E-004   7.9362942E-002   5.1556322E-004
   1.9520000E+001   6.2852611E-002   1.8380210E-004   7.9712546E-002   5.0656935E-004
   1.9560000E+001   6.3101050E-002   1.8873688E-004   8.0069551E-002   5.1155723E-004
   1.9600000E+001   6.3369323E-002   1.9236475E-004   8.0430909E-002   5.1568261E-004
   1.9640000E+001   6.3629961E-002   1.8744943E-004   8.0754841E-002   5.0352402E-004
   1.9680001E+001   6.3881893E-002   1.8360907E-004   8.1060798E-002   5.0472478E-004
   1.9720000E+001   6.4150561E-002   1.7776757E-004   8.1412761E-002   5.2059486E-004
   1.9760000E+001   6.4427070E-002   1.6773878E-004   8.1761109E-002   5.3220075E-004
   1.9800000E+001   6.4717905E-002   1.6568298E-004   8.2111998E-002   5.2788690E-004
   1.9840000E+001   6.5003302E-002   1.7127885E-004   8.2446054E-002   5.1990893E-004
   1.9880000E+001   6.5284609E-002   1.7359991E-004   8.2808664E-002   5.4298184E-004
   1.9920000E+001   6.5565915E-002   1.8799534E-004   8.3131093E-002   5.4742390E-004
   1.9960001E+001   6.5841191E-002   1.9889164E-004   8.3484551E-002   5.3136406E-004
   2.0000000E+001   6.6107695E-002   2.0250701E-004   8.3827711E-002   5.7856185E-004
