   8.0000004E-002   0.0000000E+000   0.0000000E+000   0.0000000E+000   0.0000000E+000   0.0000000E+000
   1.2000000E-001   0.0000000E+000   0.0000000E+000   0.0000000E+000   0.0000000E+000   0.0000000E+000
   1.6000001E-001   0.0000000E+000   0.0000000E+000   0.0000000E+000   0.0000000E+000   0.0000000E+000
   2.0000000E-001   0.0000000E+000   0.0000000E+000   0.0000000E+000   0.0000000E+000   0.0000000E+000
   2.4000000E-001   0.0000000E+000   0.0000000E+000   0.0000000E+000   0.0000000E+000   0.0000000E+000
   2.8000001E-001   0.0000000E+000   0.0000000E+000   0.0000000E+000   0.0000000E+000   0.0000000E+000
   3.2000002E-001   0.0000000E+000   0.0000000E+000   0.0000000E+000   0.0000000E+000   0.0000000E+000
   3.5999998E-001   0.0000000E+000   0.0000000E+000   0.0000000E+000   0.0000000E+000   0.0000000E+000
   3.9999999E-001   0.0000000E+000   0.0000000E+000   0.0000000E+000   0.0000000E+000   0.0000000E+000
   4.4000000E-001   0.0000000E+000   0.0000000E+000   0.0000000E+000   0.0000000E+000   0.0000000E+000
   4.8000000E-001   0.0000000E+000   0.0000000E+000   0.0000000E+000   0.0000000E+000   0.0000000E+000
   5.2000001E-001   0.0000000E+000   0.0000000E+000   0.0000000E+000   0.0000000E+000   0.0000000E+000
   5.6000002E-001   0.0000000E+000   0.0000000E+000   0.0000000E+000   0.0000000E+000   0.0000000E+000
   5.9999999E-001   0.0000000E+000   0.0000000E+000   0.0000000E+000   0.0000000E+000   0.0000000E+000
   6.4000003E-001   0.0000000E+000   0.0000000E+000   0.0000000E+000   0.0000000E+000   0.0000000E+000
   6.8000004E-001   0.0000000E+000   0.0000000E+000   0.0000000E+000   0.0000000E+000   0.0000000E+000
   7.1999997E-001   0.0000000E+000   0.0000000E+000   0.0000000E+000   0.0000000E+000   0.0000000E+000
   7.5999998E-001   0.0000000E+000   0.0000000E+000   0.0000000E+000   0.0000000E+000   0.0000000E+000
   7.9999998E-001   0.0000000E+000   0.0000000E+000   0.0000000E+000   0.0000000E+000   0.0000000E+000
   8.3999999E-001   0.0000000E+000   0.0000000E+000   0.0000000E+000   0.0000000E+000   0.0000000E+000
   8.8000000E-001   0.0000000E+000   0.0000000E+000   0.0000000E+000   0.0000000E+000   0.0000000E+000
   9.2000000E-001   0.0000000E+000   0.0000000E+000   0.0000000E+000   0.0000000E+000   0.0000000E+000
   9.6000001E-001   0.0000000E+000   0.0000000E+000   0.0000000E+000   0.0000000E+000   0.0000000E+000
   1.0000000E+000   0.0000000E+000   0.0000000E+000   0.0000000E+000   0.0000000E+000   0.0000000E+000
   1.0400000E+000   0.0000000E+000   0.0000000E+000   0.0000000E+000   0.0000000E+000   0.0000000E+000
   1.0800000E+000   0.0000000E+000   0.0000000E+000   0.0000000E+000   0.0000000E+000   0.0000000E+000
   1.1200000E+000   0.0000000E+000   0.0000000E+000   0.0000000E+000   0.0000000E+000   0.0000000E+000
   1.1600000E+000   0.0000000E+000   0.0000000E+000   0.0000000E+000   0.0000000E+000   0.0000000E+000
   1.2000000E+000   0.0000000E+000   0.0000000E+000   0.0000000E+000   0.0000000E+000   0.0000000E+000
   1.2400000E+000   0.0000000E+000   0.0000000E+000   0.0000000E+000   0.0000000E+000   0.0000000E+000
   1.2800001E+000   0.0000000E+000   0.0000000E+000   0.0000000E+000   0.0000000E+000   0.0000000E+000
   1.3200000E+000   0.0000000E+000   0.0000000E+000   0.0000000E+000   0.0000000E+000   0.0000000E+000
   1.3600001E+000   0.0000000E+000   0.0000000E+000   0.0000000E+000   0.0000000E+000   0.0000000E+000
   1.4000000E+000   0.0000000E+000   0.0000000E+000   0.0000000E+000   0.0000000E+000   0.0000000E+000
   1.4399999E+000   0.0000000E+000   0.0000000E+000   0.0000000E+000   0.0000000E+000   0.0000000E+000
   1.4800000E+000   0.0000000E+000   0.0000000E+000   0.0000000E+000   0.0000000E+000   0.0000000E+000
   1.5200000E+000   0.0000000E+000   0.0000000E+000   0.0000000E+000   0.0000000E+000   0.0000000E+000
   1.5600000E+000   0.0000000E+000   0.0000000E+000   0.0000000E+000   0.0000000E+000   0.0000000E+000
   1.6000000E+000   0.0000000E+000   0.0000000E+000   0.0000000E+000   0.0000000E+000   0.0000000E+000
   1.6400000E+000   0.0000000E+000   0.0000000E+000   0.0000000E+000   0.0000000E+000   0.0000000E+000
   1.6800000E+000   0.0000000E+000   0.0000000E+000   0.0000000E+000   0.0000000E+000   0.0000000E+000
   1.7200001E+000   0.0000000E+000   0.0000000E+000   0.0000000E+000   0.0000000E+000   0.0000000E+000
   1.7600000E+000   0.0000000E+000   0.0000000E+000   0.0000000E+000   0.0000000E+000   0.0000000E+000
   1.8000001E+000   0.0000000E+000   0.0000000E+000   0.0000000E+000   0.0000000E+000   0.0000000E+000
   1.8400000E+000   0.0000000E+000   0.0000000E+000   0.0000000E+000   0.0000000E+000   0.0000000E+000
   1.8799999E+000   0.0000000E+000   0.0000000E+000   0.0000000E+000   0.0000000E+000   0.0000000E+000
   1.9200000E+000   0.0000000E+000   0.0000000E+000   0.0000000E+000   0.0000000E+000   0.0000000E+000
   1.9599999E+000   0.0000000E+000   0.0000000E+000   0.0000000E+000   0.0000000E+000   0.0000000E+000
   2.0000000E+000   0.0000000E+000   0.0000000E+000   0.0000000E+000   0.0000000E+000   0.0000000E+000
   2.0400000E+000   0.0000000E+000   0.0000000E+000   0.0000000E+000   0.0000000E+000   0.0000000E+000
   2.0800000E+000   0.0000000E+000   0.0000000E+000   0.0000000E+000   0.0000000E+000   0.0000000E+000
   2.1200000E+000   0.0000000E+000   0.0000000E+000   0.0000000E+000   0.0000000E+000   0.0000000E+000
   2.1600001E+000   0.0000000E+000   0.0000000E+000   0.0000000E+000   0.0000000E+000   0.0000000E+000
   2.2000000E+000   0.0000000E+000   0.0000000E+000   0.0000000E+000   0.0000000E+000   0.0000000E+000
   2.2400001E+000   0.0000000E+000   0.0000000E+000   0.0000000E+000   0.0000000E+000   0.0000000E+000
   2.2800000E+000   0.0000000E+000   0.0000000E+000   0.0000000E+000   0.0000000E+000   0.0000000E+000
   2.3199999E+000   0.0000000E+000   0.0000000E+000   0.0000000E+000   0.0000000E+000   0.0000000E+000
   2.3600000E+000   0.0000000E+000   0.0000000E+000   0.0000000E+000   0.0000000E+000   0.0000000E+000
   2.3999999E+000   0.0000000E+000   0.0000000E+000   0.0000000E+000   0.0000000E+000   0.0000000E+000
   2.4400000E+000   0.0000000E+000   0.0000000E+000   0.0000000E+000   0.0000000E+000   0.0000000E+000
   2.4800000E+000   0.0000000E+000   0.0000000E+000   0.0000000E+000   0.0000000E+000   0.0000000E+000
   2.5200000E+000   0.0000000E+000   0.0000000E+000   0.0000000E+000   0.0000000E+000   0.0000000E+000
   2.5600001E+000   0.0000000E+000   0.0000000E+000   0.0000000E+000   0.0000000E+000   0.0000000E+000
   2.5999999E+000   0.0000000E+000   0.0000000E+000   0.0000000E+000   0.0000000E+000   0.0000000E+000
   2.6400000E+000   0.0000000E+000   0.0000000E+000   0.0000000E+000   0.0000000E+000   0.0000000E+000
   2.6800001E+000   0.0000000E+000   0.0000000E+000   0.0000000E+000   0.0000000E+000   0.0000000E+000
   2.7200001E+000   0.0000000E+000   0.0000000E+000   0.0000000E+000   0.0000000E+000   0.0000000E+000
   2.7599999E+000   0.0000000E+000   0.0000000E+000   0.0000000E+000   0.0000000E+000   0.0000000E+000
   2.8000000E+000   0.0000000E+000   0.0000000E+000   0.0000000E+000   0.0000000E+000   0.0000000E+000
   2.8400001E+000   0.0000000E+000   0.0000000E+000   0.0000000E+000   0.0000000E+000   0.0000000E+000
   2.8799999E+000   0.0000000E+000   0.0000000E+000   0.0000000E+000   0.0000000E+000   0.0000000E+000
   2.9200000E+000   0.0000000E+000   0.0000000E+000   0.0000000E+000   0.0000000E+000   0.0000000E+000
   2.9600000E+000   0.0000000E+000   0.0000000E+000   0.0000000E+000   0.0000000E+000   0.0000000E+000
   3.0000001E+000   0.0000000E+000   0.0000000E+000   0.0000000E+000   0.0000000E+000   0.0000000E+000
   3.0399999E+000   0.0000000E+000   0.0000000E+000   0.0000000E+000   0.0000000E+000   0.0000000E+000
   3.0800000E+000   0.0000000E+000   0.0000000E+000   0.0000000E+000   0.0000000E+000   0.0000000E+000
   3.1200001E+000   0.0000000E+000   0.0000000E+000   0.0000000E+000   0.0000000E+000   0.0000000E+000
   3.1600001E+000   0.0000000E+000   0.0000000E+000   0.0000000E+000   0.0000000E+000   0.0000000E+000
   3.1999999E+000   0.0000000E+000   0.0000000E+000   0.0000000E+000   0.0000000E+000   0.0000000E+000
   3.2400000E+000   0.0000000E+000   0.0000000E+000   0.0000000E+000   0.0000000E+000   0.0000000E+000
   3.2800001E+000   0.0000000E+000   0.0000000E+000   0.0000000E+000   0.0000000E+000   0.0000000E+000
   3.3199999E+000   0.0000000E+000   0.0000000E+000   0.0000000E+000   0.0000000E+000   0.0000000E+000
   3.3600000E+000   0.0000000E+000   0.0000000E+000   0.0000000E+000   0.0000000E+000   0.0000000E+000
   3.4000000E+000   0.0000000E+000   0.0000000E+000   0.0000000E+000   0.0000000E+000   0.0000000E+000
   3.4400001E+000   0.0000000E+000   0.0000000E+000   0.0000000E+000   0.0000000E+000   0.0000000E+000
   3.4799999E+000   0.0000000E+000   0.0000000E+000   0.0000000E+000   0.0000000E+000   0.0000000E+000
   3.5200000E+000   0.0000000E+000   0.0000000E+000   0.0000000E+000   0.0000000E+000   0.0000000E+000
   3.5600001E+000   0.0000000E+000   0.0000000E+000   0.0000000E+000   0.0000000E+000   0.0000000E+000
   3.6000001E+000   0.0000000E+000   0.0000000E+000   0.0000000E+000   0.0000000E+000   0.0000000E+000
   3.6399999E+000   0.0000000E+000   0.0000000E+000   0.0000000E+000   0.0000000E+000   0.0000000E+000
   3.6800000E+000   0.0000000E+000   0.0000000E+000   0.0000000E+000   0.0000000E+000   0.0000000E+000
   3.7200001E+000   0.0000000E+000   0.0000000E+000   0.0000000E+000   0.0000000E+000   0.0000000E+000
   3.7599999E+000   0.0000000E+000   0.0000000E+000   0.0000000E+000   0.0000000E+000   0.0000000E+000
   3.8000000E+000   0.0000000E+000   0.0000000E+000   0.0000000E+000   0.0000000E+000   0.0000000E+000
   3.8400000E+000   0.0000000E+000   0.0000000E+000   0.0000000E+000   0.0000000E+000   0.0000000E+000
   3.8800001E+000   0.0000000E+000   0.0000000E+000   0.0000000E+000   0.0000000E+000   0.0000000E+000
   3.9199999E+000   0.0000000E+000   0.0000000E+000   0.0000000E+000   0.0000000E+000   0.0000000E+000
   3.9600000E+000   0.0000000E+000   0.0000000E+000   0.0000000E+000   0.0000000E+000   0.0000000E+000
   4.0000001E+000   0.0000000E+000   0.0000000E+000   0.0000000E+000   0.0000000E+000   0.0000000E+000
   4.0400001E+000   0.0000000E+000   0.0000000E+000   0.0000000E+000   0.0000000E+000   0.0000000E+000
   4.0799999E+000   0.0000000E+000   0.0000000E+000   0.0000000E+000   0.0000000E+000   0.0000000E+000
   4.1200000E+000   0.0000000E+000   0.0000000E+000   0.0000000E+000   0.0000000E+000   0.0000000E+000
   4.1600001E+000   0.0000000E+000   0.0000000E+000   0.0000000E+000   0.0000000E+000   0.0000000E+000
   4.1999999E+000   0.0000000E+000   0.0000000E+000   0.0000000E+000   0.0000000E+000   0.0000000E+000
   4.2399999E+000   0.0000000E+000   0.0000000E+000   0.0000000E+000   0.0000000E+000   0.0000000E+000
   4.2800000E+000   0.0000000E+000   0.0000000E+000   0.0000000E+000   0.0000000E+000   0.0000000E+000
   4.3200001E+000   0.0000000E+000   0.0000000E+000   0.0000000E+000   0.0000000E+000   0.0000000E+000
   4.3599999E+000   0.0000000E+000   0.0000000E+000   0.0000000E+000   0.0000000E+000   0.0000000E+000
   4.4000000E+000   0.0000000E+000   0.0000000E+000   0.0000000E+000   0.0000000E+000   0.0000000E+000
   4.4400001E+000   0.0000000E+000   0.0000000E+000   0.0000000E+000   0.0000000E+000   0.0000000E+000
   4.4800001E+000   0.0000000E+000   0.0000000E+000   0.0000000E+000   0.0000000E+000   0.0000000E+000
   4.5199999E+000   0.0000000E+000   0.0000000E+000   0.0000000E+000   0.0000000E+000   0.0000000E+000
   4.5600000E+000   0.0000000E+000   0.0000000E+000   0.0000000E+000   0.0000000E+000   0.0000000E+000
   4.6000001E+000   0.0000000E+000   0.0000000E+000   0.0000000E+000   0.0000000E+000   0.0000000E+000
   4.6399999E+000   0.0000000E+000   0.0000000E+000   0.0000000E+000   0.0000000E+000   0.0000000E+000
   4.6799999E+000   0.0000000E+000   0.0000000E+000   0.0000000E+000   0.0000000E+000   0.0000000E+000
   4.7200000E+000   0.0000000E+000   0.0000000E+000   0.0000000E+000   0.0000000E+000   0.0000000E+000
   4.7600001E+000   0.0000000E+000   0.0000000E+000   0.0000000E+000   0.0000000E+000   0.0000000E+000
   4.7999999E+000   0.0000000E+000   0.0000000E+000   0.0000000E+000   0.0000000E+000   0.0000000E+000
   4.8400000E+000   0.0000000E+000   0.0000000E+000   0.0000000E+000   0.0000000E+000   0.0000000E+000
   4.8800001E+000   0.0000000E+000   0.0000000E+000   0.0000000E+000   0.0000000E+000   0.0000000E+000
   4.9200001E+000   0.0000000E+000   0.0000000E+000   0.0000000E+000   0.0000000E+000   0.0000000E+000
   4.9599999E+000   0.0000000E+000   0.0000000E+000   0.0000000E+000   0.0000000E+000   0.0000000E+000
   5.0000000E+000   0.0000000E+000   0.0000000E+000   0.0000000E+000   0.0000000E+000   0.0000000E+000
   5.0400001E+000   0.0000000E+000   0.0000000E+000   0.0000000E+000   0.0000000E+000   0.0000000E+000
   5.0800002E+000   0.0000000E+000   0.0000000E+000   0.0000000E+000   0.0000000E+000   0.0000000E+000
   5.1200002E+000   0.0000000E+000   0.0000000E+000   0.0000000E+000   0.0000000E+000   0.0000000E+000
   5.1599997E+000   0.0000000E+000   0.0000000E+000   0.0000000E+000   0.0000000E+000   0.0000000E+000
   5.1999998E+000   0.0000000E+000   0.0000000E+000   0.0000000E+000   0.0000000E+000   0.0000000E+000
   5.2399999E+000   0.0000000E+000   0.0000000E+000   0.0000000E+000   0.0000000E+000   0.0000000E+000
   5.2800000E+000   0.0000000E+000   0.0000000E+000   0.0000000E+000   0.0000000E+000   0.0000000E+000
   5.3200001E+000   0.0000000E+000   0.0000000E+000   0.0000000E+000   0.0000000E+000   0.0000000E+000
   5.3600001E+000   0.0000000E+000   0.0000000E+000   0.0000000E+000   0.0000000E+000   0.0000000E+000
   5.4000002E+000   0.0000000E+000   0.0000000E+000   0.0000000E+000   0.0000000E+000   0.0000000E+000
   5.4400003E+000   0.0000000E+000   0.0000000E+000   0.0000000E+000   0.0000000E+000   0.0000000E+000
   5.4799998E+000   0.0000000E+000   0.0000000E+000   0.0000000E+000   0.0000000E+000  -3.4909096E-276
   5.5199999E+000   0.0000000E+000   0.0000000E+000   2.1218671E-120   5.4068250E-122  -3.2046018E-180
   5.5599999E+000   0.0000000E+000   0.0000000E+000   2.4553932E-078   5.9368158E-080  -1.2665885E-116
   5.6000000E+000   0.0000000E+000   0.0000000E+000   9.9237099E-051   1.7022373E-052  -9.9035930E-075
   5.6400001E+000   0.0000000E+000   0.0000000E+000   1.0174743E-032   1.2856878E-034  -2.5882517E-047
   5.6800002E+000   0.0000000E+000   0.0000000E+000   4.7594925E-021   6.6962379E-023  -1.6906510E-029
   5.7200003E+000   0.0000000E+000   0.0000000E+000   1.5893297E-013   1.4208837E-015  -5.1240323E-018
   5.7599998E+000   0.0000000E+000   0.0000000E+000   1.0446855E-008   7.0101780E-011  -1.0906345E-010
   5.7999998E+000   0.0000000E+000   0.0000000E+000   1.2121306E-005   6.6841783E-008  -4.5484066E-006
   5.8399999E+000   0.0000000E+000   0.0000000E+000   1.0372064E-003   4.2748948E-006  -3.3351645E-003
   5.8800000E+000   0.0000000E+000   0.0000000E+000   1.6437916E-002   5.1850764E-005  -1.8107257E-001
   5.9200001E+000   0.0000000E+000   0.0000000E+000   8.4991909E-002   2.6492336E-004  -1.8561938E+000
   5.9600002E+000   0.0000000E+000   0.0000000E+000   2.1001857E-001   4.1371273E-004  -6.5831787E+000
   6.0000002E+000   0.0000000E+000   0.0000000E+000   3.1285130E-001   4.7138449E-004  -1.1920447E+001
   6.0399997E+000   0.0000000E+000   0.0000000E+000   3.3220294E-001   2.8622694E-004  -1.4126571E+001
   6.0799998E+000   0.0000000E+000   0.0000000E+000   2.8027620E-001   1.7607518E-004  -1.2822827E+001
   6.1199999E+000   0.0000000E+000   0.0000000E+000   2.0501367E-001   6.1579431E-005  -9.8418731E+000
   6.1600000E+000   0.0000000E+000   0.0000000E+000   1.3727760E-001   3.6136954E-005  -6.7934806E+000
   6.2000000E+000   0.0000000E+000   0.0000000E+000   8.6736641E-002   2.0529480E-005  -4.3809603E+000
   6.2400001E+000   0.0000000E+000   0.0000000E+000   5.2758253E-002   1.1363001E-005  -2.7016194E+000
   6.2800002E+000   0.0000000E+000   0.0000000E+000   3.1247451E-002   7.3201721E-006  -1.6157218E+000
   6.3200003E+000   0.0000000E+000   0.0000000E+000   1.8142014E-002   3.7994170E-006  -9.4499189E-001
   6.3599998E+000   0.0000000E+000   0.0000000E+000   1.0354828E-002   2.2101092E-006  -5.4314821E-001
   6.3999999E+000   0.0000000E+000   0.0000000E+000   5.8305364E-003   1.2756213E-006  -3.0762324E-001
   6.4399999E+000   0.0000000E+000   0.0000000E+000   3.2407964E-003   6.8746724E-007  -1.7192917E-001
   6.4800000E+000   0.0000000E+000   0.0000000E+000   1.7781597E-003   3.8725930E-007  -9.4883073E-002
   6.5200001E+000   0.0000000E+000   0.0000000E+000   9.6436091E-004   2.0724862E-007  -5.1714260E-002
   6.5600002E+000   0.0000000E+000   0.0000000E+000   5.1572860E-004   1.1250945E-007  -2.7833153E-002
   6.6000003E+000   0.0000000E+000   0.0000000E+000   2.7252561E-004   5.8628222E-008  -1.4788181E-002
   6.6399997E+000   0.0000000E+000   0.0000000E+000   1.4207514E-004   3.3274070E-008  -7.7532883E-003
   6.6799998E+000   0.0000000E+000   0.0000000E+000   7.2916252E-005   1.8329477E-008  -4.0092071E-003
   6.7199999E+000   0.0000000E+000   0.0000000E+000   3.6950016E-005   9.2123836E-009  -2.0435589E-003
   6.7600000E+000   0.0000000E+000   0.0000000E+000   1.8423473E-005   4.5758515E-009  -1.0261309E-003
   6.8000001E+000   0.0000000E+000   0.0000000E+000   9.0417862E-006   2.1848117E-009  -5.0724019E-004
   6.8400002E+000   0.0000000E+000   0.0000000E+000   4.3652410E-006   1.0699615E-009  -2.4666392E-004
   6.8800002E+000   0.0000000E+000   0.0000000E+000   2.0706308E-006   5.0291322E-010  -1.1790733E-004
   6.9199997E+000   0.0000000E+000   0.0000000E+000   9.6387272E-007   2.2879976E-010  -5.5354891E-005
   6.9599998E+000   0.0000000E+000   0.0000000E+000   4.4017705E-007   1.2911942E-010  -2.5501191E-005
   6.9999999E+000   0.0000000E+000   0.0000000E+000   1.9704886E-007   5.3221627E-011  -1.1516837E-005
   7.0400000E+000   0.0000000E+000   0.0000000E+000   8.6310338E-008   2.3016967E-011  -5.0935427E-006
   7.0800000E+000   0.0000000E+000   0.0000000E+000   3.6977449E-008   1.1238292E-011  -2.2035833E-006
   7.1200001E+000   0.0000000E+000   0.0000000E+000   1.5463045E-008   4.8891419E-012  -9.3138583E-007
   7.1600002E+000   0.0000000E+000   0.0000000E+000   6.3085300E-009   1.7839602E-012  -3.8409852E-007
   7.2000003E+000   0.0000000E+000   0.0000000E+000   2.5049245E-009   8.4963534E-013  -1.5432621E-007
   7.2399998E+000   0.0000000E+000   0.0000000E+000   9.6722708E-010   2.9092792E-013  -6.0316326E-008
   7.2799999E+000   0.0000000E+000   0.0000000E+000   3.6230549E-010   1.0846086E-013  -2.2891690E-008
   7.3199999E+000   0.0000000E+000   0.0000000E+000   1.3156151E-010   4.0372777E-014  -8.4206517E-009
   7.3600000E+000   0.0000000E+000   0.0000000E+000   4.6084289E-011   1.5305734E-014  -2.9959405E-009
   7.4000001E+000   0.0000000E+000   0.0000000E+000   1.5580447E-011   5.0602389E-015  -1.0285877E-009
   7.4400002E+000   0.0000000E+000   0.0000000E+000   5.0651323E-012   1.7474215E-015  -3.3991020E-010
   7.4800003E+000   0.0000000E+000   0.0000000E+000   1.5785836E-012   5.7142515E-016  -1.0781341E-010
   7.5199997E+000   0.0000000E+000   0.0000000E+000   4.7001099E-013   1.7473461E-016  -3.2718718E-011
   7.5599998E+000   0.0000000E+000   0.0000000E+000   1.3338740E-013   5.3120592E-017  -9.4667150E-012
   7.5999999E+000   0.0000000E+000   0.0000000E+000   3.5859583E-014   1.5443180E-017  -2.6010842E-012
   7.6400000E+000   0.0000000E+000   0.0000000E+000   9.0918052E-015   3.5982154E-018  -6.7562972E-013
   7.6800001E+000   0.0000000E+000   0.0000000E+000   2.1666510E-015   8.8600762E-019  -1.6506042E-013
   7.7200001E+000   0.0000000E+000   0.0000000E+000   4.8131713E-016   2.1415498E-019  -3.7706861E-014
   7.7600002E+000   0.0000000E+000   0.0000000E+000   9.9118463E-017   5.1111991E-020  -8.0006199E-015
   7.7999997E+000   0.0000000E+000   0.0000000E+000   1.8752088E-017   9.2502481E-021  -1.5644953E-015
   7.8399998E+000   0.0000000E+000   0.0000000E+000   3.2330752E-018   1.6655377E-021  -2.7940244E-016
   7.8799999E+000   0.0000000E+000   0.0000000E+000   5.0156744E-019   3.1370486E-022  -4.5087168E-017
   7.9200000E+000   0.0000000E+000   0.0000000E+000   6.9172569E-020   3.8447400E-023  -6.4913246E-018
   7.9600000E+000   0.0000000E+000   0.0000000E+000   8.3444856E-021   5.2029316E-024  -8.2121856E-019
   8.0000001E+000   0.0000000E+000   0.0000000E+000   8.6259106E-022   5.5413607E-025  -8.9618467E-020
   8.0400002E+000   0.0000000E+000   0.0000000E+000   7.4800220E-023   5.6944515E-026  -8.2463372E-021
   8.0800003E+000   0.0000000E+000   0.0000000E+000   5.2694359E-024   4.1061800E-027  -6.2184728E-022
   8.1199998E+000   0.0000000E+000   0.0000000E+000   2.9155109E-025   2.4704529E-028  -3.7061156E-023
   8.1599998E+000   0.0000000E+000   0.0000000E+000   1.1970824E-026   1.0616795E-029  -1.6652615E-024
   8.1999999E+000   0.0000000E+000   0.0000000E+000   3.4437632E-028   3.1390055E-031  -5.2970904E-026
   8.2400000E+000   0.0000000E+000   0.0000000E+000   6.3261744E-030   6.8467595E-033  -1.0938301E-027
   8.2800001E+000   0.0000000E+000   0.0000000E+000   6.5358518E-032   7.7799349E-035  -1.2952832E-029
   8.3200002E+000   0.0000000E+000   0.0000000E+000   3.1148141E-034   4.4305323E-037  -7.2995159E-032
   8.3600003E+000   0.0000000E+000   0.0000000E+000   5.0705178E-037   7.5215673E-040  -1.4509038E-034
   8.3999997E+000   0.0000000E+000   0.0000000E+000   1.6318574E-040   2.6598267E-043  -6.0001217E-038
   8.4399998E+000   0.0000000E+000   0.0000000E+000   3.4353416E-045   7.1987017E-048  -1.7708874E-042
   8.4799999E+000   0.0000000E+000   0.0000000E+000   2.7516475E-052   7.3485559E-055  -2.3489822E-049
   8.5200000E+000   0.0000000E+000   0.0000000E+000   2.9481988E-067   9.8912665E-070  -3.8029518E-064
   8.5600001E+000   0.0000000E+000   0.0000000E+000   2.7467276E-052   8.3949762E-055   3.8029518E-064
   8.6000001E+000   0.0000000E+000   0.0000000E+000   3.4747059E-045   7.4746073E-048   2.3489822E-049
   8.6400002E+000   0.0000000E+000   0.0000000E+000   1.6490146E-040   2.7209672E-043   1.7708874E-042
   8.6799997E+000   0.0000000E+000   0.0000000E+000   5.1201306E-037   6.6734324E-040   6.0001217E-038
   8.7199998E+000   0.0000000E+000   0.0000000E+000   3.1403088E-034   3.8248955E-037   1.4509038E-034
   8.7599999E+000   0.0000000E+000   0.0000000E+000   6.5639977E-032   7.5829396E-035   7.2995159E-032
   8.8000000E+000   0.0000000E+000   0.0000000E+000   6.3580076E-030   5.8192645E-033   1.2952832E-029
   8.8400000E+000   0.0000000E+000   0.0000000E+000   3.4609707E-028   3.2993400E-031   1.0938301E-027
   8.8800001E+000   0.0000000E+000   0.0000000E+000   1.2039976E-026   8.9935015E-030   5.2970904E-026
   8.9200002E+000   0.0000000E+000   0.0000000E+000   2.9241365E-025   2.2477333E-028   1.6652615E-024
   8.9600003E+000   0.0000000E+000   0.0000000E+000   5.2981574E-024   3.8214774E-027   3.7061156E-023
   8.9999998E+000   0.0000000E+000   0.0000000E+000   7.5163824E-023   4.3679051E-026   6.2184728E-022
   9.0399998E+000   0.0000000E+000   0.0000000E+000   8.6546465E-022   5.1692473E-025   8.2463372E-021
   9.0799999E+000   0.0000000E+000   0.0000000E+000   8.3693494E-021   4.1334417E-024   8.9618467E-020
   9.1200000E+000   0.0000000E+000   0.0000000E+000   6.9453524E-020   3.3784275E-023   8.2121856E-019
   9.1600001E+000   0.0000000E+000   0.0000000E+000   5.0328797E-019   2.3144179E-022   6.4913246E-018
   9.2000002E+000   0.0000000E+000   0.0000000E+000   3.2414118E-018   1.2906361E-021   4.5087168E-017
   9.2400002E+000   0.0000000E+000   0.0000000E+000   1.8822197E-017   7.6306921E-021   2.7940244E-016
   9.2799997E+000   0.0000000E+000   0.0000000E+000   9.9383887E-017   4.0015439E-020   1.5644953E-015
   9.3199998E+000   0.0000000E+000   0.0000000E+000   4.8219798E-016   1.7286312E-019   8.0006199E-015
   9.3599999E+000   0.0000000E+000   0.0000000E+000   2.1718093E-015   7.7220054E-019   3.7706861E-014
   9.4000000E+000   0.0000000E+000   0.0000000E+000   9.1104558E-015   3.2903499E-018   1.6506042E-013
   9.4400001E+000   0.0000000E+000   0.0000000E+000   3.5913188E-014   1.2385262E-017   6.7562972E-013
   9.4800001E+000   0.0000000E+000   0.0000000E+000   1.3358410E-013   3.7776548E-017   2.6010842E-012
   9.5200002E+000   0.0000000E+000   0.0000000E+000   4.7092373E-013   1.2763040E-016   9.4667150E-012
   9.5599997E+000   0.0000000E+000   0.0000000E+000   1.5818768E-012   4.6452055E-016   3.2718718E-011
   9.5999998E+000   0.0000000E+000   0.0000000E+000   5.0759416E-012   1.3926633E-015   1.0781341E-010
   9.6399999E+000   0.0000000E+000   0.0000000E+000   1.5615677E-011   4.0759687E-015   3.3991020E-010
   9.6799999E+000   0.0000000E+000   0.0000000E+000   4.6185774E-011   1.0290516E-014   1.0285877E-009
   9.7200000E+000   0.0000000E+000   0.0000000E+000   1.3164823E-010   2.9584830E-014   2.9959405E-009
   9.7600001E+000   0.0000000E+000   0.0000000E+000   3.6291219E-010   8.7053285E-014   8.4206517E-009
   9.8000002E+000   0.0000000E+000   0.0000000E+000   9.6909694E-010   1.9266446E-013   2.2891690E-008
   9.8400003E+000   0.0000000E+000   0.0000000E+000   2.5091182E-009   5.9156602E-013   6.0316326E-008
   9.8799998E+000   0.0000000E+000   0.0000000E+000   6.3163734E-009   1.2185892E-012   1.5432621E-007
   9.9199998E+000   0.0000000E+000   0.0000000E+000   1.5487662E-008   3.0885187E-012   3.8409852E-007
   9.9599999E+000   0.0000000E+000   0.0000000E+000   3.7017403E-008   7.1356571E-012   9.3138583E-007
   1.0000000E+001   0.0000000E+000   0.0000000E+000   8.6428334E-008   1.5393305E-011   2.2035833E-006
   1.0039999E+001   0.0000000E+000   0.0000000E+000   1.9726032E-007   3.6540970E-011   5.0935427E-006
   1.0080000E+001   0.0000000E+000   0.0000000E+000   4.4092076E-007   7.9215527E-011   1.1516837E-005
   1.0120000E+001   0.0000000E+000   0.0000000E+000   9.6491700E-007   1.4920371E-010   2.5501191E-005
   1.0160000E+001   0.0000000E+000   0.0000000E+000   2.0730133E-006   3.2090808E-010   5.5354891E-005
   1.0200000E+001   0.0000000E+000   0.0000000E+000   4.3678567E-006   6.8282096E-010   1.1790733E-004
   1.0240000E+001   0.0000000E+000   0.0000000E+000   9.0544111E-006   1.3987739E-009   2.4666392E-004
   1.0280000E+001   0.0000000E+000   0.0000000E+000   1.8444695E-005   2.9565903E-009   5.0724019E-004
   1.0319999E+001   0.0000000E+000   0.0000000E+000   3.6990253E-005   5.2778638E-009   1.0261309E-003
   1.0360000E+001   0.0000000E+000   0.0000000E+000   7.3034578E-005   9.8551000E-009   2.0435589E-003
   1.0400000E+001   0.0000000E+000   0.0000000E+000   1.4218870E-004   2.0583068E-008   4.0092071E-003
   1.0440000E+001   0.0000000E+000   0.0000000E+000   2.7282453E-004   3.5927939E-008   7.7532883E-003
   1.0480000E+001   0.0000000E+000   0.0000000E+000   5.1653855E-004   7.0710209E-008   1.4788181E-002
   1.0520000E+001   0.0000000E+000   0.0000000E+000   9.6495423E-004   1.2957482E-007   2.7833153E-002
   1.0560000E+001   0.0000000E+000   0.0000000E+000   1.7805921E-003   2.2051227E-007   5.1714260E-002
   1.0599999E+001   0.0000000E+000   0.0000000E+000   3.2441306E-003   3.9787726E-007   9.4883073E-002
   1.0640000E+001   0.0000000E+000   0.0000000E+000   5.8377792E-003   7.2943412E-007   1.7192917E-001
   1.0680000E+001   0.0000000E+000   0.0000000E+000   1.0367070E-002   1.2428194E-006   3.0762324E-001
   1.0720000E+001   0.0000000E+000   0.0000000E+000   1.8158999E-002   2.1372622E-006   5.4314821E-001
   1.0760000E+001   0.0000000E+000   0.0000000E+000   3.1286724E-002   3.5890759E-006   9.4499189E-001
   1.0800000E+001   0.0000000E+000   0.0000000E+000   5.2826691E-002   5.7699924E-006   1.6157218E+000
   1.0840000E+001   0.0000000E+000   0.0000000E+000   8.6864913E-002   9.0870482E-006   2.7016194E+000
   1.0880001E+001   0.0000000E+000   0.0000000E+000   1.3758399E-001   1.3934476E-005   4.3809603E+000
   1.0920000E+001   0.0000000E+000   0.0000000E+000   2.0598401E-001   1.7755067E-005   6.7934806E+000
   1.0960000E+001   0.0000000E+000   0.0000000E+000   2.8346753E-001   2.2229922E-005   9.8418731E+000
   1.1000000E+001   0.0000000E+000   0.0000000E+000   3.4183381E-001   1.1171448E-005   1.2822827E+001
   1.1040000E+001   0.0000000E+000   0.0000000E+000   3.3496518E-001   2.2548656E-005   1.4126571E+001
   1.1080000E+001   0.0000000E+000   0.0000000E+000   2.3661164E-001   6.0341742E-005   1.1920447E+001
   1.1120000E+001   0.0000000E+000   0.0000000E+000   1.0065947E-001   5.4850381E-005   6.5831787E+000
   1.1160001E+001   0.0000000E+000   0.0000000E+000   1.9975731E-002   1.9321944E-005   1.8561938E+000
   1.1200000E+001   0.0000000E+000   0.0000000E+000   1.2770285E-003   1.9408322E-006   1.8107257E-001
   1.1240000E+001   0.0000000E+000   0.0000000E+000   1.4910441E-005   3.0784683E-008   3.3351645E-003
   1.1280000E+001   0.0000000E+000   0.0000000E+000   1.2861264E-008   3.6707703E-011   4.5484066E-006
   1.1320000E+001   0.0000000E+000   0.0000000E+000   1.9729022E-013   7.6509302E-016   1.0906345E-010
   1.1360000E+001   0.0000000E+000   0.0000000E+000   5.9809273E-021   3.2941950E-023   5.1240323E-018
   1.1400000E+001   0.0000000E+000   0.0000000E+000   1.2649094E-032   7.4007435E-035   1.6906510E-029
   1.1440001E+001   0.0000000E+000   0.0000000E+000   1.2536176E-050   1.0203000E-052   2.5882517E-047
   1.1480000E+001   0.0000000E+000   0.0000000E+000   3.1927376E-078   2.8425544E-080   9.9035930E-075
   1.1520000E+001   0.0000000E+000   0.0000000E+000   2.6342707E-120   2.9603524E-122   1.2665885E-116
   1.1560000E+001   0.0000000E+000   0.0000000E+000   0.0000000E+000   0.0000000E+000   3.2046018E-180
   1.1600000E+001   0.0000000E+000   0.0000000E+000   0.0000000E+000   0.0000000E+000   3.4909096E-276
   1.1640000E+001   0.0000000E+000   0.0000000E+000   0.0000000E+000   0.0000000E+000   0.0000000E+000
   1.1680000E+001   0.0000000E+000   0.0000000E+000   0.0000000E+000   0.0000000E+000   0.0000000E+000
   1.1720001E+001   0.0000000E+000   0.0000000E+000   0.0000000E+000   0.0000000E+000   0.0000000E+000
   1.1760000E+001   0.0000000E+000   0.0000000E+000   0.0000000E+000   0.0000000E+000   0.0000000E+000
   1.1799999E+001   0.0000000E+000   0.0000000E+000   0.0000000E+000   0.0000000E+000   0.0000000E+000
   1.1840000E+001   0.0000000E+000   0.0000000E+000   0.0000000E+000   0.0000000E+000   0.0000000E+000
   1.1880000E+001   0.0000000E+000   0.0000000E+000   0.0000000E+000   0.0000000E+000   0.0000000E+000
   1.1920000E+001   0.0000000E+000   0.0000000E+000   0.0000000E+000   0.0000000E+000   0.0000000E+000
   1.1960000E+001   0.0000000E+000   0.0000000E+000   0.0000000E+000   0.0000000E+000   0.0000000E+000
   1.2000000E+001   0.0000000E+000   0.0000000E+000   0.0000000E+000   0.0000000E+000   0.0000000E+000
   1.2040000E+001   0.0000000E+000   0.0000000E+000   0.0000000E+000   0.0000000E+000   0.0000000E+000
   1.2079999E+001   0.0000000E+000   0.0000000E+000   0.0000000E+000   0.0000000E+000   0.0000000E+000
   1.2120000E+001   0.0000000E+000   0.0000000E+000   0.0000000E+000   0.0000000E+000   0.0000000E+000
   1.2160000E+001   0.0000000E+000   0.0000000E+000   0.0000000E+000   0.0000000E+000   0.0000000E+000
   1.2200000E+001   0.0000000E+000   0.0000000E+000   0.0000000E+000   0.0000000E+000   0.0000000E+000
   1.2240000E+001   0.0000000E+000   0.0000000E+000   0.0000000E+000   0.0000000E+000   0.0000000E+000
   1.2280000E+001   0.0000000E+000   0.0000000E+000   0.0000000E+000   0.0000000E+000   0.0000000E+000
   1.2320000E+001   0.0000000E+000   0.0000000E+000   0.0000000E+000   0.0000000E+000   0.0000000E+000
   1.2359999E+001   0.0000000E+000   0.0000000E+000   0.0000000E+000   0.0000000E+000   0.0000000E+000
   1.2400000E+001   0.0000000E+000   0.0000000E+000   0.0000000E+000   0.0000000E+000   0.0000000E+000
   1.2440000E+001   0.0000000E+000   0.0000000E+000   0.0000000E+000   0.0000000E+000   0.0000000E+000
   1.2480000E+001   0.0000000E+000   0.0000000E+000   0.0000000E+000   0.0000000E+000   0.0000000E+000
   1.2520000E+001   0.0000000E+000   0.0000000E+000   0.0000000E+000   0.0000000E+000   0.0000000E+000
   1.2560000E+001   0.0000000E+000   0.0000000E+000   0.0000000E+000   0.0000000E+000   0.0000000E+000
   1.2600000E+001   0.0000000E+000   0.0000000E+000   0.0000000E+000   0.0000000E+000   0.0000000E+000
   1.2640001E+001   0.0000000E+000   0.0000000E+000   0.0000000E+000   0.0000000E+000   0.0000000E+000
   1.2680000E+001   0.0000000E+000   0.0000000E+000   0.0000000E+000   0.0000000E+000   0.0000000E+000
   1.2720000E+001   0.0000000E+000   0.0000000E+000   0.0000000E+000   0.0000000E+000   0.0000000E+000
   1.2760000E+001   0.0000000E+000   0.0000000E+000   0.0000000E+000   0.0000000E+000   0.0000000E+000
   1.2800000E+001   0.0000000E+000   0.0000000E+000   0.0000000E+000   0.0000000E+000   0.0000000E+000
   1.2840000E+001   0.0000000E+000   0.0000000E+000   0.0000000E+000   0.0000000E+000   0.0000000E+000
   1.2880000E+001   0.0000000E+000   0.0000000E+000   0.0000000E+000   0.0000000E+000   0.0000000E+000
   1.2920001E+001   0.0000000E+000   0.0000000E+000   0.0000000E+000   0.0000000E+000   0.0000000E+000
   1.2960000E+001   0.0000000E+000   0.0000000E+000   0.0000000E+000   0.0000000E+000   0.0000000E+000
   1.3000000E+001   0.0000000E+000   0.0000000E+000   0.0000000E+000   0.0000000E+000   0.0000000E+000
   1.3040000E+001   0.0000000E+000   0.0000000E+000   0.0000000E+000   0.0000000E+000   0.0000000E+000
   1.3080000E+001   0.0000000E+000   0.0000000E+000   0.0000000E+000   0.0000000E+000   0.0000000E+000
   1.3120000E+001   0.0000000E+000   0.0000000E+000   0.0000000E+000   0.0000000E+000   0.0000000E+000
   1.3160000E+001   0.0000000E+000   0.0000000E+000   0.0000000E+000   0.0000000E+000   0.0000000E+000
   1.3200001E+001   0.0000000E+000   0.0000000E+000   0.0000000E+000   0.0000000E+000   0.0000000E+000
   1.3240000E+001   0.0000000E+000   0.0000000E+000   0.0000000E+000   0.0000000E+000   0.0000000E+000
   1.3279999E+001   0.0000000E+000   0.0000000E+000   0.0000000E+000   0.0000000E+000   0.0000000E+000
   1.3320000E+001   0.0000000E+000   0.0000000E+000   0.0000000E+000   0.0000000E+000   0.0000000E+000
   1.3360000E+001   0.0000000E+000   0.0000000E+000   0.0000000E+000   0.0000000E+000   0.0000000E+000
   1.3400000E+001   0.0000000E+000   0.0000000E+000   0.0000000E+000   0.0000000E+000   0.0000000E+000
   1.3440000E+001   0.0000000E+000   0.0000000E+000   0.0000000E+000   0.0000000E+000   0.0000000E+000
   1.3480000E+001   0.0000000E+000   0.0000000E+000   0.0000000E+000   0.0000000E+000   0.0000000E+000
   1.3520000E+001   0.0000000E+000   0.0000000E+000   0.0000000E+000   0.0000000E+000   0.0000000E+000
   1.3559999E+001   0.0000000E+000   0.0000000E+000   0.0000000E+000   0.0000000E+000   0.0000000E+000
   1.3600000E+001   0.0000000E+000   0.0000000E+000   0.0000000E+000   0.0000000E+000   0.0000000E+000
   1.3640000E+001   0.0000000E+000   0.0000000E+000   0.0000000E+000   0.0000000E+000   0.0000000E+000
   1.3680000E+001   0.0000000E+000   0.0000000E+000   0.0000000E+000   0.0000000E+000   0.0000000E+000
   1.3720000E+001   0.0000000E+000   0.0000000E+000   0.0000000E+000   0.0000000E+000   0.0000000E+000
   1.3760000E+001   0.0000000E+000   0.0000000E+000   0.0000000E+000   0.0000000E+000   0.0000000E+000
   1.3800000E+001   0.0000000E+000   0.0000000E+000   0.0000000E+000   0.0000000E+000   0.0000000E+000
   1.3839999E+001   0.0000000E+000   0.0000000E+000   0.0000000E+000   0.0000000E+000   0.0000000E+000
   1.3880000E+001   0.0000000E+000   0.0000000E+000   0.0000000E+000   0.0000000E+000   0.0000000E+000
   1.3920000E+001   0.0000000E+000   0.0000000E+000   0.0000000E+000   0.0000000E+000   0.0000000E+000
   1.3960000E+001   0.0000000E+000   0.0000000E+000   0.0000000E+000   0.0000000E+000   0.0000000E+000
   1.4000000E+001   0.0000000E+000   0.0000000E+000   0.0000000E+000   0.0000000E+000   0.0000000E+000
   1.4040000E+001   0.0000000E+000   0.0000000E+000   0.0000000E+000   0.0000000E+000   0.0000000E+000
   1.4080000E+001   0.0000000E+000   0.0000000E+000   0.0000000E+000   0.0000000E+000   0.0000000E+000
   1.4119999E+001   0.0000000E+000   0.0000000E+000   0.0000000E+000   0.0000000E+000   0.0000000E+000
   1.4160000E+001   0.0000000E+000   0.0000000E+000   0.0000000E+000   0.0000000E+000   0.0000000E+000
   1.4200000E+001   0.0000000E+000   0.0000000E+000   0.0000000E+000   0.0000000E+000   0.0000000E+000
   1.4240000E+001   0.0000000E+000   0.0000000E+000   0.0000000E+000   0.0000000E+000   0.0000000E+000
   1.4280000E+001   0.0000000E+000   0.0000000E+000   0.0000000E+000   0.0000000E+000   0.0000000E+000
   1.4320000E+001   0.0000000E+000   0.0000000E+000   0.0000000E+000   0.0000000E+000   0.0000000E+000
   1.4360000E+001   0.0000000E+000   0.0000000E+000   0.0000000E+000   0.0000000E+000   0.0000000E+000
   1.4400001E+001   0.0000000E+000   0.0000000E+000   0.0000000E+000   0.0000000E+000   0.0000000E+000
   1.4440000E+001   0.0000000E+000   0.0000000E+000   0.0000000E+000   0.0000000E+000   0.0000000E+000
   1.4480000E+001   0.0000000E+000   0.0000000E+000   0.0000000E+000   0.0000000E+000   0.0000000E+000
   1.4520000E+001   0.0000000E+000   0.0000000E+000   0.0000000E+000   0.0000000E+000   0.0000000E+000
   1.4560000E+001   0.0000000E+000   0.0000000E+000   0.0000000E+000   0.0000000E+000   0.0000000E+000
   1.4600000E+001   0.0000000E+000   0.0000000E+000   0.0000000E+000   0.0000000E+000   0.0000000E+000
   1.4640000E+001   0.0000000E+000   0.0000000E+000   0.0000000E+000   0.0000000E+000   0.0000000E+000
   1.4680001E+001   0.0000000E+000   0.0000000E+000   0.0000000E+000   0.0000000E+000   0.0000000E+000
   1.4720000E+001   0.0000000E+000   0.0000000E+000   0.0000000E+000   0.0000000E+000   0.0000000E+000
   1.4760000E+001   0.0000000E+000   0.0000000E+000   0.0000000E+000   0.0000000E+000   0.0000000E+000
   1.4800000E+001   0.0000000E+000   0.0000000E+000   0.0000000E+000   0.0000000E+000   0.0000000E+000
   1.4840000E+001   0.0000000E+000   0.0000000E+000   0.0000000E+000   0.0000000E+000   0.0000000E+000
   1.4880000E+001   0.0000000E+000   0.0000000E+000   0.0000000E+000   0.0000000E+000   0.0000000E+000
   1.4920000E+001   0.0000000E+000   0.0000000E+000   0.0000000E+000   0.0000000E+000   0.0000000E+000
   1.4960001E+001   0.0000000E+000   0.0000000E+000   0.0000000E+000   0.0000000E+000   0.0000000E+000
   1.5000000E+001   0.0000000E+000   0.0000000E+000   0.0000000E+000   0.0000000E+000   0.0000000E+000
   1.5039999E+001   0.0000000E+000   0.0000000E+000   0.0000000E+000   0.0000000E+000   0.0000000E+000
   1.5080000E+001   0.0000000E+000   0.0000000E+000   0.0000000E+000   0.0000000E+000   0.0000000E+000
   1.5120000E+001   0.0000000E+000   0.0000000E+000   0.0000000E+000   0.0000000E+000   0.0000000E+000
   1.5160000E+001   0.0000000E+000   0.0000000E+000   0.0000000E+000   0.0000000E+000   0.0000000E+000
   1.5200000E+001   0.0000000E+000   0.0000000E+000   0.0000000E+000   0.0000000E+000   0.0000000E+000
   1.5240000E+001   0.0000000E+000   0.0000000E+000   0.0000000E+000   0.0000000E+000   0.0000000E+000
   1.5280000E+001   0.0000000E+000   0.0000000E+000   0.0000000E+000   0.0000000E+000   0.0000000E+000
   1.5319999E+001   0.0000000E+000   0.0000000E+000   0.0000000E+000   0.0000000E+000   0.0000000E+000
   1.5360000E+001   0.0000000E+000   0.0000000E+000   0.0000000E+000   0.0000000E+000   0.0000000E+000
   1.5400000E+001   0.0000000E+000   0.0000000E+000   0.0000000E+000   0.0000000E+000   0.0000000E+000
   1.5440000E+001   0.0000000E+000   0.0000000E+000   0.0000000E+000   0.0000000E+000   0.0000000E+000
   1.5480000E+001   0.0000000E+000   0.0000000E+000   0.0000000E+000   0.0000000E+000   0.0000000E+000
   1.5520000E+001   0.0000000E+000   0.0000000E+000   0.0000000E+000   0.0000000E+000   0.0000000E+000
   1.5560000E+001   0.0000000E+000   0.0000000E+000   0.0000000E+000   0.0000000E+000   0.0000000E+000
   1.5599999E+001   0.0000000E+000   0.0000000E+000   0.0000000E+000   0.0000000E+000   0.0000000E+000
   1.5640000E+001   0.0000000E+000   0.0000000E+000   0.0000000E+000   0.0000000E+000   0.0000000E+000
   1.5680000E+001   0.0000000E+000   0.0000000E+000   0.0000000E+000   0.0000000E+000   0.0000000E+000
   1.5720000E+001   0.0000000E+000   0.0000000E+000   0.0000000E+000   0.0000000E+000   0.0000000E+000
   1.5760000E+001   0.0000000E+000   0.0000000E+000   0.0000000E+000   0.0000000E+000   0.0000000E+000
   1.5800000E+001   0.0000000E+000   0.0000000E+000   0.0000000E+000   0.0000000E+000   0.0000000E+000
   1.5840000E+001   0.0000000E+000   0.0000000E+000   0.0000000E+000   0.0000000E+000   0.0000000E+000
   1.5880001E+001   0.0000000E+000   0.0000000E+000   0.0000000E+000   0.0000000E+000   0.0000000E+000
   1.5920000E+001   0.0000000E+000   0.0000000E+000   0.0000000E+000   0.0000000E+000   0.0000000E+000
   1.5960000E+001   0.0000000E+000   0.0000000E+000   0.0000000E+000   0.0000000E+000   0.0000000E+000
   1.6000000E+001   0.0000000E+000   0.0000000E+000   0.0000000E+000   0.0000000E+000   0.0000000E+000
   1.6040000E+001   0.0000000E+000   0.0000000E+000   0.0000000E+000   0.0000000E+000   0.0000000E+000
   1.6080000E+001   0.0000000E+000   0.0000000E+000   0.0000000E+000   0.0000000E+000   0.0000000E+000
   1.6120000E+001   0.0000000E+000   0.0000000E+000   0.0000000E+000   0.0000000E+000   0.0000000E+000
   1.6160001E+001   0.0000000E+000   0.0000000E+000   0.0000000E+000   0.0000000E+000   0.0000000E+000
   1.6200000E+001   0.0000000E+000   0.0000000E+000   0.0000000E+000   0.0000000E+000   0.0000000E+000
   1.6240000E+001   0.0000000E+000   0.0000000E+000   0.0000000E+000   0.0000000E+000   0.0000000E+000
   1.6280000E+001   0.0000000E+000   0.0000000E+000   0.0000000E+000   0.0000000E+000   0.0000000E+000
   1.6320000E+001   0.0000000E+000   0.0000000E+000   0.0000000E+000   0.0000000E+000   0.0000000E+000
   1.6360000E+001   0.0000000E+000   0.0000000E+000   0.0000000E+000   0.0000000E+000   0.0000000E+000
   1.6400000E+001   0.0000000E+000   0.0000000E+000   0.0000000E+000   0.0000000E+000   0.0000000E+000
   1.6440001E+001   0.0000000E+000   0.0000000E+000   0.0000000E+000   0.0000000E+000   0.0000000E+000
   1.6480000E+001   0.0000000E+000   0.0000000E+000   0.0000000E+000   0.0000000E+000   0.0000000E+000
   1.6520000E+001   0.0000000E+000   0.0000000E+000   0.0000000E+000   0.0000000E+000   0.0000000E+000
   1.6560000E+001   0.0000000E+000   0.0000000E+000   0.0000000E+000   0.0000000E+000   0.0000000E+000
   1.6600000E+001   0.0000000E+000   0.0000000E+000   0.0000000E+000   0.0000000E+000   0.0000000E+000
   1.6640000E+001   0.0000000E+000   0.0000000E+000   0.0000000E+000   0.0000000E+000   0.0000000E+000
   1.6680000E+001   0.0000000E+000   0.0000000E+000   0.0000000E+000   0.0000000E+000   0.0000000E+000
   1.6720001E+001   0.0000000E+000   0.0000000E+000   0.0000000E+000   0.0000000E+000   0.0000000E+000
   1.6760000E+001   0.0000000E+000   0.0000000E+000   0.0000000E+000   0.0000000E+000   0.0000000E+000
   1.6799999E+001   0.0000000E+000   0.0000000E+000   0.0000000E+000   0.0000000E+000   0.0000000E+000
   1.6840000E+001   0.0000000E+000   0.0000000E+000   0.0000000E+000   0.0000000E+000   0.0000000E+000
   1.6880000E+001   0.0000000E+000   0.0000000E+000   0.0000000E+000   0.0000000E+000   0.0000000E+000
   1.6920000E+001   0.0000000E+000   0.0000000E+000   0.0000000E+000   0.0000000E+000   0.0000000E+000
   1.6960000E+001   0.0000000E+000   0.0000000E+000   0.0000000E+000   0.0000000E+000   0.0000000E+000
   1.7000000E+001   0.0000000E+000   0.0000000E+000   0.0000000E+000   0.0000000E+000   0.0000000E+000
   1.7040000E+001   0.0000000E+000   0.0000000E+000   0.0000000E+000   0.0000000E+000   0.0000000E+000
   1.7079999E+001   0.0000000E+000   0.0000000E+000   0.0000000E+000   0.0000000E+000   0.0000000E+000
   1.7120000E+001   0.0000000E+000   0.0000000E+000   0.0000000E+000   0.0000000E+000   0.0000000E+000
   1.7160000E+001   0.0000000E+000   0.0000000E+000   0.0000000E+000   0.0000000E+000   0.0000000E+000
   1.7200000E+001   0.0000000E+000   0.0000000E+000   0.0000000E+000   0.0000000E+000   0.0000000E+000
   1.7240000E+001   0.0000000E+000   0.0000000E+000   0.0000000E+000   0.0000000E+000   0.0000000E+000
   1.7280000E+001   0.0000000E+000   0.0000000E+000   0.0000000E+000   0.0000000E+000   0.0000000E+000
   1.7320000E+001   0.0000000E+000   0.0000000E+000   0.0000000E+000   0.0000000E+000   0.0000000E+000
   1.7359999E+001   0.0000000E+000   0.0000000E+000   0.0000000E+000   0.0000000E+000   0.0000000E+000
   1.7400000E+001   0.0000000E+000   0.0000000E+000   0.0000000E+000   0.0000000E+000   0.0000000E+000
   1.7440000E+001   0.0000000E+000   0.0000000E+000   0.0000000E+000   0.0000000E+000   0.0000000E+000
   1.7480000E+001   0.0000000E+000   0.0000000E+000   0.0000000E+000   0.0000000E+000   0.0000000E+000
   1.7520000E+001   0.0000000E+000   0.0000000E+000   0.0000000E+000   0.0000000E+000   0.0000000E+000
   1.7560000E+001   0.0000000E+000   0.0000000E+000   0.0000000E+000   0.0000000E+000   0.0000000E+000
   1.7600000E+001   0.0000000E+000   0.0000000E+000   0.0000000E+000   0.0000000E+000   0.0000000E+000
   1.7640001E+001   0.0000000E+000   0.0000000E+000   0.0000000E+000   0.0000000E+000   0.0000000E+000
   1.7680000E+001   0.0000000E+000   0.0000000E+000   0.0000000E+000   0.0000000E+000   0.0000000E+000
   1.7720000E+001   0.0000000E+000   0.0000000E+000   0.0000000E+000   0.0000000E+000   0.0000000E+000
   1.7760000E+001   0.0000000E+000   0.0000000E+000   0.0000000E+000   0.0000000E+000   0.0000000E+000
   1.7800000E+001   0.0000000E+000   0.0000000E+000   0.0000000E+000   0.0000000E+000   0.0000000E+000
   1.7840000E+001   0.0000000E+000   0.0000000E+000   0.0000000E+000   0.0000000E+000   0.0000000E+000
   1.7880000E+001   0.0000000E+000   0.0000000E+000   0.0000000E+000   0.0000000E+000   0.0000000E+000
   1.7920001E+001   0.0000000E+000   0.0000000E+000   0.0000000E+000   0.0000000E+000   0.0000000E+000
   1.7960000E+001   0.0000000E+000   0.0000000E+000   0.0000000E+000   0.0000000E+000   0.0000000E+000
   1.8000000E+001   0.0000000E+000   0.0000000E+000   0.0000000E+000   0.0000000E+000   0.0000000E+000
   1.8040000E+001   0.0000000E+000   0.0000000E+000   0.0000000E+000   0.0000000E+000   0.0000000E+000
   1.8080000E+001   0.0000000E+000   0.0000000E+000   0.0000000E+000   0.0000000E+000   0.0000000E+000
   1.8120000E+001   0.0000000E+000   0.0000000E+000   0.0000000E+000   0.0000000E+000   0.0000000E+000
   1.8160000E+001   0.0000000E+000   0.0000000E+000   0.0000000E+000   0.0000000E+000   0.0000000E+000
   1.8200001E+001   0.0000000E+000   0.0000000E+000   0.0000000E+000   0.0000000E+000   0.0000000E+000
   1.8240000E+001   0.0000000E+000   0.0000000E+000   0.0000000E+000   0.0000000E+000   0.0000000E+000
   1.8279999E+001   0.0000000E+000   0.0000000E+000   0.0000000E+000   0.0000000E+000   0.0000000E+000
   1.8320000E+001   0.0000000E+000   0.0000000E+000   0.0000000E+000   0.0000000E+000   0.0000000E+000
   1.8360000E+001   0.0000000E+000   0.0000000E+000   0.0000000E+000   0.0000000E+000   0.0000000E+000
   1.8400000E+001   0.0000000E+000   0.0000000E+000   0.0000000E+000   0.0000000E+000   0.0000000E+000
   1.8440000E+001   0.0000000E+000   0.0000000E+000   0.0000000E+000   0.0000000E+000   0.0000000E+000
   1.8480000E+001   0.0000000E+000   0.0000000E+000   0.0000000E+000   0.0000000E+000   0.0000000E+000
   1.8520000E+001   0.0000000E+000   0.0000000E+000   0.0000000E+000   0.0000000E+000   0.0000000E+000
   1.8559999E+001   0.0000000E+000   0.0000000E+000   0.0000000E+000   0.0000000E+000   0.0000000E+000
   1.8600000E+001   0.0000000E+000   0.0000000E+000   0.0000000E+000   0.0000000E+000   0.0000000E+000
   1.8640000E+001   0.0000000E+000   0.0000000E+000   0.0000000E+000   0.0000000E+000   0.0000000E+000
   1.8680000E+001   0.0000000E+000   0.0000000E+000   0.0000000E+000   0.0000000E+000   0.0000000E+000
   1.8720000E+001   0.0000000E+000   0.0000000E+000   0.0000000E+000   0.0000000E+000   0.0000000E+000
   1.8760000E+001   0.0000000E+000   0.0000000E+000   0.0000000E+000   0.0000000E+000   0.0000000E+000
   1.8800000E+001   0.0000000E+000   0.0000000E+000   0.0000000E+000   0.0000000E+000   0.0000000E+000
   1.8839999E+001   0.0000000E+000   0.0000000E+000   0.0000000E+000   0.0000000E+000   0.0000000E+000
   1.8880000E+001   0.0000000E+000   0.0000000E+000   0.0000000E+000   0.0000000E+000   0.0000000E+000
   1.8920000E+001   0.0000000E+000   0.0000000E+000   0.0000000E+000   0.0000000E+000   0.0000000E+000
   1.8960000E+001   0.0000000E+000   0.0000000E+000   0.0000000E+000   0.0000000E+000   0.0000000E+000
   1.9000000E+001   0.0000000E+000   0.0000000E+000   0.0000000E+000   0.0000000E+000   0.0000000E+000
   1.9040000E+001   0.0000000E+000   0.0000000E+000   0.0000000E+000   0.0000000E+000   0.0000000E+000
   1.9080000E+001   0.0000000E+000   0.0000000E+000   0.0000000E+000   0.0000000E+000   0.0000000E+000
   1.9119999E+001   0.0000000E+000   0.0000000E+000   0.0000000E+000   0.0000000E+000   0.0000000E+000
   1.9160000E+001   0.0000000E+000   0.0000000E+000   0.0000000E+000   0.0000000E+000   0.0000000E+000
   1.9200000E+001   0.0000000E+000   0.0000000E+000   0.0000000E+000   0.0000000E+000   0.0000000E+000
   1.9240000E+001   0.0000000E+000   0.0000000E+000   0.0000000E+000   0.0000000E+000   0.0000000E+000
   1.9280000E+001   0.0000000E+000   0.0000000E+000   0.0000000E+000   0.0000000E+000   0.0000000E+000
   1.9320000E+001   0.0000000E+000   0.0000000E+000   0.0000000E+000   0.0000000E+000   0.0000000E+000
   1.9360000E+001   0.0000000E+000   0.0000000E+000   0.0000000E+000   0.0000000E+000   0.0000000E+000
   1.9400001E+001   0.0000000E+000   0.0000000E+000   0.0000000E+000   0.0000000E+000   0.0000000E+000
   1.9440000E+001   0.0000000E+000   0.0000000E+000   0.0000000E+000   0.0000000E+000   0.0000000E+000
   1.9480000E+001   0.0000000E+000   0.0000000E+000   0.0000000E+000   0.0000000E+000   0.0000000E+000
   1.9520000E+001   0.0000000E+000   0.0000000E+000   0.0000000E+000   0.0000000E+000   0.0000000E+000
   1.9560000E+001   0.0000000E+000   0.0000000E+000   0.0000000E+000   0.0000000E+000   0.0000000E+000
   1.9600000E+001   0.0000000E+000   0.0000000E+000   0.0000000E+000   0.0000000E+000   0.0000000E+000
   1.9640000E+001   0.0000000E+000   0.0000000E+000   0.0000000E+000   0.0000000E+000   0.0000000E+000
   1.9680001E+001   0.0000000E+000   0.0000000E+000   0.0000000E+000   0.0000000E+000   0.0000000E+000
   1.9720000E+001   0.0000000E+000   0.0000000E+000   0.0000000E+000   0.0000000E+000   0.0000000E+000
   1.9760000E+001   0.0000000E+000   0.0000000E+000   0.0000000E+000   0.0000000E+000   0.0000000E+000
   1.9800000E+001   0.0000000E+000   0.0000000E+000   0.0000000E+000   0.0000000E+000   0.0000000E+000
   1.9840000E+001   0.0000000E+000   0.0000000E+000   0.0000000E+000   0.0000000E+000   0.0000000E+000
   1.9880000E+001   0.0000000E+000   0.0000000E+000   0.0000000E+000   0.0000000E+000   0.0000000E+000
   1.9920000E+001   0.0000000E+000   0.0000000E+000   0.0000000E+000   0.0000000E+000   0.0000000E+000
   1.9960001E+001   0.0000000E+000   0.0000000E+000   0.0000000E+000   0.0000000E+000   0.0000000E+000
   2.0000000E+001   0.0000000E+000   0.0000000E+000   0.0000000E+000   0.0000000E+000   0.0000000E+000
