         0.0800         0.0000         0.0000         0.0000         0.0000         0.0000
         0.1200         0.0000         0.0000         0.0000         0.0000         0.0000
         0.1600         0.0000         0.0000         0.0000         0.0000         0.0000
         0.2000         0.0000         0.0000         0.0000         0.0000         0.0000
         0.2400         0.0000         0.0000         0.0000         0.0000         0.0000
         0.2800         0.0000         0.0000         0.0000         0.0000         0.0000
         0.3200         0.0000         0.0000         0.0000         0.0000         0.0000
         0.3600         0.0000         0.0000         0.0000         0.0000         0.0000
         0.4000         0.0000         0.0000         0.0000         0.0000         0.0000
         0.4400         0.0000         0.0000         0.0000         0.0000         0.0000
         0.4800         0.0000         0.0000         0.0000         0.0000         0.0000
         0.5200         0.0000         0.0000         0.0000         0.0000         0.0000
         0.5600         0.0000         0.0000         0.0000         0.0000         0.0000
         0.6000         0.0000         0.0000         0.0000         0.0000         0.0000
         0.6400         0.0000         0.0000         0.0000         0.0000         0.0000
         0.6800         0.0000         0.0000         0.0000         0.0000         0.0000
         0.7200         0.0000         0.0000         0.0000         0.0000         0.0000
         0.7600         0.0000         0.0000         0.0000         0.0000         0.0000
         0.8000         0.0000         0.0000         0.0000         0.0000         0.0000
         0.8400         0.0000         0.0000         0.0000         0.0000         0.0000
         0.8800         0.0000         0.0000         0.0000         0.0000         0.0000
         0.9200         0.0000         0.0000         0.0000         0.0000         0.0000
         0.9600         0.0002         0.0000         0.0004         0.0001         0.0000
         1.0000         0.0010         0.0001         0.0016         0.0001         0.0000
         1.0400         0.0026         0.0004         0.0052         0.0005         0.0000
         1.0800         0.0052         0.0009         0.0094         0.0011         0.0000
         1.1200         0.0075         0.0012         0.0146         0.0016         0.0000
         1.1600         0.0101         0.0015         0.0199         0.0018         0.0000
         1.2000         0.0139         0.0017         0.0255         0.0021         0.0000
         1.2400         0.0180         0.0019         0.0328         0.0030         0.0000
         1.2800         0.0222         0.0023         0.0389         0.0031         0.0000
         1.3200         0.0263         0.0026         0.0457         0.0037         0.0000
         1.3600         0.0326         0.0033         0.0534         0.0042         0.0000
         1.4000         0.0378         0.0038         0.0628         0.0053         0.0000
         1.4400         0.0442         0.0040         0.0691         0.0056         0.0000
         1.4800         0.0487         0.0041         0.0822         0.0063         0.0000
         1.5200         0.0535         0.0043         0.0929         0.0064         0.0000
         1.5600         0.0556         0.0042         0.1015         0.0062         0.0000
         1.6000         0.0627         0.0047         0.1129         0.0077         0.0000
         1.6400         0.0690         0.0048         0.1191         0.0078         0.0000
         1.6800         0.0748         0.0048         0.1300         0.0081         0.0000
         1.7200         0.0809         0.0052         0.1419         0.0078         0.0000
         1.7600         0.0860         0.0055         0.1523         0.0090         0.0000
         1.8000         0.0907         0.0055         0.1604         0.0091         0.0000
         1.8400         0.0995         0.0063         0.1717         0.0099         0.0000
         1.8800         0.1112         0.0074         0.1846         0.0105         0.0000
         1.9200         0.1210         0.0088         0.1956         0.0117         0.0000
         1.9600         0.1297         0.0095         0.2006         0.0115         0.0000
         2.0000         0.1392         0.0133         0.2109         0.0117         0.0000
         2.0400         0.1476         0.0138         0.2258         0.0121         0.0000
         2.0800         0.1571         0.0143         0.2417         0.0119         0.0000
         2.1200         0.1682         0.0183         0.2651         0.0138         0.0000
         2.1600         0.1798         0.0192         0.2763         0.0135         0.0000
         2.2000         0.1851         0.0171         0.2936         0.0137         0.0000
         2.2400         0.1893         0.0160         0.3139         0.0142         0.0000
         2.2800         0.1911         0.0170         0.3289         0.0154         0.0000
         2.3200         0.2020         0.0156         0.3474         0.0163         0.0000
         2.3600         0.2179         0.0161         0.3605         0.0159         0.0000
         2.4000         0.2323         0.0168         0.3750         0.0159         0.0000
         2.4400         0.2472         0.0146         0.3911         0.0171         0.0000
         2.4800         0.2538         0.0147         0.4035         0.0182         0.0000
         2.5200         0.2586         0.0145         0.4205         0.0190         0.0000
         2.5600         0.2671         0.0160         0.4528         0.0214         0.0000
         2.6000         0.2828         0.0160         0.4766         0.0213         0.0000
         2.6400         0.2966         0.0165         0.5006         0.0215         0.0000
         2.6800         0.3080         0.0162         0.5188         0.0240         0.0000
         2.7200         0.3245         0.0171         0.5386         0.0217         0.0000
         2.7600         0.3337         0.0181         0.5665         0.0245         0.0000
         2.8000         0.3538         0.0175         0.5846         0.0355         0.0000
         2.8400         0.3630         0.0183         0.6072         0.0249         0.0000
         2.8800         0.3757         0.0231         0.6294         0.0263         0.0000
         2.9200         0.3986         0.0261         0.6469         0.0248         0.0000
         2.9600         0.4085         0.0283         0.6780         0.0272         0.0000
         3.0000         0.4241         0.0278         0.7028         0.0240         0.0000
         3.0400         0.4390         0.0282         0.7353         0.0259         0.0000
         3.0800         0.4566         0.0277         0.7619         0.0262         0.0000
         3.1200         0.4726         0.0301         0.7902         0.0223         0.0000
         3.1600         0.4884         0.0262         0.8251         0.0222         0.0000
         3.2000         0.5033         0.0225         0.8632         0.0249         0.0000
         3.2400         0.5185         0.0231         0.8798         0.0352         0.0000
         3.2800         0.5245         0.0226         0.9070         0.0343         0.0000
         3.3200         0.5412         0.0206         0.9471         0.0343         0.0000
         3.3600         0.5584         0.0208         0.9651         0.0335         0.0000
         3.4000         0.5731         0.0207         0.9880         0.0281         0.0000
         3.4400         0.5946         0.0220         1.0185         0.0285         0.0000
         3.4800         0.6133         0.0222         1.0546         0.0273         0.0000
         3.5200         0.6313         0.0225         1.0882         0.0263         0.0000
         3.5600         0.6467         0.0214         1.1160         0.0285         0.0000
         3.6000         0.6640         0.0207         1.1400         0.0280         0.0000
         3.6400         0.6796         0.0217         1.1772         0.0276         0.0000
         3.6800         0.7070         0.0251         1.2047         0.0279         0.0000
         3.7200         0.7174         0.0268         1.2364         0.0292         0.0000
         3.7600         0.7311         0.0261         1.2584         0.0311         0.0000
         3.8000         0.7388         0.0270         1.2923         0.0278         0.0000
         3.8400         0.7582         0.0285         1.3164         0.0253         0.0000
         3.8800         0.7655         0.0288         1.3453         0.0323         0.0000
         3.9200         0.7793         0.0260         1.3839         0.0303         0.0000
         3.9600         0.7922         0.0262         1.4182         0.0295         0.0000
         4.0000         0.8236         0.0268         1.4419         0.0273         0.0000
         4.0400         0.8376         0.0247         1.4788         0.0289         0.0000
         4.0800         0.8630         0.0287         1.5131         0.0296         0.0000
         4.1200         0.8848         0.0289         1.5510         0.0301         0.0000
         4.1600         0.8953         0.0307         1.5956         0.0292         0.0000
         4.2000         0.9125         0.0297         1.6342         0.0316         0.0000
         4.2400         0.9250         0.0239         1.6576         0.0324         0.0000
         4.2800         0.9404         0.0302         1.6906         0.0340         0.0000
         4.3200         0.9652         0.0319         1.7296         0.0347         0.0000
         4.3600         0.9863         0.0313         1.7635         0.0364         0.0000
         4.4000         1.0096         0.0322         1.8093         0.0385         0.0000
         4.4400         1.0436         0.0312         1.8562         0.0359         0.0000
         4.4800         1.0627         0.0312         1.9088         0.0323         0.0000
         4.5200         1.0757         0.0240         1.9345         0.0284         0.0000
         4.5600         1.1003         0.0243         1.9781         0.0307         0.0000
         4.6000         1.1154         0.0336         2.0208         0.0310         0.0000
         4.6400         1.1274         0.0321         2.0651         0.0300         0.0000
         4.6800         1.1410         0.0377         2.1149         0.0326         0.0000
         4.7200         1.1415         0.0320         2.1693         0.0302         0.0000
         4.7600         1.1610         0.0297         2.2110         0.0332         0.0000
         4.8000         1.1804         0.0310         2.2525         0.0313         0.0000
         4.8400         1.2014         0.0273         2.3157         0.0371         0.0000
         4.8800         1.2006         0.0253         2.3648         0.0337         0.0000
         4.9200         1.2265         0.0283         2.4140         0.0366         0.0000
         4.9600         1.2467         0.0288         2.4599         0.0349         0.0000
         5.0000         1.2757         0.0336         2.5179         0.0331         0.0000
         5.0400         1.2916         0.0411         2.5556         0.0334         0.0000
         5.0800         1.3054         0.0294         2.5905         0.0399         0.0000
         5.1200         1.3177         0.0306         2.6283         0.0384         0.0000
         5.1600         1.3334         0.0316         2.6845         0.0405         0.0000
         5.2000         1.3640         0.0316         2.7183         0.0368         0.0000
         5.2400         1.3777         0.0309         2.7848         0.0524         0.0000
         5.2800         1.4024         0.0315         2.8332         0.0524         0.0000
         5.3200         1.4187         0.0331         2.8937         0.0563         0.0000
         5.3600         1.4463         0.0359         2.9498         0.0557         0.0000
         5.4000         1.4671         0.0327         2.9938         0.0563         0.0000
         5.4400         1.4847         0.0363         3.0662         0.0595         0.0000
         5.4800         1.4946         0.0384         3.1263         0.0574         0.0000
         5.5200         1.5037         0.0436         3.1974         0.0576         0.0000
         5.5600         1.5194         0.0465         3.2584         0.0542         0.0000
         5.6000         1.5280         0.0389         3.3288         0.0616         0.0000
         5.6400         1.5529         0.0370         3.3871         0.0552         0.0000
         5.6800         1.5726         0.0354         3.4434         0.0540         0.0000
         5.7200         1.5785         0.0349         3.5009         0.0622         0.0000
         5.7600         1.5969         0.0350         3.5678         0.0650         0.0000
         5.8000         1.6204         0.0319         3.6353         0.0673         0.0000
         5.8400         1.6301         0.0354         3.6990         0.0716         0.0000
         5.8800         1.6464         0.0379         3.7528         0.0740         0.0021
         5.9200         1.6746         0.0362         3.8228         0.0655         0.0339
         5.9600         1.7049         0.0334         3.8648         0.0654         0.1937
         6.0000         1.7206         0.0307         3.9189         0.0652         0.5693
         6.0400         1.7390         0.0367         0.0178         0.0010         1.1036
         6.0800         1.7601         0.0382         0.0311         0.0017         1.6517
         6.1200         1.7794         0.0345         0.0460         0.0023         2.1073
         6.1600         1.7962         0.0362         0.0580         0.0029         2.4386
         6.2000         1.8180         0.0403         0.0746         0.0039         2.6595
         6.2400         1.8214         0.0376         0.0900         0.0046         2.7989
         6.2800         1.8388         0.0323         0.1031         0.0054         2.8836
         6.3200         1.8544         0.0327         0.1176         0.0058         2.9337
         6.3600         1.8816         0.0350         0.1305         0.0060         2.9628
         6.4000         1.8905         0.0337         0.1429         0.0065         2.9794
         6.4400         1.9036         0.0358         0.1586         0.0069         2.9887
         6.4800         1.9278         0.0330         0.1735         0.0073         2.9939
         6.5200         1.9545         0.0257         0.1871         0.0076         2.9967
         6.5600         1.9731         0.0338         0.1996         0.0082         2.9983
         6.6000         1.9954         0.0339         0.2111         0.0088         2.9991
         6.6400         2.0051         0.0327         0.2272         0.0098         2.9995
         6.6800         2.0338         0.0330         0.2449         0.0101         2.9998
         6.7200         2.0579         0.0340         0.2590         0.0105         2.9999
         6.7600         2.0586         0.0325         0.2755         0.0113         2.9999
         6.8000         2.0760         0.0328         0.2906         0.0129         3.0000
         6.8400         2.0997         0.0395         0.3050         0.0126         3.0000
         6.8800         2.1118         0.0393         0.3181         0.0118         3.0000
         6.9200         2.1373         0.0358         0.3299         0.0117         3.0000
         6.9600         2.1549         0.0397         0.3432         0.0121         3.0000
         7.0000         2.1722         0.0390         0.3557         0.0120         3.0000
         7.0400         2.1923         0.0444         0.3713         0.0130         3.0000
         7.0800         2.2268         0.0429         0.3870         0.0164         3.0000
         7.1200         2.2541         0.0419         0.3965         0.0154         3.0000
         7.1600         2.2724         0.0422         0.4086         0.0178         3.0000
         7.2000         2.3109         0.0398         0.4177         0.0163         3.0000
         7.2400         2.3517         0.0432         0.4322         0.0197         3.0000
         7.2800         2.3868         0.0395         0.4406         0.0193         3.0000
         7.3200         2.4147         0.0420         0.4557         0.0203         3.0000
         7.3600         2.4491         0.0418         0.4682         0.0173         3.0000
         7.4000         2.4694         0.0363         0.4699         0.0181         3.0000
         7.4400         2.4767         0.0328         0.4861         0.0162         3.0000
         7.4800         2.5105         0.0299         0.4968         0.0160         3.0000
         7.5200         2.5419         0.0328         0.5058         0.0162         3.0000
         7.5600         2.5641         0.0343         0.5135         0.0159         3.0000
         7.6000         2.5949         0.0373         0.5339         0.0170         3.0000
         7.6400         2.6169         0.0421         0.5471         0.0154         3.0000
         7.6800         2.6593         0.0433         0.5456         0.0155         3.0000
         7.7200         2.6743         0.0459         0.5567         0.0173         3.0000
         7.7600         2.6998         0.0446         0.5714         0.0185         3.0000
         7.8000         2.7240         0.0422         0.5780         0.0177         3.0000
         7.8400         2.7792         0.0434         0.5877         0.0183         3.0000
         7.8800         2.8083         0.0381         0.5971         0.0200         3.0000
         7.9200         2.8217         0.0369         0.6047         0.0209         3.0000
         7.9600         2.8628         0.0398         0.6151         0.0201         3.0000
         8.0000         2.8700         0.0337         0.6322         0.0179         3.0000
         8.0400         2.8918         0.0349         0.6442         0.0197         3.0000
         8.0800         2.9288         0.0376         0.6505         0.0240         3.0000
         8.1200         2.9682         0.0353         0.6652         0.0233         3.0000
         8.1600         2.9788         0.0348         0.6794         0.0264         3.0000
         8.2000         3.0165         0.0363         0.6833         0.0258         3.0000
         8.2400         3.0402         0.0403         0.6952         0.0290         3.0000
         8.2800         3.0642         0.0380         0.7024         0.0263         3.0000
         8.3200         3.0934         0.0388         0.7111         0.0231         3.0000
         8.3600         3.1437         0.0377         0.7114         0.0227         3.0000
         8.4000         3.1896         0.0382         0.7092         0.0227         3.0000
         8.4400         3.2168         0.0338         0.7188         0.0298         3.0000
         8.4800         3.2561         0.0396         0.7277         0.0317         3.0000
         8.5200         3.2875         0.0443         0.7361         0.0337         3.0000
         8.5600         3.3231         0.0468         0.7518         0.0347         3.0000
         8.6000         3.3818         0.0478         0.7558         0.0344         3.0000
         8.6400         3.3990         0.0370         0.7579         0.0371         3.0000
         8.6800         3.4629         0.0346         0.7646         0.0384         3.0000
         8.7200         3.5015         0.0417         0.7654         0.0367         3.0000
         8.7600         3.5421         0.0455         0.7678         0.0336         3.0000
         8.8000         3.6005         0.0444         0.7746         0.0319         3.0000
         8.8400         3.6479         0.0423         0.7699         0.0306         3.0000
         8.8800         3.6971         0.0472         0.7716         0.0300         3.0000
         8.9200         3.7524         0.0478         0.7709         0.0303         3.0000
         8.9600         3.8111         0.0474         0.7832         0.0328         3.0000
         9.0000         3.8837         0.0455         0.7908         0.0329         3.0000
         9.0400         3.9093         0.0423         0.7916         0.0323         3.0000
         9.0800         3.9630         0.0423         0.7885         0.0312         3.0000
         9.1200         4.0140         0.0447         0.7883         0.0292         3.0000
         9.1600         4.0653         0.0439         0.7884         0.0304         3.0000
         9.2000         4.1035         0.0432         0.7915         0.0325         3.0000
         9.2400         4.1527         0.0458         0.7848         0.0305         3.0000
         9.2800         4.2251         0.0443         0.7840         0.0315         3.0000
         9.3200         4.2845         0.0520         0.7695         0.0297         3.0000
         9.3600         4.3258         0.0508         0.7690         0.0285         3.0000
         9.4000         4.3960         0.0495         0.7630         0.0269         3.0000
         9.4400         4.4533         0.0547         0.7484         0.0249         3.0000
         9.4800         4.5055         0.0541         0.7474         0.0269         3.0000
         9.5200         4.5638         0.0564         0.7312         0.0264         3.0000
         9.5600         4.6042         0.0641         0.7286         0.0258         3.0000
         9.6000         4.6600         0.0599         0.7182         0.0249         3.0000
         9.6400         4.7257         0.0532         0.7140         0.0258         3.0000
         9.6800         4.7863         0.0495         0.7081         0.0267         3.0000
         9.7200         4.8659         0.0526         0.7015         0.0260         3.0000
         9.7600         4.9272         0.0521         0.7036         0.0275         3.0000
         9.8000         5.0033         0.0520         0.6907         0.0261         3.0000
         9.8400         5.0884         0.0540         0.6854         0.0283         3.0000
         9.8800         5.1397         0.0533         0.6798         0.0257         3.0000
         9.9200         5.2117         0.0529         0.6766         0.0253         3.0000
         9.9600         5.2537         0.0559         0.6658         0.0173         3.0000
        10.0000         5.3270         0.0584         0.6515         0.0185         3.0000
        10.0400         5.3790         0.0422         0.6367         0.0233         3.0000
        10.0800         5.4182         0.0491         0.6135         0.0187         3.0000
        10.1200         5.5070         0.0543         0.6056         0.0172         3.0000
        10.1600         5.5945         0.0656         0.5891         0.0178         3.0000
        10.2000         5.6696         0.0733         0.5684         0.0172         3.0000
        10.2400         5.7249         0.0689         0.5556         0.0165         3.0000
        10.2800         5.7778         0.0665         0.5368         0.0165         3.0000
        10.3200         5.8568         0.0710         0.5105         0.0147         2.9999
        10.3600         5.9428         0.0753         0.4958         0.0143         2.9999
        10.4000         5.9954         0.0744         0.4744         0.0134         2.9998
        10.4400         6.0498         0.0776         0.4619         0.0128         2.9995
        10.4800         6.1425         0.0809         0.4353         0.0119         2.9991
        10.5200         6.2278         0.0778         0.4060         0.0116         2.9983
        10.5600         6.2885         0.0818         0.3852         0.0112         2.9967
        10.6000         6.3769         0.0717         0.3661         0.0109         2.9939
        10.6400         6.4821         0.0746         0.3398         0.0100         2.9887
        10.6800         6.5623         0.0918         0.3092         0.0097         2.9794
        10.7200         6.6980         0.0788         0.2827         0.0090         2.9628
        10.7600         6.7784         0.0798         0.2524         0.0090         2.9337
        10.8000         6.8502         0.0827         0.2212         0.0081         2.8836
        10.8400         6.9172         0.0821         0.1898         0.0059         2.7989
        10.8800         7.0196         0.0766         0.1541         0.0047         2.6595
        10.9200         7.0891         0.0800         0.1200         0.0037         2.4386
        10.9600         7.2189         0.0763         0.0782         0.0024         2.1073
        11.0000         7.3290         0.0874         0.0453         0.0015         1.6517
        11.0400         7.4543         0.0870        11.8864         0.1409         1.1036
        11.0800         7.5461         0.0910        11.8837         0.1392         0.5693
        11.1200         7.6584         0.0793        11.9165         0.1467         0.1937
        11.1600         7.7594         0.0879        11.9645         0.1520         0.0339
        11.2000         7.8362         0.0871        12.0466         0.1470         0.0021
        11.2400         7.9438         0.0828        12.0951         0.1557         0.0000
        11.2800         8.0752         0.0557        12.1322         0.1462         0.0000
        11.3200         8.1630         0.0933        12.1682         0.1518         0.0000
        11.3600         8.2540         0.0715        12.2576         0.1444         0.0000
        11.4000         8.3414         0.0768        12.3220         0.1481         0.0000
        11.4400         8.4253         0.0998        12.3613         0.1487         0.0000
        11.4800         8.4848         0.1009        12.4045         0.1434         0.0000
        11.5200         8.6010         0.1151        12.4658         0.1386         0.0000
        11.5600         8.7140         0.1071        12.5202         0.1334         0.0000
        11.6000         8.7948         0.1128        12.5714         0.1306         0.0000
        11.6400         8.8971         0.1052        12.6259         0.1197         0.0000
        11.6800         9.0143         0.1057        12.7300         0.1159         0.0000
        11.7200         9.1385         0.1047        12.7985         0.1066         0.0000
        11.7600         9.2593         0.1022        12.8453         0.1027         0.0000
        11.8000         9.3587         0.1116        12.8481         0.1069         0.0000
        11.8400         9.4832         0.1152        12.9211         0.1020         0.0000
        11.8800         9.6221         0.0976        13.0146         0.1007         0.0000
        11.9200         9.7084         0.0961        13.0947         0.1052         0.0000
        11.9600         9.8101         0.1042        13.1574         0.1030         0.0000
        12.0000         9.9134         0.1070        13.2295         0.1098         0.0000
        12.0400        10.0590         0.1044        13.2705         0.1112         0.0000
        12.0800        10.1754         0.0956        13.3516         0.1146         0.0000
        12.1200        10.2485         0.0781        13.4049         0.1132         0.0000
        12.1600        10.4031         0.0858        13.4759         0.1035         0.0000
        12.2000        10.5230         0.0693        13.5149         0.1010         0.0000
        12.2400        10.5972         0.0791        13.5637         0.1031         0.0000
        12.2800        10.7085         0.0997        13.6162         0.1045         0.0000
        12.3200        10.8090         0.1023        13.6621         0.1025         0.0000
        12.3600        10.9333         0.1036        13.7281         0.1131         0.0000
        12.4000        11.0154         0.0987        13.7774         0.1076         0.0000
        12.4400        11.1588         0.0954        13.8647         0.0962         0.0000
        12.4800        11.3119         0.0744        13.9434         0.0732         0.0000
        12.5200        11.4078         0.0966        14.0244         0.1036         0.0000
        12.5600        11.4796         0.0932        14.0846         0.1140         0.0000
        12.6000        11.6104         0.0955        14.1816         0.1069         0.0000
        12.6400        11.7202         0.0909        14.2300         0.1037         0.0000
        12.6800        11.7903         0.0992        14.3258         0.1089         0.0000
        12.7200        11.9050         0.0978        14.4332         0.0906         0.0000
        12.7600        12.0257         0.0911        14.5298         0.0911         0.0000
        12.8000        12.1664         0.0943        14.5773         0.0954         0.0000
        12.8400        12.2794         0.0883        14.6604         0.0965         0.0000
        12.8800        12.3649         0.0932        14.7193         0.1028         0.0000
        12.9200        12.4837         0.0893        14.8312         0.1152         0.0000
        12.9600        12.5511         0.0995        14.8945         0.1279         0.0000
        13.0000        12.6772         0.0946        14.9700         0.1005         0.0000
        13.0400        12.7677         0.1021        15.0409         0.0906         0.0000
        13.0800        12.9047         0.0791        15.1039         0.1128         0.0000
        13.1200        13.0071         0.0804        15.1442         0.0827         0.0000
        13.1600        13.1487         0.0826        15.2120         0.0802         0.0000
        13.2000        13.3206         0.0808        15.2991         0.0795         0.0000
        13.2400        13.4234         0.0810        15.3392         0.0802         0.0000
        13.2800        13.4950         0.0791        15.4170         0.0792         0.0000
        13.3200        13.6048         0.0786        15.4859         0.0896         0.0000
        13.3600        13.7289         0.0926        15.5573         0.0919         0.0000
        13.4000        13.7848         0.0921        15.6083         0.0995         0.0000
        13.4400        13.9063         0.0969        15.7217         0.1003         0.0000
        13.4800        13.9188         0.0973        15.8551         0.0974         0.0000
        13.5200        14.0275         0.0954        15.9826         0.1000         0.0000
        13.5600        14.1312         0.0985        16.1197         0.0862         0.0000
        13.6000        14.1854         0.1003        16.2101         0.0804         0.0000
        13.6400        14.3013         0.1054        16.2674         0.0876         0.0000
        13.6800        14.4239         0.1103        16.3275         0.0990         0.0000
        13.7200        14.5468         0.0940        16.4275         0.0932         0.0000
        13.7600        14.6891         0.0829        16.4755         0.0821         0.0000
        13.8000        14.8045         0.0845        16.5594         0.0850         0.0000
        13.8400        14.8954         0.0857        16.6243         0.0842         0.0000
        13.8800        15.0188         0.0859        16.6821         0.0898         0.0000
        13.9200        15.0856         0.1134        16.7293         0.0911         0.0000
        13.9600        15.1926         0.0922        16.7619         0.0950         0.0000
        14.0000        15.3126         0.0903        16.9142         0.0989         0.0000
        14.0400        15.4482         0.0985        16.9865         0.0934         0.0000
        14.0800        15.5070         0.1352        17.0045         0.0880         0.0000
        14.1200        15.6232         0.1302        17.0507         0.0965         0.0000
        14.1600        15.7413         0.1396        17.1832         0.0879         0.0000
        14.2000        15.8390         0.1426        17.2802         0.0885         0.0000
        14.2400        16.0043         0.1463        17.3942         0.0849         0.0000
        14.2800        16.1096         0.1551        17.4699         0.0909         0.0000
        14.3200        16.2103         0.1527        17.5490         0.0893         0.0000
        14.3600        16.3223         0.1585        17.6364         0.0877         0.0000
        14.4000        16.4252         0.1554        17.6966         0.0863         0.0000
        14.4400        16.5337         0.1649        17.7605         0.0830         0.0000
        14.4800        16.6172         0.1531        17.8436         0.0817         0.0000
        14.5200        16.7102         0.1591        17.9331         0.0848         0.0000
        14.5600        16.8607         0.1564        17.9969         0.0817         0.0000
        14.6000        16.9474         0.1625        18.0745         0.0840         0.0000
        14.6400        17.0660         0.1499        18.1431         0.0897         0.0000
        14.6800        17.1571         0.1596        18.2328         0.1000         0.0000
        14.7200        17.2809         0.1451        18.3008         0.0969         0.0000
        14.7600        17.3535         0.1543        18.4351         0.1001         0.0000
        14.8000        17.4753         0.1511        18.5316         0.1017         0.0000
        14.8400        17.6168         0.1832        18.6505         0.1079         0.0000
        14.8800        17.7091         0.1941        18.7174         0.1096         0.0000
        14.9200        17.7926         0.1975        18.8411         0.1156         0.0000
        14.9600        17.9100         0.1953        18.9542         0.1058         0.0000
        15.0000        17.9901         0.1860        19.0093         0.1075         0.0000
        15.0400        18.1131         0.1799        19.1124         0.1012         0.0000
        15.0800        18.2126         0.1268        19.2397         0.0974         0.0000
        15.1200        18.2772         0.1229        19.3824         0.0993         0.0000
        15.1600        18.3511         0.1427        19.5236         0.1093         0.0000
        15.2000        18.4701         0.1637        19.6507         0.1070         0.0000
        15.2400        18.5741         0.1363        19.7114         0.1169         0.0000
        15.2800        18.6904         0.1220        19.8151         0.1250         0.0000
        15.3200        18.8212         0.1153        19.9525         0.1230         0.0000
        15.3600        18.9223         0.1135        20.0237         0.1296         0.0000
        15.4000        19.0499         0.1150        20.0828         0.1243         0.0000
        15.4400        19.1847         0.1045        20.1548         0.1332         0.0000
        15.4800        19.2961         0.0945        20.2638         0.1241         0.0000
        15.5200        19.3693         0.1015        20.3397         0.1161         0.0000
        15.5600        19.4535         0.1142        20.4509         0.1134         0.0000
        15.6000        19.5727         0.1296        20.5791         0.1193         0.0000
        15.6400        19.6839         0.1213        20.6490         0.1374         0.0000
        15.6800        19.8156         0.1197        20.7934         0.1441         0.0000
        15.7200        19.9524         0.1206        20.8609         0.1513         0.0000
        15.7600        20.0447         0.1153        20.9474         0.1383         0.0000
        15.8000        20.0935         0.1111        21.0591         0.1373         0.0000
        15.8400        20.1769         0.1154        21.1685         0.1634         0.0000
        15.8800        20.3046         0.1258        21.2670         0.1687         0.0000
        15.9200        20.4222         0.1277        21.4034         0.1646         0.0000
        15.9600        20.5269         0.1197        21.4557         0.1766         0.0000
        16.0000        20.6243         0.1163        21.5496         0.1636         0.0000
        16.0400        20.7264         0.1154        21.6414         0.1662         0.0000
        16.0800        20.8765         0.1144        21.7609         0.1627         0.0000
        16.1200        20.9630         0.1102        21.8535         0.1449         0.0000
        16.1600        21.0424         0.1008        21.9247         0.1448         0.0000
        16.2000        21.1338         0.1040        22.0571         0.1572         0.0000
        16.2400        21.2445         0.1041        22.2078         0.1409         0.0000
        16.2800        21.3184         0.1081        22.3246         0.1332         0.0000
        16.3200        21.4441         0.1100        22.4448         0.1127         0.0000
        16.3600        21.5579         0.1115        22.5705         0.1069         0.0000
        16.4000        21.7453         0.1172        22.7351         0.1074         0.0000
        16.4400        21.8743         0.1152        22.8550         0.1090         0.0000
        16.4800        22.0069         0.1125        22.9644         0.1299         0.0000
        16.5200        22.1146         0.1134        23.0692         0.1394         0.0000
        16.5600        22.2426         0.1195        23.1866         0.1385         0.0000
        16.6000        22.3894         0.1229        23.2370         0.1684         0.0000
        16.6400        22.4998         0.1368        23.3686         0.1876         0.0000
        16.6800        22.6071         0.1282        23.4061         0.1846         0.0000
        16.7200        22.6984         0.1186        23.5345         0.2004         0.0000
        16.7600        22.8687         0.1258        23.6013         0.1927         0.0000
        16.8000        22.9793         0.1277        23.6988         0.1854         0.0000
        16.8400        23.1331         0.1351        23.8377         0.1859         0.0000
        16.8800        23.3105         0.1379        23.9627         0.1403         0.0000
        16.9200        23.4179         0.1333        24.0575         0.1329         0.0000
        16.9600        23.5654         0.1251        24.1926         0.0889         0.0000
        17.0000        23.6482         0.1306        24.3067         0.1133         0.0000
        17.0400        23.7574         0.1256        24.3584         0.0991         0.0000
        17.0800        23.9372         0.1158        24.3846         0.0837         0.0000
        17.1200        24.0941         0.1194        24.5453         0.0829         0.0000
        17.1600        24.1906         0.1370        24.6465         0.1012         0.0000
        17.2000        24.2904         0.1409        24.7247         0.1085         0.0000
        17.2400        24.3522         0.1341        24.8248         0.1228         0.0000
        17.2800        24.5222         0.1381        24.9415         0.1217         0.0000
        17.3200        24.6138         0.1296        25.0638         0.1028         0.0000
        17.3600        24.7219         0.1271        25.1640         0.1070         0.0000
        17.4000        24.8398         0.1252        25.3462         0.1132         0.0000
        17.4400        24.9458         0.1355        25.5285         0.1149         0.0000
        17.4800        25.0892         0.1389        25.6816         0.1188         0.0000
        17.5200        25.2214         0.1262        25.7950         0.1253         0.0000
        17.5600        25.3463         0.1218        25.8480         0.1259         0.0000
        17.6000        25.5051         0.1259        25.9875         0.1173         0.0000
        17.6400        25.6881         0.1348        26.1273         0.1205         0.0000
        17.6800        25.7943         0.1579        26.3119         0.1163         0.0000
        17.7200        25.8599         0.1581        26.4972         0.1138         0.0000
        17.7600        26.0288         0.1635        26.6673         0.1054         0.0000
        17.8000        26.1484         0.1736        26.7673         0.1066         0.0000
        17.8400        26.2820         0.1839        26.9192         0.1063         0.0000
        17.8800        26.4366         0.1851        27.0673         0.1005         0.0000
        17.9200        26.5162         0.1891        27.2192         0.1027         0.0000
        17.9600        26.6383         0.2091        27.3500         0.1080         0.0000
        18.0000        26.7923         0.1955        27.4948         0.1111         0.0000
        18.0400        26.8791         0.1983        27.6233         0.0982         0.0000
        18.0800        27.0402         0.2593        27.7161         0.1029         0.0000
        18.1200        27.1761         0.2176        27.7733         0.1090         0.0000
        18.1600        27.3023         0.2243        27.8899         0.1196         0.0000
        18.2000        27.4083         0.2404        27.9915         0.1128         0.0000
        18.2400        27.4983         0.2472        28.1735         0.1151         0.0000
        18.2800        27.5184         0.2660        28.3151         0.1086         0.0000
        18.3200        27.6323         0.2829        28.4296         0.1086         0.0000
        18.3600        27.7532         0.2838        28.5244         0.1065         0.0000
        18.4000        27.9211         0.2971        28.6631         0.0980         0.0000
        18.4400        28.0534         0.2850        28.7798         0.1003         0.0000
        18.4800        28.1718         0.2936        28.8669         0.1020         0.0000
        18.5200        28.3226         0.3195        28.9998         0.1018         0.0000
        18.5600        28.4728         0.2995        29.1183         0.1083         0.0000
        18.6000        28.5643         0.2765        29.1935         0.1155         0.0000
        18.6400        28.6449         0.2620        29.3596         0.1111         0.0000
        18.6800        28.7798         0.2894        29.4426         0.1126         0.0000
        18.7200        28.9024         0.2296        29.6343         0.1021         0.0000
        18.7600        28.9548         0.2827        29.7460         0.1040         0.0000
        18.8000        29.0248         0.2828        29.8433         0.1023         0.0000
        18.8400        29.1342         0.2613        30.0214         0.1022         0.0000
        18.8800        29.2763         0.2940        30.2122         0.1051         0.0000
        18.9200        29.4265         0.3214        30.3475         0.1045         0.0000
        18.9600        29.6054         0.2984        30.4838         0.0950         0.0000
        19.0000        29.7088         0.3232        30.6310         0.1121         0.0000
        19.0400        29.9127         0.3370        30.7691         0.1106         0.0000
        19.0800        30.0163         0.3278        30.8758         0.1097         0.0000
        19.1200        30.1903         0.3069        31.0469         0.1148         0.0000
        19.1600        30.3142         0.3165        31.2362         0.1197         0.0000
        19.2000        30.4967         0.3380        31.4505         0.1161         0.0000
        19.2400        30.5206         0.3237        31.5340         0.1336         0.0000
        19.2800        30.6465         0.3329        31.6690         0.1312         0.0000
        19.3200        30.7757         0.3118        31.8128         0.1313         0.0000
        19.3600        30.8815         0.3135        31.9502         0.1238         0.0000
        19.4000        31.0641         0.3066        32.0836         0.1360         0.0000
        19.4400        31.1628         0.3155        32.1917         0.1362         0.0000
        19.4800        31.3071         0.3328        32.3561         0.1401         0.0000
        19.5200        31.4313         0.3261        32.4824         0.1371         0.0000
        19.5600        31.5264         0.3112        32.6374         0.1336         0.0000
        19.6000        31.6159         0.3180        32.7099         0.1323         0.0000
        19.6400        31.7485         0.3226        32.8898         0.1369         0.0000
        19.6800        31.9650         0.3051        33.0431         0.1515         0.0000
        19.7200        32.1260         0.2959        33.2064         0.1541         0.0000
        19.7600        32.1517         0.2998        33.3277         0.1638         0.0000
        19.8000        32.3198         0.3198        33.4599         0.1812         0.0000
        19.8400        32.4157         0.3391        33.6088         0.1663         0.0000
        19.8800        32.5858         0.3513        33.7622         0.1731         0.0000
        19.9200        32.5285         0.3587        33.7634         0.1704         0.0000
        19.9600        30.5980         0.3149        31.7062         0.1791         0.0000
        20.0000        22.7096         0.2440        23.5575         0.1286         0.0000
