         0.4000         0.0000         0.0000         0.0000         0.0000
         0.6000         0.0000         0.0000         0.0000         0.0000
         0.8000         0.0000         0.0000         0.0000         0.0000
         1.0000         0.0000         0.0000         0.0000         0.0000
         1.2000         0.0814         0.0030         0.0000         0.0000
         1.4000         0.2479         0.0084         0.0000         0.0000
         1.6000         0.4695         0.0118         0.0000         0.0000
         1.8000         0.7479         0.0168         0.0000         0.0000
         2.0000         1.0580         0.0222         0.0000         0.0000
         2.2000         1.4304         0.0268         0.0000         0.0000
         2.4000         1.8599         0.0331         0.0000         0.0000
         2.6000         2.3347         0.0447         0.0000         0.0000
         2.8000         2.8395         0.0410         0.0000         0.0000
         3.0000         3.3877         0.0447         0.0000         0.0000
         3.2000         3.9948         0.0467         0.0000         0.0000
         3.4000         4.6758         0.0562         0.0000         0.0000
         3.6000         5.3696         0.0586         0.0000         0.0000
         3.8000         6.1140         0.0606         0.0000         0.0000
         4.0000         6.9226         0.0702         0.0000         0.0000
         4.2000         7.7887         0.0757         0.0000         0.0000
         4.4000         8.6646         0.0751         0.0000         0.0000
         4.6000         9.6513         0.0754         0.0000         0.0000
         4.8000        10.6667         0.0823         0.0000         0.0000
         5.0000        11.7021         0.0870         0.0000         0.0000
         5.2000        12.7632         0.0875         0.0000         0.0000
         5.4000        13.9024         0.0989         0.0000         0.0000
         5.6000        15.1015         0.1166         0.0000         0.0000
         5.8000        16.3328         0.1236         0.0000         0.0000
         6.0000        17.6493         0.1137         0.0000         0.0000
         6.2000        19.0562         0.1018         0.0000         0.0000
         6.4000        20.4014         0.1032         0.0000         0.0000
         6.6000        21.7772         0.1073         0.0000         0.0000
         6.8000        23.2801         0.1175         0.0000         0.0000
         7.0000        24.7905         0.1089         0.0000         0.0000
         7.2000        26.2786         0.1292         0.0000         0.0000
         7.4000        27.9385         0.1250         0.0000         0.0000
         7.6000        29.7195         0.1339         0.0000         0.0000
         7.8000        31.5113         0.2031         0.0000         0.0000
         8.0000        33.2323         0.2279         0.0000         0.0000
         8.2000        35.0484         0.2332         0.0000         0.0000
         8.4000        36.8363         0.2377         0.0000         0.0000
         8.6000        38.7115         0.2620         0.0000         0.0000
         8.8000        40.7180         0.2723         0.0000         0.0000
         9.0000        42.7894         0.2971         0.0000         0.0000
         9.2000        44.9368         0.3135         0.0000         0.0000
         9.4000        47.1221         0.3457         0.0000         0.0000
         9.6000        49.2080         0.3446         0.0000         0.0000
         9.8000        51.5274         0.3327         0.0000         0.0000
        10.0000        53.8363         0.2778         0.0000         0.0000
        10.2000        56.1509         0.2745         0.0000         0.0000
        10.4000        58.5840         0.2807         0.0000         0.0000
        10.6000        61.1108         0.2655         0.0000         0.0000
        10.8000        63.4942         0.2395         0.0000         0.0000
        11.0000        65.9006         0.2440         0.0011         0.0000
        11.2000        68.3365         0.2689         3.1478         0.0155
        11.4000        70.9388         0.3075        13.6760         0.0650
        11.6000        73.5956         0.2694        22.7783         0.0914
        11.8000        76.2637         0.2508        31.0800         0.1184
        12.0000        78.7860         0.2860        38.8007         0.1274
        12.2000        81.5517         0.2540        46.2504         0.1317
        12.4000        84.4559         0.2336        53.6503         0.1639
        12.6000        87.3121         0.2359        60.9943         0.1903
        12.8000        90.3426         0.2383        68.0457         0.2203
        13.0000        93.2854         0.2385        74.9968         0.2555
        13.2000        96.2943         0.2370        81.9828         0.2750
        13.4000        99.2837         0.2264        88.8526         0.3081
        13.6000       102.2769         0.2437        95.8346         0.3304
        13.8000       105.3476         0.2647       102.8339         0.3436
        14.0000       108.6001         0.2544       109.8082         0.3660
        14.2000       112.0672         0.2616       116.7741         0.4509
        14.4000       115.3162         0.2318       123.7629         0.4872
        14.6000       118.7781         0.2239       130.7528         0.5249
        14.8000       122.1933         0.2276       137.7474         0.5060
        15.0000       125.7417         0.2535       144.7147         0.4310
        15.2000       129.2994         0.2671       151.9240         0.3356
        15.4000       132.7740         0.2720       159.0483         0.3100
        15.6000       136.4730         0.2784       165.8908         0.3026
        15.8000       140.4114         0.2788       173.1968         0.3280
        16.0000       144.4099         0.2681       180.4993         0.3161
        16.2000       148.1847         0.2585       187.6948         0.3467
        16.4000       151.7054         0.2528       194.9002         0.3605
        16.6000       155.5130         0.2638       201.9802         0.3722
        16.8000       159.3514         0.2780       209.2715         0.3323
        17.0000       163.3045         0.2865       216.7672         0.3630
        17.2000       167.0508         0.3475       224.3510         0.3085
        17.4000       171.0854         0.3755       232.1762         0.2811
        17.6000       174.9813         0.4267       239.9990         0.3289
        17.8000       179.1885         0.4143       247.7858         0.3694
        18.0000       183.6335         0.3787       255.2807         0.3819
        18.2000       187.8421         0.3250       262.1917         0.4794
        18.4000       192.0935         0.3447       268.6411         0.5470
        18.6000       196.6348         0.3803       275.0781         0.5531
        18.8000       201.0157         0.4932       281.7622         0.5411
        19.0000       205.7128         0.5564       288.1279         0.5223
        19.2000       210.4918         0.6924       294.6502         0.5961
        19.4000       215.0564         0.7202       300.9325         0.5147
        19.6000       219.6926         0.6555       307.2537         0.5435
        19.8000       224.4910         0.5974       313.8399         0.6023
        20.0000       229.1181         0.5858       320.2696         0.6485
