         0.0800         0.0000         0.0000         0.0000         0.0000         0.0000
         0.1200         0.0000         0.0000         0.0000         0.0000         0.0000
         0.1600         0.0000         0.0000         0.0000         0.0000         0.0000
         0.2000         0.0000         0.0000         0.0000         0.0000         0.0000
         0.2400         0.0000         0.0000         0.0000         0.0000         0.0000
         0.2800         0.0000         0.0000         0.0000         0.0000         0.0000
         0.3200         0.0000         0.0000         0.0000         0.0000         0.0000
         0.3600         0.0000         0.0000         0.0000         0.0000         0.0000
         0.4000         0.0000         0.0000         0.0000         0.0000         0.0000
         0.4400         0.0000         0.0000         0.0000         0.0000         0.0000
         0.4800         0.0000         0.0000         0.0000         0.0000         0.0000
         0.5200         0.0000         0.0000         0.0000         0.0000         0.0000
         0.5600         0.0000         0.0000         0.0000         0.0000         0.0000
         0.6000         0.0000         0.0000         0.0000         0.0000         0.0000
         0.6400         0.0000         0.0000         0.0000         0.0000         0.0000
         0.6800         0.0000         0.0000         0.0000         0.0000         0.0000
         0.7200         0.0000         0.0000         0.0000         0.0000         0.0000
         0.7600         0.0000         0.0000         0.0000         0.0000         0.0000
         0.8000         0.0000         0.0000         0.0000         0.0000         0.0000
         0.8400         0.0000         0.0000         0.0000         0.0000         0.0000
         0.8800         0.0000         0.0000         0.0000         0.0000         0.0000
         0.9200         0.0000         0.0000         0.0000         0.0000         0.0000
         0.9600         0.0002         0.0000         0.0003         0.0001         0.0000
         1.0000         0.0012         0.0001         0.0013         0.0001         0.0000
         1.0400         0.0036         0.0004         0.0036         0.0005         0.0000
         1.0800         0.0075         0.0008         0.0071         0.0008         0.0000
         1.1200         0.0123         0.0013         0.0113         0.0013         0.0000
         1.1600         0.0159         0.0016         0.0153         0.0017         0.0000
         1.2000         0.0207         0.0019         0.0205         0.0019         0.0000
         1.2400         0.0265         0.0024         0.0261         0.0024         0.0000
         1.2800         0.0305         0.0030         0.0324         0.0028         0.0000
         1.3200         0.0345         0.0031         0.0362         0.0031         0.0000
         1.3600         0.0403         0.0040         0.0422         0.0040         0.0000
         1.4000         0.0466         0.0047         0.0455         0.0042         0.0000
         1.4400         0.0520         0.0049         0.0553         0.0048         0.0000
         1.4800         0.0597         0.0054         0.0626         0.0058         0.0000
         1.5200         0.0645         0.0056         0.0673         0.0061         0.0000
         1.5600         0.0702         0.0061         0.0764         0.0062         0.0000
         1.6000         0.0772         0.0058         0.0833         0.0062         0.0000
         1.6400         0.0845         0.0059         0.0904         0.0061         0.0000
         1.6800         0.0945         0.0059         0.0998         0.0065         0.0000
         1.7200         0.1045         0.0058         0.1114         0.0064         0.0000
         1.7600         0.1132         0.0061         0.1183         0.0066         0.0000
         1.8000         0.1215         0.0066         0.1254         0.0068         0.0000
         1.8400         0.1309         0.0076         0.1378         0.0071         0.0000
         1.8800         0.1395         0.0084         0.1469         0.0074         0.0000
         1.9200         0.1488         0.0082         0.1551         0.0079         0.0000
         1.9600         0.1588         0.0088         0.1689         0.0094         0.0000
         2.0000         0.1670         0.0090         0.1802         0.0091         0.0000
         2.0400         0.1710         0.0092         0.1952         0.0097         0.0000
         2.0800         0.1820         0.0096         0.2033         0.0087         0.0000
         2.1200         0.1911         0.0096         0.2129         0.0090         0.0000
         2.1600         0.1991         0.0093         0.2355         0.0089         0.0000
         2.2000         0.2129         0.0098         0.2493         0.0096         0.0000
         2.2400         0.2218         0.0093         0.2607         0.0097         0.0000
         2.2800         0.2324         0.0104         0.2757         0.0101         0.0000
         2.3200         0.2468         0.0106         0.2905         0.0099         0.0000
         2.3600         0.2608         0.0111         0.3111         0.0105         0.0000
         2.4000         0.2747         0.0111         0.3216         0.0118         0.0000
         2.4400         0.2823         0.0106         0.3327         0.0124         0.0000
         2.4800         0.2916         0.0114         0.3458         0.0131         0.0000
         2.5200         0.3088         0.0128         0.3606         0.0125         0.0000
         2.5600         0.3143         0.0134         0.3759         0.0133         0.0000
         2.6000         0.3284         0.0139         0.3919         0.0140         0.0000
         2.6400         0.3463         0.0149         0.4126         0.0146         0.0000
         2.6800         0.3630         0.0157         0.4281         0.0143         0.0000
         2.7200         0.3791         0.0172         0.4427         0.0159         0.0000
         2.7600         0.3994         0.0179         0.4614         0.0159         0.0000
         2.8000         0.4200         0.0196         0.4795         0.0135         0.0000
         2.8400         0.4348         0.0169         0.4935         0.0161         0.0000
         2.8800         0.4551         0.0171         0.5025         0.0135         0.0000
         2.9200         0.4751         0.0177         0.5149         0.0131         0.0000
         2.9600         0.4905         0.0189         0.5304         0.0129         0.0000
         3.0000         0.5084         0.0194         0.5484         0.0132         0.0000
         3.0400         0.5244         0.0191         0.5779         0.0136         0.0000
         3.0800         0.5452         0.0234         0.6015         0.0189         0.0000
         3.1200         0.5614         0.0216         0.6203         0.0174         0.0000
         3.1600         0.5880         0.0217         0.6476         0.0177         0.0000
         3.2000         0.6070         0.0204         0.6707         0.0181         0.0000
         3.2400         0.6277         0.0256         0.6957         0.0181         0.0000
         3.2800         0.6385         0.0231         0.7111         0.0204         0.0000
         3.3200         0.6675         0.0210         0.7365         0.0210         0.0000
         3.3600         0.6824         0.0163         0.7572         0.0238         0.0000
         3.4000         0.6977         0.0156         0.7701         0.0265         0.0000
         3.4400         0.7130         0.0165         0.7957         0.0287         0.0000
         3.4800         0.7269         0.0176         0.8234         0.0307         0.0000
         3.5200         0.7427         0.0174         0.8600         0.0274         0.0000
         3.5600         0.7493         0.0174         0.8827         0.0293         0.0000
         3.6000         0.7654         0.0191         0.9132         0.0348         0.0000
         3.6400         0.7840         0.0188         0.9327         0.0348         0.0000
         3.6800         0.8120         0.0180         0.9570         0.0383         0.0000
         3.7200         0.8292         0.0177         0.9845         0.0423         0.0000
         3.7600         0.8617         0.0207         1.0024         0.0388         0.0000
         3.8000         0.8767         0.0184         1.0355         0.0383         0.0000
         3.8400         0.8982         0.0200         1.0707         0.0360         0.0000
         3.8800         0.9094         0.0189         1.1068         0.0352         0.0000
         3.9200         0.9399         0.0191         1.1277         0.0358         0.0000
         3.9600         0.9534         0.0183         1.1622         0.0370         0.0000
         4.0000         0.9605         0.0189         1.1800         0.0329         0.0000
         4.0400         0.9820         0.0173         1.2148         0.0337         0.0000
         4.0800         1.0110         0.0186         1.2436         0.0241         0.0000
         4.1200         1.0263         0.0196         1.2784         0.0251         0.0000
         4.1600         1.0559         0.0187         1.3237         0.0247         0.0000
         4.2000         1.0817         0.0193         1.3522         0.0479         0.0000
         4.2400         1.0995         0.0193         1.3851         0.0319         0.0000
         4.2800         1.1216         0.0180         1.4079         0.0277         0.0000
         4.3200         1.1355         0.0187         1.4476         0.0293         0.0000
         4.3600         1.1567         0.0189         1.4874         0.0292         0.0000
         4.4000         1.1767         0.0181         1.5170         0.0272         0.0000
         4.4400         1.1920         0.0174         1.5455         0.0249         0.0000
         4.4800         1.2130         0.0185         1.5918         0.0445         0.0000
         4.5200         1.2214         0.0183         1.6264         0.0362         0.0000
         4.5600         1.2492         0.0191         1.6725         0.0381         0.0000
         4.6000         1.2584         0.0188         1.7121         0.0300         0.0000
         4.6400         1.2843         0.0206         1.7435         0.0389         0.0000
         4.6800         1.3188         0.0205         1.7772         0.0378         0.0000
         4.7200         1.3324         0.0211         1.8279         0.0355         0.0000
         4.7600         1.3465         0.0209         1.8707         0.0380         0.0000
         4.8000         1.3712         0.0221         1.9225         0.0383         0.0000
         4.8400         1.3771         0.0237         1.9767         0.0383         0.0000
         4.8800         1.4118         0.0231         2.0116         0.0382         0.0000
         4.9200         1.4310         0.0219         2.0655         0.0352         0.0000
         4.9600         1.4455         0.0239         2.1278         0.0329         0.0000
         5.0000         1.4642         0.0255         2.1637         0.0288         0.0000
         5.0400         1.4829         0.0244         2.2045         0.0335         0.0000
         5.0800         1.5006         0.0247         2.2722         0.0359         0.0000
         5.1200         1.5218         0.0245         2.3235         0.0346         0.0000
         5.1600         1.5400         0.0240         2.3781         0.0388         0.0000
         5.2000         1.5647         0.0222         2.4443         0.0401         0.0000
         5.2400         1.5771         0.0231         2.4979         0.0430         0.0000
         5.2800         1.6069         0.0243         2.5633         0.0423         0.0000
         5.3200         1.6122         0.0261         2.6216         0.0439         0.0000
         5.3600         1.6412         0.0269         2.6904         0.0426         0.0000
         5.4000         1.6537         0.0262         2.7671         0.0436         0.0000
         5.4400         1.6561         0.0267         2.8334         0.0472         0.0000
         5.4800         1.6723         0.0327         2.8919         0.0478         0.0000
         5.5200         1.6856         0.0320         2.9296         0.0492         0.0000
         5.5600         1.7065         0.0316         2.9940         0.0495         0.0000
         5.6000         1.7158         0.0325         3.0572         0.0588         0.0000
         5.6400         1.7133         0.0320         3.1176         0.0600         0.0000
         5.6800         1.7091         0.0291         3.2172         0.0656         0.0000
         5.7200         1.7179         0.0249         3.2952         0.0737         0.0000
         5.7600         1.7019         0.0235         3.3637         0.0729         0.0000
         5.8000         1.7038         0.0244         3.4317         0.0744         0.0000
         5.8400         1.7079         0.0227         3.4908         0.0751         0.0000
         5.8800         1.6963         0.0226         3.5664         0.0762         0.0021
         5.9200         1.6918         0.0220         3.6462         0.0731         0.0339
         5.9600         1.6907         0.0223         3.7216         0.0649         0.1937
         6.0000         1.6591         0.0215         3.8014         0.0672         0.5693
         6.0400         1.6341         0.0232         0.0471         0.0017         1.1036
         6.0800         1.6170         0.0248         0.0836         0.0029         1.6517
         6.1200         1.5889         0.0318         0.1273         0.0045         2.1073
         6.1600         1.5756         0.0332         0.1660         0.0058         2.4386
         6.2000         1.5546         0.0255         0.2000         0.0062         2.6595
         6.2400         1.5552         0.0264         0.2364         0.0070         2.7989
         6.2800         1.5499         0.0259         0.2748         0.0092         2.8836
         6.3200         1.5412         0.0270         0.3061         0.0113         2.9337
         6.3600         1.5410         0.0259         0.3439         0.0121         2.9628
         6.4000         1.5254         0.0273         0.3834         0.0142         2.9794
         6.4400         1.5199         0.0286         0.4051         0.0139         2.9887
         6.4800         1.5299         0.0285         0.4365         0.0142         2.9939
         6.5200         1.5369         0.0284         0.4725         0.0155         2.9967
         6.5600         1.5398         0.0295         0.5035         0.0124         2.9983
         6.6000         1.5614         0.0299         0.5412         0.0138         2.9991
         6.6400         1.5739         0.0300         0.5661         0.0133         2.9995
         6.6800         1.5845         0.0305         0.5980         0.0143         2.9998
         6.7200         1.5948         0.0302         0.6286         0.0151         2.9999
         6.7600         1.5859         0.0307         0.6534         0.0153         2.9999
         6.8000         1.5853         0.0296         0.6813         0.0162         3.0000
         6.8400         1.5848         0.0291         0.7116         0.0162         3.0000
         6.8800         1.5882         0.0275         0.7302         0.0166         3.0000
         6.9200         1.5972         0.0311         0.7574         0.0175         3.0000
         6.9600         1.6161         0.0335         0.7760         0.0223         3.0000
         7.0000         1.6321         0.0314         0.7998         0.0224         3.0000
         7.0400         1.6501         0.0303         0.8231         0.0266         3.0000
         7.0800         1.6370         0.0278         0.8554         0.0276         3.0000
         7.1200         1.6431         0.0298         0.8927         0.0248         3.0000
         7.1600         1.6705         0.0306         0.9100         0.0169         3.0000
         7.2000         1.6829         0.0323         0.9403         0.0168         3.0000
         7.2400         1.6876         0.0305         0.9792         0.0166         3.0000
         7.2800         1.7041         0.0253         1.0029         0.0172         3.0000
         7.3200         1.7150         0.0254         1.0315         0.0175         3.0000
         7.3600         1.7221         0.0254         1.0540         0.0185         3.0000
         7.4000         1.7304         0.0257         1.0707         0.0195         3.0000
         7.4400         1.7443         0.0276         1.1042         0.0212         3.0000
         7.4800         1.7494         0.0297         1.1194         0.0227         3.0000
         7.5200         1.7731         0.0295         1.1317         0.0229         3.0000
         7.5600         1.7944         0.0293         1.1514         0.0215         3.0000
         7.6000         1.8098         0.0294         1.1779         0.0236         3.0000
         7.6400         1.8238         0.0296         1.2062         0.0268         3.0000
         7.6800         1.8489         0.0304         1.2346         0.0263         3.0000
         7.7200         1.8760         0.0293         1.2704         0.0232         3.0000
         7.7600         1.8954         0.0288         1.2986         0.0263         3.0000
         7.8000         1.9175         0.0299         1.3353         0.0325         3.0000
         7.8400         1.9328         0.0311         1.3695         0.0346         3.0000
         7.8800         1.9557         0.0304         1.4032         0.0349         3.0000
         7.9200         1.9726         0.0320         1.4273         0.0331         3.0000
         7.9600         2.0046         0.0340         1.4462         0.0367         3.0000
         8.0000         2.0097         0.0347         1.4724         0.0292         3.0000
         8.0400         2.0062         0.0346         1.4766         0.0304         3.0000
         8.0800         2.0308         0.0340         1.5005         0.0260         3.0000
         8.1200         2.0481         0.0350         1.5210         0.0259         3.0000
         8.1600         2.0790         0.0338         1.5388         0.0250         3.0000
         8.2000         2.1041         0.0332         1.5506         0.0236         3.0000
         8.2400         2.1246         0.0309         1.5705         0.0229         3.0000
         8.2800         2.1586         0.0325         1.5859         0.0217         3.0000
         8.3200         2.1795         0.0342         1.6184         0.0216         3.0000
         8.3600         2.2006         0.0346         1.6324         0.0241         3.0000
         8.4000         2.2117         0.0352         1.6631         0.0309         3.0000
         8.4400         2.2404         0.0331         1.6700         0.0300         3.0000
         8.4800         2.2705         0.0343         1.6786         0.0338         3.0000
         8.5200         2.2878         0.0369         1.7032         0.0267         3.0000
         8.5600         2.3272         0.0373         1.7100         0.0267         3.0000
         8.6000         2.3646         0.0354         1.7199         0.0273         3.0000
         8.6400         2.3809         0.0350         1.7443         0.0264         3.0000
         8.6800         2.4245         0.0301         1.7612         0.0253         3.0000
         8.7200         2.4624         0.0302         1.7707         0.0248         3.0000
         8.7600         2.5164         0.0322         1.7873         0.0246         3.0000
         8.8000         2.5364         0.0305         1.7962         0.0236         3.0000
         8.8400         2.5516         0.0329         1.8245         0.0224         3.0000
         8.8800         2.5911         0.0349         1.8316         0.0224         3.0000
         8.9200         2.6276         0.0360         1.8485         0.0227         3.0000
         8.9600         2.6514         0.0381         1.8528         0.0228         3.0000
         9.0000         2.6913         0.0349         1.8643         0.0217         3.0000
         9.0400         2.7205         0.0341         1.8623         0.0271         3.0000
         9.0800         2.7592         0.0364         1.8821         0.0263         3.0000
         9.1200         2.7955         0.0360         1.8738         0.0243         3.0000
         9.1600         2.8455         0.0371         1.8783         0.0243         3.0000
         9.2000         2.8874         0.0378         1.8771         0.0235         3.0000
         9.2400         2.9190         0.0386         1.8902         0.0239         3.0000
         9.2800         2.9701         0.0407         1.8924         0.0249         3.0000
         9.3200         3.0153         0.0425         1.8940         0.0284         3.0000
         9.3600         3.0581         0.0396         1.8835         0.0273         3.0000
         9.4000         3.1056         0.0333         1.8809         0.0299         3.0000
         9.4400         3.1561         0.0427         1.8715         0.0316         3.0000
         9.4800         3.2413         0.0378         1.8556         0.0338         3.0000
         9.5200         3.2758         0.0474         1.8471         0.0362         3.0000
         9.5600         3.3384         0.0513         1.8262         0.0367         3.0000
         9.6000         3.4020         0.0538         1.8138         0.0364         3.0000
         9.6400         3.4378         0.0513         1.7989         0.0363         3.0000
         9.6800         3.4954         0.0508         1.7908         0.0347         3.0000
         9.7200         3.5438         0.0490         1.7908         0.0409         3.0000
         9.7600         3.6010         0.0486         1.7681         0.0417         3.0000
         9.8000         3.6592         0.0488         1.7627         0.0437         3.0000
         9.8400         3.7153         0.0406         1.7511         0.0457         3.0000
         9.8800         3.7775         0.0384         1.7398         0.0442         3.0000
         9.9200         3.8184         0.0392         1.7197         0.0446         3.0000
         9.9600         3.8648         0.0451         1.7037         0.0394         3.0000
        10.0000         3.9186         0.0506         1.6779         0.0373         3.0000
        10.0400         3.9875         0.0495         1.6625         0.0285         3.0000
        10.0800         4.0655         0.0494         1.6359         0.0385         3.0000
        10.1200         4.1492         0.0496         1.5943         0.0364         3.0000
        10.1600         4.2082         0.0500         1.5547         0.0316         3.0000
        10.2000         4.2656         0.0497         1.5147         0.0253         3.0000
        10.2400         4.3846         0.0497         1.4861         0.0243         3.0000
        10.2800         4.4829         0.0521         1.4399         0.0235         3.0000
        10.3200         4.5900         0.0618         1.3963         0.0268         2.9999
        10.3600         4.6689         0.0637         1.3627         0.0263         2.9999
        10.4000         4.7642         0.0639         1.3092         0.0218         2.9998
        10.4400         4.8645         0.0567         1.2654         0.0206         2.9995
        10.4800         4.9590         0.0557         1.2173         0.0179         2.9991
        10.5200         5.0629         0.0463         1.1605         0.0180         2.9983
        10.5600         5.1835         0.0432         1.0974         0.0180         2.9967
        10.6000         5.3115         0.0435         1.0338         0.0177         2.9939
        10.6400         5.4253         0.0485         0.9690         0.0157         2.9887
        10.6800         5.5582         0.0489         0.9063         0.0149         2.9794
        10.7200         5.6733         0.0554         0.8274         0.0148         2.9628
        10.7600         5.8149         0.0537         0.7427         0.0138         2.9337
        10.8000         5.9778         0.0557         0.6553         0.0127         2.8836
        10.8400         6.1136         0.0517         0.5635         0.0115         2.7989
        10.8800         6.2767         0.0475         0.4680         0.0095         2.6595
        10.9200         6.4061         0.0490         0.3664         0.0075         2.4386
        10.9600         6.5640         0.0502         0.2539         0.0052         2.1073
        11.0000         6.7492         0.0674         0.1392         0.0027         1.6517
        11.0400         6.9515         0.0620        12.5934         0.0793         1.1036
        11.0800         7.1252         0.0691        12.5323         0.0812         0.5693
        11.1200         7.2632         0.0761        12.5126         0.0861         0.1937
        11.1600         7.4212         0.0546        12.4637         0.0763         0.0339
        11.2000         7.5909         0.0566        12.4301         0.0859         0.0021
        11.2400         7.7649         0.0930        12.3968         0.0860         0.0000
        11.2800         7.8964         0.0851        12.4052         0.0786         0.0000
        11.3200         8.0163         0.0842        12.4022         0.0742         0.0000
        11.3600         8.1524         0.0801        12.3910         0.0736         0.0000
        11.4000         8.3324         0.0813        12.4121         0.0708         0.0000
        11.4400         8.4673         0.0888        12.4332         0.0836         0.0000
        11.4800         8.6434         0.0909        12.4481         0.0848         0.0000
        11.5200         8.7699         0.0881        12.4043         0.0701         0.0000
        11.5600         8.9388         0.0940        12.4145         0.0824         0.0000
        11.6000         9.0865         0.0921        12.4462         0.0929         0.0000
        11.6400         9.2422         0.0914        12.4810         0.0877         0.0000
        11.6800         9.3467         0.0923        12.4893         0.0846         0.0000
        11.7200         9.4902         0.1002        12.5437         0.0927         0.0000
        11.7600         9.6277         0.0975        12.5644         0.0879         0.0000
        11.8000         9.7827         0.1196        12.5860         0.0832         0.0000
        11.8400         9.8884         0.0999        12.5922         0.0898         0.0000
        11.8800        10.0401         0.1023        12.6332         0.0922         0.0000
        11.9200        10.1583         0.1074        12.6260         0.0861         0.0000
        11.9600        10.2945         0.1086        12.7022         0.0920         0.0000
        12.0000        10.4602         0.1080        12.6990         0.0753         0.0000
        12.0400        10.5792         0.1090        12.7075         0.0604         0.0000
        12.0800        10.7210         0.1123        12.7377         0.0714         0.0000
        12.1200        10.8327         0.1142        12.7926         0.0760         0.0000
        12.1600        10.9417         0.1131        12.8341         0.0756         0.0000
        12.2000        11.0582         0.1135        12.9240         0.0801         0.0000
        12.2400        11.1864         0.1103        12.9892         0.0812         0.0000
        12.2800        11.2912         0.1031        13.0205         0.0913         0.0000
        12.3200        11.3987         0.1034        13.1087         0.1003         0.0000
        12.3600        11.5430         0.0941        13.1669         0.0946         0.0000
        12.4000        11.6427         0.0901        13.2754         0.0912         0.0000
        12.4400        11.7505         0.0957        13.3692         0.0840         0.0000
        12.4800        11.8582         0.0793        13.4049         0.0834         0.0000
        12.5200        11.9637         0.0838        13.4352         0.1028         0.0000
        12.5600        12.0785         0.0787        13.4855         0.0954         0.0000
        12.6000        12.1512         0.0978        13.5253         0.0929         0.0000
        12.6400        12.2440         0.1016        13.6212         0.0912         0.0000
        12.6800        12.3898         0.1020        13.6922         0.0939         0.0000
        12.7200        12.5340         0.1028        13.7661         0.0965         0.0000
        12.7600        12.6439         0.1000        13.8265         0.0893         0.0000
        12.8000        12.7961         0.0955        13.8703         0.0877         0.0000
        12.8400        12.8658         0.0959        13.9534         0.0811         0.0000
        12.8800        13.0034         0.0955        14.0102         0.0824         0.0000
        12.9200        13.1288         0.0927        14.0645         0.0854         0.0000
        12.9600        13.2407         0.0883        14.1518         0.0808         0.0000
        13.0000        13.3683         0.0922        14.2183         0.0884         0.0000
        13.0400        13.4927         0.0926        14.2626         0.0755         0.0000
        13.0800        13.5835         0.0916        14.3144         0.0763         0.0000
        13.1200        13.7125         0.0924        14.3560         0.0785         0.0000
        13.1600        13.8428         0.0901        14.4536         0.0865         0.0000
        13.2000        13.9625         0.0874        14.5188         0.1064         0.0000
        13.2400        14.0818         0.0799        14.5985         0.0957         0.0000
        13.2800        14.1608         0.0802        14.6727         0.0792         0.0000
        13.3200        14.2825         0.0737        14.7570         0.0809         0.0000
        13.3600        14.4002         0.0663        14.8237         0.0869         0.0000
        13.4000        14.4607         0.0660        14.9067         0.0785         0.0000
        13.4400        14.5824         0.0697        14.9791         0.0752         0.0000
        13.4800        14.6925         0.0685        15.0261         0.0789         0.0000
        13.5200        14.7989         0.0754        15.1141         0.0803         0.0000
        13.5600        14.9192         0.0743        15.2418         0.0761         0.0000
        13.6000        15.0140         0.0707        15.3495         0.0708         0.0000
        13.6400        15.1291         0.0723        15.4450         0.0736         0.0000
        13.6800        15.2594         0.0721        15.5654         0.0744         0.0000
        13.7200        15.3481         0.0802        15.6581         0.0710         0.0000
        13.7600        15.4440         0.0774        15.7289         0.0778         0.0000
        13.8000        15.4779         0.0755        15.8353         0.0800         0.0000
        13.8400        15.5711         0.0776        15.9013         0.0835         0.0000
        13.8800        15.6966         0.0813        15.9713         0.0758         0.0000
        13.9200        15.8349         0.0810        16.0791         0.0750         0.0000
        13.9600        15.9451         0.0829        16.1563         0.0687         0.0000
        14.0000        16.0266         0.0924        16.2513         0.0750         0.0000
        14.0400        16.1417         0.0899        16.3298         0.0772         0.0000
        14.0800        16.2468         0.0955        16.4804         0.0816         0.0000
        14.1200        16.3226         0.0924        16.5619         0.0809         0.0000
        14.1600        16.4129         0.0966        16.6357         0.0803         0.0000
        14.2000        16.5251         0.0877        16.7643         0.0802         0.0000
        14.2400        16.6629         0.1045        16.8943         0.0818         0.0000
        14.2800        16.7487         0.1000        16.9814         0.0893         0.0000
        14.3200        16.8442         0.1018        17.0945         0.1042         0.0000
        14.3600        16.9213         0.1092        17.1676         0.0930         0.0000
        14.4000        17.0213         0.1053        17.2985         0.1256         0.0000
        14.4400        17.0914         0.1051        17.4041         0.1070         0.0000
        14.4800        17.2113         0.1077        17.4750         0.1209         0.0000
        14.5200        17.2960         0.1110        17.5212         0.0980         0.0000
        14.5600        17.3980         0.1138        17.6151         0.0981         0.0000
        14.6000        17.4243         0.1032        17.7160         0.1082         0.0000
        14.6400        17.5645         0.1041        17.7524         0.1075         0.0000
        14.6800        17.5956         0.1053        17.8048         0.1108         0.0000
        14.7200        17.7049         0.1043        17.9289         0.1086         0.0000
        14.7600        17.8047         0.1077        18.0023         0.0917         0.0000
        14.8000        17.8681         0.1145        18.0621         0.0873         0.0000
        14.8400        18.0016         0.1170        18.1868         0.0855         0.0000
        14.8800        18.1287         0.1145        18.2552         0.0830         0.0000
        14.9200        18.2174         0.1136        18.3673         0.0857         0.0000
        14.9600        18.2759         0.1120        18.4654         0.0834         0.0000
        15.0000        18.3618         0.0930        18.5926         0.0778         0.0000
        15.0400        18.4726         0.0843        18.7207         0.0752         0.0000
        15.0800        18.5661         0.1004        18.8707         0.0783         0.0000
        15.1200        18.6313         0.1098        18.9539         0.0783         0.0000
        15.1600        18.7817         0.1183        19.0740         0.0784         0.0000
        15.2000        18.8757         0.1194        19.2124         0.0788         0.0000
        15.2400        18.9570         0.1145        19.3103         0.0857         0.0000
        15.2800        19.0655         0.1208        19.4018         0.0928         0.0000
        15.3200        19.1631         0.1025        19.5257         0.0938         0.0000
        15.3600        19.2739         0.0877        19.6200         0.0877         0.0000
        15.4000        19.3869         0.0887        19.7792         0.0843         0.0000
        15.4400        19.5156         0.0980        19.9104         0.0885         0.0000
        15.4800        19.6333         0.0974        19.9761         0.0907         0.0000
        15.5200        19.7645         0.1090        20.0814         0.0910         0.0000
        15.5600        19.8866         0.0994        20.1648         0.0929         0.0000
        15.6000        19.9833         0.1021        20.2790         0.0937         0.0000
        15.6400        20.0948         0.0975        20.3851         0.0872         0.0000
        15.6800        20.2593         0.0995        20.5130         0.0879         0.0000
        15.7200        20.3330         0.1051        20.6118         0.0911         0.0000
        15.7600        20.4245         0.1077        20.6830         0.0900         0.0000
        15.8000        20.5617         0.1121        20.7740         0.0896         0.0000
        15.8400        20.6566         0.1035        20.9128         0.0913         0.0000
        15.8800        20.7810         0.0901        21.0144         0.0836         0.0000
        15.9200        20.8429         0.0904        21.1890         0.1061         0.0000
        15.9600        21.0233         0.0998        21.3505         0.0843         0.0000
        16.0000        21.1973         0.1100        21.4587         0.1004         0.0000
        16.0400        21.3154         0.1062        21.5374         0.1030         0.0000
        16.0800        21.4696         0.0999        21.6663         0.0921         0.0000
        16.1200        21.5421         0.0994        21.7966         0.1295         0.0000
        16.1600        21.7020         0.1079        21.8926         0.1468         0.0000
        16.2000        21.8052         0.1087        21.9911         0.1393         0.0000
        16.2400        21.9646         0.1053        22.1179         0.1391         0.0000
        16.2800        22.0453         0.1138        22.2079         0.1415         0.0000
        16.3200        22.2007         0.1110        22.2784         0.1062         0.0000
        16.3600        22.3013         0.1230        22.4226         0.1010         0.0000
        16.4000        22.3972         0.1398        22.5196         0.1384         0.0000
        16.4400        22.4884         0.1370        22.6351         0.1413         0.0000
        16.4800        22.6038         0.1232        22.7473         0.1621         0.0000
        16.5200        22.6631         0.1300        22.9307         0.1155         0.0000
        16.5600        22.7785         0.1369        23.0744         0.1124         0.0000
        16.6000        22.8593         0.1429        23.1824         0.1223         0.0000
        16.6400        22.9821         0.1455        23.3402         0.1169         0.0000
        16.6800        23.0815         0.1517        23.4417         0.1191         0.0000
        16.7200        23.2018         0.1850        23.5379         0.1186         0.0000
        16.7600        23.3229         0.1696        23.5851         0.1248         0.0000
        16.8000        23.4591         0.1653        23.7087         0.1264         0.0000
        16.8400        23.5336         0.1633        23.7947         0.1234         0.0000
        16.8800        23.6719         0.1346        23.9332         0.1197         0.0000
        16.9200        23.7531         0.1355        24.0299         0.1311         0.0000
        16.9600        23.8225         0.1235        24.2003         0.1252         0.0000
        17.0000        23.8737         0.1292        24.3222         0.1117         0.0000
        17.0400        23.9329         0.1291        24.4869         0.1091         0.0000
        17.0800        24.0508         0.1395        24.5403         0.1168         0.0000
        17.1200        24.1258         0.1315        24.7330         0.1181         0.0000
        17.1600        24.3050         0.1155        24.8502         0.1146         0.0000
        17.2000        24.4462         0.1175        24.9510         0.1092         0.0000
        17.2400        24.5954         0.1011        25.0254         0.1162         0.0000
        17.2800        24.7171         0.0876        25.1297         0.1117         0.0000
        17.3200        24.8183         0.0910        25.3389         0.1253         0.0000
        17.3600        24.9112         0.0857        25.4840         0.1383         0.0000
        17.4000        24.9908         0.0810        25.6142         0.1008         0.0000
        17.4400        25.1344         0.0756        25.7352         0.1036         0.0000
        17.4800        25.2637         0.0841        25.7971         0.1096         0.0000
        17.5200        25.3840         0.0805        25.9294         0.1352         0.0000
        17.5600        25.5333         0.0844        26.0285         0.1430         0.0000
        17.6000        25.6610         0.0773        26.1141         0.1504         0.0000
        17.6400        25.7533         0.0789        26.2254         0.1147         0.0000
        17.6800        25.9105         0.0795        26.2933         0.1453         0.0000
        17.7200        26.0783         0.0862        26.3664         0.1404         0.0000
        17.7600        26.2311         0.0937        26.4787         0.1450         0.0000
        17.8000        26.3549         0.0905        26.6591         0.1250         0.0000
        17.8400        26.4350         0.0858        26.7279         0.1215         0.0000
        17.8800        26.5898         0.0776        26.8406         0.1308         0.0000
        17.9200        26.7336         0.0769        26.9632         0.1119         0.0000
        17.9600        26.8670         0.0776        27.0989         0.1332         0.0000
        18.0000        26.9638         0.0905        27.2040         0.1043         0.0000
        18.0400        27.1451         0.0953        27.2790         0.1050         0.0000
        18.0800        27.3573         0.0843        27.3905         0.1228         0.0000
        18.1200        27.4714         0.0882        27.4713         0.1086         0.0000
        18.1600        27.6470         0.0987        27.6075         0.1297         0.0000
        18.2000        27.7743         0.0970        27.7843         0.1256         0.0000
        18.2400        27.8743         0.1026        27.8907         0.1240         0.0000
        18.2800        28.0080         0.0908        27.9851         0.1229         0.0000
        18.3200        28.1364         0.0961        28.0976         0.1170         0.0000
        18.3600        28.2575         0.0977        28.2194         0.1176         0.0000
        18.4000        28.4288         0.0970        28.3300         0.1105         0.0000
        18.4400        28.5922         0.1029        28.4452         0.1125         0.0000
        18.4800        28.7367         0.1107        28.5117         0.1168         0.0000
        18.5200        28.8687         0.1211        28.6375         0.1242         0.0000
        18.5600        29.0292         0.1006        28.8018         0.1271         0.0000
        18.6000        29.1440         0.1260        28.9272         0.1084         0.0000
        18.6400        29.2617         0.1274        29.1024         0.1023         0.0000
        18.6800        29.3824         0.1043        29.2528         0.1221         0.0000
        18.7200        29.5748         0.1009        29.3841         0.1173         0.0000
        18.7600        29.7049         0.0943        29.6192         0.1041         0.0000
        18.8000        29.7656         0.1043        29.7224         0.1033         0.0000
        18.8400        29.9126         0.1117        29.8201         0.1260         0.0000
        18.8800        30.0097         0.1144        29.9599         0.1208         0.0000
        18.9200        30.0735         0.1115        30.0882         0.1038         0.0000
        18.9600        30.1552         0.1141        30.2267         0.0935         0.0000
        19.0000        30.2628         0.1181        30.3790         0.1139         0.0000
        19.0400        30.3396         0.1207        30.5132         0.1175         0.0000
        19.0800        30.4331         0.1151        30.6473         0.1300         0.0000
        19.1200        30.5642         0.1175        30.8057         0.1400         0.0000
        19.1600        30.6842         0.1223        30.9667         0.1476         0.0000
        19.2000        30.7673         0.1139        31.1502         0.1580         0.0000
        19.2400        30.8916         0.1534        31.3306         0.1613         0.0000
        19.2800        31.0229         0.1548        31.4814         0.1608         0.0000
        19.3200        31.1055         0.1650        31.6320         0.1478         0.0000
        19.3600        31.2319         0.1862        31.7685         0.1677         0.0000
        19.4000        31.3584         0.1926        31.8770         0.1626         0.0000
        19.4400        31.5753         0.1991        31.9962         0.1623         0.0000
        19.4800        31.6140         0.1982        32.0894         0.1823         0.0000
        19.5200        31.7143         0.2119        32.2012         0.1856         0.0000
        19.5600        31.8354         0.2104        32.4021         0.1962         0.0000
        19.6000        31.9799         0.1922        32.5366         0.2133         0.0000
        19.6400        32.1493         0.2171        32.6136         0.2267         0.0000
        19.6800        32.3282         0.2197        32.6988         0.2341         0.0000
        19.7200        32.4449         0.2174        32.8776         0.2405         0.0000
        19.7600        32.5520         0.2177        32.9797         0.2323         0.0000
        19.8000        32.6990         0.2179        33.0845         0.2401         0.0000
        19.8400        32.8602         0.2120        33.1923         0.2514         0.0000
        19.8800        33.0133         0.2093        33.2906         0.2526         0.0000
        19.9200        32.9718         0.2055        33.2594         0.2440         0.0000
        19.9600        30.9704         0.1959        31.2643         0.2421         0.0000
        20.0000        23.0001         0.1302        23.1993         0.1788         0.0000
