   8.0000004E-002   0.0000000E+000   0.0000000E+000   0.0000000E+000   0.0000000E+000
   1.2000000E-001   0.0000000E+000   0.0000000E+000   0.0000000E+000   0.0000000E+000
   1.6000001E-001   0.0000000E+000   0.0000000E+000   0.0000000E+000   0.0000000E+000
   2.0000000E-001   0.0000000E+000   0.0000000E+000   0.0000000E+000   0.0000000E+000
   2.4000000E-001   0.0000000E+000   0.0000000E+000   0.0000000E+000   0.0000000E+000
   2.8000001E-001   0.0000000E+000   0.0000000E+000   0.0000000E+000   0.0000000E+000
   3.2000002E-001   0.0000000E+000   0.0000000E+000   0.0000000E+000   0.0000000E+000
   3.5999998E-001   0.0000000E+000   0.0000000E+000   0.0000000E+000   0.0000000E+000
   3.9999999E-001   0.0000000E+000   0.0000000E+000   0.0000000E+000   0.0000000E+000
   4.4000000E-001   0.0000000E+000   0.0000000E+000   0.0000000E+000   0.0000000E+000
   4.8000000E-001   0.0000000E+000   0.0000000E+000   0.0000000E+000   0.0000000E+000
   5.2000001E-001   0.0000000E+000   0.0000000E+000   0.0000000E+000   0.0000000E+000
   5.6000002E-001   0.0000000E+000   0.0000000E+000   0.0000000E+000   0.0000000E+000
   5.9999999E-001   0.0000000E+000   0.0000000E+000   0.0000000E+000   0.0000000E+000
   6.4000003E-001   0.0000000E+000   0.0000000E+000   0.0000000E+000   0.0000000E+000
   6.8000004E-001   0.0000000E+000   0.0000000E+000   0.0000000E+000   0.0000000E+000
   7.1999997E-001   0.0000000E+000   0.0000000E+000   0.0000000E+000   0.0000000E+000
   7.5999998E-001   0.0000000E+000   0.0000000E+000   0.0000000E+000   0.0000000E+000
   7.9999998E-001   0.0000000E+000   0.0000000E+000   0.0000000E+000   0.0000000E+000
   8.3999999E-001   0.0000000E+000   0.0000000E+000   0.0000000E+000   0.0000000E+000
   8.8000000E-001   0.0000000E+000   0.0000000E+000   0.0000000E+000   0.0000000E+000
   9.2000000E-001   0.0000000E+000   0.0000000E+000   0.0000000E+000   0.0000000E+000
   9.6000001E-001   0.0000000E+000   0.0000000E+000   0.0000000E+000   0.0000000E+000
   1.0000000E+000   0.0000000E+000   0.0000000E+000   0.0000000E+000   0.0000000E+000
   1.0400000E+000   1.6930188E-005   1.9734612E-006   1.6033870E-005   2.3565825E-006
   1.0800000E+000   3.3395498E-005   3.6730271E-006   3.2012527E-005   3.5927473E-006
   1.1200000E+000   5.3936514E-005   5.6900373E-006   4.9741295E-005   5.3510432E-006
   1.1600000E+000   7.0934354E-005   7.1049089E-006   6.9494961E-005   7.9585425E-006
   1.2000000E+000   9.3741619E-005   8.3955997E-006   8.8555872E-005   8.1577271E-006
   1.2400000E+000   1.1529478E-004   1.0185152E-005   1.1472841E-004   1.0563743E-005
   1.2800001E+000   1.3246207E-004   1.2914694E-005   1.4417440E-004   1.2412616E-005
   1.3200000E+000   1.5558236E-004   1.4265102E-005   1.6235312E-004   1.3998911E-005
   1.3600001E+000   1.8360648E-004   1.8414863E-005   1.8643660E-004   1.5496639E-005
   1.4000000E+000   2.0836690E-004   2.1046558E-005   2.0499850E-004   2.0399965E-005
   1.4399999E+000   2.3691553E-004   2.2559916E-005   2.5145919E-004   2.2372404E-005
   1.4800000E+000   2.6691289E-004   2.4019670E-005   2.7594054E-004   2.5632584E-005
   1.5200000E+000   2.8571450E-004   2.4939625E-005   3.0924286E-004   2.7870041E-005
   1.5600000E+000   3.1454125E-004   2.6687611E-005   3.4341867E-004   2.7684537E-005
   1.6000000E+000   3.4829238E-004   2.6971873E-005   3.7835746E-004   2.9008706E-005
   1.6400000E+000   3.8442366E-004   2.6197530E-005   4.0590282E-004   2.6891746E-005
   1.6800000E+000   4.2188239E-004   2.6598190E-005   4.4104620E-004   2.8802439E-005
   1.7200001E+000   4.6869907E-004   2.8309667E-005   4.9426029E-004   2.8548911E-005
   1.7600000E+000   5.0282216E-004   2.9091982E-005   5.3157325E-004   2.9542936E-005
   1.8000001E+000   5.4713799E-004   2.9537683E-005   5.6686793E-004   3.0002047E-005
   1.8400000E+000   5.9221984E-004   3.3134683E-005   6.1906362E-004   3.2357068E-005
   1.8799999E+000   6.2657876E-004   3.7585984E-005   6.6243204E-004   3.3134031E-005
   1.9200000E+000   6.6084544E-004   3.6064747E-005   6.9826735E-004   3.6300853E-005
   1.9599999E+000   7.1059157E-004   3.9145270E-005   7.6531248E-004   3.9046750E-005
   2.0000000E+000   7.5060925E-004   4.1111104E-005   8.1369806E-004   4.0097947E-005
   2.0400000E+000   7.7062663E-004   4.1048734E-005   8.8737878E-004   4.5224017E-005
   2.0800000E+000   8.1061115E-004   4.1533242E-005   9.2079382E-004   4.2504670E-005
   2.1200000E+000   8.6671448E-004   4.3907654E-005   9.6382478E-004   4.0791466E-005
   2.1600001E+000   8.9523605E-004   4.1815690E-005   1.0572248E-003   3.9828276E-005
   2.2000000E+000   9.5440547E-004   4.3653282E-005   1.1175745E-003   4.1715029E-005
   2.2400001E+000   1.0027478E-003   4.2541327E-005   1.1719023E-003   4.4994620E-005
   2.2800000E+000   1.0368966E-003   4.6257561E-005   1.2474241E-003   4.4662707E-005
   2.3199999E+000   1.1067028E-003   4.6877811E-005   1.2988740E-003   5.4576279E-005
   2.3600000E+000   1.1666243E-003   4.9918350E-005   1.3963254E-003   4.5128635E-005
   2.3999999E+000   1.2445572E-003   4.9764803E-005   1.4412944E-003   5.4776863E-005
   2.4400000E+000   1.2745842E-003   4.9888441E-005   1.4988887E-003   5.6678518E-005
   2.4800000E+000   1.3084876E-003   5.0951095E-005   1.5498555E-003   5.9963911E-005
   2.5200000E+000   1.3950565E-003   5.7637657E-005   1.6337173E-003   5.9051450E-005
   2.5600001E+000   1.4146827E-003   5.6573253E-005   1.6881214E-003   6.0132539E-005
   2.5999999E+000   1.4896746E-003   6.3203565E-005   1.7636886E-003   6.3404366E-005
   2.6400000E+000   1.5719041E-003   6.8336482E-005   1.8647875E-003   6.4911707E-005
   2.6800001E+000   1.6507564E-003   7.2428173E-005   1.9256799E-003   6.5974252E-005
   2.7200001E+000   1.6994938E-003   7.2821078E-005   2.0101477E-003   6.7864249E-005
   2.7599999E+000   1.8085504E-003   8.2011869E-005   2.0839677E-003   7.0078953E-005
   2.8000000E+000   1.8823708E-003   8.6188427E-005   2.1567004E-003   7.1776641E-005
   2.8400001E+000   1.9520060E-003   7.6343728E-005   2.2218556E-003   7.0650263E-005
   2.8799999E+000   2.0396973E-003   7.8500327E-005   2.2660859E-003   6.1745763E-005
   2.9200000E+000   2.1377115E-003   8.0152638E-005   2.3167691E-003   5.9791180E-005
   2.9600000E+000   2.2149335E-003   8.5834107E-005   2.3869999E-003   5.8689567E-005
   3.0000001E+000   2.2867810E-003   9.5367388E-005   2.4713056E-003   6.2075425E-005
   3.0399999E+000   2.3444663E-003   8.7740494E-005   2.5955585E-003   6.2942304E-005
   3.0800000E+000   2.4559202E-003   1.0512684E-004   2.7183815E-003   8.6531822E-005
   3.1200001E+000   2.5376880E-003   9.8449621E-005   2.7997672E-003   7.7447431E-005
   3.1600001E+000   2.6391680E-003   9.9044510E-005   2.9159187E-003   8.0342284E-005
   3.1999999E+000   2.7229294E-003   9.2454979E-005   3.0271936E-003   8.0452775E-005
   3.2400000E+000   2.8157151E-003   9.4838610E-005   3.1280122E-003   7.8719067E-005
   3.2800001E+000   2.8764828E-003   1.0110466E-004   3.2075028E-003   9.1924637E-005
   3.3199999E+000   3.0169281E-003   9.3940354E-005   3.3118746E-003   8.4043371E-005
   3.3600000E+000   3.0800480E-003   7.4531126E-005   3.4183442E-003   1.0848346E-004
   3.4000000E+000   3.1398211E-003   7.1581707E-005   3.4824848E-003   1.1950846E-004
   3.4400001E+000   3.2132224E-003   6.8717349E-005   3.5830261E-003   1.2844022E-004
   3.4799999E+000   3.2503266E-003   7.6874273E-005   3.7193142E-003   1.1737813E-004
   3.5200000E+000   3.3663346E-003   7.7486449E-005   3.8605062E-003   1.2447968E-004
   3.5600001E+000   3.3712496E-003   7.7510222E-005   3.9557528E-003   1.3352941E-004
   3.6000001E+000   3.4445032E-003   8.9704579E-005   4.1158299E-003   1.5732974E-004
   3.6399999E+000   3.5388300E-003   8.0574841E-005   4.1841341E-003   1.5612620E-004
   3.6800000E+000   3.6561782E-003   7.7043489E-005   4.2963528E-003   1.7146558E-004
   3.7200001E+000   3.7403929E-003   7.5670209E-005   4.4345000E-003   1.7396077E-004
   3.7599999E+000   3.8894254E-003   9.4888271E-005   4.5242370E-003   1.7591571E-004
   3.8000000E+000   3.9487912E-003   8.0686785E-005   4.6642219E-003   1.6784465E-004
   3.8400000E+000   4.0273582E-003   8.7457099E-005   4.8105943E-003   1.6148461E-004
   3.8800001E+000   4.0883305E-003   8.5844343E-005   4.9875701E-003   1.4968613E-004
   3.9199999E+000   4.2371241E-003   8.6297608E-005   5.0569127E-003   1.6532994E-004
   3.9600000E+000   4.2952291E-003   8.5566235E-005   5.2241102E-003   1.7086310E-004
   4.0000001E+000   4.3162822E-003   8.5150837E-005   5.3047818E-003   1.4813758E-004
   4.0400001E+000   4.4143365E-003   7.7261407E-005   5.4679725E-003   1.5002754E-004
   4.0799999E+000   4.5577870E-003   8.3647196E-005   5.5956933E-003   1.1990390E-004
   4.1200000E+000   4.6135612E-003   8.8295347E-005   5.7360497E-003   1.1503685E-004
   4.1600001E+000   4.7732447E-003   8.3019595E-005   5.9296252E-003   1.1425699E-004
   4.1999999E+000   4.8672452E-003   8.5160782E-005   6.0814465E-003   1.6368122E-004
   4.2399999E+000   4.9393946E-003   8.3983235E-005   6.2351470E-003   1.4809468E-004
   4.2800000E+000   5.0523053E-003   8.1866491E-005   6.3232366E-003   1.2255272E-004
   4.3200001E+000   5.1271241E-003   8.2972911E-005   6.5278086E-003   1.3422242E-004
   4.3599999E+000   5.2231294E-003   8.4377040E-005   6.6949195E-003   1.3454247E-004
   4.4000000E+000   5.3132651E-003   8.5772223E-005   6.8398239E-003   1.0733920E-004
   4.4400001E+000   5.3602696E-003   7.6515731E-005   6.9804493E-003   1.1057674E-004
   4.4800001E+000   5.4439952E-003   8.4381738E-005   7.1615908E-003   1.6767626E-004
   4.5199999E+000   5.4987449E-003   8.7204631E-005   7.3287392E-003   1.6307252E-004
   4.5600000E+000   5.6143638E-003   8.6630883E-005   7.5606074E-003   1.3734342E-004
   4.6000001E+000   5.6525412E-003   8.7851949E-005   7.6888366E-003   1.7257583E-004
   4.6399999E+000   5.7748782E-003   9.0439681E-005   7.8615151E-003   1.6454094E-004
   4.6799999E+000   5.9124780E-003   9.4309798E-005   8.0080336E-003   1.8203203E-004
   4.7200000E+000   5.9901021E-003   9.3195219E-005   8.2238407E-003   1.7318892E-004
   4.7600001E+000   6.0509142E-003   9.4326198E-005   8.4323205E-003   1.7924736E-004
   4.7999999E+000   6.1815474E-003   9.8244362E-005   8.6367506E-003   1.7375406E-004
   4.8400000E+000   6.1979472E-003   1.0274368E-004   8.9283594E-003   1.6475526E-004
   4.8800001E+000   6.3437190E-003   1.0088015E-004   9.0444489E-003   1.6815011E-004
   4.9200001E+000   6.4297143E-003   9.7135064E-005   9.2807451E-003   1.5940738E-004
   4.9599999E+000   6.5302366E-003   1.0432481E-004   9.5641596E-003   1.4583710E-004
   5.0000000E+000   6.5936608E-003   1.1141860E-004   9.7475918E-003   1.3074523E-004
   5.0400001E+000   6.6660425E-003   1.0714382E-004   9.9428840E-003   1.5712507E-004
   5.0800002E+000   6.7475804E-003   1.0638807E-004   1.0181346E-002   1.6771208E-004
   5.1200002E+000   6.8383848E-003   1.1097337E-004   1.0425245E-002   1.5121183E-004
   5.1599997E+000   6.9326192E-003   1.0005562E-004   1.0679738E-002   1.7255851E-004
   5.1999998E+000   7.0600596E-003   1.0064426E-004   1.1010024E-002   1.7857921E-004
   5.2399999E+000   7.0793976E-003   1.0297213E-004   1.1213569E-002   1.8848819E-004
   5.2800000E+000   7.2131623E-003   1.0922653E-004   1.1538662E-002   1.9401545E-004
   5.3200001E+000   7.2701051E-003   1.1710549E-004   1.1754680E-002   1.8980593E-004
   5.3600001E+000   7.3999261E-003   1.1746456E-004   1.2122178E-002   1.8508900E-004
   5.4000002E+000   7.4209143E-003   1.2004296E-004   1.2450748E-002   2.0116594E-004
   5.4400003E+000   7.4751679E-003   1.2564856E-004   1.2757884E-002   2.1150541E-004
   5.4799998E+000   7.5255711E-003   1.3919629E-004   1.3022897E-002   2.1114495E-004
   5.5199999E+000   7.5814658E-003   1.4087339E-004   1.3198444E-002   2.1716222E-004
   5.5599999E+000   7.6897816E-003   1.4174032E-004   1.3467053E-002   2.2283438E-004
   5.6000000E+000   7.7396356E-003   1.4369905E-004   1.3725269E-002   2.6772127E-004
   5.6400001E+000   7.6905810E-003   1.4223067E-004   1.4062836E-002   2.6321295E-004
   5.6800002E+000   7.7027153E-003   1.2758499E-004   1.4496842E-002   2.9072121E-004
   5.7200003E+000   7.7240769E-003   1.1200944E-004   1.4825792E-002   3.3390560E-004
   5.7599998E+000   7.6806038E-003   1.0442631E-004   1.5078356E-002   3.2787185E-004
   5.7999998E+000   7.6712086E-003   1.1370334E-004   1.5429723E-002   3.3272224E-004
   5.8399999E+000   7.6802977E-003   1.0827486E-004   1.5713652E-002   3.2811435E-004
   5.8800000E+000   7.6191453E-003   1.0492735E-004   1.6048880E-002   3.2894765E-004
   5.9200001E+000   7.6048017E-003   9.5573630E-005   1.6311857E-002   3.2496732E-004
   5.9600002E+000   7.5953426E-003   9.8839685E-005   1.5747110E-002   2.7037071E-004
   6.0000002E+000   7.4695158E-003   9.9993967E-005   1.5181735E-002   2.6852200E-004
   6.0399997E+000   7.3591788E-003   9.8871125E-005   2.1383150E-004   7.3368778E-006
   6.0799998E+000   7.3111081E-003   1.4296120E-004   3.7394319E-004   1.4524227E-005
   6.1199999E+000   7.1316321E-003   1.4152191E-004   5.7831967E-004   1.9615355E-005
   6.1600000E+000   7.1007679E-003   1.4638770E-004   7.4213904E-004   2.6330093E-005
   6.2000000E+000   6.9997987E-003   1.1553960E-004   8.9465104E-004   2.7603127E-005
   6.2400001E+000   7.0059190E-003   1.3994417E-004   1.0688831E-003   3.5401510E-005
   6.2800002E+000   6.9607549E-003   1.1607922E-004   1.2349588E-003   3.9669174E-005
   6.3200003E+000   6.9191086E-003   1.1934644E-004   1.3783332E-003   5.0323578E-005
   6.3599998E+000   6.9207793E-003   1.2007355E-004   1.5516012E-003   5.3793480E-005
   6.3999999E+000   6.8370540E-003   1.2361573E-004   1.7227933E-003   6.3181653E-005
   6.4399999E+000   6.8354557E-003   1.3374799E-004   1.8153425E-003   6.1686796E-005
   6.4800000E+000   6.8745068E-003   1.2752196E-004   1.9651832E-003   6.3074381E-005
   6.5200001E+000   6.9104719E-003   1.2862015E-004   2.1260955E-003   6.4212949E-005
   6.5600002E+000   6.9200011E-003   1.3388921E-004   2.2653616E-003   5.6358798E-005
   6.6000003E+000   7.0433722E-003   1.3109383E-004   2.4475726E-003   6.1188696E-005
   6.6399997E+000   7.0725406E-003   1.3576520E-004   2.5481349E-003   5.8294582E-005
   6.6799998E+000   7.1016419E-003   1.3715400E-004   2.7071151E-003   6.5570569E-005
   6.7199999E+000   7.1576163E-003   1.3942870E-004   2.8315339E-003   6.8209630E-005
   6.7600000E+000   7.1356953E-003   1.4085627E-004   2.9495318E-003   6.6984544E-005
   6.8000001E+000   7.1464423E-003   1.3304379E-004   3.0453654E-003   7.1241545E-005
   6.8400002E+000   7.1292204E-003   1.3363559E-004   3.2138743E-003   7.6177218E-005
   6.8800002E+000   7.1532564E-003   1.2716635E-004   3.2868174E-003   7.5397006E-005
   6.9199997E+000   7.1726397E-003   1.3043317E-004   3.4168724E-003   7.8317357E-005
   6.9599998E+000   7.2954937E-003   1.5535391E-004   3.4889774E-003   1.0223825E-004
   6.9999999E+000   7.3945321E-003   1.4395495E-004   3.6033518E-003   9.9278197E-005
   7.0400000E+000   7.4028193E-003   1.3015778E-004   3.6856693E-003   1.0170965E-004
   7.0800000E+000   7.3407076E-003   1.2997871E-004   3.8492755E-003   1.2531297E-004
   7.1200001E+000   7.4384054E-003   1.3685117E-004   4.0258602E-003   1.1402008E-004
   7.1600002E+000   7.5285575E-003   1.0915412E-004   4.1101095E-003   7.6049046E-005
   7.2000003E+000   7.5815182E-003   1.2687083E-004   4.2445065E-003   7.7427800E-005
   7.2399998E+000   7.5793256E-003   1.1806663E-004   4.3835281E-003   7.7307802E-005
   7.2799999E+000   7.6363819E-003   1.1666982E-004   4.5327182E-003   7.7521194E-005
   7.3199999E+000   7.7168192E-003   1.1539385E-004   4.6304491E-003   8.1816469E-005
   7.3600000E+000   7.7473638E-003   1.1577421E-004   4.7484773E-003   8.5511872E-005
   7.4000001E+000   7.7967385E-003   1.2427781E-004   4.8125503E-003   8.6091107E-005
   7.4400002E+000   7.8709959E-003   1.2907978E-004   4.9693778E-003   1.0247880E-004
   7.4800003E+000   7.8786067E-003   1.3269459E-004   5.0135127E-003   1.0424492E-004
   7.5199997E+000   7.9738950E-003   1.3380518E-004   5.1014102E-003   1.0178140E-004
   7.5599998E+000   8.0516474E-003   1.3539014E-004   5.1460512E-003   9.8164324E-005
   7.5999999E+000   8.1584478E-003   1.3310192E-004   5.3141768E-003   1.0805897E-004
   7.6400000E+000   8.2263179E-003   1.3006302E-004   5.4321682E-003   1.1674531E-004
   7.6800001E+000   8.3026173E-003   1.3112406E-004   5.5521838E-003   1.2372461E-004
   7.7200001E+000   8.4613334E-003   1.3985997E-004   5.7269505E-003   1.0816348E-004
   7.7600002E+000   8.5289971E-003   1.2795385E-004   5.8471002E-003   1.2095293E-004
   7.7999997E+000   8.6154803E-003   1.3381727E-004   6.0251296E-003   1.5503784E-004
   7.8399998E+000   8.6570083E-003   1.3128165E-004   6.1527425E-003   1.5642853E-004
   7.8799999E+000   8.8120843E-003   1.3814880E-004   6.3076842E-003   1.6478412E-004
   7.9200000E+000   8.8765352E-003   1.4894192E-004   6.4266515E-003   1.2807783E-004
   7.9600000E+000   8.9994678E-003   1.4974507E-004   6.4891545E-003   1.6124016E-004
   8.0000001E+000   9.0332196E-003   1.5257702E-004   6.6389670E-003   1.3121716E-004
   8.0400002E+000   9.0056892E-003   1.5613335E-004   6.6470517E-003   1.3022600E-004
   8.0800003E+000   9.1443090E-003   1.4722597E-004   6.7434860E-003   1.1531045E-004
   8.1199998E+000   9.1868107E-003   1.4904244E-004   6.8655737E-003   1.1555788E-004
   8.1599998E+000   9.3203187E-003   1.5260627E-004   6.9004057E-003   9.7818175E-005
   8.1999999E+000   9.5023960E-003   1.4490364E-004   6.9706302E-003   1.0341618E-004
   8.2400000E+000   9.5694139E-003   1.4291832E-004   7.0861743E-003   1.0278690E-004
   8.2800001E+000   9.6981118E-003   1.5313520E-004   7.1533891E-003   9.5437579E-005
   8.3200002E+000   9.7956837E-003   1.5442575E-004   7.2827709E-003   9.1506913E-005
   8.3600003E+000   9.8989044E-003   1.5924892E-004   7.3576062E-003   1.3235765E-004
   8.3999997E+000   9.9605886E-003   1.6793355E-004   7.4799598E-003   1.3786784E-004
   8.4399998E+000   1.0100241E-002   1.5171785E-004   7.5220948E-003   1.3537562E-004
   8.4799999E+000   1.0238895E-002   1.6422489E-004   7.5602778E-003   1.3331572E-004
   8.5200000E+000   1.0285255E-002   1.6806527E-004   7.6713589E-003   1.2627675E-004
   8.5600001E+000   1.0485945E-002   1.7601886E-004   7.6905480E-003   1.2104113E-004
   8.6000001E+000   1.0636277E-002   1.6580405E-004   7.7528949E-003   1.2158697E-004
   8.6400002E+000   1.0738023E-002   1.3073823E-004   7.8489368E-003   1.1364195E-004
   8.6799997E+000   1.0928382E-002   1.3780586E-004   7.9276455E-003   1.1394663E-004
   8.7199998E+000   1.1060452E-002   1.3681345E-004   7.9925211E-003   1.1132736E-004
   8.7599999E+000   1.1311237E-002   1.4910482E-004   8.0421076E-003   1.1259524E-004
   8.8000000E+000   1.1419140E-002   1.3723936E-004   8.0848093E-003   1.0477911E-004
   8.8400000E+000   1.1490655E-002   1.5650618E-004   8.2061279E-003   9.9901530E-005
   8.8800001E+000   1.1646659E-002   1.5671594E-004   8.2295383E-003   9.9092365E-005
   8.9200002E+000   1.1847717E-002   1.5450493E-004   8.3170893E-003   1.0028945E-004
   8.9600003E+000   1.1921556E-002   1.7658704E-004   8.3094520E-003   1.0235631E-004
   8.9999998E+000   1.2130537E-002   1.5656301E-004   8.3829012E-003   1.1201377E-004
   9.0399998E+000   1.2251278E-002   1.4422669E-004   8.3668368E-003   1.2223538E-004
   9.0799999E+000   1.2384727E-002   1.6345606E-004   8.4328968E-003   1.1678314E-004
   9.1200000E+000   1.2544974E-002   1.6466857E-004   8.4198632E-003   1.0841551E-004
   9.1600001E+000   1.2812309E-002   1.3158143E-004   8.4439207E-003   1.1354211E-004
   9.2000002E+000   1.2958378E-002   1.7234913E-004   8.4486840E-003   1.0351852E-004
   9.2400002E+000   1.3174113E-002   1.7665640E-004   8.5051255E-003   1.1225850E-004
   9.2799997E+000   1.3367232E-002   1.8198117E-004   8.5134256E-003   1.1246116E-004
   9.3199998E+000   1.3526170E-002   1.8580938E-004   8.5384665E-003   1.2323016E-004
   9.3599999E+000   1.3754022E-002   1.8052640E-004   8.4630225E-003   1.2404019E-004
   9.4000000E+000   1.4017190E-002   1.5621968E-004   8.4732632E-003   1.3629445E-004
   9.4400001E+000   1.4194893E-002   1.9317119E-004   8.4457407E-003   1.4511906E-004
   9.4800001E+000   1.4629613E-002   1.7339567E-004   8.3425785E-003   1.5667943E-004
   9.5200002E+000   1.4723447E-002   2.0750552E-004   8.3502395E-003   1.6290360E-004
   9.5599997E+000   1.5043858E-002   2.2911693E-004   8.2516023E-003   1.6702952E-004
   9.5999998E+000   1.5294576E-002   2.4466541E-004   8.1447943E-003   1.6352973E-004
   9.6399999E+000   1.5513012E-002   2.3173143E-004   8.1225328E-003   1.6585091E-004
   9.6799999E+000   1.5773059E-002   2.2291799E-004   8.0758009E-003   1.5764229E-004
   9.7200000E+000   1.5942073E-002   2.2241103E-004   8.0276980E-003   1.8134783E-004
   9.7600001E+000   1.6205706E-002   2.1895783E-004   7.9715646E-003   1.9031423E-004
   9.8000002E+000   1.6421407E-002   2.2011595E-004   7.9491678E-003   1.8550035E-004
   9.8400003E+000   1.6728315E-002   2.1098505E-004   7.9030129E-003   2.0570108E-004
   9.8799998E+000   1.7008382E-002   1.7719602E-004   7.8248572E-003   2.0077622E-004
   9.9199998E+000   1.7176623E-002   1.6910422E-004   7.7615139E-003   2.0383165E-004
   9.9599999E+000   1.7426750E-002   1.9728813E-004   7.6737216E-003   1.9677248E-004
   1.0000000E+001   1.7642957E-002   2.2036692E-004   7.5261222E-003   1.6169821E-004
   1.0039999E+001   1.7935312E-002   2.1545332E-004   7.4849349E-003   1.2709961E-004
   1.0080000E+001   1.8278362E-002   2.4079397E-004   7.3598521E-003   1.7530133E-004
   1.0120000E+001   1.8633200E-002   2.2517247E-004   7.1784016E-003   1.5929319E-004
   1.0160000E+001   1.8957946E-002   2.3351692E-004   7.0089665E-003   1.3901433E-004
   1.0200000E+001   1.9212576E-002   2.5372440E-004   6.8221795E-003   1.1616168E-004
   1.0240000E+001   1.9763782E-002   2.4736270E-004   6.6948154E-003   1.0963787E-004
   1.0280000E+001   2.0178221E-002   2.6881154E-004   6.4741081E-003   1.0481304E-004
   1.0319999E+001   2.0642247E-002   2.8797140E-004   6.2997224E-003   1.2290086E-004
   1.0360000E+001   2.0993492E-002   2.8185637E-004   6.1541325E-003   9.8112019E-005
   1.0400000E+001   2.1427157E-002   2.9486942E-004   5.9162627E-003   9.9410918E-005
   1.0440000E+001   2.1947011E-002   2.3779353E-004   5.6847112E-003   1.0225445E-004
   1.0480000E+001   2.2325861E-002   2.3683080E-004   5.4712564E-003   8.6284399E-005
   1.0520000E+001   2.2800686E-002   2.2395591E-004   5.2398883E-003   8.0643870E-005
   1.0560000E+001   2.3284563E-002   1.9716279E-004   4.9406470E-003   8.0277285E-005
   1.0599999E+001   2.3909909E-002   1.9535545E-004   4.6470875E-003   8.0014475E-005
   1.0640000E+001   2.4415001E-002   2.2336368E-004   4.3550214E-003   7.1016514E-005
   1.0680000E+001   2.5033933E-002   2.2378767E-004   4.0872361E-003   6.7756107E-005
   1.0720000E+001   2.5554997E-002   2.5297021E-004   3.7299961E-003   6.6974786E-005
   1.0760000E+001   2.6085086E-002   2.4926089E-004   3.3546291E-003   6.4160465E-005
   1.0800000E+001   2.6902754E-002   2.5378957E-004   2.9618388E-003   5.7067329E-005
   1.0840000E+001   2.7528262E-002   2.2842813E-004   2.5437667E-003   5.1007758E-005
   1.0880001E+001   2.8228105E-002   2.1603993E-004   2.1103353E-003   4.2414808E-005
   1.0920000E+001   2.8772902E-002   2.1792962E-004   1.6471092E-003   3.2980449E-005
   1.0960000E+001   2.9475895E-002   2.3152478E-004   1.1442435E-003   2.4387602E-005
   1.1000000E+001   3.0367905E-002   3.0839579E-004   6.4394958E-004   1.2827661E-005
   1.1040000E+001   3.1237748E-002   2.8407303E-004   5.0678862E-002   3.1319876E-004
   1.1080000E+001   3.2104706E-002   3.0057905E-004   5.3209301E-002   3.5055229E-004
   1.1120000E+001   3.2702632E-002   3.5112040E-004   5.5869813E-002   3.8480168E-004
   1.1160001E+001   3.3398132E-002   2.4385439E-004   5.6062982E-002   3.3682756E-004
   1.1200000E+001   3.4251332E-002   2.5913950E-004   5.5938860E-002   3.9371584E-004
   1.1240000E+001   3.4887523E-002   4.1639032E-004   5.5869970E-002   3.8691747E-004
   1.1280000E+001   3.5523251E-002   3.7731327E-004   5.5851327E-002   3.5677015E-004
   1.1320000E+001   3.6081757E-002   3.6193135E-004   5.5825095E-002   3.3768420E-004
   1.1360000E+001   3.6780349E-002   3.5826083E-004   5.5799164E-002   3.2779279E-004
   1.1400000E+001   3.7509873E-002   3.7593108E-004   5.5947964E-002   3.2173022E-004
   1.1440001E+001   3.8147927E-002   3.9761077E-004   5.5961417E-002   3.6905888E-004
   1.1480000E+001   3.8896355E-002   4.3237227E-004   5.6046720E-002   3.8098668E-004
   1.1520000E+001   3.9475514E-002   4.0064227E-004   5.5749948E-002   3.3760621E-004
   1.1560000E+001   4.0220512E-002   4.2152670E-004   5.5898547E-002   3.7241074E-004
   1.1600000E+001   4.0884126E-002   4.2424825E-004   5.6003777E-002   4.3003749E-004
   1.1640000E+001   4.1569170E-002   4.2297385E-004   5.6178322E-002   3.2027273E-004
   1.1680000E+001   4.2123631E-002   4.2610089E-004   5.6188448E-002   4.0397521E-004
   1.1720001E+001   4.2773457E-002   4.5006162E-004   5.6463610E-002   4.2023813E-004
   1.1760000E+001   4.3306111E-002   4.1623324E-004   5.6517120E-002   3.8295350E-004
   1.1799999E+001   4.4084322E-002   4.9171563E-004   5.6608041E-002   3.8211942E-004
   1.1840000E+001   4.4549980E-002   4.4058434E-004   5.6671864E-002   4.0592814E-004
   1.1880000E+001   4.5184688E-002   4.5582947E-004   5.6859170E-002   4.1543818E-004
   1.1920000E+001   4.5707705E-002   4.8790917E-004   5.6784205E-002   3.9488944E-004
   1.1960000E+001   4.6340546E-002   4.8114553E-004   5.7155774E-002   3.8291102E-004
   1.2000000E+001   4.7018919E-002   4.7819505E-004   5.7037626E-002   3.6630499E-004
   1.2040000E+001   4.7588638E-002   4.9535724E-004   5.7193741E-002   2.7095473E-004
   1.2079999E+001   4.8275094E-002   4.9929695E-004   5.7389998E-002   3.3096086E-004
   1.2120000E+001   4.8817876E-002   5.0745405E-004   5.7538334E-002   3.2688731E-004
   1.2160000E+001   4.9224052E-002   4.9668876E-004   5.7716710E-002   3.5062031E-004
   1.2200000E+001   4.9784936E-002   5.1228446E-004   5.8120459E-002   3.5304127E-004
   1.2240000E+001   5.0320253E-002   4.8803474E-004   5.8508294E-002   3.7381984E-004
   1.2280000E+001   5.0874184E-002   4.7181349E-004   5.8585692E-002   3.9544721E-004
   1.2320000E+001   5.1321560E-002   4.3774342E-004   5.8996437E-002   4.4913620E-004
   1.2359999E+001   5.1894783E-002   4.2259985E-004   5.9153871E-002   4.2603530E-004
   1.2400000E+001   5.2419203E-002   4.2051238E-004   5.9691278E-002   4.2150266E-004
   1.2440000E+001   5.2846968E-002   3.8022419E-004   6.0097559E-002   3.7939207E-004
   1.2480000E+001   5.3364746E-002   3.5165213E-004   6.0291380E-002   3.7253329E-004
   1.2520000E+001   5.3820627E-002   3.8275396E-004   6.0465895E-002   4.5206943E-004
   1.2560000E+001   5.4387272E-002   3.4740194E-004   6.0774334E-002   4.3403911E-004
   1.2600000E+001   5.4665257E-002   4.2823671E-004   6.0857338E-002   4.1719132E-004
   1.2640001E+001   5.5041695E-002   4.5819316E-004   6.1339899E-002   4.1023243E-004
   1.2680000E+001   5.5805275E-002   4.6664364E-004   6.1563718E-002   4.0559903E-004
   1.2720000E+001   5.6365092E-002   4.8249925E-004   6.2029175E-002   4.1822743E-004
   1.2760000E+001   5.6857429E-002   4.3818622E-004   6.2124081E-002   4.1466334E-004
   1.2800000E+001   5.7544841E-002   4.6905966E-004   6.2385207E-002   4.0146803E-004
   1.2840000E+001   5.7909057E-002   4.4969171E-004   6.2776394E-002   3.7103971E-004
   1.2880000E+001   5.8532509E-002   4.3117583E-004   6.3052217E-002   3.9744848E-004
   1.2920001E+001   5.9091425E-002   4.1487763E-004   6.3294822E-002   3.8916232E-004
   1.2960000E+001   5.9514191E-002   4.0726940E-004   6.3621914E-002   3.6529087E-004
   1.3000000E+001   6.0161413E-002   4.1378997E-004   6.3971978E-002   3.8682030E-004
   1.3040000E+001   6.0713368E-002   4.0233500E-004   6.4262669E-002   3.4235227E-004
   1.3080000E+001   6.1096509E-002   4.1672692E-004   6.4475818E-002   3.4025627E-004
   1.3120000E+001   6.1683478E-002   4.0681445E-004   6.4637981E-002   3.6378088E-004
   1.3160000E+001   6.2316931E-002   3.9505065E-004   6.5041125E-002   3.6083804E-004
   1.3200001E+001   6.2790944E-002   3.9758736E-004   6.5318566E-002   4.5719427E-004
   1.3240000E+001   6.3399014E-002   3.5788759E-004   6.5643925E-002   4.2486878E-004
   1.3279999E+001   6.3602812E-002   3.4128789E-004   6.6099167E-002   3.7026663E-004
   1.3320000E+001   6.4254184E-002   3.2909457E-004   6.6349349E-002   3.5020758E-004
   1.3360000E+001   6.4847744E-002   2.8929298E-004   6.6713755E-002   3.9136757E-004
   1.3400000E+001   6.5099540E-002   3.1498797E-004   6.7085824E-002   3.5391775E-004
   1.3440000E+001   6.5625146E-002   3.2270461E-004   6.7378252E-002   3.3138169E-004
   1.3480000E+001   6.6057146E-002   3.0694380E-004   6.7606231E-002   3.4994258E-004
   1.3520000E+001   6.6638792E-002   3.3671708E-004   6.7952718E-002   3.6006407E-004
   1.3559999E+001   6.7038526E-002   3.1163050E-004   6.8607873E-002   3.4630274E-004
   1.3600000E+001   6.7584012E-002   3.2731416E-004   6.9038146E-002   3.2266966E-004
   1.3640000E+001   6.8060084E-002   3.1963844E-004   6.9472542E-002   3.3873703E-004
   1.3680000E+001   6.8672963E-002   3.4168971E-004   7.0001007E-002   3.4053055E-004
   1.3720000E+001   6.9049937E-002   3.5598630E-004   7.0454291E-002   3.1604747E-004
   1.3760000E+001   6.9499652E-002   3.4226656E-004   7.0797217E-002   3.5923006E-004
   1.3800000E+001   6.9633386E-002   3.3736044E-004   7.1269646E-002   3.6698061E-004
   1.3839999E+001   7.0108423E-002   3.4754959E-004   7.1542350E-002   4.0465013E-004
   1.3880000E+001   7.0531826E-002   3.6436776E-004   7.1899451E-002   3.5811097E-004
   1.3920000E+001   7.1238160E-002   3.7118865E-004   7.2398499E-002   3.4224341E-004
   1.3960000E+001   7.1857506E-002   3.8128577E-004   7.2718492E-002   3.0597880E-004
   1.4000000E+001   7.2090479E-002   3.6624554E-004   7.3135520E-002   3.2280411E-004
   1.4040000E+001   7.2665368E-002   4.1381622E-004   7.3433607E-002   3.4652851E-004
   1.4080000E+001   7.3094626E-002   4.0770806E-004   7.4168711E-002   3.7181660E-004
   1.4119999E+001   7.3433222E-002   4.1810664E-004   7.4454038E-002   3.6950536E-004
   1.4160000E+001   7.3877944E-002   4.5891533E-004   7.4875501E-002   3.5578003E-004
   1.4200000E+001   7.4471350E-002   3.9676186E-004   7.5390040E-002   3.7643521E-004
   1.4240000E+001   7.4942154E-002   4.7267710E-004   7.6086795E-002   3.7402039E-004
   1.4280000E+001   7.5279469E-002   4.4477324E-004   7.6406086E-002   3.8001630E-004
   1.4320000E+001   7.5773419E-002   4.8372334E-004   7.6817251E-002   3.9384006E-004
   1.4360000E+001   7.6149872E-002   4.8339512E-004   7.7233632E-002   4.3545455E-004
   1.4400001E+001   7.6666302E-002   4.6023512E-004   7.7870448E-002   5.3984481E-004
   1.4440000E+001   7.6904533E-002   4.6511971E-004   7.8226304E-002   5.3159836E-004
   1.4480000E+001   7.7396253E-002   5.0799069E-004   7.8684719E-002   5.4853578E-004
   1.4520000E+001   7.7872875E-002   5.0074896E-004   7.8822793E-002   4.4539845E-004
   1.4560000E+001   7.8414977E-002   5.1918105E-004   7.9246327E-002   4.4898005E-004
   1.4600000E+001   7.8496506E-002   4.4678081E-004   7.9784882E-002   4.9635041E-004
   1.4640000E+001   7.9064968E-002   4.7458376E-004   7.9885545E-002   4.6444119E-004
   1.4680001E+001   7.9141821E-002   4.8292102E-004   8.0087598E-002   4.9789439E-004
   1.4720000E+001   7.9696356E-002   4.6796629E-004   8.0665467E-002   4.7463578E-004
   1.4760000E+001   8.0094151E-002   4.9046908E-004   8.1054828E-002   4.1583806E-004
   1.4800000E+001   8.0418173E-002   5.2817019E-004   8.1400116E-002   3.8533860E-004
   1.4840000E+001   8.0936901E-002   5.1820055E-004   8.1871628E-002   3.9929932E-004
   1.4880000E+001   8.1618786E-002   5.3141549E-004   8.2113561E-002   3.7314728E-004
   1.4920000E+001   8.2024810E-002   5.1287764E-004   8.2677588E-002   3.9543070E-004
   1.4960001E+001   8.2175438E-002   4.8719020E-004   8.3165155E-002   3.8259075E-004
   1.5000000E+001   8.2690952E-002   4.1387293E-004   8.3750646E-002   3.3102005E-004
   1.5039999E+001   8.3136871E-002   4.7421967E-004   8.4226502E-002   3.4045940E-004
   1.5080000E+001   8.3469539E-002   4.6379954E-004   8.4895831E-002   3.6172283E-004
   1.5120000E+001   8.3964129E-002   4.8705875E-004   8.5299629E-002   3.5456715E-004
   1.5160000E+001   8.4518185E-002   5.4281665E-004   8.5838662E-002   3.5944007E-004
   1.5200000E+001   8.4863445E-002   5.3290631E-004   8.6386420E-002   3.5947883E-004
   1.5240000E+001   8.5323179E-002   5.1197513E-004   8.6887951E-002   3.9709228E-004
   1.5280000E+001   8.5774429E-002   5.3665558E-004   8.7338190E-002   4.1771120E-004
   1.5319999E+001   8.6259977E-002   5.1551743E-004   8.7747896E-002   4.0970483E-004
   1.5360000E+001   8.6754159E-002   4.0218443E-004   8.8294683E-002   3.9880402E-004
   1.5400000E+001   8.7263026E-002   4.0855927E-004   8.9026410E-002   3.7752655E-004
   1.5440000E+001   8.7799826E-002   4.3761929E-004   8.9584949E-002   3.9828393E-004
   1.5480000E+001   8.8309321E-002   4.2386748E-004   8.9941259E-002   4.0772633E-004
   1.5520000E+001   8.9021706E-002   4.7747205E-004   9.0409049E-002   4.1045145E-004
   1.5560000E+001   8.9403155E-002   4.0787132E-004   9.0794870E-002   4.4061408E-004
   1.5599999E+001   8.9843703E-002   4.2520732E-004   9.1274214E-002   4.2622758E-004
   1.5640000E+001   9.0424756E-002   4.3697960E-004   9.1744834E-002   3.8765284E-004
   1.5680000E+001   9.1078508E-002   4.6747374E-004   9.2271956E-002   3.9988968E-004
   1.5720000E+001   9.1513761E-002   4.7312493E-004   9.2769643E-002   4.3239306E-004
   1.5760000E+001   9.1884664E-002   5.0191480E-004   9.3046320E-002   4.0149052E-004
   1.5800000E+001   9.2521438E-002   4.8198187E-004   9.3463975E-002   4.0129940E-004
   1.5840000E+001   9.2930160E-002   4.5661355E-004   9.4062447E-002   4.4335338E-004
   1.5880001E+001   9.3471833E-002   4.1128581E-004   9.4689721E-002   3.7103782E-004
   1.5920000E+001   9.3739003E-002   4.0115087E-004   9.5319695E-002   4.8227335E-004
   1.5960000E+001   9.4626507E-002   4.6248349E-004   9.6112370E-002   3.8142743E-004
   1.6000000E+001   9.5377939E-002   4.8299924E-004   9.6700354E-002   4.3074999E-004
   1.6040000E+001   9.5852584E-002   4.6407511E-004   9.7016854E-002   5.2669460E-004
   1.6080000E+001   9.6563078E-002   4.7147138E-004   9.7513205E-002   4.1732181E-004
   1.6120000E+001   9.7090103E-002   4.6471032E-004   9.8029948E-002   5.6905589E-004
   1.6160001E+001   9.7722955E-002   4.7952719E-004   9.8509819E-002   6.6257330E-004
   1.6200000E+001   9.8092468E-002   4.9621149E-004   9.8982110E-002   4.8534422E-004
   1.6240000E+001   9.8957448E-002   4.6438317E-004   9.9475761E-002   6.2234959E-004
   1.6280000E+001   9.9294277E-002   5.3748224E-004   1.0002090E-001   7.2321432E-004
   1.6320000E+001   9.9895266E-002   5.2374729E-004   1.0017931E-001   5.6314813E-004
   1.6360000E+001   1.0039239E-001   5.4718287E-004   1.0090721E-001   5.8499690E-004
   1.6400000E+001   1.0083341E-001   5.8155006E-004   1.0128697E-001   4.6570138E-004
   1.6440001E+001   1.0106726E-001   6.2933890E-004   1.0173900E-001   6.1968723E-004
   1.6480000E+001   1.0185728E-001   5.6726834E-004   1.0245240E-001   6.4867877E-004
   1.6520000E+001   1.0200427E-001   5.8019640E-004   1.0320840E-001   5.2122870E-004
   1.6560000E+001   1.0253331E-001   6.1124599E-004   1.0386149E-001   5.0624106E-004
   1.6600000E+001   1.0290086E-001   6.3870239E-004   1.0436641E-001   5.4753469E-004
   1.6640000E+001   1.0333929E-001   5.9878275E-004   1.0497756E-001   6.2228983E-004
   1.6680000E+001   1.0401834E-001   6.7928018E-004   1.0543410E-001   5.3011594E-004
   1.6720001E+001   1.0442985E-001   8.2457767E-004   1.0591044E-001   5.2991474E-004
   1.6760000E+001   1.0493167E-001   7.6310950E-004   1.0613579E-001   5.8025168E-004
   1.6799999E+001   1.0563532E-001   7.6402909E-004   1.0676493E-001   5.6737235E-004
   1.6840000E+001   1.0600659E-001   7.2253724E-004   1.0706096E-001   5.5014478E-004
   1.6880000E+001   1.0652479E-001   6.1100885E-004   1.0776046E-001   5.5074284E-004
   1.6920000E+001   1.0697273E-001   6.1919868E-004   1.0815197E-001   5.8358814E-004
   1.6960000E+001   1.0720287E-001   5.8162996E-004   1.0886988E-001   5.5356589E-004
   1.7000000E+001   1.0746737E-001   6.0651448E-004   1.0938868E-001   4.9678734E-004
   1.7040000E+001   1.0766414E-001   5.2441547E-004   1.1013655E-001   4.8703799E-004
   1.7079999E+001   1.0821394E-001   6.4096192E-004   1.1053221E-001   5.2955402E-004
   1.7120000E+001   1.0868662E-001   6.5421679E-004   1.1126880E-001   5.4606987E-004
   1.7160000E+001   1.0942342E-001   5.4128746E-004   1.1165054E-001   5.1060234E-004
   1.7200000E+001   1.0997789E-001   5.4346726E-004   1.1228081E-001   4.8969673E-004
   1.7240000E+001   1.1066545E-001   4.4713616E-004   1.1260037E-001   5.6252708E-004
   1.7280000E+001   1.1116312E-001   3.8298598E-004   1.1313880E-001   5.0228373E-004
   1.7320000E+001   1.1156008E-001   4.1171286E-004   1.1404959E-001   5.7024755E-004
   1.7359999E+001   1.1208670E-001   3.8240110E-004   1.1468282E-001   6.3834788E-004
   1.7400000E+001   1.1258571E-001   3.7606521E-004   1.1519916E-001   4.8011678E-004
   1.7440000E+001   1.1316301E-001   3.4192494E-004   1.1595468E-001   4.7815916E-004
   1.7480000E+001   1.1367030E-001   3.6546381E-004   1.1605903E-001   6.0447217E-004
   1.7520000E+001   1.1432571E-001   3.7235796E-004   1.1668133E-001   6.2419564E-004
   1.7560000E+001   1.1482867E-001   3.7814980E-004   1.1707879E-001   6.6500233E-004
   1.7600000E+001   1.1551083E-001   3.4779813E-004   1.1764379E-001   6.8453882E-004
   1.7640001E+001   1.1593436E-001   3.6116061E-004   1.1798731E-001   5.0893663E-004
   1.7680000E+001   1.1659161E-001   3.5346079E-004   1.1836371E-001   6.5603171E-004
   1.7720000E+001   1.1732297E-001   4.0230595E-004   1.1861505E-001   6.3295119E-004
   1.7760000E+001   1.1808557E-001   4.4118582E-004   1.1911004E-001   6.3285825E-004
   1.7800000E+001   1.1849957E-001   4.0721222E-004   1.1997339E-001   5.8147208E-004
   1.7840000E+001   1.1899039E-001   4.0647284E-004   1.2032659E-001   5.4209228E-004
   1.7880000E+001   1.1956887E-001   3.4883512E-004   1.2084120E-001   5.9767322E-004
   1.7920001E+001   1.2035422E-001   3.5604649E-004   1.2136302E-001   6.1239887E-004
   1.7960000E+001   1.2081281E-001   3.5160837E-004   1.2187943E-001   6.1940279E-004
   1.8000000E+001   1.2142868E-001   4.0989630E-004   1.2248458E-001   4.8394250E-004
   1.8040000E+001   1.2213579E-001   4.4285004E-004   1.2288205E-001   4.9760716E-004
   1.8080000E+001   1.2297622E-001   3.8560829E-004   1.2337868E-001   5.4834584E-004
   1.8120000E+001   1.2368221E-001   4.0871143E-004   1.2365286E-001   5.6400279E-004
   1.8160000E+001   1.2433475E-001   4.6350723E-004   1.2418584E-001   5.7847092E-004
   1.8200001E+001   1.2504537E-001   4.2721233E-004   1.2501346E-001   5.8794743E-004
   1.8240000E+001   1.2535835E-001   4.5656019E-004   1.2550071E-001   5.8511870E-004
   1.8279999E+001   1.2599245E-001   4.0637805E-004   1.2594902E-001   5.4896309E-004
   1.8320000E+001   1.2664806E-001   4.4288696E-004   1.2646774E-001   5.0613304E-004
   1.8360000E+001   1.2720451E-001   4.3596830E-004   1.2705058E-001   5.2374266E-004
   1.8400000E+001   1.2791244E-001   4.2876002E-004   1.2747395E-001   5.2231582E-004
   1.8440000E+001   1.2876502E-001   4.6216958E-004   1.2796732E-001   5.1540055E-004
   1.8480000E+001   1.2923265E-001   4.7754826E-004   1.2835018E-001   5.3008079E-004
   1.8520000E+001   1.2984844E-001   5.5683197E-004   1.2881240E-001   5.1200376E-004
   1.8559999E+001   1.3065648E-001   4.8418526E-004   1.2974465E-001   6.2365008E-004
   1.8600000E+001   1.3114298E-001   5.5415951E-004   1.3008328E-001   4.6210103E-004
   1.8640000E+001   1.3171734E-001   5.6949300E-004   1.3089160E-001   5.1585295E-004
   1.8680000E+001   1.3218612E-001   4.7860256E-004   1.3158549E-001   4.8515386E-004
   1.8720000E+001   1.3310107E-001   4.6313331E-004   1.3228455E-001   5.4246738E-004
   1.8760000E+001   1.3360278E-001   4.2121135E-004   1.3315503E-001   4.5938934E-004
   1.8800000E+001   1.3386270E-001   4.7486091E-004   1.3366944E-001   4.7685867E-004
   1.8839999E+001   1.3454999E-001   4.8367681E-004   1.3417697E-001   5.9483509E-004
   1.8880000E+001   1.3491109E-001   5.1352946E-004   1.3484875E-001   5.4204291E-004
   1.8920000E+001   1.3533544E-001   5.0003646E-004   1.3527548E-001   5.2452501E-004
   1.8960000E+001   1.3567986E-001   5.0956849E-004   1.3592510E-001   4.2257488E-004
   1.9000000E+001   1.3624881E-001   5.1871712E-004   1.3669985E-001   5.2377960E-004
   1.9040000E+001   1.3651164E-001   5.0887031E-004   1.3729120E-001   5.2165003E-004
   1.9080000E+001   1.3695859E-001   5.1235148E-004   1.3795506E-001   5.9642763E-004
   1.9119999E+001   1.3750874E-001   5.3488987E-004   1.3864421E-001   6.1976475E-004
   1.9160000E+001   1.3812806E-001   5.5014626E-004   1.3940894E-001   6.4806554E-004
   1.9200000E+001   1.3844641E-001   5.2587678E-004   1.4023943E-001   6.8797575E-004
   1.9240000E+001   1.3908288E-001   6.7039883E-004   1.4109061E-001   7.1080715E-004
   1.9280000E+001   1.3957760E-001   7.1896162E-004   1.4177947E-001   7.4532834E-004
   1.9320000E+001   1.3996587E-001   7.5827993E-004   1.4215052E-001   6.7331752E-004
   1.9360000E+001   1.4053526E-001   8.2755416E-004   1.4304478E-001   7.5518842E-004
   1.9400001E+001   1.4112954E-001   8.5312447E-004   1.4343867E-001   7.6819151E-004
   1.9440000E+001   1.4211335E-001   9.0698363E-004   1.4399025E-001   7.2872015E-004
   1.9480000E+001   1.4231845E-001   8.5158475E-004   1.4448860E-001   8.1756971E-004
   1.9520000E+001   1.4271057E-001   9.2987205E-004   1.4478743E-001   8.4283224E-004
   1.9560000E+001   1.4332433E-001   9.6685274E-004   1.4572495E-001   8.6974780E-004
   1.9600000E+001   1.4396098E-001   8.5386542E-004   1.4628564E-001   9.4396586E-004
   1.9640000E+001   1.4477251E-001   9.5316284E-004   1.4682620E-001   1.0456524E-003
   1.9680001E+001   1.4536927E-001   9.7973301E-004   1.4713394E-001   1.0545786E-003
   1.9720000E+001   1.4586232E-001   9.5859261E-004   1.4795215E-001   1.0767160E-003
   1.9760000E+001   1.4663928E-001   9.8092613E-004   1.4838414E-001   1.0889360E-003
   1.9800000E+001   1.4707596E-001   9.7204025E-004   1.4887305E-001   1.1001586E-003
   1.9840000E+001   1.4794548E-001   9.2778721E-004   1.4936247E-001   1.1541565E-003
   1.9880000E+001   1.4863382E-001   9.5270328E-004   1.4976789E-001   1.1021971E-003
   1.9920000E+001   1.4930089E-001   9.1110773E-004   1.5064128E-001   1.1448473E-003
   1.9960001E+001   1.4970411E-001   9.4028897E-004   1.5123696E-001   1.1561149E-003
   2.0000000E+001   1.5012071E-001   9.1651087E-004   1.5157919E-001   1.1722572E-003
