   8.0000004E-002   0.0000000E+000   0.0000000E+000   0.0000000E+000   0.0000000E+000
   1.2000000E-001   0.0000000E+000   0.0000000E+000   0.0000000E+000   0.0000000E+000
   1.6000001E-001   0.0000000E+000   0.0000000E+000   0.0000000E+000   0.0000000E+000
   2.0000000E-001   0.0000000E+000   0.0000000E+000   0.0000000E+000   0.0000000E+000
   2.4000000E-001   0.0000000E+000   0.0000000E+000   0.0000000E+000   0.0000000E+000
   2.8000001E-001   0.0000000E+000   0.0000000E+000   0.0000000E+000   0.0000000E+000
   3.2000002E-001   0.0000000E+000   0.0000000E+000   0.0000000E+000   0.0000000E+000
   3.5999998E-001   0.0000000E+000   0.0000000E+000   0.0000000E+000   0.0000000E+000
   3.9999999E-001   0.0000000E+000   0.0000000E+000   0.0000000E+000   0.0000000E+000
   4.4000000E-001   0.0000000E+000   0.0000000E+000   0.0000000E+000   0.0000000E+000
   4.8000000E-001   0.0000000E+000   0.0000000E+000   0.0000000E+000   0.0000000E+000
   5.2000001E-001   0.0000000E+000   0.0000000E+000   0.0000000E+000   0.0000000E+000
   5.6000002E-001   0.0000000E+000   0.0000000E+000   0.0000000E+000   0.0000000E+000
   5.9999999E-001   0.0000000E+000   0.0000000E+000   0.0000000E+000   0.0000000E+000
   6.4000003E-001   0.0000000E+000   0.0000000E+000   0.0000000E+000   0.0000000E+000
   6.8000004E-001   0.0000000E+000   0.0000000E+000   0.0000000E+000   0.0000000E+000
   7.1999997E-001   0.0000000E+000   0.0000000E+000   0.0000000E+000   0.0000000E+000
   7.5999998E-001   0.0000000E+000   0.0000000E+000   0.0000000E+000   0.0000000E+000
   7.9999998E-001   0.0000000E+000   0.0000000E+000   0.0000000E+000   0.0000000E+000
   8.3999999E-001   0.0000000E+000   0.0000000E+000   0.0000000E+000   0.0000000E+000
   8.8000000E-001   0.0000000E+000   0.0000000E+000   0.0000000E+000   0.0000000E+000
   9.2000000E-001   0.0000000E+000   0.0000000E+000   0.0000000E+000   0.0000000E+000
   9.6000001E-001   0.0000000E+000   0.0000000E+000   0.0000000E+000   0.0000000E+000
   1.0000000E+000   0.0000000E+000   0.0000000E+000   0.0000000E+000   0.0000000E+000
<<<<<<< HEAD
   1.0400000E+000   1.5018462E-005   1.7439790E-006   2.1343722E-005   2.3514624E-006
   1.0800000E+000   2.9185373E-005   3.4189762E-006   4.1309563E-005   4.5660021E-006
   1.1200000E+000   4.5386541E-005   5.0795060E-006   5.4117629E-005   5.7805046E-006
   1.1600000E+000   6.7316069E-005   7.2626953E-006   7.6137078E-005   7.7299812E-006
   1.2000000E+000   8.5124101E-005   9.1408539E-006   9.7084326E-005   9.1676212E-006
   1.2400000E+000   1.1056509E-004   1.1446342E-005   1.2059611E-004   1.0623761E-005
   1.2800001E+000   1.2782946E-004   1.2237797E-005   1.4739639E-004   1.2515560E-005
   1.3200000E+000   1.5524104E-004   1.4456956E-005   1.7791961E-004   1.5076909E-005
   1.3600001E+000   1.7082210E-004   1.5572119E-005   2.2115238E-004   1.9459315E-005
   1.4000000E+000   1.9645843E-004   1.6052729E-005   2.5712142E-004   1.8790457E-005
   1.4399999E+000   2.2299872E-004   1.9822690E-005   2.8878008E-004   2.2219619E-005
   1.4800000E+000   2.5274816E-004   2.2957678E-005   3.1342638E-004   2.3312228E-005
   1.5200000E+000   2.6818003E-004   2.2445010E-005   3.3321071E-004   2.4383303E-005
   1.5600000E+000   3.0008554E-004   2.5284925E-005   3.4845290E-004   2.2664004E-005
   1.6000000E+000   3.4722427E-004   2.6838535E-005   3.7964898E-004   2.5085614E-005
   1.6400000E+000   3.7407618E-004   3.0571257E-005   3.9816322E-004   2.6768771E-005
   1.6800000E+000   3.8633990E-004   3.1710481E-005   4.2270360E-004   2.6231153E-005
   1.7200001E+000   4.3840696E-004   3.1524938E-005   4.5876146E-004   2.8251931E-005
   1.7600000E+000   4.6203841E-004   3.1480235E-005   4.8439323E-004   2.5946996E-005
   1.8000001E+000   5.1076180E-004   4.0257045E-005   5.4107834E-004   2.8410158E-005
   1.8400000E+000   5.6089372E-004   4.2876980E-005   5.8725961E-004   2.6878329E-005
   1.8799999E+000   6.1896100E-004   4.6307076E-005   6.2726297E-004   2.7910565E-005
   1.9200000E+000   6.7856874E-004   4.5334704E-005   6.8047873E-004   2.7800746E-005
   1.9599999E+000   7.3426150E-004   5.0155095E-005   7.1825668E-004   3.0192595E-005
   2.0000000E+000   7.9236587E-004   3.9797936E-005   7.5399155E-004   3.1133912E-005
   2.0400000E+000   8.3918425E-004   4.8296797E-005   8.0288472E-004   3.0842135E-005
   2.0800000E+000   8.8120726E-004   4.3522830E-005   8.8158123E-004   3.6002681E-005
   2.1200000E+000   9.3358324E-004   5.3170792E-005   9.1741373E-004   3.7461322E-005
   2.1600001E+000   9.7020619E-004   5.4908332E-005   1.0027492E-003   3.8896565E-005
   2.2000000E+000   1.0050554E-003   5.0487289E-005   1.0493671E-003   4.2394933E-005
   2.2400001E+000   1.0541882E-003   4.6416510E-005   1.0980708E-003   4.2816243E-005
   2.2800000E+000   1.1175409E-003   5.0253452E-005   1.1548951E-003   4.1847660E-005
   2.3199999E+000   1.1164006E-003   4.8000277E-005   1.2140052E-003   4.3349803E-005
   2.3600000E+000   1.2017921E-003   5.3604538E-005   1.2457680E-003   4.0526895E-005
   2.3999999E+000   1.2336766E-003   4.9038628E-005   1.3339129E-003   4.5905750E-005
   2.4400000E+000   1.2984278E-003   5.0599657E-005   1.4112133E-003   4.7575693E-005
   2.4800000E+000   1.3568924E-003   4.9826347E-005   1.4912581E-003   5.0180332E-005
   2.5200000E+000   1.4001409E-003   5.1743672E-005   1.5541732E-003   5.5018825E-005
   2.5600001E+000   1.4534414E-003   5.3380652E-005   1.6204247E-003   5.7159783E-005
   2.5999999E+000   1.5017131E-003   5.3384929E-005   1.6629875E-003   5.1530388E-005
   2.6400000E+000   1.5760722E-003   5.9062527E-005   1.7112979E-003   5.2151260E-005
   2.6800001E+000   1.6666617E-003   5.5535069E-005   1.8018337E-003   5.6013180E-005
   2.7200001E+000   1.7106477E-003   5.3829754E-005   1.8876099E-003   5.8197355E-005
   2.7599999E+000   1.7698211E-003   5.6796721E-005   1.9759646E-003   5.8955238E-005
   2.8000000E+000   1.8384582E-003   5.9745970E-005   2.0617979E-003   5.7877055E-005
   2.8400001E+000   1.8784999E-003   5.7103173E-005   2.1549092E-003   6.3972916E-005
   2.8799999E+000   1.9630423E-003   6.2356256E-005   2.2612197E-003   5.8689786E-005
   2.9200000E+000   2.0106240E-003   6.3811964E-005   2.3022440E-003   5.7727283E-005
   2.9600000E+000   2.0970264E-003   6.9056203E-005   2.3895112E-003   5.7712147E-005
   3.0000001E+000   2.1931897E-003   7.0832512E-005   2.4687336E-003   6.4282038E-005
   3.0399999E+000   2.2256029E-003   6.9823354E-005   2.5590454E-003   7.0381308E-005
   3.0800000E+000   2.3036787E-003   6.3809063E-005   2.6418122E-003   6.9509819E-005
   3.1200001E+000   2.3737567E-003   6.4577257E-005   2.7422520E-003   1.0767519E-004
   3.1600001E+000   2.4436135E-003   6.4789650E-005   2.8644641E-003   8.9164058E-005
   3.1999999E+000   2.5043004E-003   6.5924421E-005   2.9885857E-003   9.6643435E-005
   3.2400000E+000   2.6018374E-003   7.0107860E-005   3.0961742E-003   1.1490969E-004
   3.2800001E+000   2.6471810E-003   6.2426022E-005   3.1631413E-003   1.1199960E-004
   3.3199999E+000   2.7213014E-003   6.8171923E-005   3.3198387E-003   1.1101930E-004
   3.3600000E+000   2.7596647E-003   6.3636270E-005   3.4389175E-003   1.0829174E-004
   3.4000000E+000   2.8598269E-003   7.7129752E-005   3.5195912E-003   1.0942879E-004
   3.4400001E+000   2.9114716E-003   7.2857241E-005   3.6289229E-003   1.2095300E-004
   3.4799999E+000   3.0618939E-003   7.4254593E-005   3.7196488E-003   1.1268805E-004
   3.5200000E+000   3.1151348E-003   8.0463192E-005   3.7991297E-003   1.2896802E-004
   3.5600001E+000   3.2082407E-003   7.4396298E-005   3.9216911E-003   1.1353887E-004
   3.6000001E+000   3.3004530E-003   9.2924898E-005   4.0105366E-003   1.1261657E-004
   3.6399999E+000   3.4158052E-003   9.7690868E-005   4.1312361E-003   1.0141683E-004
   3.6800000E+000   3.4865521E-003   8.8729202E-005   4.1828658E-003   9.4750599E-005
   3.7200001E+000   3.5407129E-003   9.0342630E-005   4.3318235E-003   9.4258040E-005
   3.7599999E+000   3.6031139E-003   8.4066622E-005   4.4203175E-003   8.6989845E-005
   3.8000000E+000   3.7297028E-003   9.3386988E-005   4.5560154E-003   8.6773865E-005
   3.8400000E+000   3.8467842E-003   9.3675537E-005   4.6729015E-003   8.6104007E-005
   3.8800001E+000   3.9027152E-003   8.9481051E-005   4.7900518E-003   8.4800565E-005
   3.9199999E+000   4.0032053E-003   9.2319723E-005   4.8794013E-003   9.0022132E-005
   3.9600000E+000   4.0680456E-003   9.7590600E-005   5.0985668E-003   8.7896159E-005
   4.0000001E+000   4.1776219E-003   9.5797530E-005   5.2734256E-003   8.9337867E-005
   4.0400001E+000   4.2856223E-003   9.9612240E-005   5.3731921E-003   8.7895931E-005
   4.0799999E+000   4.3725823E-003   1.1574004E-004   5.5205629E-003   8.9664961E-005
   4.1200000E+000   4.4505850E-003   1.2145338E-004   5.6212687E-003   9.0909518E-005
   4.1600001E+000   4.5887921E-003   1.1782824E-004   5.8212783E-003   9.5115702E-005
   4.1999999E+000   4.6451761E-003   1.1611039E-004   5.9182730E-003   9.7469211E-005
   4.2399999E+000   4.7834512E-003   1.2115410E-004   6.0758182E-003   9.2371853E-005
   4.2800000E+000   4.8595783E-003   1.1004190E-004   6.1982263E-003   8.7413772E-005
   4.3200001E+000   4.9517026E-003   9.1993179E-005   6.3510742E-003   8.7131409E-005
   4.3599999E+000   4.9718515E-003   8.9631658E-005   6.4169388E-003   9.5877555E-005
   4.4000000E+000   5.0209139E-003   9.1858664E-005   6.6448729E-003   1.0511120E-004
   4.4400001E+000   5.1405879E-003   8.9707923E-005   6.7847947E-003   1.0374667E-004
   4.4800001E+000   5.2336442E-003   8.2160884E-005   6.9913832E-003   1.0620602E-004
   4.5199999E+000   5.2974515E-003   8.1327826E-005   7.1071127E-003   1.1542912E-004
   4.5600000E+000   5.4064782E-003   7.9326906E-005   7.3299097E-003   1.1425986E-004
   4.6000001E+000   5.5131423E-003   8.4792630E-005   7.5313792E-003   1.3233268E-004
   4.6399999E+000   5.6523421E-003   8.5281306E-005   7.6730336E-003   1.2672395E-004
   4.6799999E+000   5.7687003E-003   9.2364673E-005   7.8811026E-003   1.3568359E-004
   4.7200000E+000   5.8807788E-003   9.0195334E-005   8.0776208E-003   1.4411912E-004
   4.7600001E+000   5.9176388E-003   9.7611166E-005   8.2732177E-003   1.3297125E-004
   4.7999999E+000   6.0174430E-003   1.0142832E-004   8.4389168E-003   1.3497849E-004
   4.8400000E+000   6.0998269E-003   1.5068252E-004   8.6540718E-003   1.4063663E-004
   4.8800001E+000   6.2190462E-003   1.4268282E-004   8.8612652E-003   1.6319707E-004
   4.9200001E+000   6.2708868E-003   1.2438234E-004   9.0562532E-003   1.5777534E-004
   4.9599999E+000   6.3475585E-003   1.3686057E-004   9.2720114E-003   1.5643417E-004
   5.0000000E+000   6.3944548E-003   1.4790833E-004   9.5221826E-003   1.6172626E-004
   5.0400001E+000   6.4855870E-003   1.4178264E-004   9.7662243E-003   1.5888586E-004
   5.0800002E+000   6.5536788E-003   1.5282593E-004   9.9816362E-003   1.3815419E-004
   5.1200002E+000   6.7183585E-003   1.6211081E-004   1.0264640E-002   1.3002713E-004
   5.1599997E+000   6.8049152E-003   1.6717646E-004   1.0484873E-002   1.4755611E-004
   5.1999998E+000   6.8070480E-003   1.6754979E-004   1.0703234E-002   1.6634413E-004
   5.2399999E+000   6.9028880E-003   1.5294685E-004   1.0943676E-002   1.5016253E-004
   5.2800000E+000   6.9956724E-003   1.4580341E-004   1.1257320E-002   1.4408981E-004
   5.3200001E+000   7.0261757E-003   1.4243648E-004   1.1553576E-002   1.3796845E-004
   5.3600001E+000   7.0778960E-003   1.5831976E-004   1.1880024E-002   1.5247312E-004
   5.4000002E+000   7.1986867E-003   2.1197747E-004   1.2145235E-002   1.5512935E-004
   5.4400003E+000   7.2572366E-003   1.6411931E-004   1.2486153E-002   1.9190962E-004
   5.4799998E+000   7.2997873E-003   1.7454925E-004   1.2663207E-002   1.7633424E-004
   5.5199999E+000   7.3526157E-003   1.9846885E-004   1.2976383E-002   1.9857128E-004
   5.5599999E+000   7.4355696E-003   1.9391862E-004   1.3282326E-002   2.1641903E-004
   5.6000000E+000   7.4348429E-003   2.0262700E-004   1.3666353E-002   2.3564838E-004
   5.6400001E+000   7.4734756E-003   2.1276438E-004   1.3941743E-002   2.3395870E-004
   5.6800002E+000   7.4058406E-003   1.9019499E-004   1.4240211E-002   2.5104496E-004
   5.7200003E+000   7.4497609E-003   1.8914804E-004   1.4523070E-002   2.4076584E-004
   5.7599998E+000   7.4195061E-003   1.8406419E-004   1.4836480E-002   2.6231123E-004
   5.7999998E+000   7.4714349E-003   1.9849341E-004   1.5119613E-002   2.7812138E-004
   5.8399999E+000   7.4744910E-003   1.9142532E-004   1.5431003E-002   2.8278768E-004
   5.8800000E+000   7.4768860E-003   1.9233979E-004   1.5708901E-002   3.0112664E-004
   5.9200001E+000   7.5057286E-003   2.0106701E-004   1.5983615E-002   3.0591492E-004
   5.9600002E+000   7.5213371E-003   1.9796830E-004   1.5437919E-002   3.1097410E-004
   6.0000002E+000   7.5094832E-003   1.7942447E-004   1.4945239E-002   3.0137188E-004
   6.0399997E+000   7.3562822E-003   1.7508071E-004   2.1500615E-004   7.7275314E-006
   6.0799998E+000   7.3057268E-003   1.5848392E-004   3.7003792E-004   1.1817078E-005
   6.1199999E+000   7.2526839E-003   1.6024612E-004   5.5314623E-004   1.7259337E-005
   6.1600000E+000   7.2907983E-003   1.6487026E-004   7.3457809E-004   2.4466428E-005
   6.2000000E+000   7.1621114E-003   1.7762583E-004   9.0265166E-004   3.3466781E-005
   6.2400001E+000   7.1521869E-003   1.7511526E-004   1.0625475E-003   3.5815880E-005
   6.2800002E+000   7.0346305E-003   1.7504637E-004   1.2286243E-003   4.6869497E-005
   6.3200003E+000   6.9518612E-003   1.6608284E-004   1.4013762E-003   5.3819455E-005
   6.3599998E+000   6.8807609E-003   1.6903452E-004   1.5676773E-003   5.8855744E-005
   6.3999999E+000   6.8640832E-003   1.6040686E-004   1.7254501E-003   6.8530535E-005
   6.4399999E+000   6.9194596E-003   1.7531601E-004   1.8853535E-003   7.1288635E-005
   6.4800000E+000   6.9437517E-003   1.5077360E-004   2.0431952E-003   7.8219091E-005
   6.5200001E+000   6.9524927E-003   1.7111967E-004   2.2044495E-003   8.0618037E-005
   6.5600002E+000   6.9322424E-003   1.7289035E-004   2.3455755E-003   7.8816340E-005
   6.6000003E+000   6.9224526E-003   1.6973328E-004   2.4976977E-003   8.2396050E-005
   6.6399997E+000   6.9408598E-003   1.6578996E-004   2.6444186E-003   7.5752988E-005
   6.6799998E+000   6.9662494E-003   1.6607724E-004   2.8260400E-003   8.1203013E-005
   6.7199999E+000   6.9782547E-003   1.6530703E-004   2.9478527E-003   7.1319229E-005
   6.7600000E+000   6.9968310E-003   1.4351551E-004   3.0804048E-003   1.0008174E-004
   6.8000001E+000   7.0101158E-003   1.1472145E-004   3.2216100E-003   7.8557590E-005
   6.8400002E+000   7.0075202E-003   1.3923605E-004   3.3681448E-003   9.1238381E-005
   6.8800002E+000   7.1346527E-003   1.5384304E-004   3.5318409E-003   9.6351524E-005
   6.9199997E+000   7.2065453E-003   1.7073075E-004   3.6372796E-003   9.6776568E-005
   6.9599998E+000   7.2173318E-003   1.6582460E-004   3.7649907E-003   8.7629645E-005
   6.9999999E+000   7.2255882E-003   1.5917965E-004   3.8737347E-003   8.8919571E-005
   7.0400000E+000   7.2443339E-003   1.7961817E-004   3.9921411E-003   9.6687004E-005
   7.0800000E+000   7.3241360E-003   1.2766576E-004   4.1115906E-003   1.0759360E-004
   7.1200001E+000   7.2817137E-003   1.2303466E-004   4.2244792E-003   1.2361143E-004
   7.1600002E+000   7.3030925E-003   1.2103661E-004   4.3241296E-003   1.2633917E-004
   7.2000003E+000   7.3657392E-003   1.1566849E-004   4.4325171E-003   1.2258781E-004
   7.2399998E+000   7.3898480E-003   1.5333443E-004   4.5591980E-003   1.0600713E-004
   7.2799999E+000   7.4380399E-003   1.5611128E-004   4.6861602E-003   1.0050241E-004
   7.3199999E+000   7.5008695E-003   1.7599511E-004   4.8159915E-003   1.1140105E-004
   7.3600000E+000   7.5956300E-003   1.5770771E-004   4.9111289E-003   9.1455520E-005
   7.4000001E+000   7.6493280E-003   1.7752669E-004   5.0317756E-003   1.0737034E-004
   7.4400002E+000   7.6674241E-003   1.6511943E-004   5.1873668E-003   1.0029180E-004
   7.4800003E+000   7.7839069E-003   1.3816762E-004   5.3271306E-003   9.1958979E-005
   7.5199997E+000   7.8671957E-003   1.3435181E-004   5.4209470E-003   9.6946245E-005
   7.5599998E+000   7.9008351E-003   1.2944582E-004   5.5404448E-003   1.0315108E-004
   7.5999999E+000   7.9569427E-003   1.4731329E-004   5.6094482E-003   1.1557595E-004
   7.6400000E+000   8.0621556E-003   1.4523939E-004   5.6815357E-003   1.1555335E-004
   7.6800001E+000   8.1244416E-003   1.5229778E-004   5.8347383E-003   1.2540835E-004
   7.7200001E+000   8.1887608E-003   1.4778442E-004   5.9411102E-003   1.2332904E-004
   7.7600002E+000   8.2601394E-003   1.3263920E-004   6.0896037E-003   1.2641602E-004
   7.7999997E+000   8.3758522E-003   1.5202770E-004   6.2347548E-003   1.3356596E-004
   7.8399998E+000   8.4773837E-003   1.4980597E-004   6.2477121E-003   1.2863128E-004
   7.8799999E+000   8.6286919E-003   1.4952957E-004   6.3251979E-003   1.3336004E-004
   7.9200000E+000   8.7045359E-003   1.6968153E-004   6.3554769E-003   1.3138441E-004
   7.9600000E+000   8.7586010E-003   1.5024510E-004   6.4649825E-003   1.3626943E-004
   8.0000001E+000   8.7262412E-003   1.5015001E-004   6.4721878E-003   1.3957556E-004
   8.0400002E+000   8.8718276E-003   1.5309921E-004   6.6097257E-003   1.3402788E-004
   8.0800003E+000   9.0471272E-003   1.5157766E-004   6.7779746E-003   1.2296752E-004
   8.1199998E+000   9.1175929E-003   1.3865937E-004   6.8150076E-003   1.1585643E-004
   8.1599998E+000   9.2880158E-003   1.4408187E-004   6.8971489E-003   1.2386648E-004
   8.1999999E+000   9.4038136E-003   1.4229414E-004   6.9752067E-003   1.1915272E-004
   8.2400000E+000   9.6225646E-003   1.4295302E-004   7.1061165E-003   1.1317429E-004
   8.2800001E+000   9.6848610E-003   1.4781379E-004   7.2133888E-003   1.1360360E-004
   8.3200002E+000   9.7890857E-003   1.4843655E-004   7.2989085E-003   1.1954990E-004
   8.3600003E+000   9.8639087E-003   1.4950538E-004   7.4167972E-003   1.2274091E-004
   8.3999997E+000   9.9817238E-003   1.4515989E-004   7.4900633E-003   1.1850558E-004
   8.4399998E+000   1.0123295E-002   1.5798850E-004   7.5467645E-003   1.1982500E-004
   8.4799999E+000   1.0166141E-002   1.5973752E-004   7.6439420E-003   1.2673604E-004
   8.5200000E+000   1.0279286E-002   1.6118391E-004   7.7471456E-003   1.2214589E-004
   8.5600001E+000   1.0483586E-002   1.6753693E-004   7.8588558E-003   1.2962046E-004
   8.6000001E+000   1.0660700E-002   1.7354758E-004   7.8724272E-003   1.2194598E-004
   8.6400002E+000   1.0767713E-002   1.5657015E-004   7.9453974E-003   1.2734658E-004
   8.6799997E+000   1.0890676E-002   1.6037098E-004   8.0243629E-003   1.1938668E-004
   8.7199998E+000   1.1095133E-002   1.5459375E-004   8.0245657E-003   1.2270631E-004
   8.7599999E+000   1.1204834E-002   1.6521359E-004   8.0723932E-003   1.2286063E-004
   8.8000000E+000   1.1381511E-002   1.6358505E-004   8.1081593E-003   1.2655177E-004
   8.8400000E+000   1.1602915E-002   1.7414056E-004   8.0830009E-003   1.2951856E-004
   8.8800001E+000   1.1694832E-002   1.8962972E-004   8.0921258E-003   1.2800505E-004
   8.9200002E+000   1.1892467E-002   1.7168180E-004   8.1082040E-003   1.2446326E-004
   8.9600003E+000   1.2102875E-002   1.7088721E-004   8.1277232E-003   1.3335974E-004
   8.9999998E+000   1.2223167E-002   1.7728829E-004   8.1658916E-003   1.4653715E-004
   9.0399998E+000   1.2339409E-002   1.7443180E-004   8.1759747E-003   1.3344400E-004
   9.0799999E+000   1.2462257E-002   1.7992757E-004   8.1287167E-003   1.0665728E-004
   9.1200000E+000   1.2656709E-002   1.7359233E-004   8.1033735E-003   1.1870817E-004
   9.1600001E+000   1.2829347E-002   1.6055003E-004   8.1284339E-003   1.2238217E-004
   9.2000002E+000   1.2964380E-002   1.6802596E-004   8.1187747E-003   1.2319168E-004
   9.2400002E+000   1.3169086E-002   1.5727042E-004   8.1292466E-003   1.1530641E-004
   9.2799997E+000   1.3321429E-002   1.6384776E-004   8.1451108E-003   1.1987571E-004
   9.3199998E+000   1.3580283E-002   1.6287866E-004   8.1215050E-003   1.1560149E-004
   9.3599999E+000   1.3841752E-002   1.7708856E-004   8.1326022E-003   1.1403860E-004
   9.4000000E+000   1.4102168E-002   1.7105689E-004   8.1508776E-003   1.1002545E-004
   9.4400001E+000   1.4343904E-002   1.7159090E-004   8.1779402E-003   1.2016144E-004
   9.4800001E+000   1.4577815E-002   1.7606558E-004   8.1230282E-003   1.2452037E-004
   9.5200002E+000   1.4650710E-002   1.7921704E-004   8.1132067E-003   1.1053416E-004
   9.5599997E+000   1.4948648E-002   2.0333531E-004   8.0037712E-003   1.1557925E-004
   9.5999998E+000   1.5160394E-002   1.9274852E-004   7.9164695E-003   1.1851250E-004
   9.6399999E+000   1.5458284E-002   2.0490406E-004   7.8962678E-003   1.2749671E-004
   9.6799999E+000   1.5778625E-002   2.0315521E-004   7.8835455E-003   1.4400949E-004
   9.7200000E+000   1.6092221E-002   1.9403921E-004   7.8865919E-003   1.4214095E-004
   9.7600001E+000   1.6411636E-002   1.8266229E-004   7.8647852E-003   1.4641223E-004
   9.8000002E+000   1.6712251E-002   1.9834071E-004   7.7570994E-003   1.2260843E-004
   9.8400003E+000   1.6943103E-002   1.9889446E-004   7.7012537E-003   1.2138609E-004
   9.8799998E+000   1.7198302E-002   2.0551146E-004   7.7118384E-003   1.2576948E-004
   9.9199998E+000   1.7522812E-002   2.1093495E-004   7.6107497E-003   1.2560442E-004
   9.9599999E+000   1.7756659E-002   2.0603032E-004   7.5266655E-003   1.2281004E-004
   1.0000000E+001   1.8125894E-002   2.2124079E-004   7.4465734E-003   1.2219005E-004
   1.0039999E+001   1.8346709E-002   2.3629621E-004   7.3510256E-003   1.2517223E-004
   1.0080000E+001   1.8721848E-002   2.1184044E-004   7.2639855E-003   1.3899752E-004
   1.0120000E+001   1.9016542E-002   2.1305210E-004   7.1450233E-003   1.3422030E-004
   1.0160000E+001   1.9385382E-002   1.9457283E-004   6.9997560E-003   1.2219473E-004
   1.0200000E+001   1.9786358E-002   2.2536834E-004   6.9296577E-003   1.3119647E-004
   1.0240000E+001   2.0131407E-002   2.3296645E-004   6.7643235E-003   1.2280041E-004
   1.0280000E+001   2.0565788E-002   2.2731691E-004   6.6091332E-003   1.1921470E-004
   1.0319999E+001   2.1042559E-002   2.1199132E-004   6.4222704E-003   1.1959103E-004
   1.0360000E+001   2.1452890E-002   1.9758496E-004   6.2243278E-003   1.1584125E-004
   1.0400000E+001   2.1965341E-002   2.1091658E-004   6.0248935E-003   1.1315799E-004
   1.0440000E+001   2.2477363E-002   2.0476264E-004   5.7658397E-003   9.5679904E-005
   1.0480000E+001   2.2922424E-002   1.8182952E-004   5.5458429E-003   9.6250807E-005
   1.0520000E+001   2.3496079E-002   1.7712240E-004   5.2609259E-003   9.2319443E-005
   1.0560000E+001   2.4118063E-002   1.8229704E-004   5.0483312E-003   8.5931194E-005
   1.0599999E+001   2.4699091E-002   1.8295526E-004   4.7611936E-003   8.1993831E-005
   1.0640000E+001   2.5298020E-002   1.7290537E-004   4.4584575E-003   7.6242535E-005
   1.0680000E+001   2.5803901E-002   1.8400614E-004   4.1029225E-003   7.1431779E-005
   1.0720000E+001   2.6380144E-002   1.8297939E-004   3.7542623E-003   6.3534322E-005
   1.0760000E+001   2.7016690E-002   1.8690170E-004   3.3808852E-003   6.0523207E-005
   1.0800000E+001   2.7834119E-002   1.8522519E-004   2.9728258E-003   5.6257062E-005
   1.0840000E+001   2.8316117E-002   1.7594694E-004   2.5288591E-003   4.6514969E-005
   1.0880001E+001   2.9028775E-002   1.7072127E-004   2.1575248E-003   3.5875644E-005
   1.0920000E+001   2.9815356E-002   1.7902944E-004   1.6397748E-003   2.8633438E-005
   1.0960000E+001   3.0501505E-002   1.8049858E-004   1.1437691E-003   2.1502890E-005
   1.1000000E+001   3.1295742E-002   1.8878774E-004   6.3443352E-004   1.3172380E-005
   1.1040000E+001   3.2115749E-002   2.0248964E-004   5.0908262E-002   6.2508685E-004
   1.1080000E+001   3.2762104E-002   2.2973044E-004   5.3540368E-002   9.8638248E-004
   1.1120000E+001   3.3769206E-002   2.3043641E-004   5.6237709E-002   9.9428982E-004
   1.1160001E+001   3.4534903E-002   2.2330072E-004   5.6470487E-002   1.1127392E-003
   1.1200000E+001   3.5328534E-002   2.2961286E-004   5.6538650E-002   9.7345677E-004
   1.1240000E+001   3.6023000E-002   2.6328583E-004   5.6516005E-002   9.2227167E-004
   1.1280000E+001   3.6783674E-002   2.5469087E-004   5.6476024E-002   9.9923004E-004
   1.1320000E+001   3.7447430E-002   2.3576263E-004   5.6521415E-002   9.6914668E-004
   1.1360000E+001   3.8227324E-002   2.3450050E-004   5.6546108E-002   9.6093120E-004
   1.1400000E+001   3.8839145E-002   2.2587461E-004   5.6821015E-002   9.5573477E-004
   1.1440001E+001   3.9453414E-002   2.3063296E-004   5.6877686E-002   9.2489322E-004
   1.1480000E+001   4.0093644E-002   2.4464001E-004   5.6986674E-002   8.6105950E-004
   1.1520000E+001   4.0738051E-002   2.5228196E-004   5.6991669E-002   8.3198276E-004
   1.1560000E+001   4.1321752E-002   2.3631302E-004   5.7195398E-002   6.3897662E-004
   1.1600000E+001   4.1950571E-002   2.4368587E-004   5.7415134E-002   7.2239128E-004
   1.1640000E+001   4.2588649E-002   2.3603297E-004   5.7708362E-002   5.9085228E-004
   1.1680000E+001   4.3086929E-002   2.4378636E-004   5.7533084E-002   6.3546383E-004
   1.1720001E+001   4.3762392E-002   2.6022413E-004   5.7725160E-002   6.2074464E-004
   1.1760000E+001   4.4347979E-002   2.4426041E-004   5.7910018E-002   6.1040287E-004
   1.1799999E+001   4.4864297E-002   2.3865493E-004   5.8079276E-002   8.4650401E-004
   1.1840000E+001   4.5588207E-002   2.3996826E-004   5.8119929E-002   8.6739763E-004
   1.1880000E+001   4.6163982E-002   2.6520577E-004   5.8320877E-002   7.7850179E-004
   1.1920000E+001   4.6819807E-002   2.6890667E-004   5.8470075E-002   7.5188130E-004
   1.1960000E+001   4.7462836E-002   2.5920990E-004   5.8593326E-002   7.0184469E-004
   1.2000000E+001   4.7887623E-002   2.4227650E-004   5.8996548E-002   7.0233660E-004
   1.2040000E+001   4.8371845E-002   2.0994199E-004   5.9257235E-002   7.1020674E-004
   1.2079999E+001   4.8888100E-002   2.0885239E-004   5.9243248E-002   7.0769494E-004
   1.2120000E+001   4.9378098E-002   2.4582374E-004   5.9317946E-002   6.4826946E-004
   1.2160000E+001   4.9736023E-002   2.3697847E-004   5.9571065E-002   6.6960669E-004
   1.2200000E+001   5.0091147E-002   2.8269209E-004   5.9534848E-002   5.9199078E-004
   1.2240000E+001   5.0577373E-002   3.1857599E-004   5.9735235E-002   6.0181765E-004
   1.2280000E+001   5.0968239E-002   3.2196931E-004   5.9980007E-002   6.6896381E-004
   1.2320000E+001   5.1453860E-002   3.2871461E-004   6.0056240E-002   5.8120827E-004
   1.2359999E+001   5.1909475E-002   3.1828067E-004   6.0123177E-002   6.2724718E-004
   1.2400000E+001   5.2517489E-002   3.2563297E-004   6.0297987E-002   5.6215051E-004
   1.2440000E+001   5.3084287E-002   3.1036958E-004   6.0469918E-002   5.1902841E-004
   1.2480000E+001   5.3629654E-002   2.9608422E-004   6.0672381E-002   4.7969815E-004
   1.2520000E+001   5.4011156E-002   3.0562768E-004   6.0800557E-002   5.2311387E-004
   1.2560000E+001   5.4750078E-002   2.9652031E-004   6.1108630E-002   5.2438004E-004
   1.2600000E+001   5.5382991E-002   3.0583957E-004   6.1344794E-002   4.9690104E-004
   1.2640001E+001   5.5921003E-002   3.3422721E-004   6.1499325E-002   5.4889198E-004
   1.2680000E+001   5.6449437E-002   3.1620543E-004   6.1669212E-002   4.8166834E-004
   1.2720000E+001   5.6761029E-002   3.3085927E-004   6.1941354E-002   4.7241499E-004
   1.2760000E+001   5.7216603E-002   3.4583610E-004   6.2385861E-002   4.1903181E-004
   1.2800000E+001   5.7746062E-002   3.7909725E-004   6.2474651E-002   4.1041815E-004
   1.2840000E+001   5.8218704E-002   3.6843488E-004   6.2636870E-002   3.5642020E-004
   1.2880000E+001   5.8556795E-002   3.7951647E-004   6.3053031E-002   3.4769639E-004
   1.2920001E+001   5.8895780E-002   4.3261774E-004   6.3388589E-002   3.6833887E-004
   1.2960000E+001   5.9214954E-002   3.6934881E-004   6.3546116E-002   3.8801117E-004
   1.3000000E+001   5.9765988E-002   3.4786190E-004   6.4173714E-002   3.7201359E-004
   1.3040000E+001   6.0183453E-002   3.4506977E-004   6.4303187E-002   3.4925042E-004
   1.3080000E+001   6.0609954E-002   3.3708176E-004   6.4634289E-002   3.7061893E-004
   1.3120000E+001   6.1204288E-002   3.4273151E-004   6.5140728E-002   3.5358401E-004
   1.3160000E+001   6.1795347E-002   3.1632725E-004   6.5489297E-002   3.6287276E-004
   1.3200001E+001   6.2294241E-002   3.3900424E-004   6.6019759E-002   3.7536341E-004
   1.3240000E+001   6.3006187E-002   3.0830992E-004   6.6316907E-002   3.8088062E-004
   1.3279999E+001   6.3448718E-002   3.0301570E-004   6.6837347E-002   4.0070961E-004
   1.3320000E+001   6.3770271E-002   3.0547873E-004   6.6974463E-002   4.2346238E-004
   1.3360000E+001   6.4277648E-002   2.9222490E-004   6.7522639E-002   4.0984150E-004
   1.3400000E+001   6.4604622E-002   3.0525327E-004   6.7886442E-002   4.3393708E-004
   1.3440000E+001   6.5316776E-002   3.2357486E-004   6.8268935E-002   3.9705070E-004
   1.3480000E+001   6.5821017E-002   3.5212963E-004   6.8516165E-002   4.9850353E-004
   1.3520000E+001   6.6278390E-002   3.5739946E-004   6.8896678E-002   4.5729040E-004
   1.3559999E+001   6.6755265E-002   3.5435574E-004   6.9364966E-002   4.6365701E-004
   1.3600000E+001   6.7349817E-002   3.3363152E-004   6.9765035E-002   4.1595691E-004
   1.3640000E+001   6.7764657E-002   3.4479548E-004   7.0193856E-002   3.8422855E-004
   1.3680000E+001   6.8403759E-002   4.3596714E-004   7.0717220E-002   3.8848382E-004
   1.3720000E+001   6.8939138E-002   3.3760364E-004   7.1283110E-002   3.5460607E-004
   1.3760000E+001   6.9372663E-002   4.2464772E-004   7.1633854E-002   3.7561195E-004
   1.3800000E+001   6.9631924E-002   4.1254460E-004   7.1980746E-002   3.6816798E-004
   1.3839999E+001   7.0147469E-002   3.9198969E-004   7.2208322E-002   3.5956076E-004
   1.3880000E+001   7.0617939E-002   4.2164654E-004   7.2641564E-002   3.9408962E-004
   1.3920000E+001   7.1054399E-002   4.2280351E-004   7.3020958E-002   4.0736159E-004
   1.3960000E+001   7.1553368E-002   4.2953136E-004   7.3437648E-002   4.4809391E-004
   1.4000000E+001   7.2089426E-002   4.3181401E-004   7.3785008E-002   4.4226859E-004
   1.4040000E+001   7.2664085E-002   4.7481846E-004   7.4251982E-002   4.2692263E-004
   1.4080000E+001   7.2951489E-002   4.8422609E-004   7.4680671E-002   4.2520221E-004
   1.4119999E+001   7.3523648E-002   5.3552220E-004   7.5006345E-002   4.5279711E-004
   1.4160000E+001   7.3817538E-002   5.4907125E-004   7.5263878E-002   4.5069476E-004
   1.4200000E+001   7.4465995E-002   5.2110003E-004   7.5860560E-002   4.5369688E-004
   1.4240000E+001   7.4961070E-002   4.9523929E-004   7.6321961E-002   4.7301441E-004
   1.4280000E+001   7.5063325E-002   4.6324992E-004   7.6809036E-002   4.7340189E-004
   1.4320000E+001   7.5581430E-002   4.5285752E-004   7.7475256E-002   5.6490239E-004
   1.4360000E+001   7.6003155E-002   4.6358659E-004   7.8085800E-002   5.1351132E-004
   1.4400001E+001   7.6408915E-002   4.4880051E-004   7.8344857E-002   5.2939935E-004
   1.4440000E+001   7.6837926E-002   4.5547379E-004   7.8964304E-002   4.7924842E-004
   1.4480000E+001   7.7246924E-002   4.3213794E-004   7.9331680E-002   4.7496983E-004
   1.4520000E+001   7.7652314E-002   4.1358108E-004   7.9706554E-002   4.5683802E-004
   1.4560000E+001   7.8133729E-002   3.8953597E-004   8.0045421E-002   3.9562883E-004
   1.4600000E+001   7.8372377E-002   3.6650058E-004   8.0428382E-002   4.2124427E-004
   1.4640000E+001   7.8850137E-002   3.7920988E-004   8.0745420E-002   4.3930613E-004
   1.4680001E+001   7.9263963E-002   3.7382370E-004   8.1343736E-002   4.6071053E-004
   1.4720000E+001   7.9805216E-002   3.5638875E-004   8.1817976E-002   5.4036952E-004
   1.4760000E+001   8.0305986E-002   3.7273027E-004   8.2471896E-002   5.8123536E-004
   1.4800000E+001   8.0691641E-002   3.7336306E-004   8.2937932E-002   5.6197793E-004
   1.4840000E+001   8.0990485E-002   3.8507401E-004   8.3408591E-002   4.5616999E-004
   1.4880000E+001   8.1532299E-002   3.9999385E-004   8.3860665E-002   5.9601881E-004
   1.4920000E+001   8.2249664E-002   4.2741514E-004   8.4026364E-002   5.8531363E-004
   1.4960001E+001   8.2767509E-002   4.2036649E-004   8.4385141E-002   5.6084689E-004
   1.5000000E+001   8.3205405E-002   4.2264723E-004   8.4751502E-002   5.8103856E-004
   1.5039999E+001   8.3691446E-002   4.2963284E-004   8.5168682E-002   5.3772663E-004
   1.5080000E+001   8.4407113E-002   4.5976302E-004   8.5588469E-002   5.4695267E-004
   1.5120000E+001   8.4712331E-002   4.8623859E-004   8.6096713E-002   6.8475128E-004
   1.5160000E+001   8.5318914E-002   4.7253619E-004   8.6416117E-002   6.4252600E-004
   1.5200000E+001   8.5782790E-002   3.8552651E-004   8.6826802E-002   6.7716970E-004
   1.5240000E+001   8.6033902E-002   4.1311121E-004   8.7304304E-002   5.0289091E-004
   1.5280000E+001   8.6308808E-002   4.4634627E-004   8.7708776E-002   6.8451241E-004
   1.5319999E+001   8.6580107E-002   4.5534416E-004   8.8159175E-002   6.0405651E-004
   1.5360000E+001   8.7137860E-002   4.4531399E-004   8.8713052E-002   5.8153008E-004
   1.5400000E+001   8.7630742E-002   4.6138541E-004   8.9161321E-002   5.8111832E-004
   1.5440000E+001   8.8459391E-002   4.8889907E-004   8.9360303E-002   6.0143406E-004
   1.5480000E+001   8.9013133E-002   4.9268325E-004   8.9845256E-002   5.6308535E-004
   1.5520000E+001   8.9676403E-002   4.1399602E-004   9.0034295E-002   5.7948159E-004
   1.5560000E+001   9.0254971E-002   4.1016616E-004   9.0474014E-002   6.0286274E-004
   1.5599999E+001   9.0620552E-002   5.1885267E-004   9.0827395E-002   6.7456024E-004
   1.5640000E+001   9.0898907E-002   5.5270992E-004   9.1352609E-002   6.4453721E-004
   1.5680000E+001   9.1590813E-002   5.4236277E-004   9.1938526E-002   6.7428053E-004
   1.5720000E+001   9.1621146E-002   6.0598049E-004   9.2354230E-002   7.0396840E-004
   1.5760000E+001   9.2016230E-002   5.5182449E-004   9.2713865E-002   7.0885382E-004
   1.5800000E+001   9.2207829E-002   5.1528160E-004   9.3143084E-002   7.5505763E-004
   1.5840000E+001   9.2857426E-002   5.3046006E-004   9.3663841E-002   7.2251939E-004
   1.5880001E+001   9.3282013E-002   4.9946619E-004   9.4042774E-002   6.8979106E-004
   1.5920000E+001   9.3743926E-002   5.0565315E-004   9.4622477E-002   6.8829523E-004
   1.5960000E+001   9.4078729E-002   4.6410438E-004   9.4912432E-002   6.3510684E-004
   1.6000000E+001   9.4390646E-002   4.7263166E-004   9.5368708E-002   6.7423639E-004
   1.6040000E+001   9.4735400E-002   5.0270811E-004   9.6026069E-002   6.2039770E-004
   1.6080000E+001   9.5329396E-002   5.1061150E-004   9.6422520E-002   6.0620926E-004
   1.6120000E+001   9.5743870E-002   4.5273052E-004   9.7006786E-002   5.4610300E-004
   1.6160001E+001   9.6183991E-002   4.7982400E-004   9.7513944E-002   5.8121344E-004
   1.6200000E+001   9.6736557E-002   5.0577811E-004   9.8242385E-002   6.1564887E-004
   1.6240000E+001   9.7182342E-002   5.2887041E-004   9.8554746E-002   5.3849824E-004
   1.6280000E+001   9.7688070E-002   5.1169962E-004   9.9134057E-002   6.1155647E-004
   1.6320000E+001   9.8421894E-002   4.6388329E-004   9.9753635E-002   5.7773554E-004
   1.6360000E+001   9.8832567E-002   4.6891806E-004   1.0015818E-001   5.2914512E-004
   1.6400000E+001   9.9561968E-002   4.5682430E-004   1.0080252E-001   5.6970397E-004
   1.6440001E+001   9.9692715E-002   4.2170762E-004   1.0138618E-001   5.7349146E-004
   1.6480000E+001   1.0054260E-001   4.0624452E-004   1.0207868E-001   5.7501283E-004
   1.6520000E+001   1.0075612E-001   4.0604084E-004   1.0212093E-001   5.5159684E-004
   1.6560000E+001   1.0176982E-001   4.2898923E-004   1.0275593E-001   5.9365383E-004
   1.6600000E+001   1.0240178E-001   4.3442236E-004   1.0290476E-001   6.1379119E-004
   1.6640000E+001   1.0304411E-001   4.4092974E-004   1.0377198E-001   5.9862370E-004
   1.6680000E+001   1.0363159E-001   4.5551118E-004   1.0429302E-001   6.7662331E-004
   1.6720001E+001   1.0398954E-001   4.0768491E-004   1.0500210E-001   6.7047178E-004
   1.6760000E+001   1.0468541E-001   4.3925989E-004   1.0559243E-001   6.8969039E-004
   1.6799999E+001   1.0521301E-001   4.3836175E-004   1.0586644E-001   6.7125188E-004
   1.6840000E+001   1.0557706E-001   4.7882845E-004   1.0623409E-001   6.5618433E-004
   1.6880000E+001   1.0596611E-001   5.2303505E-004   1.0677998E-001   6.0843602E-004
   1.6920000E+001   1.0633755E-001   4.3274712E-004   1.0698943E-001   6.7547856E-004
   1.6960000E+001   1.0691994E-001   5.0504697E-004   1.0740625E-001   7.1382366E-004
   1.7000000E+001   1.0707602E-001   5.1313927E-004   1.0791328E-001   6.2627497E-004
   1.7040000E+001   1.0746942E-001   5.7483468E-004   1.0878017E-001   6.0973285E-004
   1.7079999E+001   1.0789364E-001   5.5453452E-004   1.0937260E-001   4.8654507E-004
   1.7120000E+001   1.0837317E-001   5.8844637E-004   1.0976453E-001   5.1283953E-004
   1.7160000E+001   1.0893876E-001   5.9624877E-004   1.1040494E-001   5.3571593E-004
   1.7200000E+001   1.0977637E-001   5.7160797E-004   1.1089055E-001   5.0689791E-004
   1.7240000E+001   1.1024071E-001   6.0310976E-004   1.1156433E-001   4.9335589E-004
   1.7280000E+001   1.1082144E-001   5.9046131E-004   1.1205238E-001   4.5460370E-004
   1.7320000E+001   1.1134013E-001   5.9214362E-004   1.1250323E-001   4.5789359E-004
   1.7359999E+001   1.1216677E-001   5.6502707E-004   1.1334557E-001   4.8902936E-004
   1.7400000E+001   1.1299182E-001   5.4328456E-004   1.1344283E-001   5.1298861E-004
   1.7440000E+001   1.1362741E-001   5.3549600E-004   1.1424007E-001   5.1445034E-004
   1.7480000E+001   1.1406286E-001   5.2028696E-004   1.1461241E-001   5.0103306E-004
   1.7520000E+001   1.1461887E-001   5.4725919E-004   1.1511885E-001   6.0823982E-004
   1.7560000E+001   1.1504514E-001   4.9434829E-004   1.1554495E-001   5.0758543E-004
   1.7600000E+001   1.1584280E-001   5.6276386E-004   1.1599879E-001   5.1941678E-004
   1.7640001E+001   1.1679956E-001   5.5128926E-004   1.1653955E-001   4.9469889E-004
   1.7680000E+001   1.1738108E-001   5.2134906E-004   1.1718172E-001   5.3343696E-004
   1.7720000E+001   1.1807732E-001   6.1718813E-004   1.1777881E-001   4.7967936E-004
   1.7760000E+001   1.1852704E-001   6.2664256E-004   1.1809984E-001   5.1939248E-004
   1.7800000E+001   1.1910274E-001   5.8302094E-004   1.1826157E-001   5.0582107E-004
   1.7840000E+001   1.1980481E-001   6.2787814E-004   1.1897392E-001   5.5396142E-004
   1.7880000E+001   1.2035151E-001   6.0151691E-004   1.1920830E-001   5.0212246E-004
   1.7920001E+001   1.2103240E-001   5.9684345E-004   1.1960956E-001   5.6004506E-004
   1.7960000E+001   1.2140181E-001   5.7696143E-004   1.1992154E-001   5.4853998E-004
   1.8000000E+001   1.2201140E-001   5.6726794E-004   1.2046146E-001   5.0307638E-004
   1.8040000E+001   1.2265710E-001   5.4121648E-004   1.2096666E-001   5.3467537E-004
   1.8080000E+001   1.2326684E-001   4.7808230E-004   1.2176196E-001   5.0747116E-004
   1.8120000E+001   1.2391846E-001   5.0006859E-004   1.2200764E-001   5.3162254E-004
   1.8160000E+001   1.2458880E-001   5.0109303E-004   1.2277326E-001   5.2726208E-004
   1.8200001E+001   1.2501118E-001   4.7733677E-004   1.2334295E-001   5.1465127E-004
   1.8240000E+001   1.2562017E-001   4.8113406E-004   1.2392061E-001   5.3222388E-004
   1.8279999E+001   1.2606369E-001   4.5870809E-004   1.2453983E-001   5.2703869E-004
   1.8320000E+001   1.2686076E-001   4.8563047E-004   1.2516121E-001   5.0052940E-004
   1.8360000E+001   1.2736863E-001   5.3233002E-004   1.2577790E-001   4.6309675E-004
   1.8400000E+001   1.2792659E-001   5.7317282E-004   1.2665072E-001   4.4966318E-004
   1.8440000E+001   1.2879613E-001   6.2615970E-004   1.2705834E-001   4.9439337E-004
   1.8480000E+001   1.2934646E-001   5.5744109E-004   1.2782014E-001   4.9938815E-004
   1.8520000E+001   1.2992792E-001   5.3405014E-004   1.2859631E-001   5.3938500E-004
   1.8559999E+001   1.3052287E-001   5.5577778E-004   1.2907979E-001   4.5943345E-004
   1.8600000E+001   1.3104273E-001   5.1404383E-004   1.2972551E-001   4.5581157E-004
   1.8640000E+001   1.3144342E-001   5.4718414E-004   1.3030637E-001   4.5966016E-004
   1.8680000E+001   1.3207321E-001   4.8781482E-004   1.3109274E-001   4.6598451E-004
   1.8720000E+001   1.3231869E-001   4.8927363E-004   1.3170689E-001   4.9796189E-004
   1.8760000E+001   1.3272845E-001   4.8743369E-004   1.3247969E-001   4.6517180E-004
   1.8800000E+001   1.3302998E-001   5.1059959E-004   1.3286510E-001   4.5730207E-004
   1.8839999E+001   1.3356873E-001   5.4238931E-004   1.3357919E-001   4.8471447E-004
   1.8880000E+001   1.3411645E-001   5.1505586E-004   1.3402975E-001   5.1215709E-004
   1.8920000E+001   1.3465425E-001   5.2302445E-004   1.3477680E-001   5.8817653E-004
   1.8960000E+001   1.3546963E-001   5.3185956E-004   1.3494426E-001   5.4928084E-004
   1.9000000E+001   1.3602396E-001   4.9228763E-004   1.3549913E-001   6.1611437E-004
   1.9040000E+001   1.3661419E-001   5.4763749E-004   1.3616992E-001   6.3557040E-004
   1.9080000E+001   1.3711356E-001   6.2626180E-004   1.3681634E-001   6.4385836E-004
   1.9119999E+001   1.3781320E-001   5.3760911E-004   1.3751418E-001   6.0894231E-004
   1.9160000E+001   1.3853045E-001   5.7212958E-004   1.3813590E-001   6.4911944E-004
   1.9200000E+001   1.3905834E-001   6.2184651E-004   1.3872284E-001   6.5037394E-004
   1.9240000E+001   1.3985605E-001   6.3151468E-004   1.3924019E-001   6.1881451E-004
   1.9280000E+001   1.4085239E-001   5.7550247E-004   1.3958707E-001   6.2877111E-004
   1.9320000E+001   1.4164204E-001   5.3932740E-004   1.4020956E-001   6.4560667E-004
   1.9360000E+001   1.4224331E-001   5.2675928E-004   1.4064086E-001   5.9571906E-004
   1.9400001E+001   1.4273913E-001   5.4560786E-004   1.4151285E-001   6.0092455E-004
   1.9440000E+001   1.4319180E-001   5.6670347E-004   1.4212287E-001   6.3030285E-004
   1.9480000E+001   1.4362757E-001   5.5249771E-004   1.4285317E-001   6.5924736E-004
   1.9520000E+001   1.4414995E-001   6.1056431E-004   1.4373317E-001   6.9838636E-004
   1.9560000E+001   1.4465063E-001   5.4381483E-004   1.4433815E-001   6.4246689E-004
   1.9600000E+001   1.4514822E-001   4.9648514E-004   1.4498995E-001   6.6259786E-004
   1.9640000E+001   1.4587634E-001   7.8228153E-004   1.4592740E-001   6.3864274E-004
   1.9680001E+001   1.4641144E-001   8.1686299E-004   1.4663610E-001   6.3945585E-004
   1.9720000E+001   1.4693082E-001   7.7509195E-004   1.4742613E-001   5.5382673E-004
   1.9760000E+001   1.4745656E-001   7.6008752E-004   1.4826817E-001   5.8376440E-004
   1.9800000E+001   1.4812931E-001   7.6941616E-004   1.4872011E-001   5.5768428E-004
   1.9840000E+001   1.4896926E-001   7.7073461E-004   1.4932816E-001   5.7895116E-004
   1.9880000E+001   1.4967204E-001   6.5870759E-004   1.4986083E-001   5.8697641E-004
   1.9920000E+001   1.5043294E-001   7.8802494E-004   1.5048325E-001   5.9385916E-004
   1.9960001E+001   1.5132820E-001   7.3951486E-004   1.5110240E-001   6.5613841E-004
   2.0000000E+001   1.5199778E-001   7.3615597E-004   1.5160293E-001   6.4533874E-004
=======
   1.0400000E+000   5.0055929E-006   1.1573324E-007   5.2349674E-006   1.0818108E-007
   1.0800000E+000   1.2737792E-005   2.5914568E-007   1.3076412E-005   3.3264597E-007
   1.1200000E+000   2.0860881E-005   4.3281818E-007   2.1462042E-005   4.5131657E-007
   1.1600000E+000   2.9969882E-005   5.8335302E-007   3.0598038E-005   6.5348155E-007
   1.2000000E+000   3.9946886E-005   7.1355670E-007   4.0556195E-005   8.0495922E-007
   1.2400000E+000   5.0273874E-005   8.4940419E-007   5.0568461E-005   9.8687219E-007
   1.2800001E+000   6.1146481E-005   1.0175901E-006   6.1317319E-005   1.1734832E-006
   1.3200000E+000   7.2419055E-005   1.1254393E-006   7.2456905E-005   1.3379903E-006
   1.3600001E+000   8.4827225E-005   1.2769964E-006   8.4669178E-005   1.4279826E-006
   1.4000000E+000   9.7811596E-005   1.3776036E-006   9.6612534E-005   1.5243661E-006
   1.4399999E+000   1.1156016E-004   1.4718625E-006   1.1064135E-004   1.7265249E-006
   1.4800000E+000   1.2559427E-004   1.7819001E-006   1.2391472E-004   1.8090700E-006
   1.5200000E+000   1.4087430E-004   2.1119793E-006   1.3820634E-004   1.8950746E-006
   1.5600000E+000   1.5612125E-004   2.2542848E-006   1.5406248E-004   2.1432078E-006
   1.6000000E+000   1.7165324E-004   2.3708708E-006   1.7008527E-004   2.5290467E-006
   1.6400000E+000   1.8753293E-004   2.5742384E-006   1.8619100E-004   2.6929792E-006
   1.6800000E+000   2.0399973E-004   2.7877135E-006   2.0371413E-004   3.0763073E-006
   1.7200001E+000   2.2129946E-004   3.4489498E-006   2.2246276E-004   3.0640964E-006
   1.7600000E+000   2.3915969E-004   3.7044492E-006   2.4074226E-004   3.1011943E-006
   1.8000001E+000   2.5668543E-004   3.7486369E-006   2.6024500E-004   3.1600211E-006
   1.8400000E+000   2.7445164E-004   3.7980992E-006   2.8022774E-004   3.3055519E-006
   1.8799999E+000   2.9367671E-004   3.7395463E-006   2.9916286E-004   3.3789973E-006
   1.9200000E+000   3.1264676E-004   3.6282508E-006   3.2009544E-004   3.2487201E-006
   1.9599999E+000   3.3352562E-004   3.3581992E-006   3.4086592E-004   3.3364161E-006
   2.0000000E+000   3.5807774E-004   3.4069888E-006   3.6155323E-004   3.4177693E-006
   2.0400000E+000   3.8150972E-004   3.7469902E-006   3.8166006E-004   3.8704189E-006
   2.0800000E+000   4.0488063E-004   4.0431056E-006   4.0419958E-004   4.0237333E-006
   2.1200000E+000   4.2924591E-004   4.2259071E-006   4.2674643E-004   4.4649748E-006
   2.1600001E+000   4.5482598E-004   4.4209916E-006   4.4985655E-004   4.6045343E-006
   2.2000000E+000   4.8003003E-004   4.4627664E-006   4.7472459E-004   4.1639935E-006
   2.2400001E+000   5.0510517E-004   4.8415287E-006   5.0058794E-004   4.1706477E-006
   2.2800000E+000   5.2968999E-004   5.1050400E-006   5.2660830E-004   4.1437448E-006
   2.3199999E+000   5.5804347E-004   5.1117307E-006   5.5242300E-004   4.3609243E-006
   2.3600000E+000   5.8509556E-004   5.0915706E-006   5.7881290E-004   4.4681771E-006
   2.3999999E+000   6.1221638E-004   5.9907609E-006   6.0676352E-004   4.7377146E-006
   2.4400000E+000   6.4097462E-004   6.1362813E-006   6.3504338E-004   4.9412037E-006
   2.4800000E+000   6.6928656E-004   6.6204620E-006   6.6251317E-004   4.8654281E-006
   2.5200000E+000   6.9805901E-004   6.7018243E-006   6.9138920E-004   5.0904761E-006
   2.5600001E+000   7.2784992E-004   6.3989319E-006   7.1935154E-004   5.4477411E-006
   2.5999999E+000   7.5485083E-004   6.5930316E-006   7.4772524E-004   5.8827091E-006
   2.6400000E+000   7.8273804E-004   7.0482403E-006   7.7795939E-004   6.0725685E-006
   2.6800001E+000   8.1419344E-004   7.2649609E-006   8.1005819E-004   6.1184874E-006
   2.7200001E+000   8.4711296E-004   7.3407113E-006   8.4300488E-004   6.1839004E-006
   2.7599999E+000   8.7761075E-004   7.5175810E-006   8.7180522E-004   5.8922142E-006
   2.8000000E+000   9.0996249E-004   7.7371134E-006   9.0387376E-004   6.0608766E-006
   2.8400001E+000   9.4244182E-004   7.6211711E-006   9.3760704E-004   6.0127154E-006
   2.8799999E+000   9.7774355E-004   7.5720389E-006   9.6875918E-004   5.8360454E-006
   2.9200000E+000   1.0094188E-003   7.7192444E-006   1.0016092E-003   6.3051993E-006
   2.9600000E+000   1.0433153E-003   7.7638125E-006   1.0359865E-003   6.5601791E-006
   3.0000001E+000   1.0825758E-003   7.7778243E-006   1.0735142E-003   6.7060285E-006
   3.0399999E+000   1.1193646E-003   8.3731005E-006   1.1109546E-003   6.8543844E-006
   3.0800000E+000   1.1548233E-003   8.2599766E-006   1.1495852E-003   7.4830275E-006
   3.1200001E+000   1.1925623E-003   7.8925542E-006   1.1865814E-003   7.3674948E-006
   3.1600001E+000   1.2291248E-003   8.1620697E-006   1.2257293E-003   7.7146681E-006
   3.1999999E+000   1.2674494E-003   8.6355262E-006   1.2639502E-003   9.3468553E-006
   3.2400000E+000   1.3043250E-003   8.3623674E-006   1.3046347E-003   8.1509347E-006
   3.2800001E+000   1.3438223E-003   9.1496080E-006   1.3443762E-003   7.9236682E-006
   3.3199999E+000   1.3831727E-003   9.5945547E-006   1.3869006E-003   7.8480613E-006
   3.3600000E+000   1.4245635E-003   9.4357335E-006   1.4263833E-003   9.8858545E-006
   3.4000000E+000   1.4667355E-003   9.5719937E-006   1.4710157E-003   1.0203225E-005
   3.4400001E+000   1.5081498E-003   9.2050082E-006   1.5150855E-003   1.0382369E-005
   3.4799999E+000   1.5513241E-003   9.6123487E-006   1.5612448E-003   1.0109989E-005
   3.5200000E+000   1.5970182E-003   9.5026336E-006   1.6016021E-003   7.7583465E-006
   3.5600001E+000   1.6411886E-003   9.1227373E-006   1.6452803E-003   1.0575014E-005
   3.6000001E+000   1.6880330E-003   1.0528613E-005   1.6905888E-003   1.0465763E-005
   3.6399999E+000   1.7322457E-003   1.0953465E-005   1.7356214E-003   8.9778048E-006
   3.6800000E+000   1.7735941E-003   9.2857356E-006   1.7805163E-003   9.2463386E-006
   3.7200001E+000   1.8185155E-003   9.2126456E-006   1.8265345E-003   1.2911628E-005
   3.7599999E+000   1.8674780E-003   9.0292272E-006   1.8714340E-003   1.3095805E-005
   3.8000000E+000   1.9139109E-003   8.9754427E-006   1.9150170E-003   1.3410295E-005
   3.8400000E+000   1.9627100E-003   8.7870370E-006   1.9634320E-003   1.2331340E-005
   3.8800001E+000   2.0117616E-003   8.9345762E-006   2.0077521E-003   1.4284306E-005
   3.9199999E+000   2.0632358E-003   8.9291170E-006   2.0568726E-003   1.4214120E-005
   3.9600000E+000   2.1172218E-003   9.1611652E-006   2.1054523E-003   1.2200912E-005
   4.0000001E+000   2.1672080E-003   9.5541328E-006   2.1591458E-003   1.1976660E-005
   4.0400001E+000   2.2146629E-003   1.0291802E-005   2.2123266E-003   1.2263577E-005
   4.0799999E+000   2.2698697E-003   1.0499232E-005   2.2656557E-003   1.2870000E-005
   4.1200000E+000   2.3233860E-003   1.0778905E-005   2.3205942E-003   1.3613959E-005
   4.1600001E+000   2.3777234E-003   1.0864633E-005   2.3766843E-003   1.3918769E-005
   4.1999999E+000   2.4281212E-003   1.0477587E-005   2.4317127E-003   1.4196053E-005
   4.2399999E+000   2.4856836E-003   1.0264393E-005   2.4836086E-003   1.5332851E-005
   4.2800000E+000   2.5402568E-003   1.0158756E-005   2.5404031E-003   1.6235520E-005
   4.3200001E+000   2.5931650E-003   1.0277480E-005   2.5919116E-003   1.5748127E-005
   4.3599999E+000   2.6470170E-003   1.0610380E-005   2.6396474E-003   1.6949554E-005
   4.4000000E+000   2.7024995E-003   1.2541921E-005   2.6944648E-003   1.7035302E-005
   4.4400001E+000   2.7649233E-003   1.4427052E-005   2.7569626E-003   1.7756930E-005
   4.4800001E+000   2.8216270E-003   1.6191170E-005   2.8166142E-003   1.8968280E-005
   4.5199999E+000   2.8769333E-003   1.7038784E-005   2.8734841E-003   1.9477873E-005
   4.5600000E+000   2.9336850E-003   1.7048423E-005   2.9292322E-003   2.0937579E-005
   4.6000001E+000   2.9926147E-003   1.7096995E-005   2.9897021E-003   2.1807672E-005
   4.6399999E+000   3.0522112E-003   1.6961100E-005   3.0523989E-003   2.1698946E-005
   4.6799999E+000   3.1079967E-003   1.7211031E-005   3.1120476E-003   2.1414235E-005
   4.7200000E+000   3.1657399E-003   1.7992382E-005   3.1700853E-003   2.2086557E-005
   4.7600001E+000   3.2226983E-003   1.9202125E-005   3.2392629E-003   2.4764900E-005
   4.7999999E+000   3.2825900E-003   2.2841294E-005   3.3063424E-003   2.6550586E-005
   4.8400000E+000   3.3431990E-003   2.4961697E-005   3.3689301E-003   2.5679259E-005
   4.8800001E+000   3.4007281E-003   2.4655324E-005   3.4329540E-003   2.6740015E-005
   4.9200001E+000   3.4598061E-003   2.5947373E-005   3.4979994E-003   2.7624776E-005
   4.9599999E+000   3.5203098E-003   2.6053122E-005   3.5622748E-003   2.8750709E-005
   5.0000000E+000   3.5812405E-003   2.6899784E-005   3.6219706E-003   2.8592577E-005
   5.0400001E+000   3.6414999E-003   2.6779759E-005   3.6944532E-003   2.6414049E-005
   5.0800002E+000   3.6959121E-003   2.8013812E-005   3.7733991E-003   2.6692658E-005
   5.1200002E+000   3.7573463E-003   2.7746748E-005   3.8459424E-003   2.6458823E-005
   5.1599997E+000   3.8238788E-003   2.7945194E-005   3.9213345E-003   2.6559144E-005
   5.1999998E+000   3.8783225E-003   2.4567614E-005   3.9929667E-003   2.6145592E-005
   5.2399999E+000   3.9348782E-003   2.8066257E-005   4.0701021E-003   2.7932875E-005
   5.2800000E+000   3.9880996E-003   2.7989773E-005   4.1510219E-003   2.9473294E-005
   5.3200001E+000   4.0373638E-003   2.6774666E-005   4.2345270E-003   2.9941605E-005
   5.3600001E+000   4.0873345E-003   2.7367633E-005   4.3220204E-003   3.0181611E-005
   5.4000002E+000   4.1369306E-003   2.4110790E-005   4.4106767E-003   3.2288601E-005
   5.4400003E+000   4.1793599E-003   2.4615783E-005   4.5088706E-003   3.1841126E-005
   5.4799998E+000   4.2163008E-003   2.8487373E-005   4.6103744E-003   3.2429984E-005
   5.5199999E+000   4.2534578E-003   3.0293579E-005   4.7187796E-003   3.7258056E-005
   5.5599999E+000   4.2861835E-003   3.0413060E-005   4.8337681E-003   3.7508343E-005
   5.6000000E+000   4.3097301E-003   2.9553927E-005   4.9493518E-003   3.8103809E-005
   5.6400001E+000   4.3205307E-003   3.3109295E-005   5.0817460E-003   3.6366298E-005
   5.6800002E+000   4.3185690E-003   3.1591785E-005   5.2233108E-003   4.0644389E-005
   5.7200003E+000   4.3058362E-003   3.0156090E-005   5.3819521E-003   4.1294795E-005
   5.7599998E+000   4.2756623E-003   2.6066638E-005   5.5542532E-003   4.1541316E-005
   5.7999998E+000   4.2322518E-003   2.6214294E-005   5.7417451E-003   3.9916620E-005
   5.8399999E+000   4.1664053E-003   2.5003884E-005   5.9615529E-003   4.2228083E-005
   5.8800000E+000   4.0852913E-003   2.8182924E-005   6.2049682E-003   4.0782513E-005
   5.9200001E+000   3.9666649E-003   2.7622130E-005   6.4789644E-003   4.2107245E-005
   5.9600002E+000   3.8197623E-003   1.7018374E-005   6.7865675E-003   4.6023151E-005
   6.0000002E+000   3.6327236E-003   2.6239116E-005   6.7320724E-003   4.4320308E-005
   6.0399997E+000   3.4088980E-003   2.1351375E-005   2.0362599E-004   1.0686645E-006
   6.0799998E+000   3.2118121E-003   1.5669230E-005   4.6080053E-004   2.2996046E-006
   6.1199999E+000   3.0471155E-003   1.5358500E-005   6.8861109E-004   3.2765615E-006
   6.1600000E+000   2.9134319E-003   1.4376832E-005   8.9110692E-004   4.2320664E-006
   6.2000000E+000   2.8025596E-003   1.4004034E-005   1.0679835E-003   5.1988159E-006
   6.2400001E+000   2.7130997E-003   1.3132529E-005   1.2227023E-003   5.6776766E-006
   6.2800002E+000   2.6380999E-003   1.1474375E-005   1.3633430E-003   6.2183964E-006
   6.3200003E+000   2.5775078E-003   1.0922734E-005   1.4868687E-003   6.7758216E-006
   6.3599998E+000   2.5314352E-003   1.2494431E-005   1.5990126E-003   7.8070826E-006
   6.3999999E+000   2.4976956E-003   1.2175064E-005   1.6997592E-003   8.8002492E-006
   6.4399999E+000   2.4739095E-003   1.2198492E-005   1.7917473E-003   8.9335252E-006
   6.4800000E+000   2.4553977E-003   1.1079009E-005   1.8744310E-003   8.3004254E-006
   6.5200001E+000   2.4466375E-003   1.3339101E-005   1.9511955E-003   9.2000894E-006
   6.5600002E+000   2.4461666E-003   1.1585433E-005   2.0229921E-003   8.3946424E-006
   6.6000003E+000   2.4547642E-003   1.3873140E-005   2.0907153E-003   9.5361820E-006
   6.6399997E+000   2.4680129E-003   1.3580515E-005   2.1500672E-003   1.0273478E-005
   6.6799998E+000   2.4772681E-003   1.3317618E-005   2.2069041E-003   1.0752888E-005
   6.7199999E+000   2.4920469E-003   1.2388534E-005   2.2613920E-003   1.1457646E-005
   6.7600000E+000   2.5118238E-003   1.0649668E-005   2.3147531E-003   1.2576611E-005
   6.8000001E+000   2.5364003E-003   1.1606901E-005   2.3662144E-003   1.3274178E-005
   6.8400002E+000   2.5604614E-003   1.3434608E-005   2.4174838E-003   1.4459793E-005
   6.8800002E+000   2.5866170E-003   1.3609493E-005   2.4659317E-003   1.3348623E-005
   6.9199997E+000   2.6119186E-003   1.4239679E-005   2.5113243E-003   1.3938826E-005
   6.9599998E+000   2.6409513E-003   1.4316006E-005   2.5596418E-003   1.3635920E-005
   6.9999999E+000   2.6753240E-003   1.3686015E-005   2.6075123E-003   1.3698024E-005
   7.0400000E+000   2.7081816E-003   1.3427348E-005   2.6503095E-003   1.3925201E-005
   7.0800000E+000   2.7421881E-003   1.3206466E-005   2.6928176E-003   1.3740630E-005
   7.1200001E+000   2.7764570E-003   1.4044191E-005   2.7346257E-003   1.3603347E-005
   7.1600002E+000   2.8113863E-003   1.3821639E-005   2.7743040E-003   1.3910557E-005
   7.2000003E+000   2.8443024E-003   1.3789459E-005   2.8143363E-003   1.4218420E-005
   7.2399998E+000   2.8847414E-003   1.4135798E-005   2.8582195E-003   1.3929088E-005
   7.2799999E+000   2.9201343E-003   1.4489287E-005   2.9019213E-003   1.4630047E-005
   7.3199999E+000   2.9539404E-003   1.4209063E-005   2.9438441E-003   1.4858675E-005
   7.3600000E+000   2.9915092E-003   1.5157041E-005   2.9848804E-003   1.4054456E-005
   7.4000001E+000   3.0283849E-003   1.5562453E-005   3.0229289E-003   1.3773914E-005
   7.4400002E+000   3.0650883E-003   1.6380335E-005   3.0602777E-003   1.4200947E-005
   7.4800003E+000   3.1051061E-003   1.5956126E-005   3.1005309E-003   1.4287960E-005
   7.5199997E+000   3.1491728E-003   1.5777535E-005   3.1416056E-003   1.4398498E-005
   7.5599998E+000   3.1877134E-003   1.5023539E-005   3.1805749E-003   1.4496258E-005
   7.5999999E+000   3.2275769E-003   1.4383271E-005   3.2225565E-003   1.4395276E-005
   7.6400000E+000   3.2719586E-003   1.5287033E-005   3.2681800E-003   1.5098370E-005
   7.6800001E+000   3.3130670E-003   1.5167255E-005   3.3074716E-003   1.5380120E-005
   7.7200001E+000   3.3527600E-003   1.5173031E-005   3.3479447E-003   1.5574652E-005
   7.7600002E+000   3.3955275E-003   1.5789064E-005   3.3923029E-003   1.5428395E-005
   7.7999997E+000   3.4348455E-003   1.6543281E-005   3.4341327E-003   1.6217935E-005
   7.8399998E+000   3.4739730E-003   1.6706895E-005   3.4774412E-003   1.6842611E-005
   7.8799999E+000   3.5135156E-003   1.6805674E-005   3.5218085E-003   1.7269199E-005
   7.9200000E+000   3.5534419E-003   1.7810730E-005   3.5627794E-003   1.8330538E-005
   7.9600000E+000   3.5975587E-003   1.7194124E-005   3.6006515E-003   1.8646743E-005
   8.0000001E+000   3.6432344E-003   1.7485410E-005   3.6465007E-003   1.8584377E-005
   8.0400002E+000   3.6852904E-003   1.8206136E-005   3.6927378E-003   1.8252302E-005
   8.0800003E+000   3.7250736E-003   1.8746016E-005   3.7356948E-003   1.8808530E-005
   8.1199998E+000   3.7641227E-003   1.8488966E-005   3.7795955E-003   1.8770036E-005
   8.1599998E+000   3.8112343E-003   1.8360244E-005   3.8255032E-003   1.7663215E-005
   8.1999999E+000   3.8603958E-003   1.9184884E-005   3.8711687E-003   1.7122101E-005
   8.2400000E+000   3.9085420E-003   1.6965254E-005   3.9154037E-003   1.6809017E-005
   8.2800001E+000   3.9521996E-003   1.7257685E-005   3.9567587E-003   1.6985959E-005
   8.3200002E+000   3.9995868E-003   1.6789312E-005   4.0000722E-003   1.7086659E-005
   8.3600003E+000   4.0491761E-003   1.7729091E-005   4.0490477E-003   1.6934322E-005
   8.3999997E+000   4.1003966E-003   1.8442688E-005   4.0945422E-003   1.6736441E-005
   8.4399998E+000   4.1509114E-003   1.7128337E-005   4.1407053E-003   1.8922643E-005
   8.4799999E+000   4.1948407E-003   1.7767591E-005   4.1856942E-003   1.9460986E-005
   8.5200000E+000   4.2450151E-003   1.7156982E-005   4.2318476E-003   1.9348930E-005
   8.5600001E+000   4.2931881E-003   1.7674875E-005   4.2775412E-003   1.8946119E-005
   8.6000001E+000   4.3331668E-003   1.9779640E-005   4.3227075E-003   1.4786400E-005
   8.6400002E+000   4.3803117E-003   2.0504655E-005   4.3672247E-003   2.0624687E-005
   8.6799997E+000   4.4316725E-003   1.9678870E-005   4.4192910E-003   1.9426756E-005
   8.7199998E+000   4.4749544E-003   1.9298714E-005   4.4693212E-003   2.0084493E-005
   8.7599999E+000   4.5198060E-003   2.0063666E-005   4.5159456E-003   2.1819127E-005
   8.8000000E+000   4.5761624E-003   1.9589359E-005   4.5670410E-003   2.4545109E-005
   8.8400000E+000   4.6227720E-003   1.9631403E-005   4.6119986E-003   2.6039388E-005
   8.8800001E+000   4.6644510E-003   2.1083449E-005   4.6614290E-003   2.1681252E-005
   8.9200002E+000   4.7104356E-003   2.0038351E-005   4.7075817E-003   2.0673189E-005
   8.9600003E+000   4.7629546E-003   1.9443407E-005   4.7555465E-003   1.7416778E-005
   8.9999998E+000   4.8149935E-003   2.1342812E-005   4.8052847E-003   1.6781233E-005
   9.0399998E+000   4.8602143E-003   1.8832228E-005   4.8554678E-003   1.6082107E-005
   9.0799999E+000   4.9115150E-003   1.8880880E-005   4.9123051E-003   1.6988794E-005
   9.1200000E+000   4.9642602E-003   1.9675665E-005   4.9647360E-003   1.7784873E-005
   9.1600001E+000   5.0156184E-003   1.8110890E-005   5.0121191E-003   1.8867288E-005
   9.2000002E+000   5.0677234E-003   1.7384508E-005   5.0598411E-003   1.8793809E-005
   9.2400002E+000   5.1192753E-003   1.6854194E-005   5.1119161E-003   2.1548627E-005
   9.2799997E+000   5.1680311E-003   1.7338306E-005   5.1636951E-003   1.9925631E-005
   9.3199998E+000   5.2215454E-003   1.8059754E-005   5.2124669E-003   2.4879657E-005
   9.3599999E+000   5.2754633E-003   1.8147963E-005   5.2556077E-003   2.2568697E-005
   9.4000000E+000   5.3301783E-003   1.8348279E-005   5.3061335E-003   1.8412561E-005
   9.4400001E+000   5.3831600E-003   1.7565913E-005   5.3504176E-003   1.8953752E-005
   9.4800001E+000   5.4370764E-003   1.6947530E-005   5.4050212E-003   1.9943035E-005
   9.5200002E+000   5.4973818E-003   1.7664344E-005   5.4624265E-003   2.1013278E-005
   9.5599997E+000   5.5571160E-003   1.9066258E-005   5.5161956E-003   2.1726049E-005
   9.5999998E+000   5.6165398E-003   2.0204337E-005   5.5667436E-003   2.1366877E-005
   9.6399999E+000   5.6722307E-003   1.9570044E-005   5.6198478E-003   2.2496160E-005
   9.6799999E+000   5.7310866E-003   2.0378001E-005   5.6691560E-003   2.2420081E-005
   9.7200000E+000   5.7914072E-003   2.0986739E-005   5.7138409E-003   2.2146593E-005
   9.7600001E+000   5.8496979E-003   2.1693817E-005   5.7639712E-003   2.1710297E-005
   9.8000002E+000   5.9083671E-003   2.2316004E-005   5.8136204E-003   2.2028559E-005
   9.8400003E+000   5.9662060E-003   2.2601063E-005   5.8673433E-003   2.2048331E-005
   9.8799998E+000   6.0311709E-003   2.2190678E-005   5.9130479E-003   2.0381617E-005
   9.9199998E+000   6.0894754E-003   2.1674599E-005   5.9537059E-003   2.0031319E-005
   9.9599999E+000   6.1616678E-003   2.3422785E-005   5.9911402E-003   1.9704593E-005
   1.0000000E+001   6.2294914E-003   2.1909987E-005   6.0276430E-003   1.9610815E-005
   1.0039999E+001   6.3132188E-003   2.0054715E-005   6.0610184E-003   1.9846203E-005
   1.0080000E+001   6.3939220E-003   2.1165752E-005   6.0950042E-003   1.9308042E-005
   1.0120000E+001   6.4921878E-003   2.1893582E-005   6.1200620E-003   1.9480969E-005
   1.0160000E+001   6.5871570E-003   2.2374934E-005   6.1420892E-003   1.9825057E-005
   1.0200000E+001   6.6852493E-003   2.7206358E-005   6.1607630E-003   2.0387562E-005
   1.0240000E+001   6.7947878E-003   2.7956408E-005   6.1731657E-003   2.1121329E-005
   1.0280000E+001   6.9048925E-003   2.5519705E-005   6.1785608E-003   2.0967526E-005
   1.0319999E+001   7.0202829E-003   2.6403591E-005   6.1718502E-003   2.0719298E-005
   1.0360000E+001   7.1479874E-003   2.6608236E-005   6.1524425E-003   2.0093012E-005
   1.0400000E+001   7.2945791E-003   2.3769371E-005   6.1243929E-003   1.8533268E-005
   1.0440000E+001   7.4546986E-003   2.3393577E-005   6.0737877E-003   1.8918294E-005
   1.0480000E+001   7.6308401E-003   2.3054707E-005   6.0092801E-003   1.9308543E-005
   1.0520000E+001   7.8324156E-003   2.2794006E-005   5.9233619E-003   1.8096006E-005
   1.0560000E+001   8.0637501E-003   2.6562102E-005   5.8158191E-003   1.7580951E-005
   1.0599999E+001   8.3295305E-003   1.9230004E-005   5.6770835E-003   1.5112243E-005
   1.0640000E+001   8.6309311E-003   2.5536370E-005   5.4950326E-003   1.5593148E-005
   1.0680000E+001   8.9682290E-003   2.0703027E-005   5.2795427E-003   1.6885674E-005
   1.0720000E+001   9.3665529E-003   2.0112106E-005   5.0092610E-003   1.7103902E-005
   1.0760000E+001   9.8159433E-003   2.2380355E-005   4.6752682E-003   1.6196439E-005
   1.0800000E+001   1.0335098E-002   2.3663927E-005   4.2764325E-003   1.2940113E-005
   1.0840000E+001   1.0932681E-002   2.4147782E-005   3.7975999E-003   8.9565210E-006
   1.0880001E+001   1.1617112E-002   3.3862336E-005   3.2316829E-003   7.6118566E-006
   1.0920000E+001   1.2425942E-002   3.5746870E-005   2.5512126E-003   5.8236093E-006
   1.0960000E+001   1.3363553E-002   3.9567556E-005   1.7428111E-003   3.6775467E-006
   1.1000000E+001   1.4467167E-002   4.4177802E-005   7.7888331E-004   1.6103209E-006
   1.1040000E+001   1.5691812E-002   4.2611670E-005   2.7227900E-002   7.3528360E-005
   1.1080000E+001   1.6796047E-002   4.5841548E-005   2.8013295E-002   7.4800471E-005
   1.1120000E+001   1.7778389E-002   4.8983345E-005   2.7372596E-002   7.4917993E-005
   1.1160001E+001   1.8643289E-002   4.8677145E-005   2.6852626E-002   7.4394149E-005
   1.1200000E+001   1.9400167E-002   4.7173215E-005   2.6418372E-002   7.1355037E-005
   1.1240000E+001   2.0090011E-002   3.8824383E-005   2.6078957E-002   6.9191107E-005
   1.1280000E+001   2.0682206E-002   4.8461485E-005   2.5807507E-002   6.7437906E-005
   1.1320000E+001   2.1217800E-002   4.1417964E-005   2.5615944E-002   6.5514518E-005
   1.1360000E+001   2.1706373E-002   4.0509760E-005   2.5458981E-002   6.2086271E-005
   1.1400000E+001   2.2160287E-002   4.1343902E-005   2.5362076E-002   6.1043320E-005
   1.1440001E+001   2.2575465E-002   5.0356996E-005   2.5298082E-002   4.9953702E-005
   1.1480000E+001   2.2946555E-002   4.4096266E-005   2.5279070E-002   5.7871399E-005
   1.1520000E+001   2.3292152E-002   5.2439503E-005   2.5284060E-002   5.5733549E-005
   1.1560000E+001   2.3610007E-002   4.9836216E-005   2.5304918E-002   5.2008440E-005
   1.1600000E+001   2.3906989E-002   4.8392504E-005   2.5341841E-002   5.0754047E-005
   1.1640000E+001   2.4182804E-002   4.8426711E-005   2.5416048E-002   5.0755216E-005
   1.1680000E+001   2.4451789E-002   5.0568057E-005   2.5511302E-002   4.5966005E-005
   1.1720001E+001   2.4704155E-002   5.1361315E-005   2.5602522E-002   4.6064845E-005
   1.1760000E+001   2.4940924E-002   5.3844163E-005   2.5697260E-002   4.6727078E-005
   1.1799999E+001   2.5153189E-002   5.5755526E-005   2.5811164E-002   4.7372557E-005
   1.1840000E+001   2.5370647E-002   5.7693030E-005   2.5941213E-002   4.9616484E-005
   1.1880000E+001   2.5587968E-002   5.3902081E-005   2.6079659E-002   5.0306537E-005
   1.1920000E+001   2.5799849E-002   5.9060696E-005   2.6223382E-002   4.7470128E-005
   1.1960000E+001   2.6011658E-002   6.1053359E-005   2.6383631E-002   4.4225334E-005
   1.2000000E+001   2.6228918E-002   6.2655387E-005   2.6540975E-002   4.3616691E-005
   1.2040000E+001   2.6443338E-002   5.8726945E-005   2.6704806E-002   4.6813219E-005
   1.2079999E+001   2.6656006E-002   5.6658875E-005   2.6884053E-002   4.7718412E-005
   1.2120000E+001   2.6851720E-002   5.3054328E-005   2.7041702E-002   4.6661480E-005
   1.2160000E+001   2.7052546E-002   5.2078115E-005   2.7217275E-002   4.8190277E-005
   1.2200000E+001   2.7241236E-002   5.3530372E-005   2.7384141E-002   4.9643348E-005
   1.2240000E+001   2.7453816E-002   5.4421773E-005   2.7568643E-002   4.7493672E-005
   1.2280000E+001   2.7641551E-002   5.7504575E-005   2.7766206E-002   4.8795515E-005
   1.2320000E+001   2.7831651E-002   5.7314751E-005   2.7951957E-002   4.7549665E-005
   1.2359999E+001   2.8034223E-002   5.7511376E-005   2.8122730E-002   4.3542827E-005
   1.2400000E+001   2.8230525E-002   5.8869317E-005   2.8294558E-002   4.2521022E-005
   1.2440000E+001   2.8426065E-002   6.1112010E-005   2.8471135E-002   4.2730465E-005
   1.2480000E+001   2.8621511E-002   6.0422922E-005   2.8661721E-002   4.2981666E-005
   1.2520000E+001   2.8817542E-002   5.8950436E-005   2.8843265E-002   4.2602549E-005
   1.2560000E+001   2.9009981E-002   6.1257545E-005   2.9036222E-002   4.3462417E-005
   1.2600000E+001   2.9218040E-002   6.5386906E-005   2.9225153E-002   5.1279262E-005
   1.2640001E+001   2.9422092E-002   6.3716672E-005   2.9413683E-002   5.5024415E-005
   1.2680000E+001   2.9621927E-002   6.3136833E-005   2.9595313E-002   5.6031192E-005
   1.2720000E+001   2.9809197E-002   5.9862246E-005   2.9780370E-002   5.5087043E-005
   1.2760000E+001   2.9994520E-002   5.6082911E-005   2.9986726E-002   5.8113061E-005
   1.2800000E+001   3.0191005E-002   5.5242814E-005   3.0183313E-002   5.2723030E-005
   1.2840000E+001   3.0389480E-002   5.6316849E-005   3.0385039E-002   5.1625831E-005
   1.2880000E+001   3.0593851E-002   5.7669181E-005   3.0584035E-002   5.1813967E-005
   1.2920001E+001   3.0804262E-002   5.4650566E-005   3.0772970E-002   5.3334528E-005
   1.2960000E+001   3.0998776E-002   5.0919888E-005   3.0966354E-002   6.0282402E-005
   1.3000000E+001   3.1202706E-002   4.9549976E-005   3.1176323E-002   5.3604147E-005
   1.3040000E+001   3.1415611E-002   4.7983537E-005   3.1392641E-002   5.3239147E-005
   1.3080000E+001   3.1620725E-002   4.6995753E-005   3.1586319E-002   5.1968729E-005
   1.3120000E+001   3.1833393E-002   5.0217978E-005   3.1780220E-002   5.4326158E-005
   1.3160000E+001   3.2040022E-002   5.3723140E-005   3.1983231E-002   5.2035429E-005
   1.3200001E+001   3.2232115E-002   4.6117932E-005   3.2178921E-002   4.8105609E-005
   1.3240000E+001   3.2418854E-002   5.3843464E-005   3.2385176E-002   4.8680010E-005
   1.3279999E+001   3.2614595E-002   5.5988535E-005   3.2593686E-002   5.1956012E-005
   1.3320000E+001   3.2822184E-002   5.9237025E-005   3.2794059E-002   5.3281264E-005
   1.3360000E+001   3.3025137E-002   6.2395534E-005   3.2997217E-002   5.0771726E-005
   1.3400000E+001   3.3224692E-002   6.4703028E-005   3.3209297E-002   5.1442812E-005
   1.3440000E+001   3.3445540E-002   6.5749805E-005   3.3422300E-002   5.3279171E-005
   1.3480000E+001   3.3662753E-002   7.0461521E-005   3.3652131E-002   5.7747132E-005
   1.3520000E+001   3.3858303E-002   7.1937085E-005   3.3879336E-002   5.9189820E-005
   1.3559999E+001   3.4053554E-002   7.3207130E-005   3.4090838E-002   5.7340353E-005
   1.3600000E+001   3.4250916E-002   6.7062702E-005   3.4284795E-002   5.5529173E-005
   1.3640000E+001   3.4465138E-002   6.5375920E-005   3.4492731E-002   5.7010554E-005
   1.3680000E+001   3.4663048E-002   6.4198576E-005   3.4703173E-002   7.0805609E-005
   1.3720000E+001   3.4848574E-002   6.5299200E-005   3.4919199E-002   7.5257823E-005
   1.3760000E+001   3.5059593E-002   6.1612210E-005   3.5126363E-002   8.0873657E-005
   1.3800000E+001   3.5282230E-002   6.1519627E-005   3.5349448E-002   8.0223627E-005
   1.3839999E+001   3.5510317E-002   6.6698901E-005   3.5567743E-002   8.4195180E-005
   1.3880000E+001   3.5740351E-002   7.2154544E-005   3.5761655E-002   8.3524288E-005
   1.3920000E+001   3.5973399E-002   7.6330280E-005   3.5964840E-002   8.6328013E-005
   1.3960000E+001   3.6178672E-002   7.6767842E-005   3.6165057E-002   8.7948370E-005
   1.4000000E+001   3.6387695E-002   7.7777027E-005   3.6371188E-002   8.7370221E-005
   1.4040000E+001   3.6594500E-002   7.9327210E-005   3.6591369E-002   8.5750253E-005
   1.4080000E+001   3.6808842E-002   8.3768382E-005   3.6821325E-002   8.3066677E-005
   1.4119999E+001   3.7026272E-002   8.1957575E-005   3.7041065E-002   8.1476155E-005
   1.4160000E+001   3.7241987E-002   7.7518113E-005   3.7252047E-002   7.6178276E-005
   1.4200000E+001   3.7461816E-002   7.2206259E-005   3.7477033E-002   7.5227385E-005
   1.4240000E+001   3.7679981E-002   6.9235817E-005   3.7697509E-002   7.3526531E-005
   1.4280000E+001   3.7901856E-002   6.9994874E-005   3.7928331E-002   6.8163532E-005
   1.4320000E+001   3.8124079E-002   6.7950332E-005   3.8166119E-002   6.6182751E-005
   1.4360000E+001   3.8345848E-002   6.3415017E-005   3.8387237E-002   6.7094276E-005
   1.4400001E+001   3.8563713E-002   6.2550617E-005   3.8600357E-002   5.0576282E-005
   1.4440000E+001   3.8769569E-002   5.8598160E-005   3.8827157E-002   4.9579238E-005
   1.4480000E+001   3.8990776E-002   4.4917870E-005   3.9062193E-002   4.6633695E-005
   1.4520000E+001   3.9212014E-002   4.7851464E-005   3.9295464E-002   4.6973211E-005
   1.4560000E+001   3.9444901E-002   4.6707617E-005   3.9523246E-002   4.7251070E-005
   1.4600000E+001   3.9681444E-002   4.5962503E-005   3.9733936E-002   4.7556066E-005
   1.4640000E+001   3.9907437E-002   4.4386876E-005   3.9946600E-002   4.7521655E-005
   1.4680001E+001   4.0132501E-002   4.4525117E-005   4.0168906E-002   4.4544636E-005
   1.4720000E+001   4.0351411E-002   4.4920455E-005   4.0402859E-002   4.6044189E-005
   1.4760000E+001   4.0578100E-002   4.5207674E-005   4.0633797E-002   4.8271122E-005
   1.4800000E+001   4.0818136E-002   4.6677860E-005   4.0858006E-002   5.1040299E-005
   1.4840000E+001   4.1044467E-002   5.1056644E-005   4.1074846E-002   5.2919428E-005
   1.4880000E+001   4.1275343E-002   5.3034750E-005   4.1312411E-002   5.1522088E-005
   1.4920000E+001   4.1505633E-002   5.1028010E-005   4.1560180E-002   4.9443952E-005
   1.4960001E+001   4.1752069E-002   5.1431153E-005   4.1790269E-002   4.9167514E-005
   1.5000000E+001   4.1991710E-002   5.2913013E-005   4.2017179E-002   5.1936847E-005
   1.5039999E+001   4.2224496E-002   5.3085968E-005   4.2231227E-002   5.2506791E-005
   1.5080000E+001   4.2455974E-002   5.0346290E-005   4.2447703E-002   5.5400817E-005
   1.5120000E+001   4.2686546E-002   4.9320699E-005   4.2666358E-002   5.4459534E-005
   1.5160000E+001   4.2925983E-002   4.7979289E-005   4.2903698E-002   5.4889742E-005
   1.5200000E+001   4.3184790E-002   4.9261289E-005   4.3143629E-002   5.3871218E-005
   1.5240000E+001   4.3430269E-002   4.7730120E-005   4.3388937E-002   4.9651738E-005
   1.5280000E+001   4.3673090E-002   4.5633745E-005   4.3632332E-002   4.9014641E-005
   1.5319999E+001   4.3903931E-002   4.4474317E-005   4.3880849E-002   5.0029934E-005
   1.5360000E+001   4.4137497E-002   4.5968363E-005   4.4144195E-002   5.2857647E-005
   1.5400000E+001   4.4373099E-002   4.3426008E-005   4.4388149E-002   5.1750362E-005
   1.5440000E+001   4.4617854E-002   5.0002630E-005   4.4629178E-002   5.0067107E-005
   1.5480000E+001   4.4873364E-002   4.9835550E-005   4.4858893E-002   4.7000513E-005
   1.5520000E+001   4.5125935E-002   4.6814555E-005   4.5096685E-002   4.7476413E-005
   1.5560000E+001   4.5350756E-002   4.5854726E-005   4.5350499E-002   4.5527204E-005
   1.5599999E+001   4.5600340E-002   4.3427523E-005   4.5586109E-002   4.5136535E-005
   1.5640000E+001   4.5835203E-002   3.9502082E-005   4.5829788E-002   4.5135198E-005
   1.5680000E+001   4.6100464E-002   4.1084844E-005   4.6105693E-002   4.1068726E-005
   1.5720000E+001   4.6313718E-002   3.8249804E-005   4.6355875E-002   4.2451730E-005
   1.5760000E+001   4.6551262E-002   3.8451702E-005   4.6582101E-002   4.1105530E-005
   1.5800000E+001   4.6804498E-002   3.7909810E-005   4.6836761E-002   4.0355167E-005
   1.5840000E+001   4.7051816E-002   3.7697675E-005   4.7078925E-002   3.7371452E-005
   1.5880001E+001   4.7300992E-002   3.7345419E-005   4.7326021E-002   3.7606484E-005
   1.5920000E+001   4.7537826E-002   3.8994626E-005   4.7566000E-002   4.0901787E-005
   1.5960000E+001   4.7774261E-002   4.0286578E-005   4.7812061E-002   4.1504045E-005
   1.6000000E+001   4.8018599E-002   3.8756526E-005   4.8056379E-002   4.3546644E-005
   1.6040000E+001   4.8280879E-002   3.7577591E-005   4.8281262E-002   4.1828702E-005
   1.6080000E+001   4.8529415E-002   3.9995051E-005   4.8511125E-002   4.2833838E-005
   1.6120000E+001   4.8790265E-002   3.9365515E-005   4.8781522E-002   4.2987920E-005
   1.6160001E+001   4.9041877E-002   3.7241242E-005   4.9050352E-002   4.2855953E-005
   1.6200000E+001   4.9316481E-002   3.7676332E-005   4.9314497E-002   4.1062706E-005
   1.6240000E+001   4.9572195E-002   3.8621642E-005   4.9599675E-002   4.2253281E-005
   1.6280000E+001   4.9827870E-002   3.7398567E-005   4.9849212E-002   4.1629055E-005
   1.6320000E+001   5.0066815E-002   4.4489287E-005   5.0105778E-002   4.0655942E-005
   1.6360000E+001   5.0335920E-002   4.7263477E-005   5.0339877E-002   4.2629248E-005
   1.6400000E+001   5.0608962E-002   5.0048886E-005   5.0603153E-002   4.4664074E-005
   1.6440001E+001   5.0865289E-002   4.5316309E-005   5.0865260E-002   4.8086822E-005
   1.6480000E+001   5.1131508E-002   4.3054533E-005   5.1139065E-002   4.4283287E-005
   1.6520000E+001   5.1396056E-002   4.4198705E-005   5.1387616E-002   4.2966971E-005
   1.6560000E+001   5.1635748E-002   4.5888909E-005   5.1646525E-002   4.1292657E-005
   1.6600000E+001   5.1897890E-002   4.7195420E-005   5.1904097E-002   4.2195666E-005
   1.6640000E+001   5.2151595E-002   4.5794667E-005   5.2150700E-002   4.1221206E-005
   1.6680000E+001   5.2409867E-002   4.9994473E-005   5.2400911E-002   4.0981951E-005
   1.6720001E+001   5.2676307E-002   4.8956144E-005   5.2633327E-002   4.1870231E-005
   1.6760000E+001   5.2926366E-002   4.7450629E-005   5.2905470E-002   4.3016986E-005
   1.6799999E+001   5.3173098E-002   5.0317920E-005   5.3142833E-002   4.3195777E-005
   1.6840000E+001   5.3450128E-002   4.8947383E-005   5.3389592E-002   4.3779191E-005
   1.6880000E+001   5.3737191E-002   5.0094194E-005   5.3643555E-002   4.2121735E-005
   1.6920000E+001   5.3992698E-002   5.1779456E-005   5.3901912E-002   4.1788064E-005
   1.6960000E+001   5.4246649E-002   5.2842858E-005   5.4166349E-002   4.2679845E-005
   1.7000000E+001   5.4510722E-002   5.0150583E-005   5.4451933E-002   4.2486422E-005
   1.7040000E+001   5.4791290E-002   4.9502467E-005   5.4728853E-002   4.2889034E-005
   1.7079999E+001   5.5063283E-002   4.9878135E-005   5.4981160E-002   4.3417280E-005
   1.7120000E+001   5.5322170E-002   5.2365311E-005   5.5266991E-002   4.4972073E-005
   1.7160000E+001   5.5588941E-002   4.9949541E-005   5.5545561E-002   4.5082903E-005
   1.7200000E+001   5.5867729E-002   4.6209899E-005   5.5837344E-002   4.5307245E-005
   1.7240000E+001   5.6127655E-002   4.4662674E-005   5.6106570E-002   4.9776132E-005
   1.7280000E+001   5.6390270E-002   4.6460096E-005   5.6357080E-002   4.6511719E-005
   1.7320000E+001   5.6658404E-002   4.9472142E-005   5.6620582E-002   4.7740840E-005
   1.7359999E+001   5.6919512E-002   4.9834376E-005   5.6888274E-002   4.7515621E-005
   1.7400000E+001   5.7161801E-002   4.5351422E-005   5.7156857E-002   4.7803415E-005
   1.7440000E+001   5.7416965E-002   4.5143694E-005   5.7440188E-002   4.4187948E-005
   1.7480000E+001   5.7683951E-002   4.6382990E-005   5.7699428E-002   4.9691064E-005
   1.7520000E+001   5.7957701E-002   4.9543986E-005   5.7960727E-002   4.9835307E-005
   1.7560000E+001   5.8239517E-002   5.2220196E-005   5.8233072E-002   5.0418878E-005
   1.7600000E+001   5.8515810E-002   5.2736241E-005   5.8533307E-002   4.9034717E-005
   1.7640001E+001   5.8787957E-002   4.9700901E-005   5.8809521E-002   4.9506983E-005
   1.7680000E+001   5.9057378E-002   5.4945524E-005   5.9067857E-002   5.3003367E-005
   1.7720000E+001   5.9319692E-002   5.6387625E-005   5.9345984E-002   5.4239256E-005
   1.7760000E+001   5.9590808E-002   4.7101413E-005   5.9625983E-002   4.9973003E-005
   1.7800000E+001   5.9876969E-002   5.4501119E-005   5.9899935E-002   5.2990632E-005
   1.7840000E+001   6.0166998E-002   5.3147631E-005   6.0168628E-002   5.3881622E-005
   1.7880000E+001   6.0453052E-002   6.2790069E-005   6.0444394E-002   4.9939632E-005
   1.7920001E+001   6.0730241E-002   5.5196440E-005   6.0692018E-002   5.0429783E-005
   1.7960000E+001   6.0997812E-002   6.9319958E-005   6.0970665E-002   5.2884347E-005
   1.8000000E+001   6.1265178E-002   6.0830577E-005   6.1244513E-002   5.5853827E-005
   1.8040000E+001   6.1551599E-002   6.2357791E-005   6.1530347E-002   5.7367864E-005
   1.8080000E+001   6.1834753E-002   6.3685729E-005   6.1812939E-002   6.4717931E-005
   1.8120000E+001   6.2108383E-002   6.0790962E-005   6.2103014E-002   6.3880177E-005
   1.8160000E+001   6.2405386E-002   8.3621326E-005   6.2388936E-002   7.0353506E-005
   1.8200001E+001   6.2686538E-002   8.3309261E-005   6.2661491E-002   8.6549114E-005
   1.8240000E+001   6.2981641E-002   8.6555033E-005   6.2932608E-002   9.1265681E-005
   1.8279999E+001   6.3260272E-002   9.3392175E-005   6.3229608E-002   9.4605088E-005
   1.8320000E+001   6.3547352E-002   8.6464317E-005   6.3516671E-002   7.9997171E-005
   1.8360000E+001   6.3859122E-002   8.2998587E-005   6.3788372E-002   1.0691108E-004
   1.8400000E+001   6.4159764E-002   8.7203887E-005   6.4083088E-002   1.0910325E-004
   1.8440000E+001   6.4439951E-002   8.6062927E-005   6.4368274E-002   8.7877292E-005
   1.8480000E+001   6.4702013E-002   8.9054092E-005   6.4657960E-002   1.1021403E-004
   1.8520000E+001   6.4968934E-002   9.3020133E-005   6.4955879E-002   1.1233525E-004
   1.8559999E+001   6.5247059E-002   1.0295274E-004   6.5246517E-002   1.1548797E-004
   1.8600000E+001   6.5530393E-002   1.1240249E-004   6.5555972E-002   1.1976483E-004
   1.8640000E+001   6.5836227E-002   1.1278234E-004   6.5840192E-002   1.1773736E-004
   1.8680000E+001   6.6136715E-002   1.2017398E-004   6.6142504E-002   1.1793726E-004
   1.8720000E+001   6.6433035E-002   1.2947327E-004   6.6425481E-002   1.2500082E-004
   1.8760000E+001   6.6729620E-002   1.3587316E-004   6.6730548E-002   1.3296875E-004
   1.8800000E+001   6.7029424E-002   1.4018884E-004   6.7029293E-002   1.3723518E-004
   1.8839999E+001   6.7310917E-002   1.3167993E-004   6.7334891E-002   1.4409276E-004
   1.8880000E+001   6.7612248E-002   1.4157900E-004   6.7639125E-002   1.3261197E-004
   1.8920000E+001   6.7892604E-002   1.4218839E-004   6.7904913E-002   1.3043113E-004
   1.8960000E+001   6.8190966E-002   1.4033165E-004   6.8207549E-002   1.2573542E-004
   1.9000000E+001   6.8468952E-002   1.3959550E-004   6.8484124E-002   1.2335484E-004
   1.9040000E+001   6.8757558E-002   1.3866648E-004   6.8793178E-002   1.2123189E-004
   1.9080000E+001   6.9050338E-002   1.3069650E-004   6.9081187E-002   1.2158605E-004
   1.9119999E+001   6.9358681E-002   1.1976545E-004   6.9367204E-002   1.2188189E-004
   1.9160000E+001   6.9672156E-002   1.1257922E-004   6.9673575E-002   1.2359471E-004
   1.9200000E+001   6.9986378E-002   1.1398040E-004   6.9973871E-002   1.2353949E-004
   1.9240000E+001   7.0282225E-002   1.2333270E-004   7.0275484E-002   1.2175213E-004
   1.9280000E+001   7.0601839E-002   1.3239986E-004   7.0587921E-002   1.1077358E-004
   1.9320000E+001   7.0881732E-002   1.2881864E-004   7.0900532E-002   1.1070518E-004
   1.9360000E+001   7.1170428E-002   1.2499654E-004   7.1192675E-002   1.2297150E-004
   1.9400001E+001   7.1482651E-002   1.2107592E-004   7.1487964E-002   1.1787762E-004
   1.9440000E+001   7.1783568E-002   1.2040862E-004   7.1812511E-002   1.2184055E-004
   1.9480000E+001   7.2102723E-002   1.2100466E-004   7.2109046E-002   1.2720216E-004
   1.9520000E+001   7.2378649E-002   1.2261659E-004   7.2396451E-002   1.2824402E-004
   1.9560000E+001   7.2674540E-002   1.2372241E-004   7.2693808E-002   1.3891312E-004
   1.9600000E+001   7.2989959E-002   1.2111594E-004   7.3007794E-002   1.4170814E-004
   1.9640000E+001   7.3287942E-002   1.1891646E-004   7.3319405E-002   1.3879548E-004
   1.9680001E+001   7.3603049E-002   1.2426315E-004   7.3624974E-002   1.4334192E-004
   1.9720000E+001   7.3925339E-002   1.2513868E-004   7.3940101E-002   1.3347738E-004
   1.9760000E+001   7.4251672E-002   1.2368016E-004   7.4240207E-002   1.2139770E-004
   1.9800000E+001   7.4567982E-002   1.3135786E-004   7.4551537E-002   1.1718685E-004
   1.9840000E+001   7.4872717E-002   1.2999773E-004   7.4888673E-002   1.1345597E-004
   1.9880000E+001   7.5168506E-002   1.3618464E-004   7.5188730E-002   1.1822247E-004
   1.9920000E+001   7.5468541E-002   1.3583363E-004   7.5509221E-002   1.2031662E-004
   1.9960001E+001   7.5778387E-002   1.3479832E-004   7.5826703E-002   1.2664789E-004
   2.0000000E+001   7.6110269E-002   1.3379798E-004   7.6159198E-002   1.4033986E-004
>>>>>>> 9cdd54589e7c3ef1f5632549fa4c04677abcdfb6
