   8.0000004E-002   0.0000000E+000   0.0000000E+000   0.0000000E+000   0.0000000E+000
   1.2000000E-001   0.0000000E+000   0.0000000E+000   0.0000000E+000   0.0000000E+000
   1.6000001E-001   0.0000000E+000   0.0000000E+000   0.0000000E+000   0.0000000E+000
   2.0000000E-001   0.0000000E+000   0.0000000E+000   0.0000000E+000   0.0000000E+000
   2.4000000E-001   0.0000000E+000   0.0000000E+000   0.0000000E+000   0.0000000E+000
   2.8000001E-001   0.0000000E+000   0.0000000E+000   0.0000000E+000   0.0000000E+000
   3.2000002E-001   0.0000000E+000   0.0000000E+000   0.0000000E+000   0.0000000E+000
   3.5999998E-001   0.0000000E+000   0.0000000E+000   0.0000000E+000   0.0000000E+000
   3.9999999E-001   0.0000000E+000   0.0000000E+000   0.0000000E+000   0.0000000E+000
   4.4000000E-001   0.0000000E+000   0.0000000E+000   0.0000000E+000   0.0000000E+000
   4.8000000E-001   0.0000000E+000   0.0000000E+000   0.0000000E+000   0.0000000E+000
   5.2000001E-001   0.0000000E+000   0.0000000E+000   0.0000000E+000   0.0000000E+000
   5.6000002E-001   0.0000000E+000   0.0000000E+000   0.0000000E+000   0.0000000E+000
   5.9999999E-001   0.0000000E+000   0.0000000E+000   0.0000000E+000   0.0000000E+000
   6.4000003E-001   0.0000000E+000   0.0000000E+000   0.0000000E+000   0.0000000E+000
   6.8000004E-001   0.0000000E+000   0.0000000E+000   0.0000000E+000   0.0000000E+000
   7.1999997E-001   0.0000000E+000   0.0000000E+000   0.0000000E+000   0.0000000E+000
   7.5999998E-001   0.0000000E+000   0.0000000E+000   0.0000000E+000   0.0000000E+000
   7.9999998E-001   0.0000000E+000   0.0000000E+000   0.0000000E+000   0.0000000E+000
   8.3999999E-001   0.0000000E+000   0.0000000E+000   0.0000000E+000   0.0000000E+000
   8.8000000E-001   0.0000000E+000   0.0000000E+000   0.0000000E+000   0.0000000E+000
   9.2000000E-001   0.0000000E+000   0.0000000E+000   0.0000000E+000   0.0000000E+000
   9.6000001E-001   0.0000000E+000   0.0000000E+000   0.0000000E+000   0.0000000E+000
   1.0000000E+000   0.0000000E+000   0.0000000E+000   0.0000000E+000   0.0000000E+000
   1.0400000E+000   1.9336575E-005   2.1672078E-006   2.0659620E-005   2.2515118E-006
   1.0800000E+000   3.6593175E-005   3.7549566E-006   3.4129737E-005   3.7845393E-006
   1.1200000E+000   6.2622391E-005   6.9728635E-006   5.2256702E-005   5.5640782E-006
   1.1600000E+000   8.3197467E-005   9.1760035E-006   6.6082899E-005   5.9408450E-006
   1.2000000E+000   1.0554929E-004   1.1055914E-005   9.6746487E-005   9.1525059E-006
   1.2400000E+000   1.3676341E-004   1.3778578E-005   1.0987481E-004   9.7885955E-006
   1.2800001E+000   1.6334806E-004   1.5717487E-005   1.3769151E-004   1.2140446E-005
   1.3200000E+000   1.8436040E-004   1.6639483E-005   1.7263135E-004   1.5227017E-005
   1.3600001E+000   1.9691723E-004   1.5569574E-005   2.0438418E-004   1.6600732E-005
   1.4000000E+000   2.2614636E-004   1.6437510E-005   2.3979299E-004   1.8559402E-005
   1.4399999E+000   2.4971161E-004   1.7606026E-005   2.8325085E-004   2.0918523E-005
   1.4800000E+000   2.7888085E-004   2.0823014E-005   3.1192774E-004   2.2372218E-005
   1.5200000E+000   3.1291795E-004   2.2181310E-005   3.4200161E-004   2.2473922E-005
   1.5600000E+000   3.6194230E-004   2.6509126E-005   3.7204520E-004   2.4692899E-005
   1.6000000E+000   3.8725098E-004   2.7329938E-005   4.2018102E-004   2.5971155E-005
   1.6400000E+000   4.1808578E-004   3.1821543E-005   4.5771645E-004   2.5780179E-005
   1.6800000E+000   4.3805007E-004   3.0467431E-005   5.0568897E-004   2.9842496E-005
   1.7200001E+000   4.7378266E-004   2.9081488E-005   5.5227124E-004   2.9727021E-005
   1.7600000E+000   5.2134228E-004   2.8541684E-005   5.8961942E-004   3.2376718E-005
   1.8000001E+000   5.5752521E-004   3.0219451E-005   6.2523554E-004   3.3537760E-005
   1.8400000E+000   5.9153382E-004   3.0975156E-005   6.8843202E-004   3.7297769E-005
   1.8799999E+000   6.5925012E-004   3.6428392E-005   7.1475170E-004   3.7544427E-005
   1.9200000E+000   7.1377186E-004   4.2078396E-005   7.5312015E-004   3.6469106E-005
   1.9599999E+000   7.7654953E-004   3.8396361E-005   8.0866842E-004   3.7313618E-005
   2.0000000E+000   8.5479598E-004   4.4668797E-005   8.4693013E-004   3.8574928E-005
   2.0400000E+000   9.2070251E-004   5.1469602E-005   8.9358842E-004   4.1476639E-005
   2.0800000E+000   9.6781751E-004   5.1973873E-005   9.5149498E-004   4.2931627E-005
   2.1200000E+000   1.0166638E-003   5.9939597E-005   9.9289156E-004   4.6262727E-005
   2.1600001E+000   1.0658701E-003   6.0676793E-005   1.0323548E-003   5.1940206E-005
   2.2000000E+000   1.1093327E-003   6.2057709E-005   1.0730385E-003   5.0242751E-005
   2.2400001E+000   1.1471459E-003   6.2895938E-005   1.1266527E-003   5.4094871E-005
   2.2800000E+000   1.2022487E-003   6.2464379E-005   1.1722029E-003   5.0820236E-005
   2.3199999E+000   1.2400523E-003   6.0493437E-005   1.2142303E-003   5.4212730E-005
   2.3600000E+000   1.2969521E-003   6.1960350E-005   1.2617013E-003   6.4915169E-005
   2.3999999E+000   1.3329168E-003   6.2062762E-005   1.3340550E-003   6.0977765E-005
   2.4400000E+000   1.4066613E-003   6.8743847E-005   1.4183736E-003   6.4355088E-005
   2.4800000E+000   1.5120963E-003   8.5731665E-005   1.4704766E-003   7.0479048E-005
   2.5200000E+000   1.5927462E-003   9.0295097E-005   1.5437194E-003   6.9106656E-005
   2.5600001E+000   1.6350734E-003   8.6042474E-005   1.6278166E-003   6.7037084E-005
   2.5999999E+000   1.7049315E-003   8.6808235E-005   1.7300175E-003   6.9872611E-005
   2.6400000E+000   1.7656159E-003   9.0343090E-005   1.7890854E-003   5.9328390E-005
   2.6800001E+000   1.8072384E-003   8.3026858E-005   1.8735777E-003   5.7740594E-005
   2.7200001E+000   1.8774794E-003   8.7301068E-005   1.9338455E-003   6.4878056E-005
   2.7599999E+000   1.9436433E-003   1.0113552E-004   2.0010104E-003   6.4108106E-005
   2.8000000E+000   2.0327368E-003   9.7546910E-005   2.0533850E-003   7.6448044E-005
   2.8400001E+000   2.1319791E-003   1.0835349E-004   2.1615501E-003   8.1401045E-005
   2.8799999E+000   2.2119915E-003   1.0587832E-004   2.2506475E-003   8.4233648E-005
   2.9200000E+000   2.2945095E-003   1.1786869E-004   2.3595737E-003   8.6731299E-005
   2.9600000E+000   2.3221630E-003   1.3270190E-004   2.4720253E-003   8.4129771E-005
   3.0000001E+000   2.4108073E-003   1.3950894E-004   2.5690899E-003   8.2701655E-005
   3.0399999E+000   2.4977018E-003   1.2643174E-004   2.6349102E-003   8.1635333E-005
   3.0800000E+000   2.5997341E-003   1.3025861E-004   2.7021424E-003   8.2155837E-005
   3.1200001E+000   2.6622933E-003   9.1430312E-005   2.8003582E-003   9.7064245E-005
   3.1600001E+000   2.7131232E-003   1.5719240E-004   2.8659473E-003   9.2339839E-005
   3.1999999E+000   2.7943471E-003   1.5974739E-004   2.9914065E-003   9.4266755E-005
   3.2400000E+000   2.8778400E-003   1.0403436E-004   3.0877578E-003   8.5467461E-005
   3.2800001E+000   2.9250949E-003   1.0272392E-004   3.2043102E-003   8.4538845E-005
   3.3199999E+000   3.0154571E-003   9.5021019E-005   3.3136962E-003   9.6021644E-005
   3.3600000E+000   3.0486960E-003   1.0871807E-004   3.4074694E-003   9.4093712E-005
   3.4000000E+000   3.1391099E-003   1.4204991E-004   3.5183016E-003   1.0922154E-004
   3.4400001E+000   3.2063559E-003   1.0390636E-004   3.6408127E-003   8.7311714E-005
   3.4799999E+000   3.3234357E-003   1.2293505E-004   3.7161659E-003   8.5613687E-005
   3.5200000E+000   3.3948676E-003   1.2081777E-004   3.8075792E-003   8.3347400E-005
   3.5600001E+000   3.4856340E-003   1.4712692E-004   3.9120078E-003   7.8743015E-005
   3.6000001E+000   3.5827619E-003   1.6142660E-004   4.0443118E-003   8.8598865E-005
   3.6399999E+000   3.7212617E-003   1.1273810E-004   4.1592614E-003   8.7551328E-005
   3.6800000E+000   3.8210045E-003   1.6776122E-004   4.3218316E-003   8.2294364E-005
   3.7200001E+000   3.9811776E-003   1.0709708E-004   4.5171776E-003   8.4557617E-005
   3.7599999E+000   4.0100461E-003   1.0295838E-004   4.6149131E-003   8.1981928E-005
   3.8000000E+000   4.1401607E-003   1.0336604E-004   4.7383760E-003   7.5957183E-005
   3.8400000E+000   4.1686040E-003   1.0495050E-004   4.8441054E-003   7.7873516E-005
   3.8800001E+000   4.2114456E-003   9.8655842E-005   5.0207291E-003   7.8327265E-005
   3.9199999E+000   4.2852531E-003   1.0129052E-004   5.1977859E-003   8.2137902E-005
   3.9600000E+000   4.3706346E-003   1.0919676E-004   5.3624827E-003   8.8546206E-005
   4.0000001E+000   4.4862868E-003   1.4413387E-004   5.5646179E-003   9.2724913E-005
   4.0400001E+000   4.5477263E-003   1.2433239E-004   5.6702437E-003   8.9631329E-005
   4.0799999E+000   4.6044358E-003   1.3076863E-004   5.7910226E-003   9.1502468E-005
   4.1200000E+000   4.7017388E-003   1.0854794E-004   5.9737290E-003   8.8560672E-005
   4.1600001E+000   4.8102234E-003   1.1795499E-004   6.0638432E-003   8.6200263E-005
   4.1999999E+000   4.9413757E-003   1.1383302E-004   6.1806737E-003   8.8312911E-005
   4.2399999E+000   5.0688715E-003   1.1988935E-004   6.3081949E-003   9.4014608E-005
   4.2800000E+000   5.1902701E-003   1.0529940E-004   6.3758074E-003   8.6806813E-005
   4.3200001E+000   5.3037095E-003   1.4058662E-004   6.5185390E-003   9.5206950E-005
   4.3599999E+000   5.3751153E-003   1.3075697E-004   6.6160216E-003   9.8399464E-005
   4.4000000E+000   5.4624128E-003   1.0775015E-004   6.7346017E-003   1.0008920E-004
   4.4400001E+000   5.6199405E-003   1.0407379E-004   6.9015251E-003   1.0256002E-004
   4.4800001E+000   5.7364420E-003   1.0370271E-004   7.0399822E-003   1.0323411E-004
   4.5199999E+000   5.7839459E-003   1.0635779E-004   7.2382562E-003   1.0973865E-004
   4.5600000E+000   5.9018396E-003   1.0076819E-004   7.3294853E-003   1.0501346E-004
   4.6000001E+000   5.9541357E-003   1.1566339E-004   7.4995542E-003   1.1178502E-004
   4.6399999E+000   6.0474834E-003   1.0212208E-004   7.6771386E-003   1.1412286E-004
   4.6799999E+000   6.1299164E-003   9.9441960E-005   7.8509244E-003   1.0932894E-004
   4.7200000E+000   6.1803527E-003   9.9239066E-005   8.0463768E-003   1.0307282E-004
   4.7600001E+000   6.2522256E-003   1.0654052E-004   8.2432388E-003   1.0950624E-004
   4.7999999E+000   6.3609723E-003   1.1197491E-004   8.4489200E-003   1.1873509E-004
   4.8400000E+000   6.4074652E-003   1.1006920E-004   8.6027946E-003   1.0725455E-004
   4.8800001E+000   6.4938690E-003   1.1888643E-004   8.8384521E-003   1.0514248E-004
   4.9200001E+000   6.5875409E-003   1.2123445E-004   9.0610057E-003   1.1037960E-004
   4.9599999E+000   6.6421594E-003   1.2201613E-004   9.2924926E-003   1.1259948E-004
   5.0000000E+000   6.7137778E-003   1.1663562E-004   9.4396449E-003   1.1509999E-004
   5.0400001E+000   6.7626139E-003   1.1948043E-004   9.6509094E-003   1.1503102E-004
   5.0800002E+000   6.8124984E-003   1.1449733E-004   9.8810941E-003   1.1962019E-004
   5.1200002E+000   6.8611679E-003   1.1880365E-004   1.0042890E-002   1.1669178E-004
   5.1599997E+000   6.9070552E-003   1.2319042E-004   1.0260803E-002   1.1932926E-004
   5.1999998E+000   6.9622421E-003   1.1654076E-004   1.0495786E-002   1.2887755E-004
   5.2399999E+000   6.9934158E-003   1.0414901E-004   1.0741449E-002   1.3840335E-004
   5.2800000E+000   7.0784938E-003   1.1561469E-004   1.0864622E-002   1.2440082E-004
   5.3200001E+000   7.0818672E-003   1.2166872E-004   1.1052771E-002   1.4678341E-004
   5.3600001E+000   7.1160977E-003   1.1801200E-004   1.1245274E-002   1.5076315E-004
   5.4000002E+000   7.1790135E-003   1.3845728E-004   1.1564090E-002   1.5441819E-004
   5.4400003E+000   7.2153784E-003   1.0826426E-004   1.1824086E-002   1.3039387E-004
   5.4799998E+000   7.2207900E-003   1.1666706E-004   1.2111854E-002   1.3587292E-004
   5.5199999E+000   7.2432862E-003   1.4693043E-004   1.2420024E-002   1.6916619E-004
   5.5599999E+000   7.1837050E-003   1.4151603E-004   1.2798838E-002   1.8131066E-004
   5.6000000E+000   7.2451506E-003   1.3217595E-004   1.3220528E-002   1.8188909E-004
   5.6400001E+000   7.2899934E-003   1.4166805E-004   1.3417291E-002   1.8850972E-004
   5.6800002E+000   7.2641940E-003   1.4430826E-004   1.3847663E-002   2.0352463E-004
   5.7200003E+000   7.2775398E-003   1.4306986E-004   1.4148060E-002   1.8844230E-004
   5.7599998E+000   7.3240835E-003   1.5002537E-004   1.4490026E-002   2.6690728E-004
   5.7999998E+000   7.3642359E-003   1.3241704E-004   1.4912054E-002   2.4412625E-004
   5.8399999E+000   7.3768302E-003   1.1919347E-004   1.5389900E-002   2.5899721E-004
   5.8800000E+000   7.3760070E-003   1.4073840E-004   1.5794425E-002   2.4660430E-004
   5.9200001E+000   7.3174900E-003   1.3147714E-004   1.6114714E-002   2.5776400E-004
   5.9600002E+000   7.2178371E-003   1.4675732E-004   1.5544027E-002   2.9167577E-004
   6.0000002E+000   7.1689624E-003   1.3815354E-004   1.5075277E-002   2.9823852E-004
   6.0399997E+000   7.0969491E-003   1.4952760E-004   2.0844313E-004   6.9657534E-006
   6.0799998E+000   7.0635675E-003   1.3192924E-004   3.7346398E-004   1.1546484E-005
   6.1199999E+000   6.9750355E-003   1.0443766E-004   5.3776310E-004   1.6864998E-005
   6.1600000E+000   6.9752923E-003   1.1340224E-004   7.0328100E-004   2.2656845E-005
   6.2000000E+000   6.9324995E-003   1.1568530E-004   8.6760815E-004   2.7282502E-005
   6.2400001E+000   6.9216039E-003   1.1230039E-004   1.0238723E-003   3.0744476E-005
   6.2800002E+000   6.8209909E-003   1.1397694E-004   1.1709724E-003   3.3378967E-005
   6.3200003E+000   6.7873095E-003   1.0388756E-004   1.3326981E-003   4.1988499E-005
   6.3599998E+000   6.7493784E-003   1.0115797E-004   1.4792860E-003   4.6367473E-005
   6.3999999E+000   6.7441134E-003   1.0012697E-004   1.6317153E-003   5.1353019E-005
   6.4399999E+000   6.7363734E-003   1.1453609E-004   1.7797582E-003   5.1849021E-005
   6.4800000E+000   6.7769941E-003   1.1959468E-004   1.9300727E-003   5.6708902E-005
   6.5200001E+000   6.7756564E-003   1.1079014E-004   2.0994757E-003   8.0052509E-005
   6.5600002E+000   6.7890882E-003   1.2094897E-004   2.2348134E-003   7.6798473E-005
   6.6000003E+000   6.8142011E-003   9.8470045E-005   2.3614017E-003   7.2788996E-005
   6.6399997E+000   6.8229942E-003   1.1502120E-004   2.4927100E-003   7.7816392E-005
   6.6799998E+000   6.8849342E-003   1.0001978E-004   2.6458182E-003   7.9104981E-005
   6.7199999E+000   6.8442602E-003   9.2260822E-005   2.7980337E-003   9.6684577E-005
   6.7600000E+000   6.9186684E-003   8.9390271E-005   2.9494545E-003   9.6316678E-005
   6.8000001E+000   6.8498559E-003   8.5393809E-005   3.0653769E-003   9.8287412E-005
   6.8400002E+000   6.8331857E-003   9.2936513E-005   3.1873355E-003   8.9611923E-005
   6.8800002E+000   6.8498261E-003   9.3885160E-005   3.3473547E-003   9.8477027E-005
   6.9199997E+000   6.8217155E-003   9.2165682E-005   3.4837507E-003   9.4571575E-005
   6.9599998E+000   6.9054110E-003   9.4312282E-005   3.6047909E-003   1.0186098E-004
   6.9999999E+000   7.0194597E-003   9.7121148E-005   3.7325155E-003   9.6077222E-005
   7.0400000E+000   7.0962181E-003   1.0031367E-004   3.8531921E-003   8.9089279E-005
   7.0800000E+000   7.1779567E-003   1.0679531E-004   3.9561033E-003   8.9512212E-005
   7.1200001E+000   7.2410711E-003   1.0510549E-004   4.0188699E-003   8.7159234E-005
   7.1600002E+000   7.2676659E-003   1.0206670E-004   4.0575420E-003   8.3118945E-005
   7.2000003E+000   7.2516431E-003   1.1606993E-004   4.2016769E-003   8.3618072E-005
   7.2399998E+000   7.2909145E-003   1.1901959E-004   4.2456800E-003   8.4025149E-005
   7.2799999E+000   7.3319542E-003   1.2785759E-004   4.3889890E-003   9.8865254E-005
   7.3199999E+000   7.4247933E-003   1.2726583E-004   4.5027968E-003   9.2877734E-005
   7.3600000E+000   7.4312400E-003   1.1504020E-004   4.6076121E-003   9.9295063E-005
   7.4000001E+000   7.4443715E-003   1.1023889E-004   4.7252057E-003   1.0581845E-004
   7.4400002E+000   7.4523888E-003   1.0682748E-004   4.8641672E-003   1.0535651E-004
   7.4800003E+000   7.4907033E-003   1.1388880E-004   4.9703277E-003   1.0267570E-004
   7.5199997E+000   7.5240342E-003   1.1501592E-004   5.0959389E-003   9.1104011E-005
   7.5599998E+000   7.6921693E-003   1.2214026E-004   5.2030003E-003   9.3146532E-005
   7.5999999E+000   7.7924421E-003   1.2556080E-004   5.2185289E-003   9.0690737E-005
   7.6400000E+000   7.8658541E-003   1.2116255E-004   5.2955023E-003   9.7473729E-005
   7.6800001E+000   7.9979057E-003   1.2518763E-004   5.3677012E-003   1.1283798E-004
   7.7200001E+000   8.1050586E-003   1.1403936E-004   5.4656361E-003   1.1716308E-004
   7.7600002E+000   8.1558729E-003   1.1696377E-004   5.5263179E-003   1.1912564E-004
   7.7999997E+000   8.2363192E-003   1.1786710E-004   5.6218892E-003   1.1584679E-004
   7.8399998E+000   8.1994444E-003   1.2346886E-004   5.7546804E-003   1.1461430E-004
   7.8799999E+000   8.2924183E-003   1.1944320E-004   5.8964993E-003   1.2457697E-004
   7.9200000E+000   8.2812058E-003   1.2983020E-004   6.0182306E-003   1.1631530E-004
   7.9600000E+000   8.4140582E-003   1.2288357E-004   6.0748782E-003   1.2059621E-004
   8.0000001E+000   8.4491376E-003   1.3462157E-004   6.0962635E-003   1.2090040E-004
   8.0400002E+000   8.5406931E-003   1.3466562E-004   6.2135608E-003   1.2532042E-004
   8.0800003E+000   8.6164000E-003   1.3430695E-004   6.2754875E-003   1.2238186E-004
   8.1199998E+000   8.7017444E-003   1.2790477E-004   6.3884107E-003   1.2149940E-004
   8.1599998E+000   8.8201548E-003   1.2478581E-004   6.4784508E-003   1.2199324E-004
   8.1999999E+000   8.8154642E-003   1.2784835E-004   6.5643601E-003   1.3120998E-004
   8.2400000E+000   8.9104112E-003   1.2994588E-004   6.6340214E-003   1.4421491E-004
   8.2800001E+000   9.0288500E-003   1.3466788E-004   6.7391186E-003   1.5113081E-004
   8.3200002E+000   9.1446644E-003   1.3361971E-004   6.7508024E-003   1.6231005E-004
   8.3600003E+000   9.2580484E-003   1.4149316E-004   6.8819251E-003   1.6104922E-004
   8.3999997E+000   9.4329616E-003   1.3975696E-004   6.9578942E-003   1.5384404E-004
   8.4399998E+000   9.5325342E-003   1.4633159E-004   7.0079665E-003   1.6045917E-004
   8.4799999E+000   9.6825391E-003   1.5812015E-004   7.0408319E-003   1.6242673E-004
   8.5200000E+000   9.7311274E-003   1.5388989E-004   7.0903924E-003   1.6613580E-004
   8.5600001E+000   9.9421557E-003   1.4568429E-004   7.1531427E-003   1.6547950E-004
   8.6000001E+000   1.0079326E-002   1.2137891E-004   7.2517938E-003   1.6482141E-004
   8.6400002E+000   1.0257006E-002   1.3832654E-004   7.2343717E-003   1.6828755E-004
   8.6799997E+000   1.0434855E-002   1.4273168E-004   7.3100904E-003   1.6787188E-004
   8.7199998E+000   1.0566601E-002   1.4794448E-004   7.3867485E-003   1.6760499E-004
   8.7599999E+000   1.0715227E-002   1.3783165E-004   7.5081866E-003   1.7120319E-004
   8.8000000E+000   1.0857677E-002   1.3762496E-004   7.5400810E-003   1.5888848E-004
   8.8400000E+000   1.0948125E-002   1.4140331E-004   7.5754002E-003   1.6030748E-004
   8.8800001E+000   1.1157355E-002   1.3226051E-004   7.6337565E-003   1.5162670E-004
   8.9200002E+000   1.1323950E-002   1.3204500E-004   7.6803098E-003   1.6003322E-004
   8.9600003E+000   1.1487382E-002   1.3614811E-004   7.7306247E-003   1.4405219E-004
   8.9999998E+000   1.1708543E-002   1.4080959E-004   7.7171941E-003   1.3874126E-004
   9.0399998E+000   1.1850144E-002   1.4869667E-004   7.7165050E-003   1.2578875E-004
   9.0799999E+000   1.2132680E-002   1.5974026E-004   7.7672522E-003   1.2476551E-004
   9.1200000E+000   1.2380135E-002   1.6879210E-004   7.8532840E-003   1.2056887E-004
   9.1600001E+000   1.2536405E-002   1.6543716E-004   7.8473670E-003   1.3112160E-004
   9.2000002E+000   1.2692180E-002   1.6305908E-004   7.9774136E-003   1.2914477E-004
   9.2400002E+000   1.2855369E-002   1.6342594E-004   8.0266347E-003   1.2973928E-004
   9.2799997E+000   1.3056733E-002   1.6247972E-004   8.0833554E-003   1.1349191E-004
   9.3199998E+000   1.3300578E-002   1.5637902E-004   8.0779023E-003   1.2374294E-004
   9.3599999E+000   1.3507340E-002   1.5371220E-004   8.0256736E-003   1.0661010E-004
   9.4000000E+000   1.3780514E-002   1.5916501E-004   7.9809829E-003   1.1166392E-004
   9.4400001E+000   1.4028648E-002   1.6689587E-004   7.9547444E-003   1.1682115E-004
   9.4800001E+000   1.4266116E-002   1.4028484E-004   7.9740842E-003   1.2130649E-004
   9.5200002E+000   1.4594792E-002   1.4919303E-004   7.9129630E-003   1.2288901E-004
   9.5599997E+000   1.4707091E-002   1.5111212E-004   7.8689167E-003   1.2459050E-004
   9.5999998E+000   1.5058063E-002   1.6432724E-004   7.7676616E-003   1.2144971E-004
   9.6399999E+000   1.5228736E-002   2.0015047E-004   7.7922115E-003   1.1752677E-004
   9.6799999E+000   1.5451582E-002   2.0304450E-004   7.7640387E-003   1.3022714E-004
   9.7200000E+000   1.5725755E-002   2.4621100E-004   7.7269336E-003   1.3349992E-004
   9.7600001E+000   1.5970876E-002   2.4223962E-004   7.6211103E-003   1.3422675E-004
   9.8000002E+000   1.6304307E-002   2.6377141E-004   7.6437067E-003   1.2321741E-004
   9.8400003E+000   1.6603346E-002   2.8108955E-004   7.6388064E-003   1.2511018E-004
   9.8799998E+000   1.6922215E-002   2.9726809E-004   7.5995401E-003   1.2421592E-004
   9.9199998E+000   1.7266930E-002   3.1915298E-004   7.6091299E-003   1.1277753E-004
   9.9599999E+000   1.7581251E-002   3.0616775E-004   7.4202033E-003   1.1630140E-004
   1.0000000E+001   1.7982053E-002   2.9899264E-004   7.3284425E-003   1.2883912E-004
   1.0039999E+001   1.8240928E-002   2.9348121E-004   7.2585026E-003   1.3821979E-004
   1.0080000E+001   1.8639459E-002   2.7141833E-004   7.1464880E-003   1.3333154E-004
   1.0120000E+001   1.8926134E-002   2.6618465E-004   6.9154523E-003   1.3085177E-004
   1.0160000E+001   1.9279682E-002   2.8349660E-004   6.7797108E-003   1.1794525E-004
   1.0200000E+001   1.9585614E-002   2.6624366E-004   6.6579246E-003   1.0712441E-004
   1.0240000E+001   1.9925933E-002   2.7082649E-004   6.5008343E-003   1.0179917E-004
   1.0280000E+001   2.0429988E-002   2.5806169E-004   6.3433654E-003   9.3734868E-005
   1.0319999E+001   2.0700021E-002   2.3249053E-004   6.1742319E-003   9.4495884E-005
   1.0360000E+001   2.1191775E-002   2.3070133E-004   5.9791528E-003   9.5008437E-005
   1.0400000E+001   2.1700847E-002   2.3156459E-004   5.7389441E-003   9.3601646E-005
   1.0440000E+001   2.2021281E-002   2.4137738E-004   5.4773320E-003   9.2300712E-005
   1.0480000E+001   2.2502480E-002   2.6163621E-004   5.2014793E-003   8.8261882E-005
   1.0520000E+001   2.2993044E-002   2.7965963E-004   5.0191907E-003   9.6289068E-005
   1.0560000E+001   2.3518537E-002   2.9091696E-004   4.7623103E-003   9.2710612E-005
   1.0599999E+001   2.4112396E-002   3.0056161E-004   4.5240872E-003   8.8443542E-005
   1.0640000E+001   2.4557479E-002   2.9745881E-004   4.2232753E-003   7.5526457E-005
   1.0680000E+001   2.5163793E-002   2.8090884E-004   3.9195837E-003   7.3665843E-005
   1.0720000E+001   2.5692019E-002   2.5490903E-004   3.6213660E-003   6.8168447E-005
   1.0760000E+001   2.6333597E-002   2.2361715E-004   3.2600916E-003   6.0860710E-005
   1.0800000E+001   2.6889947E-002   2.2889456E-004   2.9031721E-003   5.6796355E-005
   1.0840000E+001   2.7660675E-002   2.2378537E-004   2.5197726E-003   4.7287310E-005
   1.0880001E+001   2.8261157E-002   2.3641909E-004   2.0469109E-003   4.0535783E-005
   1.0920000E+001   2.9006801E-002   2.3335547E-004   1.5799826E-003   2.8804165E-005
   1.0960000E+001   2.9683186E-002   2.3739612E-004   1.1048564E-003   2.0933793E-005
   1.1000000E+001   3.0517194E-002   2.2918943E-004   6.3300533E-004   1.2822963E-005
   1.1040000E+001   3.1266788E-002   3.0278936E-004   4.9770761E-002   5.8446628E-004
   1.1080000E+001   3.2108567E-002   2.4867129E-004   5.2206258E-002   5.6833753E-004
   1.1120000E+001   3.2799841E-002   3.3661465E-004   5.4960806E-002   5.9668954E-004
   1.1160001E+001   3.3432152E-002   3.0198199E-004   5.5058595E-002   5.7916062E-004
   1.1200000E+001   3.4177469E-002   3.2674798E-004   5.5116931E-002   5.8878119E-004
   1.1240000E+001   3.4847780E-002   3.2292095E-004   5.5048076E-002   5.9806830E-004
   1.1280000E+001   3.5554143E-002   3.2391817E-004   5.5254745E-002   5.5642944E-004
   1.1320000E+001   3.6336344E-002   3.4022015E-004   5.5106466E-002   5.5492883E-004
   1.1360000E+001   3.7083364E-002   3.4396223E-004   5.5153865E-002   5.1004520E-004
   1.1400000E+001   3.7729280E-002   3.5577921E-004   5.5307097E-002   4.8388014E-004
   1.1440001E+001   3.8311679E-002   3.8147332E-004   5.5442521E-002   4.8561498E-004
   1.1480000E+001   3.9037578E-002   3.8175157E-004   5.5425000E-002   4.7641851E-004
   1.1520000E+001   3.9592826E-002   3.7867637E-004   5.5550690E-002   5.1704259E-004
   1.1560000E+001   4.0402951E-002   3.7927208E-004   5.5689077E-002   5.2314102E-004
   1.1600000E+001   4.1019229E-002   3.4282820E-004   5.5882867E-002   5.0317836E-004
   1.1640000E+001   4.1817711E-002   3.7887776E-004   5.5927368E-002   5.4995948E-004
   1.1680000E+001   4.2264623E-002   3.5969042E-004   5.6151674E-002   5.2621437E-004
   1.1720001E+001   4.2982117E-002   3.5421575E-004   5.6011195E-002   5.0726571E-004
   1.1760000E+001   4.3564978E-002   3.5077386E-004   5.6234601E-002   6.1659231E-004
   1.1799999E+001   4.4097443E-002   3.2692825E-004   5.6241363E-002   5.8660630E-004
   1.1840000E+001   4.4809450E-002   3.0550909E-004   5.6306806E-002   6.1077909E-004
   1.1880000E+001   4.5533648E-002   3.2362160E-004   5.6190295E-002   5.5812987E-004
   1.1920000E+001   4.6176272E-002   3.0015617E-004   5.6301603E-002   6.0718194E-004
   1.1960000E+001   4.6969075E-002   3.0965752E-004   5.6663712E-002   5.5893260E-004
   1.2000000E+001   4.7423608E-002   2.9772415E-004   5.6837758E-002   6.1677708E-004
   1.2040000E+001   4.8038351E-002   3.2218566E-004   5.7083097E-002   5.5155316E-004
   1.2079999E+001   4.8616292E-002   3.5729314E-004   5.7331720E-002   5.7609978E-004
   1.2120000E+001   4.9191145E-002   3.6790630E-004   5.7595703E-002   5.3580041E-004
   1.2160000E+001   4.9659930E-002   3.0970720E-004   5.7771468E-002   5.1934873E-004
   1.2200000E+001   5.0098471E-002   3.5589787E-004   5.7984001E-002   5.1045799E-004
   1.2240000E+001   5.0744226E-002   3.4677672E-004   5.8050328E-002   4.8221494E-004
   1.2280000E+001   5.1318562E-002   3.3204774E-004   5.8505786E-002   4.4420867E-004
   1.2320000E+001   5.1805176E-002   3.1050804E-004   5.8815752E-002   4.3234151E-004
   1.2359999E+001   5.2318580E-002   4.0330821E-004   5.8907328E-002   4.4496248E-004
   1.2400000E+001   5.2992065E-002   3.7601013E-004   5.9444075E-002   4.1267889E-004
   1.2440000E+001   5.3343772E-002   4.2323527E-004   5.9493878E-002   3.8259136E-004
   1.2480000E+001   5.3921926E-002   4.0275647E-004   5.9958095E-002   4.2759620E-004
   1.2520000E+001   5.4243361E-002   3.8867909E-004   6.0198924E-002   4.2142398E-004
   1.2560000E+001   5.4915015E-002   4.0393909E-004   6.0421416E-002   4.4025220E-004
   1.2600000E+001   5.5392083E-002   3.9383763E-004   6.0890742E-002   4.6113471E-004
   1.2640001E+001   5.5767660E-002   4.4402732E-004   6.1244764E-002   4.1505797E-004
   1.2680000E+001   5.5910952E-002   4.7925367E-004   6.1635472E-002   3.9783339E-004
   1.2720000E+001   5.6602121E-002   4.4035559E-004   6.1744089E-002   4.6925086E-004
   1.2760000E+001   5.6863232E-002   4.4649431E-004   6.2152921E-002   4.4234537E-004
   1.2800000E+001   5.7427750E-002   4.2049951E-004   6.2435305E-002   4.0598218E-004
   1.2840000E+001   5.7983758E-002   4.9557505E-004   6.2950052E-002   4.1573996E-004
   1.2880000E+001   5.8620634E-002   3.9349739E-004   6.3299140E-002   3.7719092E-004
   1.2920001E+001   5.9153981E-002   3.5600129E-004   6.3441794E-002   3.9621273E-004
   1.2960000E+001   5.9574197E-002   3.2757474E-004   6.3862368E-002   3.9909890E-004
   1.3000000E+001   6.0120538E-002   3.1411700E-004   6.4054121E-002   3.7141424E-004
   1.3040000E+001   6.0656159E-002   3.3396415E-004   6.4286377E-002   3.7778929E-004
   1.3080000E+001   6.1250872E-002   3.3818664E-004   6.4693837E-002   3.7975173E-004
   1.3120000E+001   6.1717095E-002   3.5176614E-004   6.4948426E-002   3.9162391E-004
   1.3160000E+001   6.2184080E-002   3.6910878E-004   6.5615601E-002   3.0201218E-004
   1.3200001E+001   6.2663321E-002   3.8827160E-004   6.5982332E-002   3.1464490E-004
   1.3240000E+001   6.3160723E-002   3.8815372E-004   6.6165473E-002   3.3931435E-004
   1.3279999E+001   6.3744095E-002   4.2411386E-004   6.6624508E-002   3.8864939E-004
   1.3320000E+001   6.3981091E-002   4.4226240E-004   6.6774063E-002   3.9401050E-004
   1.3360000E+001   6.4650359E-002   4.6401888E-004   6.7225332E-002   3.9093082E-004
   1.3400000E+001   6.5061928E-002   4.4949841E-004   6.7893338E-002   3.8421266E-004
   1.3440000E+001   6.5502649E-002   4.2429599E-004   6.8066026E-002   3.4421941E-004
   1.3480000E+001   6.5803527E-002   4.5232482E-004   6.8695256E-002   3.8184311E-004
   1.3520000E+001   6.6287418E-002   4.7302014E-004   6.8989116E-002   3.8444266E-004
   1.3559999E+001   6.6813798E-002   5.0769949E-004   6.9465682E-002   2.9693577E-004
   1.3600000E+001   6.7246448E-002   4.9863276E-004   6.9837219E-002   2.9514454E-004
   1.3640000E+001   6.7651088E-002   5.3668172E-004   7.0098647E-002   3.1413869E-004
   1.3680000E+001   6.7937431E-002   5.3002828E-004   7.0267121E-002   3.2488199E-004
   1.3720000E+001   6.8415644E-002   5.4145420E-004   7.0755520E-002   3.2713425E-004
   1.3760000E+001   6.8709488E-002   5.4054631E-004   7.1111196E-002   3.4398439E-004
   1.3800000E+001   6.9244903E-002   4.5801866E-004   7.1612958E-002   3.6588130E-004
   1.3839999E+001   6.9749815E-002   3.6584406E-004   7.1965176E-002   3.3999755E-004
   1.3880000E+001   7.0139273E-002   3.9913480E-004   7.2236654E-002   3.8308775E-004
   1.3920000E+001   7.0558407E-002   4.8478112E-004   7.2638789E-002   4.6344449E-004
   1.3960000E+001   7.1139809E-002   4.5630178E-004   7.3135948E-002   4.5421469E-004
   1.4000000E+001   7.1622980E-002   4.4235254E-004   7.3479163E-002   3.9943889E-004
   1.4040000E+001   7.2002015E-002   4.6295427E-004   7.3742649E-002   4.3099146E-004
   1.4080000E+001   7.2726340E-002   4.5004449E-004   7.4039738E-002   3.1504124E-004
   1.4119999E+001   7.3035511E-002   4.5486157E-004   7.4326126E-002   3.4363659E-004
   1.4160000E+001   7.3461095E-002   4.4226609E-004   7.4996570E-002   3.4287890E-004
   1.4200000E+001   7.3811691E-002   4.7808764E-004   7.5459149E-002   4.6067706E-004
   1.4240000E+001   7.4163088E-002   4.5373854E-004   7.5973005E-002   4.4673229E-004
   1.4280000E+001   7.4644380E-002   4.6049316E-004   7.6499275E-002   3.8481567E-004
   1.4320000E+001   7.4995951E-002   4.2628052E-004   7.6887509E-002   4.9816417E-004
   1.4360000E+001   7.5800360E-002   4.4234508E-004   7.7364666E-002   4.8133445E-004
   1.4400001E+001   7.6359454E-002   4.3183361E-004   7.7910330E-002   3.7368115E-004
   1.4440000E+001   7.7014989E-002   4.0265644E-004   7.8462843E-002   3.5218571E-004
   1.4480000E+001   7.7478808E-002   4.4317715E-004   7.9074062E-002   3.8226697E-004
   1.4520000E+001   7.8176428E-002   3.8098881E-004   7.9443308E-002   3.9581169E-004
   1.4560000E+001   7.8622133E-002   4.2041328E-004   8.0209968E-002   4.1967601E-004
   1.4600000E+001   7.9174163E-002   3.6335026E-004   8.0547863E-002   4.3282680E-004
   1.4640000E+001   7.9463026E-002   3.8784910E-004   8.0684450E-002   3.7431953E-004
   1.4680001E+001   7.9657270E-002   4.0872535E-004   8.1103443E-002   4.6221900E-004
   1.4720000E+001   8.0285800E-002   4.1421453E-004   8.1390922E-002   5.1790199E-004
   1.4760000E+001   8.0612986E-002   4.4190180E-004   8.1921887E-002   4.9311594E-004
   1.4800000E+001   8.1247985E-002   4.0261284E-004   8.2750197E-002   5.0647167E-004
   1.4840000E+001   8.1705060E-002   5.2276552E-004   8.3182457E-002   5.6180678E-004
   1.4880000E+001   8.1981421E-002   5.5401012E-004   8.3533429E-002   5.4147365E-004
   1.4920000E+001   8.2451378E-002   5.5911488E-004   8.4005786E-002   5.1488943E-004
   1.4960001E+001   8.2873155E-002   5.7844028E-004   8.4111480E-002   4.9668554E-004
   1.5000000E+001   8.3447393E-002   5.9781581E-004   8.4461687E-002   4.7212779E-004
   1.5039999E+001   8.3778333E-002   5.9494189E-004   8.4737135E-002   4.7576991E-004
   1.5080000E+001   8.4202450E-002   5.9220750E-004   8.5115025E-002   4.4650031E-004
   1.5120000E+001   8.4569708E-002   6.4100482E-004   8.5473078E-002   4.3478396E-004
   1.5160000E+001   8.4886693E-002   7.2547340E-004   8.6073808E-002   3.9857180E-004
   1.5200000E+001   8.5319514E-002   6.8035156E-004   8.6563911E-002   4.3105958E-004
   1.5240000E+001   8.5929756E-002   6.3229688E-004   8.6674367E-002   4.3531807E-004
   1.5280000E+001   8.6173187E-002   4.4245366E-004   8.7167343E-002   4.1024820E-004
   1.5319999E+001   8.6801361E-002   4.3622824E-004   8.7482707E-002   4.2964185E-004
   1.5360000E+001   8.7291947E-002   4.7502205E-004   8.8002186E-002   5.2233771E-004
   1.5400000E+001   8.7814002E-002   4.3745043E-004   8.8524534E-002   5.4129331E-004
   1.5440000E+001   8.8325641E-002   6.1269646E-004   8.9087979E-002   7.8302094E-004
   1.5480000E+001   8.9025498E-002   6.6298064E-004   8.9737381E-002   8.9482616E-004
   1.5520000E+001   8.9571723E-002   6.8735242E-004   9.0145057E-002   9.0432936E-004
   1.5560000E+001   9.0182278E-002   7.4177795E-004   9.0776871E-002   9.9284388E-004
   1.5599999E+001   9.0649330E-002   7.3116243E-004   9.1447293E-002   9.6459402E-004
   1.5640000E+001   9.1425616E-002   6.8497994E-004   9.2006531E-002   9.7506417E-004
   1.5680000E+001   9.1978581E-002   8.8624394E-004   9.2491063E-002   1.0003293E-003
   1.5720000E+001   9.2508356E-002   8.6748017E-004   9.3009284E-002   4.9920797E-004
   1.5760000E+001   9.3161207E-002   9.3015563E-004   9.3486934E-002   5.5866671E-004
   1.5800000E+001   9.3732281E-002   9.6639739E-004   9.4017259E-002   5.7608446E-004
   1.5840000E+001   9.4106020E-002   9.3427590E-004   9.4413135E-002   5.7660510E-004
   1.5880001E+001   9.4629838E-002   9.0899529E-004   9.5050345E-002   7.4755654E-004
   1.5920000E+001   9.5266658E-002   8.9330567E-004   9.5541629E-002   7.7671090E-004
   1.5960000E+001   9.5760509E-002   9.6735226E-004   9.5982166E-002   8.6027358E-004
   1.6000000E+001   9.6149765E-002   9.5956325E-004   9.6473836E-002   7.1780771E-004
   1.6040000E+001   9.6141192E-002   1.0537087E-003   9.6825869E-002   8.2599876E-004
   1.6080000E+001   9.6752920E-002   9.0720510E-004   9.7530230E-002   7.9139774E-004
   1.6120000E+001   9.7144917E-002   7.8216804E-004   9.7839270E-002   7.8301914E-004
   1.6160001E+001   9.7737637E-002   8.3238369E-004   9.8495699E-002   6.5381760E-004
   1.6200000E+001   9.8147944E-002   7.0222159E-004   9.8770528E-002   5.7179438E-004
   1.6240000E+001   9.8449099E-002   6.8739135E-004   9.9276613E-002   5.9548124E-004
   1.6280000E+001   9.9143267E-002   6.6943115E-004   9.9867585E-002   5.9449803E-004
   1.6320000E+001   9.9532884E-002   5.6104861E-004   1.0051629E-001   4.8200569E-004
   1.6360000E+001   1.0015511E-001   5.7546893E-004   1.0109631E-001   4.6045756E-004
   1.6400000E+001   1.0060126E-001   6.3542397E-004   1.0131833E-001   4.3599364E-004
   1.6440001E+001   1.0083577E-001   6.0770098E-004   1.0178076E-001   4.5631481E-004
   1.6480000E+001   1.0145124E-001   5.9952337E-004   1.0243622E-001   4.3099826E-004
   1.6520000E+001   1.0188425E-001   6.7156130E-004   1.0301300E-001   4.5594754E-004
   1.6560000E+001   1.0251872E-001   6.4883446E-004   1.0323966E-001   5.1931590E-004
   1.6600000E+001   1.0317429E-001   5.8040436E-004   1.0378170E-001   5.2381985E-004
   1.6640000E+001   1.0368031E-001   5.4628152E-004   1.0435468E-001   4.7967640E-004
   1.6680000E+001   1.0417189E-001   5.5488085E-004   1.0478025E-001   4.5240349E-004
   1.6720001E+001   1.0458379E-001   5.3850167E-004   1.0534537E-001   4.0549743E-004
   1.6760000E+001   1.0484661E-001   4.3223280E-004   1.0565427E-001   4.0696551E-004
   1.6799999E+001   1.0538623E-001   4.6412422E-004   1.0635740E-001   4.2095699E-004
   1.6840000E+001   1.0575343E-001   4.2256551E-004   1.0675433E-001   4.2196546E-004
   1.6880000E+001   1.0647409E-001   4.9062983E-004   1.0742103E-001   4.1750157E-004
   1.6920000E+001   1.0703299E-001   5.1599196E-004   1.0792411E-001   4.2889163E-004
   1.6960000E+001   1.0739821E-001   5.8458792E-004   1.0857318E-001   4.3597712E-004
   1.7000000E+001   1.0818932E-001   5.2251080E-004   1.0903233E-001   4.0477024E-004
   1.7040000E+001   1.0863678E-001   5.2237790E-004   1.0959922E-001   3.8556015E-004
   1.7079999E+001   1.0918002E-001   5.1674342E-004   1.0993325E-001   3.7391046E-004
   1.7120000E+001   1.0990768E-001   5.0476452E-004   1.1069841E-001   3.8003089E-004
   1.7160000E+001   1.1044361E-001   5.1623148E-004   1.1128269E-001   4.0197265E-004
   1.7200000E+001   1.1110331E-001   5.8686973E-004   1.1153051E-001   4.4190749E-004
   1.7240000E+001   1.1166080E-001   4.8664955E-004   1.1204197E-001   4.2728488E-004
   1.7280000E+001   1.1204370E-001   5.1186717E-004   1.1243550E-001   3.7531454E-004
   1.7320000E+001   1.1261752E-001   5.1815985E-004   1.1289642E-001   5.2103675E-004
   1.7359999E+001   1.1305168E-001   5.2701915E-004   1.1320355E-001   3.9296835E-004
   1.7400000E+001   1.1356031E-001   5.1029107E-004   1.1367735E-001   4.2863511E-004
   1.7440000E+001   1.1398980E-001   5.1679407E-004   1.1406598E-001   3.9358927E-004
   1.7480000E+001   1.1430094E-001   5.8139637E-004   1.1474674E-001   4.2102540E-004
   1.7520000E+001   1.1471016E-001   5.1894857E-004   1.1549102E-001   3.8724532E-004
   1.7560000E+001   1.1526362E-001   5.9149248E-004   1.1607453E-001   3.9494600E-004
   1.7600000E+001   1.1585241E-001   5.5437332E-004   1.1684833E-001   3.9953922E-004
   1.7640001E+001   1.1637677E-001   5.2048126E-004   1.1744842E-001   4.3406563E-004
   1.7680000E+001   1.1697626E-001   5.2575673E-004   1.1792087E-001   4.5696693E-004
   1.7720000E+001   1.1739380E-001   5.5520117E-004   1.1856521E-001   4.3077329E-004
   1.7760000E+001   1.1820328E-001   5.4465395E-004   1.1931873E-001   3.7534111E-004
   1.7800000E+001   1.1875722E-001   5.3242431E-004   1.2006317E-001   4.0537580E-004
   1.7840000E+001   1.1933323E-001   4.9853819E-004   1.2031845E-001   3.8487662E-004
   1.7880000E+001   1.2003044E-001   4.9494191E-004   1.2096190E-001   3.7540306E-004
   1.7920001E+001   1.2051360E-001   4.0154968E-004   1.2157649E-001   4.1114562E-004
   1.7960000E+001   1.2092368E-001   5.8899179E-004   1.2213510E-001   4.7179276E-004
   1.8000000E+001   1.2172745E-001   6.1096818E-004   1.2305859E-001   4.9979105E-004
   1.8040000E+001   1.2197207E-001   6.8722924E-004   1.2376486E-001   4.3339365E-004
   1.8080000E+001   1.2279457E-001   6.6580126E-004   1.2417529E-001   5.2692308E-004
   1.8120000E+001   1.2322428E-001   6.4185353E-004   1.2490143E-001   4.6372278E-004
   1.8160000E+001   1.2359706E-001   6.8462970E-004   1.2526700E-001   4.9204029E-004
   1.8200001E+001   1.2423544E-001   5.2408870E-004   1.2579411E-001   4.4910213E-004
   1.8240000E+001   1.2473865E-001   7.0252278E-004   1.2612497E-001   4.9849297E-004
   1.8279999E+001   1.2512275E-001   7.0827528E-004   1.2681238E-001   4.9906770E-004
   1.8320000E+001   1.2560083E-001   7.2720586E-004   1.2721801E-001   5.4239642E-004
   1.8360000E+001   1.2643263E-001   7.4935690E-004   1.2810988E-001   5.3158325E-004
   1.8400000E+001   1.2724395E-001   1.0056229E-003   1.2892948E-001   5.2550764E-004
   1.8440000E+001   1.2789857E-001   1.0351304E-003   1.2917367E-001   5.4106948E-004
   1.8480000E+001   1.2843838E-001   9.7702926E-004   1.2981855E-001   5.3367591E-004
   1.8520000E+001   1.2887683E-001   1.0722609E-003   1.3049300E-001   6.1140302E-004
   1.8559999E+001   1.2962293E-001   8.0812767E-004   1.3074431E-001   6.4109845E-004
   1.8600000E+001   1.3041291E-001   8.5231127E-004   1.3118471E-001   6.9956104E-004
   1.8640000E+001   1.3090014E-001   7.6682888E-004   1.3163141E-001   6.5731643E-004
   1.8680000E+001   1.3155502E-001   7.5200836E-004   1.3225257E-001   6.5737237E-004
   1.8720000E+001   1.3203738E-001   7.5305302E-004   1.3273889E-001   6.5760348E-004
   1.8760000E+001   1.3285988E-001   7.3235888E-004   1.3326692E-001   6.4018796E-004
   1.8800000E+001   1.3315363E-001   7.6811112E-004   1.3401414E-001   6.5578963E-004
   1.8839999E+001   1.3396627E-001   7.3803026E-004   1.3439931E-001   6.0984611E-004
   1.8880000E+001   1.3437649E-001   7.1523338E-004   1.3517250E-001   6.1359791E-004
   1.8920000E+001   1.3506661E-001   7.6108141E-004   1.3571532E-001   5.6601083E-004
   1.8960000E+001   1.3574700E-001   7.8719377E-004   1.3610524E-001   5.6711635E-004
   1.9000000E+001   1.3679678E-001   8.2079988E-004   1.3675130E-001   4.3314843E-004
   1.9040000E+001   1.3753982E-001   7.9208212E-004   1.3731338E-001   3.7363998E-004
   1.9080000E+001   1.3827684E-001   7.3516242E-004   1.3783146E-001   3.7870282E-004
   1.9119999E+001   1.3860394E-001   7.7002692E-004   1.3864258E-001   3.7364172E-004
   1.9160000E+001   1.3920288E-001   4.6642917E-004   1.3921371E-001   3.5389451E-004
   1.9200000E+001   1.3966888E-001   7.3200553E-004   1.3985881E-001   4.5621242E-004
   1.9240000E+001   1.4027538E-001   4.8479404E-004   1.4070247E-001   5.1867103E-004
   1.9280000E+001   1.4075860E-001   7.0813092E-004   1.4155822E-001   6.2378568E-004
   1.9320000E+001   1.4138374E-001   8.3218629E-004   1.4206897E-001   6.0439465E-004
   1.9360000E+001   1.4174085E-001   8.3046849E-004   1.4268489E-001   6.4996018E-004
   1.9400001E+001   1.4233021E-001   8.7770715E-004   1.4339225E-001   6.6031418E-004
   1.9440000E+001   1.4281387E-001   8.8187224E-004   1.4407775E-001   6.9199925E-004
   1.9480000E+001   1.4323079E-001   8.5023939E-004   1.4477215E-001   7.4707282E-004
   1.9520000E+001   1.4374283E-001   9.1908192E-004   1.4534915E-001   7.7219645E-004
   1.9560000E+001   1.4485577E-001   8.3426852E-004   1.4570630E-001   7.5534079E-004
   1.9600000E+001   1.4559871E-001   8.3281022E-004   1.4621595E-001   6.7158826E-004
   1.9640000E+001   1.4616499E-001   8.1336415E-004   1.4683496E-001   6.5648457E-004
   1.9680001E+001   1.4700608E-001   7.2819883E-004   1.4737381E-001   6.6417445E-004
   1.9720000E+001   1.4755826E-001   8.3039314E-004   1.4811189E-001   7.2850455E-004
   1.9760000E+001   1.4794779E-001   7.0384505E-004   1.4843028E-001   7.8854789E-004
   1.9800000E+001   1.4808490E-001   7.6074773E-004   1.4900736E-001   9.5529599E-004
   1.9840000E+001   1.4874656E-001   9.3869685E-004   1.4960825E-001   9.3640629E-004
   1.9880000E+001   1.4939792E-001   6.8922448E-004   1.5049785E-001   7.5601006E-004
   1.9920000E+001   1.4972782E-001   7.5780790E-004   1.5095469E-001   7.5064846E-004
   1.9960001E+001   1.5039942E-001   7.8341507E-004   1.5141163E-001   8.1921562E-004
   2.0000000E+001   1.5095247E-001   8.3115491E-004   1.5200091E-001   7.8793794E-004
