         0.0800         0.0000         0.0000         0.0000         0.0000         0.0000
         0.1200         0.0000         0.0000         0.0000         0.0000         0.0000
         0.1600         0.0000         0.0000         0.0000         0.0000         0.0000
         0.2000         0.0000         0.0000         0.0000         0.0000         0.0000
         0.2400         0.0000         0.0000         0.0000         0.0000         0.0000
         0.2800         0.0000         0.0000         0.0000         0.0000         0.0000
         0.3200         0.0000         0.0000         0.0000         0.0000         0.0000
         0.3600         0.0000         0.0000         0.0000         0.0000         0.0000
         0.4000         0.0000         0.0000         0.0000         0.0000         0.0000
         0.4400         0.0000         0.0000         0.0000         0.0000         0.0000
         0.4800         0.0000         0.0000         0.0000         0.0000         0.0000
         0.5200         0.0000         0.0000         0.0000         0.0000         0.0000
         0.5600         0.0000         0.0000         0.0000         0.0000         0.0000
         0.6000         0.0000         0.0000         0.0000         0.0000         0.0000
         0.6400         0.0000         0.0000         0.0000         0.0000         0.0000
         0.6800         0.0000         0.0000         0.0000         0.0000         0.0000
         0.7200         0.0000         0.0000         0.0000         0.0000         0.0000
         0.7600         0.0000         0.0000         0.0000         0.0000         0.0000
         0.8000         0.0000         0.0000         0.0000         0.0000         0.0000
         0.8400         0.0000         0.0000         0.0000         0.0000         0.0000
         0.8800         0.0000         0.0000         0.0000         0.0000         0.0000
         0.9200         0.0000         0.0000         0.0000         0.0000         0.0000
         0.9600         0.0000         0.0000         0.0000         0.0000         0.0000
         1.0000         0.0007         0.0001         0.0000         0.0000         0.0000
         1.0400         0.0102         0.0011         0.0000         0.0000         0.0000
         1.0800         0.0259         0.0027         0.0000         0.0000         0.0000
         1.1200         0.0425         0.0044         0.0000         0.0000         0.0000
         1.1600         0.0607         0.0060         0.0000         0.0000         0.0000
         1.2000         0.0793         0.0078         0.0000         0.0000         0.0000
         1.2400         0.0977         0.0095         0.0000         0.0000         0.0000
         1.2800         0.1179         0.0120         0.0000         0.0000         0.0000
         1.3200         0.1388         0.0145         0.0000         0.0000         0.0000
         1.3600         0.1614         0.0170         0.0000         0.0000         0.0000
         1.4000         0.1838         0.0191         0.0000         0.0000         0.0000
         1.4400         0.2085         0.0216         0.0000         0.0000         0.0000
         1.4800         0.2360         0.0250         0.0000         0.0000         0.0000
         1.5200         0.2640         0.0279         0.0000         0.0000         0.0000
         1.5600         0.2929         0.0307         0.0000         0.0000         0.0000
         1.6000         0.3202         0.0342         0.0000         0.0000         0.0000
         1.6400         0.3516         0.0383         0.0000         0.0000         0.0000
         1.6800         0.3825         0.0409         0.0000         0.0000         0.0000
         1.7200         0.4153         0.0442         0.0000         0.0000         0.0000
         1.7600         0.4463         0.0475         0.0000         0.0000         0.0000
         1.8000         0.4820         0.0513         0.0000         0.0000         0.0000
         1.8400         0.5201         0.0559         0.0000         0.0000         0.0000
         1.8800         0.5595         0.0595         0.0000         0.0000         0.0000
         1.9200         0.5983         0.0635         0.0001         0.0000         0.0000
         1.9600         0.6410         0.0661         0.0000         0.0000         0.0000
         2.0000         0.6915         0.0725         0.0000         0.0000         0.0000
         2.0400         0.7387         0.0770         0.0001         0.0000         0.0000
         2.0800         0.7779         0.0809         0.0001         0.0000         0.0000
         2.1200         0.8211         0.0854         0.0001         0.0001         0.0000
         2.1600         0.8669         0.0905         0.0001         0.0001         0.0000
         2.2000         0.9136         0.0957         0.0001         0.0001         0.0000
         2.2400         0.9619         0.0995         0.0001         0.0001         0.0000
         2.2800         1.0088         0.1039         0.0001         0.0001         0.0000
         2.3200         1.0576         0.1090         0.0002         0.0002         0.0000
         2.3600         1.1139         0.1140         0.0002         0.0002         0.0000
         2.4000         1.1714         0.1199         0.0002         0.0002         0.0000
         2.4400         1.2233         0.1255         0.0002         0.0002         0.0000
         2.4800         1.2753         0.1308         0.0003         0.0003         0.0000
         2.5200         1.3325         0.1368         0.0003         0.0002         0.0000
         2.5600         1.3893         0.1437         0.0002         0.0002         0.0000
         2.6000         1.4504         0.1487         0.0002         0.0001         0.0000
         2.6400         1.5138         0.1540         0.0002         0.0002         0.0000
         2.6800         1.5778         0.1600         0.0003         0.0002         0.0000
         2.7200         1.6352         0.1653         0.0004         0.0003         0.0000
         2.7600         1.6990         0.1732         0.0004         0.0003         0.0000
         2.8000         1.7580         0.1797         0.0004         0.0003         0.0000
         2.8400         1.8139         0.1831         0.0004         0.0003         0.0000
         2.8800         1.8763         0.1897         0.0004         0.0003         0.0000
         2.9200         1.9447         0.1957         0.0004         0.0003         0.0000
         2.9600         2.0107         0.1998         0.0005         0.0003         0.0000
         3.0000         2.0771         0.2049         0.0005         0.0004         0.0000
         3.0400         2.1461         0.2104         0.0006         0.0005         0.0000
         3.0800         2.2222         0.2177         0.0007         0.0006         0.0000
         3.1200         2.2977         0.2243         0.0007         0.0007         0.0000
         3.1600         2.3784         0.2327         0.0008         0.0007         0.0000
         3.2000         2.4417         0.2371         0.0008         0.0006         0.0000
         3.2400         2.5113         0.2432         0.0008         0.0008         0.0000
         3.2800         2.5888         0.2497         0.0009         0.0008         0.0000
         3.3200         2.6743         0.2585         0.0009         0.0008         0.0000
         3.3600         2.7576         0.2664         0.0008         0.0007         0.0000
         3.4000         2.8436         0.2728         0.0008         0.0007         0.0000
         3.4400         2.9344         0.2769         0.0009         0.0008         0.0000
         3.4800         3.0245         0.2808         0.0008         0.0008         0.0000
         3.5200         3.1068         0.2875         0.0007         0.0007         0.0000
         3.5600         3.1965         0.2956         0.0006         0.0006         0.0000
         3.6000         3.2825         0.3032         0.0006         0.0005         0.0000
         3.6400         3.3690         0.3104         0.0006         0.0006         0.0000
         3.6800         3.4585         0.3198         0.0008         0.0006         0.0000
         3.7200         3.5480         0.3296         0.0008         0.0008         0.0000
         3.7600         3.6370         0.3354         0.0009         0.0008         0.0000
         3.8000         3.7348         0.3433         0.0008         0.0008         0.0000
         3.8400         3.8335         0.3522         0.0008         0.0007         0.0000
         3.8800         3.9254         0.3595         0.0007         0.0006         0.0000
         3.9200         4.0173         0.3683         0.0007         0.0006         0.0000
         3.9600         4.1001         0.3736         0.0007         0.0006         0.0000
         4.0000         4.1917         0.3812         0.0007         0.0006         0.0000
         4.0400         4.2948         0.3906         0.0005         0.0005         0.0000
         4.0800         4.3941         0.3985         0.0004         0.0003         0.0000
         4.1200         4.4928         0.4080         0.0003         0.0003         0.0000
         4.1600         4.5961         0.4174         0.0003         0.0002         0.0000
         4.2000         4.6874         0.4252         0.0004         0.0003         0.0000
         4.2400         4.7990         0.4362         0.0005         0.0004         0.0000
         4.2800         4.9168         0.4469         0.0005         0.0005         0.0000
         4.3200         5.0253         0.4627         0.0005         0.0005         0.0000
         4.3600         5.1452         0.4744         0.0005         0.0005         0.0000
         4.4000         5.2598         0.4770         0.0005         0.0005         0.0000
         4.4400         5.3676         0.4870         0.0005         0.0005         0.0000
         4.4800         5.4921         0.4987         0.0005         0.0005         0.0000
         4.5200         5.6078         0.5091         0.0004         0.0004         0.0000
         4.5600         5.7235         0.5169         0.0004         0.0003         0.0000
         4.6000         5.8378         0.5265         0.0005         0.0004         0.0000
         4.6400         5.9612         0.5378         0.0005         0.0005         0.0000
         4.6800         6.0832         0.5466         0.0006         0.0005         0.0000
         4.7200         6.2023         0.5543         0.0006         0.0005         0.0000
         4.7600         6.3240         0.5634         0.0006         0.0005         0.0000
         4.8000         6.4373         0.5734         0.0006         0.0005         0.0000
         4.8400         6.5503         0.5847         0.0006         0.0006         0.0000
         4.8800         6.6757         0.5964         0.0006         0.0006         0.0000
         4.9200         6.8021         0.6058         0.0006         0.0006         0.0000
         4.9600         6.9216         0.6161         0.0007         0.0006         0.0000
         5.0000         7.0462         0.6257         0.0008         0.0007         0.0000
         5.0400         7.1661         0.6335         0.0008         0.0007         0.0000
         5.0800         7.3022         0.6470         0.0007         0.0007         0.0000
         5.1200         7.4298         0.6575         0.0008         0.0007         0.0000
         5.1600         7.5623         0.6684         0.0007         0.0006         0.0000
         5.2000         7.6955         0.6785         0.0006         0.0006         0.0000
         5.2400         7.8403         0.6903         0.0006         0.0006         0.0000
         5.2800         7.9737         0.7010         0.0007         0.0006         0.0000
         5.3200         8.1076         0.7109         0.0007         0.0006         0.0000
         5.3600         8.2495         0.7210         0.0006         0.0005         0.0000
         5.4000         8.3875         0.7304         0.0006         0.0005         0.0000
         5.4400         8.5396         0.7409         0.0007         0.0004         0.0000
         5.4800         8.6833         0.7526         0.0007         0.0004         0.0000
         5.5200         8.8158         0.7652         0.0006         0.0005         0.0000
         5.5600         8.9462         0.7774         0.0006         0.0006         0.0000
         5.6000         9.0864         0.7898         0.0006         0.0006         0.0000
         5.6400         9.2370         0.7996         0.0005         0.0003         0.0000
         5.6800         9.3892         0.8221         0.0005         0.0003         0.0000
         5.7200         9.5422         0.8367         0.0006         0.0003         0.0000
         5.7600         9.6933         0.8501         0.0007         0.0004         0.0000
         5.8000         9.8455         0.8599         0.0007         0.0004         0.0000
         5.8400         9.9960         0.8709         0.0007         0.0004         0.0000
         5.8800        10.1447         0.8823         0.0007         0.0004         0.0021
         5.9200        10.2975         0.8932         0.0007         0.0004         0.0339
         5.9600        10.4627         0.9062         0.0006         0.0004         0.1937
         6.0000        10.6229         0.9166         0.0005         0.0003         0.5693
         6.0400        10.7783         0.9270         0.0000         0.0000         1.1036
         6.0800        10.9450         0.9385         0.0000         0.0000         1.6517
         6.1200        11.1152         0.9548         0.0000         0.0000         2.1073
         6.1600        11.2760         0.9720         0.0000         0.0000         2.4386
         6.2000        11.4373         0.9885         0.0000         0.0000         2.6595
         6.2400        11.5985         1.0038         0.0000         0.0000         2.7989
         6.2800        11.7559         1.0127         0.0000         0.0000         2.8836
         6.3200        11.9152         1.0252         0.0000         0.0000         2.9337
         6.3600        12.0851         1.0381         0.0000         0.0000         2.9628
         6.4000        12.2634         1.0474         0.0000         0.0000         2.9794
         6.4400        12.4408         1.0588         0.0000         0.0000         2.9887
         6.4800        12.6219         1.0576         0.0000         0.0000         2.9939
         6.5200        12.8022         1.0688         0.0000         0.0000         2.9967
         6.5600        12.9854         1.0821         0.0000         0.0000         2.9983
         6.6000        13.1566         1.1056         0.0000         0.0000         2.9991
         6.6400        13.3414         1.1206         0.0000         0.0000         2.9995
         6.6800        13.5186         1.1336         0.0000         0.0000         2.9998
         6.7200        13.7013         1.1329         0.0000         0.0000         2.9999
         6.7600        13.8903         1.1588         0.0001         0.0001         2.9999
         6.8000        14.0728         1.1727         0.0001         0.0001         3.0000
         6.8400        14.2501         1.1712         0.0001         0.0001         3.0000
         6.8800        14.4469         1.1995         0.0001         0.0001         3.0000
         6.9200        14.6437         1.2160         0.0001         0.0001         3.0000
         6.9600        14.8383         1.2316         0.0001         0.0001         3.0000
         7.0000        15.0236         1.2487         0.0000         0.0000         3.0000
         7.0400        15.2028         1.2581         0.0000         0.0000         3.0000
         7.0800        15.3996         1.2663         0.0000         0.0000         3.0000
         7.1200        15.5891         1.2795         0.0000         0.0000         3.0000
         7.1600        15.7797         1.2929         0.0000         0.0000         3.0000
         7.2000        15.9896         1.3064         0.0000         0.0000         3.0000
         7.2400        16.1993         1.3195         0.0000         0.0000         3.0000
         7.2800        16.4112         1.3368         0.0000         0.0000         3.0000
         7.3200        16.6198         1.3376         0.0000         0.0000         3.0000
         7.3600        16.8145         1.3482         0.0000         0.0000         3.0000
         7.4000        17.0090         1.3758         0.0000         0.0000         3.0000
         7.4400        17.1987         1.3707         0.0001         0.0001         3.0000
         7.4800        17.4043         1.3835         0.0001         0.0001         3.0000
         7.5200        17.6052         1.3994         0.0001         0.0001         3.0000
         7.5600        17.8089         1.4122         0.0001         0.0001         3.0000
         7.6000        18.0183         1.4283         0.0001         0.0001         3.0000
         7.6400        18.2224         1.4409         0.0001         0.0001         3.0000
         7.6800        18.4041         1.4496         0.0001         0.0001         3.0000
         7.7200        18.6214         1.4596         0.0002         0.0001         3.0000
         7.7600        18.8355         1.4682         0.0002         0.0001         3.0000
         7.8000        19.0570         1.4781         0.0002         0.0001         3.0000
         7.8400        19.2680         1.4888         0.0002         0.0001         3.0000
         7.8800        19.5168         1.5026         0.0002         0.0001         3.0000
         7.9200        19.7257         1.5080         0.0002         0.0001         3.0000
         7.9600        19.9417         1.5164         0.0002         0.0001         3.0000
         8.0000        20.1552         1.5300         0.0003         0.0002         3.0000
         8.0400        20.3794         1.5438         0.0003         0.0002         3.0000
         8.0800        20.6077         1.5563         0.0003         0.0002         3.0000
         8.1200        20.8247         1.5701         0.0003         0.0002         3.0000
         8.1600        21.0440         1.5818         0.0003         0.0002         3.0000
         8.2000        21.2692         1.5917         0.0003         0.0002         3.0000
         8.2400        21.4935         1.6043         0.0003         0.0002         3.0000
         8.2800        21.6877         1.6116         0.0004         0.0003         3.0000
         8.3200        21.8846         1.5979         0.0004         0.0003         3.0000
         8.3600        22.1067         1.6110         0.0003         0.0002         3.0000
         8.4000        22.3358         1.6214         0.0004         0.0002         3.0000
         8.4400        22.5776         1.6554         0.0004         0.0003         3.0000
         8.4800        22.8402         1.6498         0.0003         0.0002         3.0000
         8.5200        23.0892         1.6589         0.0003         0.0002         3.0000
         8.5600        23.3331         1.6662         0.0004         0.0003         3.0000
         8.6000        23.5549         1.6783         0.0004         0.0003         3.0000
         8.6400        23.7689         1.6851         0.0005         0.0004         3.0000
         8.6800        24.0081         1.6970         0.0004         0.0003         3.0000
         8.7200        24.2446         1.7086         0.0005         0.0003         3.0000
         8.7600        24.5086         1.7222         0.0005         0.0004         3.0000
         8.8000        24.7608         1.7360         0.0004         0.0003         3.0000
         8.8400        25.0124         1.7502         0.0004         0.0003         3.0000
         8.8800        25.2392         1.7606         0.0004         0.0003         3.0000
         8.9200        25.4665         1.7679         0.0004         0.0003         3.0000
         8.9600        25.7135         1.7575         0.0004         0.0003         3.0000
         9.0000        25.9482         1.7680         0.0004         0.0003         3.0000
         9.0400        26.2372         1.7822         0.0004         0.0003         3.0000
         9.0800        26.5031         1.7909         0.0004         0.0003         3.0000
         9.1200        26.7662         1.8019         0.0005         0.0003         3.0000
         9.1600        27.0294         1.8117         0.0005         0.0003         3.0000
         9.2000        27.3021         1.8234         0.0005         0.0003         3.0000
         9.2400        27.5710         1.8325         0.0004         0.0003         3.0000
         9.2800        27.8588         1.8377         0.0003         0.0002         3.0000
         9.3200        28.1309         1.8523         0.0003         0.0002         3.0000
         9.3600        28.4275         1.8671         0.0003         0.0002         3.0000
         9.4000        28.6896         1.8741         0.0003         0.0002         3.0000
         9.4400        28.9462         1.8823         0.0003         0.0002         3.0000
         9.4800        29.2186         1.8945         0.0003         0.0002         3.0000
         9.5200        29.4945         1.9020         0.0002         0.0002         3.0000
         9.5600        29.7729         1.9102         0.0003         0.0003         3.0000
         9.6000        30.0655         1.9189         0.0004         0.0003         3.0000
         9.6400        30.3413         1.9250         0.0003         0.0002         3.0000
         9.6800        30.6116         1.9367         0.0003         0.0002         3.0000
         9.7200        30.8716         1.9474         0.0002         0.0002         3.0000
         9.7600        31.1564         1.9601         0.0002         0.0001         3.0000
         9.8000        31.4535         1.9691         0.0002         0.0001         3.0000
         9.8400        31.7444         1.9793         0.0001         0.0001         3.0000
         9.8800        32.0199         1.9876         0.0002         0.0001         3.0000
         9.9200        32.3233         1.9994         0.0002         0.0001         3.0000
         9.9600        32.5983         2.0055         0.0002         0.0001         3.0000
        10.0000        32.8932         2.0183         0.0003         0.0001         3.0000
        10.0400        33.1701         2.0252         0.0003         0.0002         3.0000
        10.0800        33.4384         2.0314         0.0003         0.0002         3.0000
        10.1200        33.7115         2.0442         0.0003         0.0002         3.0000
        10.1600        34.0024         2.0523         0.0004         0.0003         3.0000
        10.2000        34.3182         2.0598         0.0003         0.0002         3.0000
        10.2400        34.6389         2.0660         0.0003         0.0002         3.0000
        10.2800        34.9200         2.0612         0.0003         0.0002         3.0000
        10.3200        35.2258         2.0664         0.0002         0.0002         2.9999
        10.3600        35.4955         2.0728         0.0002         0.0002         2.9999
        10.4000        35.7827         2.0830         0.0002         0.0001         2.9998
        10.4400        36.0811         2.0884         0.0002         0.0001         2.9995
        10.4800        36.3949         2.0887         0.0002         0.0001         2.9991
        10.5200        36.7149         2.0989         0.0002         0.0001         2.9983
        10.5600        37.0181         2.0773         0.0001         0.0001         2.9967
        10.6000        37.3310         2.0835         0.0002         0.0001         2.9939
        10.6400        37.6550         2.0859         0.0001         0.0001         2.9887
        10.6800        37.9729         2.0884         0.0001         0.0001         2.9794
        10.7200        38.2949         2.0917         0.0001         0.0000         2.9628
        10.7600        38.6297         2.0970         0.0001         0.0001         2.9337
        10.8000        38.9430         2.1015         0.0001         0.0001         2.8836
        10.8400        39.2890         2.1060         0.0002         0.0001         2.7989
        10.8800        39.6125         2.1123         0.0001         0.0001         2.6595
        10.9200        39.9463         2.1170         0.0001         0.0001         2.4386
        10.9600        40.2528         2.1224         0.0000         0.0000         2.1073
        11.0000        40.5725         2.1298         0.0000         0.0000         1.6517
        11.0400        40.9325         2.1376        53.7380         2.2458         1.1036
        11.0800        41.3032         2.1434        54.1387         2.2597         0.5693
        11.1200        41.6491         2.1455        54.5235         2.2857         0.1937
        11.1600        41.9552         2.1460        54.9191         2.3077         0.0339
        11.2000        42.3103         2.1399        55.2996         2.3270         0.0021
        11.2400        42.6639         2.1441        55.6762         2.3388         0.0000
        11.2800        43.0138         2.1226        56.0774         2.3540         0.0000
        11.3200        43.3277         2.1262        56.4860         2.3676         0.0000
        11.3600        43.6647         2.1323        56.8681         2.3801         0.0000
        11.4000        43.9851         2.1403        57.2646         2.3561         0.0000
        11.4400        44.3270         2.1456        57.6867         2.3644         0.0000
        11.4800        44.7105         2.1523        58.0782         2.3763         0.0000
        11.5200        45.0675         2.1582        58.4582         2.3879         0.0000
        11.5600        45.4051         2.1880        58.8705         2.4083         0.0000
        11.6000        45.7515         2.1911        59.2811         2.4528         0.0000
        11.6400        46.1083         2.1952        59.6922         2.4315         0.0000
        11.6800        46.4742         2.1935        60.0721         2.4435         0.0000
        11.7200        46.8316         2.1644        60.5141         2.4920         0.0000
        11.7600        47.1814         2.1647        60.9558         2.4702         0.0000
        11.8000        47.5317         2.1622        61.3751         2.4729         0.0000
        11.8400        47.8541         2.1620        61.7697         2.4776         0.0000
        11.8800        48.2133         2.1636        62.1839         2.4828         0.0000
        11.9200        48.5693         2.1564        62.6202         2.4966         0.0000
        11.9600        48.9672         2.1635        63.0418         2.5163         0.0000
        12.0000        49.3255         2.1644        63.4595         2.5244         0.0000
        12.0400        49.6705         2.1635        63.8725         2.5252         0.0000
        12.0800        50.0096         2.1660        64.2702         2.5330         0.0000
        12.1200        50.3700         2.1642        64.6862         2.5455         0.0000
        12.1600        50.7388         2.1577        65.1483         2.5583         0.0000
        12.2000        51.0889         2.1226        65.5757         2.5708         0.0000
        12.2400        51.4733         2.1156        65.9880         2.5849         0.0000
        12.2800        51.8540         2.1154        66.4004         2.5910         0.0000
        12.3200        52.1979         2.0760        66.8392         2.5984         0.0000
        12.3600        52.5705         2.0687        67.2883         2.6000         0.0000
        12.4000        53.0249         2.0633        67.7162         2.6051         0.0000
        12.4400        53.4319         2.0640        68.1720         2.6117         0.0000
        12.4800        53.8379         2.0609        68.6278         2.6254         0.0000
        12.5200        54.2538         2.0267        69.0774         2.6341         0.0000
        12.5600        54.6608         2.0160        69.4956         2.6310         0.0000
        12.6000        55.0555         2.0107        69.9527         2.6386         0.0000
        12.6400        55.4620         2.0017        70.4243         2.6401         0.0000
        12.6800        55.8596         1.9897        70.8851         2.6369         0.0000
        12.7200        56.2653         1.9774        71.3231         2.6419         0.0000
        12.7600        56.6916         1.9700        71.7964         2.6443         0.0000
        12.8000        57.1050         1.9311        72.2992         2.6061         0.0000
        12.8400        57.5307         1.9231        72.7924         2.6179         0.0000
        12.8800        57.9592         1.9144        73.2736         2.6265         0.0000
        12.9200        58.3677         1.9062        73.7549         2.6420         0.0000
        12.9600        58.7837         1.9024        74.2333         2.6482         0.0000
        13.0000        59.2298         1.9072        74.6742         2.6456         0.0000
        13.0400        59.6442         1.8994        75.1693         2.6452         0.0000
        13.0800        60.0902         1.8943        75.6518         2.6437         0.0000
        13.1200        60.5338         1.8568        76.1461         2.6488         0.0000
        13.1600        60.9574         1.8471        76.6273         2.6889         0.0000
        13.2000        61.3573         1.8321        77.1080         2.6899         0.0000
        13.2400        61.8074         1.8212        77.6100         2.6470         0.0000
        13.2800        62.2452         1.8091        78.1005         2.6360         0.0000
        13.3200        62.6547         1.8017        78.5965         2.6371         0.0000
        13.3600        63.0722         1.7668        79.1081         2.6386         0.0000
        13.4000        63.5143         1.7577        79.6090         2.6328         0.0000
        13.4400        63.9307         1.7451        80.1045         2.6312         0.0000
        13.4800        64.3576         1.7355        80.6524         2.6289         0.0000
        13.5200        64.8086         1.7239        81.1616         2.6321         0.0000
        13.5600        65.2618         1.6878        81.6357         2.6293         0.0000
        13.6000        65.6659         1.6773        82.1687         2.6242         0.0000
        13.6400        66.0939         1.6707        82.6715         2.6219         0.0000
        13.6800        66.5467         1.6621        83.1414         2.6119         0.0000
        13.7200        66.9782         1.6516        83.6844         2.6061         0.0000
        13.7600        67.3974         1.6358        84.1923         2.6011         0.0000
        13.8000        67.8605         1.6254        84.7012         2.5978         0.0000
        13.8400        68.3140         1.5908        85.2146         2.6306         0.0000
        13.8800        68.7684         1.5843        85.7449         2.5895         0.0000
        13.9200        69.2503         1.5732        86.2703         2.6182         0.0000
        13.9600        69.7085         1.5613        86.8060         2.6149         0.0000
        14.0000        70.1817         1.5451        87.3007         2.6035         0.0000
        14.0400        70.6437         1.5327        87.8033         2.5874         0.0000
        14.0800        71.0842         1.5208        88.3522         2.5712         0.0000
        14.1200        71.5495         1.4783        88.9044         2.5203         0.0000
        14.1600        72.0263         1.4662        89.4120         2.5214         0.0000
        14.2000        72.4929         1.4546        89.9433         2.5160         0.0000
        14.2400        72.9601         1.4448        90.4916         2.5005         0.0000
        14.2800        73.3867         1.4338        91.0518         2.5254         0.0000
        14.3200        73.8758         1.4210        91.5953         2.5124         0.0000
        14.3600        74.3686         1.4095        92.1173         2.4897         0.0000
        14.4000        74.8402         1.3963        92.6766         2.4338         0.0000
        14.4400        75.3164         1.3854        93.2191         2.4575         0.0000
        14.4800        75.7691         1.3478        93.8019         2.4458         0.0000
        14.5200        76.2397         1.3364        94.4262         2.3962         0.0000
        14.5600        76.6929         1.3269        94.9608         2.3794         0.0000
        14.6000        77.1685         1.3093        95.5276         2.3579         0.0000
        14.6400        77.6593         1.2948        96.0982         2.3379         0.0000
        14.6800        78.1882         1.2837        96.6469         2.3165         0.0000
        14.7200        78.6596         1.2718        97.1710         2.2901         0.0000
        14.7600        79.1508         1.2361        97.7461         2.2770         0.0000
        14.8000        79.6408         1.2243        98.3447         2.2722         0.0000
        14.8400        80.1495         1.2124        98.9156         2.2449         0.0000
        14.8800        80.6485         1.1983        99.4716         2.2161         0.0000
        14.9200        81.1281         1.1855       100.0622         2.2051         0.0000
        14.9600        81.5907         1.1721       100.6025         2.1891         0.0000
        15.0000        82.0792         1.1584       101.1610         2.1691         0.0000
        15.0400        82.5943         1.1475       101.7473         2.1396         0.0000
        15.0800        83.0661         1.1401       102.2971         2.1153         0.0000
        15.1200        83.6068         1.1255       102.8829         2.0854         0.0000
        15.1600        84.0914         1.1155       103.4997         2.0580         0.0000
        15.2000        84.5866         1.0759       104.1119         2.0319         0.0000
        15.2400        85.0922         1.0652       104.7193         2.0157         0.0000
        15.2800        85.6216         1.0571       105.3520         1.9937         0.0000
        15.3200        86.1424         1.0521       105.9108         1.9656         0.0000
        15.3600        86.7196         1.0456       106.4938         1.9376         0.0000
        15.4000        87.2576         1.0393       107.0967         1.9147         0.0000
        15.4400        87.7712         1.0301       107.6827         1.8951         0.0000
        15.4800        88.2922         1.0233       108.2505         1.8614         0.0000
        15.5200        88.8283         1.0225       108.8659         1.8361         0.0000
        15.5600        89.3427         1.0175       109.4766         1.8109         0.0000
        15.6000        89.8854         1.0163       110.1105         1.7835         0.0000
        15.6400        90.4445         1.0131       110.7461         1.7577         0.0000
        15.6800        91.0040         1.0109       111.3955         1.7187         0.0000
        15.7200        91.5389         1.0050       112.0432         1.6573         0.0000
        15.7600        92.0760         1.0055       112.6901         1.5609         0.0000
        15.8000        92.5939         1.0094       113.3173         1.5297         0.0000
        15.8400        93.1501         1.0120       113.9826         1.5050         0.0000
        15.8800        93.6708         1.0148       114.6175         1.4608         0.0000
        15.9200        94.2543         1.0103       115.2102         1.3713         0.0000
        15.9600        94.8263         1.0143       115.8462         1.3492         0.0000
        16.0000        95.3725         1.0183       116.4471         1.3173         0.0000
        16.0400        95.9362         1.0216       117.0954         1.2815         0.0000
        16.0800        96.4947         1.0295       117.7458         1.2254         0.0000
        16.1200        97.0345         1.0590       118.3877         1.1935         0.0000
        16.1600        97.5975         1.0632       119.0110         1.1357         0.0000
        16.2000        98.1587         1.0728       119.6477         1.0843         0.0000
        16.2400        98.7731         1.1379       120.3117         1.0609         0.0000
        16.2800        99.3293         1.2840       120.9963         1.0386         0.0000
        16.3200        99.8949         1.3115       121.7111         0.9877         0.0000
        16.3600       100.4356         1.3409       122.3973         0.9613         0.0000
        16.4000       100.9924         1.4257       123.0460         0.9372         0.0000
        16.4400       101.5709         1.4747       123.7302         0.9180         0.0000
        16.4800       102.1465         1.4981       124.3888         0.8951         0.0000
        16.5200       102.7460         1.5943       125.0537         0.8780         0.0000
        16.5600       103.3107         1.6476       125.7052         0.8303         0.0000
        16.6000       103.9150         1.7653       126.3769         0.8143         0.0000
        16.6400       104.4934         1.8368       127.0729         0.7984         0.0000
        16.6800       105.0160         1.8976       127.7996         0.7842         0.0000
        16.7200       105.5986         1.9598       128.5145         0.7742         0.0000
        16.7600       106.1650         2.0368       129.1939         0.7656         0.0000
        16.8000       106.7035         2.1483       129.8866         0.7484         0.0000
        16.8400       107.3053         2.2101       130.5382         0.7369         0.0000
        16.8800       107.8997         2.2897       131.1818         0.7258         0.0000
        16.9200       108.4956         2.3525       131.8640         0.7159         0.0000
        16.9600       109.0820         2.4410       132.5859         0.7079         0.0000
        17.0000       109.6765         2.5067       133.2669         0.7018         0.0000
        17.0400       110.2736         2.5751       134.0392         0.7005         0.0000
        17.0800       110.8702         2.6524       134.7622         0.7066         0.0000
        17.1200       111.4563         2.7336       135.4318         0.7070         0.0000
        17.1600       112.1066         2.7970       136.1189         0.7160         0.0000
        17.2000       112.7098         2.8781       136.7788         0.7249         0.0000
        17.2400       113.3301         2.9496       137.4664         0.7303         0.0000
        17.2800       113.9754         2.9957       138.2059         0.7728         0.0000
        17.3200       114.5915         3.1169       138.9325         0.7888         0.0000
        17.3600       115.2466         3.1691       139.6316         0.8310         0.0000
        17.4000       115.8536         3.3019       140.3807         0.8851         0.0000
        17.4400       116.4637         3.3945       141.1412         1.0014         0.0000
        17.4800       117.1045         3.4545       141.9144         1.0800         0.0000
        17.5200       117.7126         3.5421       142.6476         1.1211         0.0000
        17.5600       118.3396         3.6574       143.3656         1.1758         0.0000
        17.6000       118.9566         3.7596       144.0835         1.2317         0.0000
        17.6400       119.6268         3.8625       144.8660         1.3057         0.0000
        17.6800       120.2614         3.9377       145.5835         1.4036         0.0000
        17.7200       120.9456         4.0209       146.3555         1.4449         0.0000
        17.7600       121.5643         4.1173       147.1377         1.5260         0.0000
        17.8000       122.2047         4.2280       147.9385         1.6042         0.0000
        17.8400       122.8341         4.3357       148.7036         1.6785         0.0000
        17.8800       123.4619         4.4240       149.4964         1.7450         0.0000
        17.9200       124.0938         4.5196       150.2218         1.8110         0.0000
        17.9600       124.7566         4.6406       150.9645         1.8975         0.0000
        18.0000       125.3317         4.8078       151.7292         1.9816         0.0000
        18.0400       126.0301         4.8698       152.4925         2.0680         0.0000
        18.0800       126.7397         4.9648       153.2021         2.1345         0.0000
        18.1200       127.3821         5.0588       153.9381         2.2148         0.0000
        18.1600       128.0929         5.1799       154.6898         2.3108         0.0000
        18.2000       128.7441         5.2893       155.4514         2.3836         0.0000
        18.2400       129.3752         5.4063       156.2637         2.4821         0.0000
        18.2800       130.0671         5.5072       157.0053         2.5750         0.0000
        18.3200       130.7355         5.6047       157.8541         2.6599         0.0000
        18.3600       131.4255         5.7259       158.6151         2.7420         0.0000
        18.4000       132.1417         5.8419       159.3998         2.8301         0.0000
        18.4400       132.7931         5.8817       160.1624         2.9423         0.0000
        18.4800       133.4397         5.9765       160.9143         3.0418         0.0000
        18.5200       134.0727         6.0838       161.7312         3.1406         0.0000
        18.5600       134.7132         6.1272       162.5581         3.2427         0.0000
        18.6000       135.4028         6.2306       163.3691         3.3538         0.0000
        18.6400       136.0945         6.3689       164.1991         3.4643         0.0000
        18.6800       136.7690         6.5046       164.9936         3.5127         0.0000
        18.7200       137.4873         6.6218       165.7664         3.6244         0.0000
        18.7600       138.1828         6.7335       166.5794         3.7297         0.0000
        18.8000       138.9007         6.8689       167.4129         3.8189         0.0000
        18.8400       139.6012         6.9878       168.2188         3.9309         0.0000
        18.8800       140.3517         7.1010       169.0537         4.0349         0.0000
        18.9200       141.0504         7.1296       169.8870         4.1446         0.0000
        18.9600       141.7186         7.2553       170.6902         4.2652         0.0000
        19.0000       142.4557         7.3945       171.4934         4.3797         0.0000
        19.0400       143.2112         7.5356       172.3610         4.4936         0.0000
        19.0800       143.9231         7.6712       173.2608         4.5989         0.0000
        19.1200       144.6049         7.8065       174.1545         4.6976         0.0000
        19.1600       145.2842         7.9558       175.0172         4.8108         0.0000
        19.2000       145.9549         8.1027       175.8962         4.9361         0.0000
        19.2400       146.6550         8.2493       176.7445         5.0693         0.0000
        19.2800       147.4445         8.3898       177.6202         5.1810         0.0000
        19.3200       148.2154         8.5295       178.5127         5.3232         0.0000
        19.3600       148.9877         8.5764       179.4562         5.3675         0.0000
        19.4000       149.7439         8.7186       180.3001         5.4913         0.0000
        19.4400       150.4361         8.8629       181.1701         5.6133         0.0000
        19.4800       151.1273         8.9977       182.0095         5.7400         0.0000
        19.5200       151.8391         9.1197       182.8746         5.8583         0.0000
        19.5600       152.6172         9.2344       183.8351         5.9835         0.0000
        19.6000       153.3588         9.3814       184.6971         6.1114         0.0000
        19.6400       154.1415         9.5227       185.5860         6.2295         0.0000
        19.6800       154.8939         9.5216       186.4293         6.3581         0.0000
        19.7200       155.7281         9.6682       187.3094         6.4973         0.0000
        19.7600       156.5340         9.8382       188.1778         6.6359         0.0000
        19.8000       157.2972        10.0034       189.0439         6.7914         0.0000
        19.8400       158.0590        10.1588       189.8994         6.9389         0.0000
        19.8800       158.8782        10.3324       190.8181         7.0826         0.0000
        19.9200       159.6374        10.5031       191.7140         7.2229         0.0000
        19.9600       160.3849        10.5128       192.6075         7.3848         0.0000
        20.0000       141.3749         9.3604       169.8169         6.6052         0.0000
