         0.0800         0.0000         0.0000         0.0000         0.0000         0.0000
         0.1200         0.0000         0.0000         0.0000         0.0000         0.0000
         0.1600         0.0000         0.0000         0.0000         0.0000         0.0000
         0.2000         0.0000         0.0000         0.0000         0.0000         0.0000
         0.2400         0.0000         0.0000         0.0000         0.0000         0.0000
         0.2800         0.0000         0.0000         0.0000         0.0000         0.0000
         0.3200         0.0000         0.0000         0.0000         0.0000         0.0000
         0.3600         0.0000         0.0000         0.0000         0.0000         0.0000
         0.4000         0.0000         0.0000         0.0000         0.0000         0.0000
         0.4400         0.0000         0.0000         0.0000         0.0000         0.0000
         0.4800         0.0000         0.0000         0.0000         0.0000         0.0000
         0.5200         0.0000         0.0000         0.0000         0.0000         0.0000
         0.5600         0.0000         0.0000         0.0000         0.0000         0.0000
         0.6000         0.0000         0.0000         0.0000         0.0000         0.0000
         0.6400         0.0000         0.0000         0.0000         0.0000         0.0000
         0.6800         0.0000         0.0000         0.0000         0.0000         0.0000
         0.7200         0.0000         0.0000         0.0000         0.0000         0.0000
         0.7600         0.0000         0.0000         0.0000         0.0000         0.0000
         0.8000         0.0000         0.0000         0.0000         0.0000         0.0000
         0.8400         0.0000         0.0000         0.0000         0.0000         0.0000
         0.8800         0.0000         0.0000         0.0000         0.0000         0.0000
         0.9200         0.0000         0.0000         0.0000         0.0000         0.0000
         0.9600         0.0000         0.0000         0.0000         0.0000         0.0000
         1.0000         0.0006         0.0000         0.0000         0.0000         0.0000
         1.0400         0.0089         0.0002         0.0000         0.0000         0.0000
         1.0800         0.0227         0.0006         0.0000         0.0000         0.0000
         1.1200         0.0381         0.0010         0.0000         0.0000         0.0000
         1.1600         0.0552         0.0013         0.0000         0.0000         0.0000
         1.2000         0.0744         0.0017         0.0000         0.0000         0.0000
         1.2400         0.0927         0.0020         0.0000         0.0000         0.0000
         1.2800         0.1129         0.0023         0.0000         0.0000         0.0000
         1.3200         0.1332         0.0026         0.0001         0.0000         0.0000
         1.3600         0.1567         0.0030         0.0001         0.0001         0.0000
         1.4000         0.1791         0.0034         0.0001         0.0001         0.0000
         1.4400         0.2034         0.0039         0.0001         0.0001         0.0000
         1.4800         0.2268         0.0046         0.0001         0.0001         0.0000
         1.5200         0.2534         0.0051         0.0002         0.0001         0.0000
         1.5600         0.2803         0.0052         0.0002         0.0002         0.0000
         1.6000         0.3082         0.0054         0.0002         0.0001         0.0000
         1.6400         0.3355         0.0058         0.0001         0.0001         0.0000
         1.6800         0.3635         0.0062         0.0002         0.0001         0.0000
         1.7200         0.3951         0.0065         0.0001         0.0001         0.0000
         1.7600         0.4287         0.0069         0.0001         0.0001         0.0000
         1.8000         0.4637         0.0077         0.0002         0.0001         0.0000
         1.8400         0.5005         0.0084         0.0001         0.0001         0.0000
         1.8800         0.5356         0.0089         0.0001         0.0001         0.0000
         1.9200         0.5732         0.0092         0.0001         0.0001         0.0000
         1.9600         0.6106         0.0095         0.0001         0.0001         0.0000
         2.0000         0.6453         0.0105         0.0002         0.0001         0.0000
         2.0400         0.6841         0.0104         0.0002         0.0001         0.0000
         2.0800         0.7233         0.0107         0.0002         0.0001         0.0000
         2.1200         0.7654         0.0115         0.0002         0.0001         0.0000
         2.1600         0.8043         0.0123         0.0002         0.0001         0.0000
         2.2000         0.8458         0.0134         0.0002         0.0001         0.0000
         2.2400         0.8876         0.0141         0.0002         0.0001         0.0000
         2.2800         0.9338         0.0148         0.0002         0.0001         0.0000
         2.3200         0.9801         0.0161         0.0002         0.0001         0.0000
         2.3600         1.0276         0.0164         0.0001         0.0001         0.0000
         2.4000         1.0772         0.0167         0.0001         0.0001         0.0000
         2.4400         1.1290         0.0168         0.0002         0.0001         0.0000
         2.4800         1.1790         0.0168         0.0002         0.0001         0.0000
         2.5200         1.2307         0.0176         0.0002         0.0001         0.0000
         2.5600         1.2863         0.0184         0.0003         0.0001         0.0000
         2.6000         1.3418         0.0183         0.0004         0.0002         0.0000
         2.6400         1.3967         0.0181         0.0005         0.0003         0.0000
         2.6800         1.4524         0.0172         0.0006         0.0003         0.0000
         2.7200         1.5050         0.0179         0.0006         0.0004         0.0000
         2.7600         1.5609         0.0210         0.0007         0.0004         0.0000
         2.8000         1.6208         0.0218         0.0008         0.0004         0.0000
         2.8400         1.6846         0.0228         0.0009         0.0005         0.0000
         2.8800         1.7481         0.0239         0.0010         0.0006         0.0000
         2.9200         1.8099         0.0246         0.0011         0.0006         0.0000
         2.9600         1.8724         0.0255         0.0012         0.0006         0.0000
         3.0000         1.9424         0.0272         0.0012         0.0006         0.0000
         3.0400         2.0079         0.0277         0.0012         0.0006         0.0000
         3.0800         2.0700         0.0291         0.0012         0.0006         0.0000
         3.1200         2.1420         0.0290         0.0012         0.0006         0.0000
         3.1600         2.2077         0.0283         0.0012         0.0005         0.0000
         3.2000         2.2779         0.0295         0.0013         0.0005         0.0000
         3.2400         2.3542         0.0295         0.0014         0.0006         0.0000
         3.2800         2.4278         0.0304         0.0013         0.0005         0.0000
         3.3200         2.5011         0.0288         0.0015         0.0007         0.0000
         3.3600         2.5826         0.0291         0.0015         0.0006         0.0000
         3.4000         2.6572         0.0254         0.0014         0.0005         0.0000
         3.4400         2.7259         0.0265         0.0015         0.0006         0.0000
         3.4800         2.8015         0.0299         0.0017         0.0006         0.0000
         3.5200         2.8829         0.0308         0.0018         0.0007         0.0000
         3.5600         2.9698         0.0317         0.0019         0.0007         0.0000
         3.6000         3.0491         0.0323         0.0018         0.0007         0.0000
         3.6400         3.1325         0.0330         0.0018         0.0007         0.0000
         3.6800         3.2116         0.0332         0.0018         0.0007         0.0000
         3.7200         3.2937         0.0328         0.0020         0.0009         0.0000
         3.7600         3.3895         0.0325         0.0021         0.0009         0.0000
         3.8000         3.4825         0.0318         0.0020         0.0008         0.0000
         3.8400         3.5775         0.0312         0.0018         0.0007         0.0000
         3.8800         3.6604         0.0313         0.0018         0.0007         0.0000
         3.9200         3.7513         0.0314         0.0021         0.0008         0.0000
         3.9600         3.8384         0.0305         0.0022         0.0009         0.0000
         4.0000         3.9380         0.0298         0.0022         0.0008         0.0000
         4.0400         4.0304         0.0306         0.0022         0.0009         0.0000
         4.0800         4.1257         0.0321         0.0019         0.0011         0.0000
         4.1200         4.2198         0.0333         0.0018         0.0011         0.0000
         4.1600         4.3121         0.0335         0.0016         0.0010         0.0000
         4.2000         4.3945         0.0331         0.0018         0.0011         0.0000
         4.2400         4.4930         0.0343         0.0019         0.0012         0.0000
         4.2800         4.5911         0.0347         0.0020         0.0013         0.0000
         4.3200         4.7034         0.0353         0.0019         0.0012         0.0000
         4.3600         4.8043         0.0347         0.0019         0.0012         0.0000
         4.4000         4.9001         0.0360         0.0018         0.0011         0.0000
         4.4400         4.9977         0.0385         0.0019         0.0011         0.0000
         4.4800         5.0994         0.0417         0.0020         0.0012         0.0000
         4.5200         5.2108         0.0437         0.0022         0.0013         0.0000
         4.5600         5.3169         0.0455         0.0022         0.0012         0.0000
         4.6000         5.4256         0.0476         0.0023         0.0014         0.0000
         4.6400         5.5400         0.0499         0.0025         0.0015         0.0000
         4.6800         5.6561         0.0506         0.0027         0.0014         0.0000
         4.7200         5.7570         0.0519         0.0028         0.0015         0.0000
         4.7600         5.8481         0.0521         0.0029         0.0015         0.0000
         4.8000         5.9581         0.0531         0.0030         0.0016         0.0000
         4.8400         6.0782         0.0549         0.0033         0.0017         0.0000
         4.8800         6.1955         0.0565         0.0034         0.0020         0.0000
         4.9200         6.3172         0.0599         0.0034         0.0019         0.0000
         4.9600         6.4386         0.0601         0.0034         0.0017         0.0000
         5.0000         6.5657         0.0572         0.0034         0.0018         0.0000
         5.0400         6.6825         0.0536         0.0035         0.0020         0.0000
         5.0800         6.8009         0.0534         0.0034         0.0019         0.0000
         5.1200         6.9202         0.0544         0.0036         0.0020         0.0000
         5.1600         7.0282         0.0542         0.0034         0.0018         0.0000
         5.2000         7.1427         0.0524         0.0036         0.0020         0.0000
         5.2400         7.2550         0.0507         0.0040         0.0022         0.0000
         5.2800         7.3788         0.0534         0.0042         0.0022         0.0000
         5.3200         7.5132         0.0534         0.0044         0.0024         0.0000
         5.3600         7.6473         0.0535         0.0045         0.0023         0.0000
         5.4000         7.7784         0.0541         0.0044         0.0023         0.0000
         5.4400         7.9034         0.0534         0.0044         0.0023         0.0000
         5.4800         8.0254         0.0544         0.0043         0.0022         0.0000
         5.5200         8.1502         0.0544         0.0043         0.0022         0.0000
         5.5600         8.2896         0.0527         0.0044         0.0023         0.0000
         5.6000         8.4211         0.0537         0.0041         0.0020         0.0000
         5.6400         8.5682         0.0536         0.0040         0.0020         0.0000
         5.6800         8.7069         0.0533         0.0039         0.0020         0.0000
         5.7200         8.8557         0.0526         0.0039         0.0020         0.0000
         5.7600         8.9982         0.0529         0.0040         0.0020         0.0000
         5.8000         9.1225         0.0702         0.0039         0.0019         0.0000
         5.8400         9.2631         0.0714         0.0039         0.0019         0.0000
         5.8800         9.3994         0.0550         0.0038         0.0019         0.0021
         5.9200         9.5393         0.0835         0.0038         0.0018         0.0339
         5.9600         9.6836         0.0846         0.0038         0.0019         0.1937
         6.0000         9.8304         0.0845         0.0042         0.0020         0.5693
         6.0400         9.9746         0.0891         0.0000         0.0000         1.1036
         6.0800        10.1329         0.1006         0.0000         0.0000         1.6517
         6.1200        10.2900         0.1032         0.0000         0.0000         2.1073
         6.1600        10.4468         0.1056         0.0000         0.0000         2.4386
         6.2000        10.5941         0.0965         0.0000         0.0000         2.6595
         6.2400        10.7430         0.0982         0.0000         0.0000         2.7989
         6.2800        10.9013         0.0988         0.0000         0.0000         2.8836
         6.3200        11.0499         0.0981         0.0000         0.0000         2.9337
         6.3600        11.2150         0.1018         0.0000         0.0000         2.9628
         6.4000        11.3729         0.1014         0.0000         0.0000         2.9794
         6.4400        11.5221         0.1016         0.0000         0.0000         2.9887
         6.4800        11.6720         0.1029         0.0000         0.0000         2.9939
         6.5200        11.8296         0.1078         0.0000         0.0000         2.9967
         6.5600        11.9940         0.1074         0.0000         0.0000         2.9983
         6.6000        12.1518         0.1053         0.0000         0.0000         2.9991
         6.6400        12.3050         0.0987         0.0000         0.0000         2.9995
         6.6800        12.4568         0.0900         0.0000         0.0000         2.9998
         6.7200        12.6210         0.0996         0.0000         0.0000         2.9999
         6.7600        12.8015         0.0914         0.0000         0.0000         2.9999
         6.8000        12.9549         0.0946         0.0000         0.0000         3.0000
         6.8400        13.0981         0.0979         0.0000         0.0000         3.0000
         6.8800        13.2621         0.0967         0.0000         0.0000         3.0000
         6.9200        13.4239         0.0990         0.0000         0.0000         3.0000
         6.9600        13.5864         0.1107         0.0000         0.0000         3.0000
         7.0000        13.7537         0.1156         0.0000         0.0000         3.0000
         7.0400        13.9225         0.1157         0.0000         0.0000         3.0000
         7.0800        14.0913         0.1189         0.0000         0.0000         3.0000
         7.1200        14.2588         0.1182         0.0000         0.0000         3.0000
         7.1600        14.4314         0.1163         0.0000         0.0000         3.0000
         7.2000        14.6141         0.1167         0.0000         0.0000         3.0000
         7.2400        14.8001         0.1177         0.0000         0.0000         3.0000
         7.2800        14.9661         0.1177         0.0000         0.0000         3.0000
         7.3200        15.1368         0.1024         0.0000         0.0000         3.0000
         7.3600        15.2895         0.1010         0.0000         0.0000         3.0000
         7.4000        15.4722         0.1156         0.0000         0.0000         3.0000
         7.4400        15.6511         0.0986         0.0000         0.0000         3.0000
         7.4800        15.8356         0.0976         0.0000         0.0000         3.0000
         7.5200        16.0149         0.1119         0.0000         0.0000         3.0000
         7.5600        16.2004         0.0974         0.0000         0.0000         3.0000
         7.6000        16.3917         0.1159         0.0000         0.0000         3.0000
         7.6400        16.5730         0.1183         0.0000         0.0000         3.0000
         7.6800        16.7614         0.1184         0.0000         0.0000         3.0000
         7.7200        16.9357         0.1164         0.0000         0.0000         3.0000
         7.7600        17.1065         0.1140         0.0000         0.0000         3.0000
         7.8000        17.2977         0.1255         0.0000         0.0000         3.0000
         7.8400        17.4908         0.1286         0.0000         0.0000         3.0000
         7.8800        17.6828         0.1332         0.0000         0.0000         3.0000
         7.9200        17.8758         0.1342         0.0000         0.0000         3.0000
         7.9600        18.0772         0.1326         0.0000         0.0000         3.0000
         8.0000        18.2854         0.1291         0.0000         0.0000         3.0000
         8.0400        18.4837         0.1349         0.0000         0.0000         3.0000
         8.0800        18.6856         0.1376         0.0000         0.0000         3.0000
         8.1200        18.8937         0.1357         0.0000         0.0000         3.0000
         8.1600        19.0883         0.1273         0.0000         0.0000         3.0000
         8.2000        19.3188         0.1213         0.0000         0.0000         3.0000
         8.2400        19.5075         0.1137         0.0000         0.0000         3.0000
         8.2800        19.6942         0.1089         0.0000         0.0000         3.0000
         8.3200        19.9092         0.0865         0.0000         0.0000         3.0000
         8.3600        20.1247         0.0854         0.0000         0.0000         3.0000
         8.4000        20.3579         0.0924         0.0001         0.0001         3.0000
         8.4400        20.5667         0.0948         0.0001         0.0001         3.0000
         8.4800        20.7718         0.0977         0.0001         0.0001         3.0000
         8.5200        20.9970         0.0984         0.0002         0.0002         3.0000
         8.5600        21.2058         0.0945         0.0002         0.0002         3.0000
         8.6000        21.3999         0.0991         0.0001         0.0001         3.0000
         8.6400        21.6178         0.0889         0.0002         0.0002         3.0000
         8.6800        21.8111         0.0909         0.0002         0.0002         3.0000
         8.7200        22.0202         0.0907         0.0003         0.0003         3.0000
         8.7600        22.2527         0.0885         0.0003         0.0003         3.0000
         8.8000        22.4789         0.0915         0.0002         0.0002         3.0000
         8.8400        22.6837         0.1241         0.0002         0.0002         3.0000
         8.8800        22.8985         0.1275         0.0002         0.0002         3.0000
         8.9200        23.1104         0.1267         0.0002         0.0002         3.0000
         8.9600        23.3162         0.1048         0.0002         0.0002         3.0000
         9.0000        23.5413         0.1012         0.0001         0.0001         3.0000
         9.0400        23.7654         0.1166         0.0001         0.0001         3.0000
         9.0800        23.9888         0.1013         0.0001         0.0001         3.0000
         9.1200        24.2297         0.1051         0.0001         0.0001         3.0000
         9.1600        24.4538         0.1106         0.0001         0.0001         3.0000
         9.2000        24.6851         0.1267         0.0000         0.0000         3.0000
         9.2400        24.9081         0.1253         0.0001         0.0001         3.0000
         9.2800        25.1192         0.1347         0.0001         0.0001         3.0000
         9.3200        25.3415         0.1383         0.0000         0.0000         3.0000
         9.3600        25.6007         0.1510         0.0001         0.0001         3.0000
         9.4000        25.8438         0.1539         0.0001         0.0001         3.0000
         9.4400        26.0637         0.1563         0.0001         0.0001         3.0000
         9.4800        26.2766         0.1771         0.0001         0.0001         3.0000
         9.5200        26.5245         0.1869         0.0002         0.0002         3.0000
         9.5600        26.7671         0.1802         0.0002         0.0002         3.0000
         9.6000        27.0159         0.1808         0.0002         0.0002         3.0000
         9.6400        27.2497         0.1706         0.0002         0.0002         3.0000
         9.6800        27.4813         0.1819         0.0001         0.0001         3.0000
         9.7200        27.7351         0.1809         0.0001         0.0001         3.0000
         9.7600        28.0013         0.1882         0.0001         0.0001         3.0000
         9.8000        28.2487         0.2673         0.0001         0.0001         3.0000
         9.8400        28.4942         0.2812         0.0001         0.0001         3.0000
         9.8800        28.7675         0.2887         0.0001         0.0001         3.0000
         9.9200        28.9926         0.2867         0.0001         0.0001         3.0000
         9.9600        29.2332         0.2910         0.0001         0.0001         3.0000
        10.0000        29.4861         0.2999         0.0001         0.0000         3.0000
        10.0400        29.7199         0.3136         0.0000         0.0000         3.0000
        10.0800        29.9609         0.3111         0.0001         0.0000         3.0000
        10.1200        30.2239         0.3082         0.0000         0.0000         3.0000
        10.1600        30.5007         0.3121         0.0001         0.0000         3.0000
        10.2000        30.7768         0.3025         0.0001         0.0001         3.0000
        10.2400        31.0348         0.3098         0.0001         0.0001         3.0000
        10.2800        31.2829         0.3051         0.0001         0.0001         3.0000
        10.3200        31.5236         0.2992         0.0001         0.0001         2.9999
        10.3600        31.7730         0.2992         0.0001         0.0001         2.9999
        10.4000        32.0228         0.3055         0.0001         0.0001         2.9998
        10.4400        32.2768         0.3071         0.0001         0.0001         2.9995
        10.4800        32.5152         0.3040         0.0001         0.0001         2.9991
        10.5200        32.7782         0.2606         0.0001         0.0001         2.9983
        10.5600        33.0464         0.2603         0.0001         0.0001         2.9967
        10.6000        33.3463         0.2613         0.0001         0.0001         2.9939
        10.6400        33.6235         0.3011         0.0001         0.0001         2.9887
        10.6800        33.8909         0.3038         0.0001         0.0001         2.9794
        10.7200        34.1797         0.3109         0.0001         0.0000         2.9628
        10.7600        34.4451         0.3054         0.0001         0.0000         2.9337
        10.8000        34.7241         0.3031         0.0001         0.0000         2.8836
        10.8400        35.0045         0.2966         0.0000         0.0000         2.7989
        10.8800        35.2341         0.3009         0.0000         0.0000         2.6595
        10.9200        35.5076         0.3018         0.0000         0.0000         2.4386
        10.9600        35.7531         0.2874         0.0000         0.0000         2.1073
        11.0000        36.0214         0.2818         0.0000         0.0000         1.6517
        11.0400        36.2917         0.2823        64.6992         0.4905         1.1036
        11.0800        36.5735         0.2921        65.1478         0.4851         0.5693
        11.1200        36.8632         0.2881        65.6214         0.4931         0.1937
        11.1600        37.1394         0.2973        66.1065         0.4845         0.0339
        11.2000        37.4055         0.3115        66.6058         0.4658         0.0021
        11.2400        37.6845         0.3189        67.0658         0.4720         0.0000
        11.2800        37.9718         0.3174        67.5276         0.4816         0.0000
        11.3200        38.2702         0.3245        68.0031         0.4694         0.0000
        11.3600        38.5831         0.3283        68.5097         0.4779         0.0000
        11.4000        38.8893         0.3237        68.9880         0.4818         0.0000
        11.4400        39.1909         0.3229        69.4576         0.5445         0.0000
        11.4800        39.4732         0.3248        69.9180         0.5646         0.0000
        11.5200        39.7461         0.3322        70.4030         0.5655         0.0000
        11.5600        40.0200         0.3359        70.8946         0.5616         0.0000
        11.6000        40.3036         0.3276        71.3789         0.5549         0.0000
        11.6400        40.5912         0.3290        71.8680         0.5652         0.0000
        11.6800        40.8716         0.3361        72.3023         0.5577         0.0000
        11.7200        41.1530         0.3400        72.8154         0.5766         0.0000
        11.7600        41.4565         0.3461        73.2980         0.5820         0.0000
        11.8000        41.7618         0.3539        73.7903         0.5862         0.0000
        11.8400        42.0461         0.3532        74.2973         0.5874         0.0000
        11.8800        42.3614         0.3598        74.8066         0.5913         0.0000
        11.9200        42.6390         0.3610        75.3189         0.5980         0.0000
        11.9600        42.9261         0.3651        75.8334         0.6006         0.0000
        12.0000        43.2016         0.3475        76.3516         0.5931         0.0000
        12.0400        43.4728         0.3493        76.8550         0.5641         0.0000
        12.0800        43.7797         0.3481        77.4017         0.5550         0.0000
        12.1200        44.0956         0.3404        77.9184         0.5435         0.0000
        12.1600        44.3875         0.4076        78.4724         0.5435         0.0000
        12.2000        44.7079         0.4187        78.9975         0.5226         0.0000
        12.2400        45.0123         0.4279        79.5349         0.5063         0.0000
        12.2800        45.3170         0.4217        80.0497         0.4937         0.0000
        12.3200        45.6337         0.4211        80.5710         0.4973         0.0000
        12.3600        45.9459         0.4254        81.0639         0.5218         0.0000
        12.4000        46.2458         0.4307        81.6137         0.5365         0.0000
        12.4400        46.5550         0.4237        82.1917         0.5268         0.0000
        12.4800        46.8880         0.4227        82.7523         0.5232         0.0000
        12.5200        47.2232         0.3985        83.2833         0.5418         0.0000
        12.5600        47.5633         0.4281        83.8398         0.5644         0.0000
        12.6000        47.8859         0.4344        84.3773         0.5731         0.0000
        12.6400        48.2051         0.4398        84.9689         0.5729         0.0000
        12.6800        48.5180         0.4468        85.5029         0.5750         0.0000
        12.7200        48.8326         0.4453        86.0693         0.5429         0.0000
        12.7600        49.1669         0.4449        86.6519         0.5613         0.0000
        12.8000        49.4888         0.4591        87.1956         0.5783         0.0000
        12.8400        49.8153         0.4590        87.7213         0.5618         0.0000
        12.8800        50.1641         0.4655        88.3025         0.5582         0.0000
        12.9200        50.4934         0.4610        88.8897         0.5671         0.0000
        12.9600        50.8319         0.4225        89.4722         0.5583         0.0000
        13.0000        51.1206         0.4077        90.0207         0.5481         0.0000
        13.0400        51.4291         0.4039        90.5525         0.6041         0.0000
        13.0800        51.7470         0.3986        91.0791         0.6089         0.0000
        13.1200        52.0585         0.3878        91.6663         0.6049         0.0000
        13.1600        52.4074         0.3729        92.2347         0.6004         0.0000
        13.2000        52.7544         0.3732        92.7758         0.6115         0.0000
        13.2400        53.0896         0.3894        93.3312         0.6004         0.0000
        13.2800        53.4382         0.3969        93.8890         0.5775         0.0000
        13.3200        53.7776         0.3780        94.4889         0.5858         0.0000
        13.3600        54.0821         0.4031        95.1421         0.5782         0.0000
        13.4000        54.4039         0.4387        95.7624         0.5861         0.0000
        13.4400        54.7223         0.4209        96.3251         0.5833         0.0000
        13.4800        55.0075         0.4250        96.9125         0.6126         0.0000
        13.5200        55.3310         0.4140        97.5068         0.6204         0.0000
        13.5600        55.6849         0.4148        98.1067         0.6125         0.0000
        13.6000        56.0169         0.4120        98.6732         0.5837         0.0000
        13.6400        56.3594         0.4145        99.2536         0.5709         0.0000
        13.6800        56.6936         0.4267        99.8427         0.5639         0.0000
        13.7200        57.0298         0.4294       100.4576         0.5713         0.0000
        13.7600        57.3892         0.4237       101.0595         0.5803         0.0000
        13.8000        57.7439         0.4266       101.6683         0.5644         0.0000
        13.8400        58.1588         0.4436       102.2347         0.5631         0.0000
        13.8800        58.5104         0.4766       102.8221         0.5695         0.0000
        13.9200        58.8468         0.4494       103.4447         0.5667         0.0000
        13.9600        59.1924         0.4577       104.0810         0.5490         0.0000
        14.0000        59.5533         0.4656       104.6759         0.5548         0.0000
        14.0400        59.8603         0.4578       105.2599         0.5727         0.0000
        14.0800        60.2000         0.4667       105.9099         0.5615         0.0000
        14.1200        60.5821         0.4717       106.5179         0.5541         0.0000
        14.1600        60.9820         0.4827       107.1110         0.5394         0.0000
        14.2000        61.3418         0.5297       107.7291         0.5561         0.0000
        14.2400        61.7138         0.5255       108.3056         0.5831         0.0000
        14.2800        62.0626         0.4950       108.9087         0.5465         0.0000
        14.3200        62.4057         0.5063       109.4844         0.5444         0.0000
        14.3600        62.7710         0.5502       110.0720         0.5413         0.0000
        14.4000        63.1490         0.5470       110.6490         0.5493         0.0000
        14.4400        63.5224         0.5254       111.2584         0.5677         0.0000
        14.4800        63.8917         0.5330       111.8707         0.6309         0.0000
        14.5200        64.2592         0.5168       112.4925         0.6479         0.0000
        14.5600        64.6390         0.5297       113.1372         0.6691         0.0000
        14.6000        65.0158         0.4939       113.7467         0.6480         0.0000
        14.6400        65.4018         0.5185       114.4029         0.6437         0.0000
        14.6800        65.7936         0.5148       115.1156         0.6345         0.0000
        14.7200        66.2036         0.5594       115.7845         0.6360         0.0000
        14.7600        66.5869         0.5720       116.4683         0.6408         0.0000
        14.8000        66.9400         0.5735       117.1532         0.6426         0.0000
        14.8400        67.3175         0.5973       117.8347         0.6513         0.0000
        14.8800        67.6868         0.6211       118.4641         0.6637         0.0000
        14.9200        68.0695         0.6282       119.1074         0.6704         0.0000
        14.9600        68.4575         0.6300       119.7369         0.7095         0.0000
        15.0000        68.8903         0.6163       120.4067         0.7043         0.0000
        15.0400        69.2722         0.6285       121.0911         0.6927         0.0000
        15.0800        69.6214         0.6217       121.7798         0.7113         0.0000
        15.1200        69.9936         0.6350       122.4280         0.6902         0.0000
        15.1600        70.3635         0.6356       123.1089         0.7849         0.0000
        15.2000        70.7445         0.6473       123.8116         0.7674         0.0000
        15.2400        71.1386         0.6476       124.4657         0.6691         0.0000
        15.2800        71.5465         0.6643       125.1398         0.6640         0.0000
        15.3200        71.9396         0.6654       125.8187         0.6485         0.0000
        15.3600        72.3168         0.6606       126.5026         0.6692         0.0000
        15.4000        72.7077         0.6593       127.1380         0.7411         0.0000
        15.4400        73.0989         0.6866       127.7913         0.7368         0.0000
        15.4800        73.4970         0.6858       128.4508         0.7136         0.0000
        15.5200        73.9015         0.7202       129.1239         0.7463         0.0000
        15.5600        74.2996         0.7173       129.8053         0.7831         0.0000
        15.6000        74.7355         0.6963       130.5030         0.8008         0.0000
        15.6400        75.1191         0.7151       131.1960         0.8100         0.0000
        15.6800        75.5458         0.7272       131.8684         0.8216         0.0000
        15.7200        75.9455         0.7114       132.4915         0.8513         0.0000
        15.7600        76.3288         0.7142       133.1027         0.8673         0.0000
        15.8000        76.6948         0.7318       133.7233         0.8772         0.0000
        15.8400        77.0830         0.7423       134.4236         0.8930         0.0000
        15.8800        77.4752         0.7121       135.0663         0.9253         0.0000
        15.9200        77.8799         0.6919       135.7795         0.9317         0.0000
        15.9600        78.3118         0.6991       136.4951         0.9314         0.0000
        16.0000        78.6860         0.7088       137.1095         0.9131         0.0000
        16.0400        79.0786         0.7301       137.7789         0.9452         0.0000
        16.0800        79.4487         0.7475       138.4455         0.9648         0.0000
        16.1200        79.8171         0.7612       139.1431         0.9684         0.0000
        16.1600        80.2840         0.7723       139.7836         0.9843         0.0000
        16.2000        80.6891         0.7863       140.3998         0.9630         0.0000
        16.2400        81.0833         0.7810       141.0733         0.9312         0.0000
        16.2800        81.5148         0.7859       141.7302         0.8986         0.0000
        16.3200        81.9469         0.8081       142.4808         0.9304         0.0000
        16.3600        82.3764         0.8294       143.2226         0.9334         0.0000
        16.4000        82.7855         0.8061       143.9254         0.9399         0.0000
        16.4400        83.1599         0.8048       144.6662         0.9496         0.0000
        16.4800        83.5889         0.8171       145.4113         0.9476         0.0000
        16.5200        83.9891         0.8166       146.1348         0.9374         0.0000
        16.5600        84.3891         0.7994       146.8731         1.0016         0.0000
        16.6000        84.7954         0.8182       147.5760         1.0251         0.0000
        16.6400        85.2156         0.8016       148.2950         1.0402         0.0000
        16.6800        85.6415         0.8336       149.0063         1.0470         0.0000
        16.7200        86.1176         0.8629       149.7485         1.0419         0.0000
        16.7600        86.5509         0.8404       150.4394         1.0432         0.0000
        16.8000        86.9670         0.8610       151.1396         1.0223         0.0000
        16.8400        87.3872         0.8815       151.8360         0.9832         0.0000
        16.8800        87.8069         0.8979       152.5849         1.0328         0.0000
        16.9200        88.1740         0.8833       153.2690         1.0668         0.0000
        16.9600        88.5553         0.8760       153.9804         1.0927         0.0000
        17.0000        88.9703         0.8637       154.6817         1.0917         0.0000
        17.0400        89.3929         0.8492       155.4116         1.0133         0.0000
        17.0800        89.8307         0.8575       156.0867         1.0086         0.0000
        17.1200        90.2499         0.8739       156.7922         1.0360         0.0000
        17.1600        90.7049         0.8643       157.5021         1.1363         0.0000
        17.2000        91.1282         0.8740       158.2076         1.1530         0.0000
        17.2400        91.5646         0.8900       158.9218         1.0783         0.0000
        17.2800        92.0186         0.9331       159.7002         1.1473         0.0000
        17.3200        92.4683         0.9560       160.4175         1.1346         0.0000
        17.3600        92.8863         0.9478       161.1489         1.1500         0.0000
        17.4000        93.3013         0.9842       161.9352         1.1242         0.0000
        17.4400        93.7015         0.9875       162.6908         1.1082         0.0000
        17.4800        94.1324         0.9749       163.4326         1.1414         0.0000
        17.5200        94.5674         0.9936       164.1272         1.1484         0.0000
        17.5600        94.9959         1.0477       164.9146         1.1652         0.0000
        17.6000        95.4434         1.0690       165.6879         1.1651         0.0000
        17.6400        95.8584         1.0676       166.4433         1.1848         0.0000
        17.6800        96.2854         1.0605       167.2217         1.1834         0.0000
        17.7200        96.7637         1.0746       167.9847         1.1977         0.0000
        17.7600        97.2239         1.0866       168.6930         1.2013         0.0000
        17.8000        97.6282         1.1238       169.4267         1.2192         0.0000
        17.8400        98.0925         1.1239       170.1787         1.2253         0.0000
        17.8800        98.5528         1.1434       170.9328         1.2008         0.0000
        17.9200        98.9875         1.1915       171.6696         1.1502         0.0000
        17.9600        99.4495         1.2162       172.4335         1.1394         0.0000
        18.0000        99.9372         1.2343       173.1788         1.1428         0.0000
        18.0400       100.4009         1.2580       173.9250         1.1503         0.0000
        18.0800       100.8592         1.2886       174.6842         1.1218         0.0000
        18.1200       101.2853         1.3011       175.5093         1.0888         0.0000
        18.1600       101.7498         1.3097       176.3348         1.0859         0.0000
        18.2000       102.2578         1.3270       177.0832         1.1101         0.0000
        18.2400       102.7256         1.3148       177.8186         1.1231         0.0000
        18.2800       103.1977         1.2827       178.5557         1.1564         0.0000
        18.3200       103.6755         1.2865       179.2947         1.1937         0.0000
        18.3600       104.1350         1.2916       180.0115         1.2331         0.0000
        18.4000       104.6187         1.3144       180.7788         1.2715         0.0000
        18.4400       105.1046         1.3315       181.5575         1.2649         0.0000
        18.4800       105.5364         1.3428       182.4028         1.2514         0.0000
        18.5200       105.9919         1.3313       183.2351         1.2561         0.0000
        18.5600       106.4886         1.3529       184.0724         1.1555         0.0000
        18.6000       106.9739         1.3910       184.8814         1.1253         0.0000
        18.6400       107.4030         1.4087       185.6734         1.1135         0.0000
        18.6800       107.8379         1.4238       186.4859         1.1247         0.0000
        18.7200       108.3185         1.4192       187.2921         1.1521         0.0000
        18.7600       108.7548         1.4516       188.0796         1.1314         0.0000
        18.8000       109.2309         1.4603       188.8852         1.1112         0.0000
        18.8400       109.6659         1.4630       189.6800         1.0883         0.0000
        18.8800       110.1466         1.4720       190.4734         1.0893         0.0000
        18.9200       110.6062         1.4783       191.2503         1.0712         0.0000
        18.9600       111.1201         1.4888       192.0751         1.0794         0.0000
        19.0000       111.6504         1.4868       192.8919         1.0973         0.0000
        19.0400       112.1853         1.5062       193.7749         1.0916         0.0000
        19.0800       112.6679         1.5268       194.5268         1.1224         0.0000
        19.1200       113.1373         1.5565       195.3698         1.1519         0.0000
        19.1600       113.6581         1.5690       196.2490         1.2752         0.0000
        19.2000       114.1582         1.5801       197.0996         1.2774         0.0000
        19.2400       114.6450         1.5840       197.9212         1.1592         0.0000
        19.2800       115.1486         1.5692       198.7614         1.1754         0.0000
        19.3200       115.6864         1.5620       199.5988         1.3536         0.0000
        19.3600       116.1752         1.5785       200.3887         1.1999         0.0000
        19.4000       116.6794         1.5705       201.1575         1.1908         0.0000
        19.4400       117.1325         1.5665       201.9161         1.1409         0.0000
        19.4800       117.6000         1.5381       202.7756         1.1602         0.0000
        19.5200       118.1289         1.5763       203.6441         1.2073         0.0000
        19.5600       118.5672         1.5808       204.5124         1.2288         0.0000
        19.6000       119.0333         1.5955       205.3733         1.2113         0.0000
        19.6400       119.5152         1.5490       206.2233         1.1926         0.0000
        19.6800       119.9786         1.5459       206.9971         1.2009         0.0000
        19.7200       120.4733         1.5733       207.8016         1.1447         0.0000
        19.7600       120.9895         1.5749       208.6084         1.1592         0.0000
        19.8000       121.5219         1.5670       209.4275         1.1530         0.0000
        19.8400       122.0255         1.5787       210.2168         1.2071         0.0000
        19.8800       122.5519         1.5563       211.0646         1.2486         0.0000
        19.9200       123.0479         1.5368       211.9328         1.2516         0.0000
        19.9600       123.5437         1.5295       212.7410         1.2449         0.0000
        20.0000       108.8839         1.3548       187.4752         1.0730         0.0000
