   8.0000004E-002   0.0000000E+000   0.0000000E+000   0.0000000E+000   0.0000000E+000
   1.2000000E-001   0.0000000E+000   0.0000000E+000   0.0000000E+000   0.0000000E+000
   1.6000001E-001   0.0000000E+000   0.0000000E+000   0.0000000E+000   0.0000000E+000
   2.0000000E-001   0.0000000E+000   0.0000000E+000   0.0000000E+000   0.0000000E+000
   2.4000000E-001   0.0000000E+000   0.0000000E+000   0.0000000E+000   0.0000000E+000
   2.8000001E-001   0.0000000E+000   0.0000000E+000   0.0000000E+000   0.0000000E+000
   3.2000002E-001   0.0000000E+000   0.0000000E+000   0.0000000E+000   0.0000000E+000
   3.5999998E-001   0.0000000E+000   0.0000000E+000   0.0000000E+000   0.0000000E+000
   3.9999999E-001   0.0000000E+000   0.0000000E+000   0.0000000E+000   0.0000000E+000
   4.4000000E-001   0.0000000E+000   0.0000000E+000   0.0000000E+000   0.0000000E+000
   4.8000000E-001   0.0000000E+000   0.0000000E+000   0.0000000E+000   0.0000000E+000
   5.2000001E-001   0.0000000E+000   0.0000000E+000   0.0000000E+000   0.0000000E+000
   5.6000002E-001   0.0000000E+000   0.0000000E+000   0.0000000E+000   0.0000000E+000
   5.9999999E-001   0.0000000E+000   0.0000000E+000   0.0000000E+000   0.0000000E+000
   6.4000003E-001   0.0000000E+000   0.0000000E+000   0.0000000E+000   0.0000000E+000
   6.8000004E-001   0.0000000E+000   0.0000000E+000   0.0000000E+000   0.0000000E+000
   7.1999997E-001   0.0000000E+000   0.0000000E+000   0.0000000E+000   0.0000000E+000
   7.5999998E-001   0.0000000E+000   0.0000000E+000   0.0000000E+000   0.0000000E+000
   7.9999998E-001   0.0000000E+000   0.0000000E+000   0.0000000E+000   0.0000000E+000
   8.3999999E-001   0.0000000E+000   0.0000000E+000   0.0000000E+000   0.0000000E+000
   8.8000000E-001   0.0000000E+000   0.0000000E+000   0.0000000E+000   0.0000000E+000
   9.2000000E-001   0.0000000E+000   0.0000000E+000   0.0000000E+000   0.0000000E+000
   9.6000001E-001   0.0000000E+000   0.0000000E+000   0.0000000E+000   0.0000000E+000
   1.0000000E+000   0.0000000E+000   0.0000000E+000   0.0000000E+000   0.0000000E+000
   1.0400000E+000   4.7437474E-006   1.0979247E-007   1.6315805E-009   1.6293689E-009
   1.0800000E+000   1.1847418E-005   2.8189673E-007   1.1380706E-008   1.1365280E-008
   1.1200000E+000   1.9864588E-005   4.6244954E-007   7.4095156E-009   7.3994721E-009
   1.1600000E+000   2.8608207E-005   6.2806197E-007   6.2476575E-009   6.2391889E-009
   1.2000000E+000   3.8093711E-005   1.0066929E-006   1.7104340E-008   1.7081156E-008
   1.2400000E+000   4.7070956E-005   1.1744855E-006   1.5111270E-008   1.5090787E-008
   1.2800001E+000   5.6471401E-005   1.4623153E-006   9.7506793E-009   9.7374624E-009
   1.3200000E+000   6.7356988E-005   1.6131740E-006   1.0578113E-008   1.0563774E-008
   1.3600001E+000   7.8346859E-005   1.6820652E-006   1.2397817E-008   1.2381012E-008
   1.4000000E+000   8.9798732E-005   1.7327223E-006   7.5685489E-009   7.5582898E-009
   1.4399999E+000   1.0297137E-004   2.0035365E-006   2.5540618E-008   2.5505998E-008
   1.4800000E+000   1.1553264E-004   2.2427914E-006   1.3010102E-008   1.2992467E-008
   1.5200000E+000   1.2965842E-004   2.4705906E-006   1.2268668E-008   1.2252038E-008
   1.5600000E+000   1.4345225E-004   2.6557254E-006   4.0395762E-009   4.0341006E-009
   1.6000000E+000   1.5782238E-004   2.8178241E-006   9.4589701E-009   9.4461486E-009
   1.6400000E+000   1.7421972E-004   3.0342143E-006   9.7323206E-009   9.7191285E-009
   1.6800000E+000   1.8949748E-004   3.1788325E-006   1.7348402E-008   1.7324887E-008
   1.7200001E+000   2.0678449E-004   3.4759728E-006   2.5866404E-008   2.5831342E-008
   1.7600000E+000   2.2315932E-004   3.6421233E-006   1.7846801E-008   1.7478077E-008
   1.8000001E+000   2.4001418E-004   3.9304738E-006   3.5902833E-008   3.2749792E-008
   1.8400000E+000   2.5793951E-004   4.1579310E-006   3.3758264E-008   2.8678627E-008
   1.8799999E+000   2.7514336E-004   4.6429966E-006   3.6715920E-008   2.8503717E-008
   1.9200000E+000   2.9603115E-004   4.9370765E-006   3.9552139E-008   2.2963124E-008
   1.9599999E+000   3.1711019E-004   5.1352435E-006   6.0266742E-008   3.7700875E-008
   2.0000000E+000   3.3727482E-004   5.5216777E-006   8.1556028E-008   5.1721977E-008
   2.0400000E+000   3.5669512E-004   5.6827979E-006   9.5787001E-008   7.0817279E-008
   2.0800000E+000   3.7760214E-004   5.8974845E-006   9.6818460E-008   7.2339385E-008
   2.1200000E+000   3.9891986E-004   6.2098575E-006   1.1473796E-007   8.7202087E-008
   2.1600001E+000   4.1925759E-004   6.5023160E-006   1.4654483E-007   1.0633557E-007
   2.2000000E+000   4.4263742E-004   6.7292954E-006   1.8523242E-007   1.2657093E-007
   2.2400001E+000   4.6466900E-004   7.1532551E-006   1.8459452E-007   1.1277183E-007
   2.2800000E+000   4.8764270E-004   7.3561493E-006   1.9863899E-007   1.2125918E-007
   2.3199999E+000   5.1241315E-004   7.3529139E-006   2.0318205E-007   1.1223179E-007
   2.3600000E+000   5.3798315E-004   7.4043652E-006   2.3569424E-007   1.2343350E-007
   2.3999999E+000   5.6227926E-004   7.3388845E-006   2.0830845E-007   1.0860767E-007
   2.4400000E+000   5.8690177E-004   7.6916935E-006   1.8582625E-007   9.3235625E-008
   2.4800000E+000   6.1223166E-004   8.0925683E-006   2.1128870E-007   1.0200910E-007
   2.5200000E+000   6.3951705E-004   8.4695350E-006   2.5327526E-007   1.1667895E-007
   2.5600001E+000   6.6674537E-004   8.7361822E-006   2.6435199E-007   1.0849322E-007
   2.5999999E+000   6.9345952E-004   9.2459501E-006   2.4913439E-007   9.8806875E-008
   2.6400000E+000   7.2116596E-004   9.5975143E-006   2.7476737E-007   1.0726531E-007
   2.6800001E+000   7.5137624E-004   9.5337952E-006   2.7835817E-007   1.0606141E-007
   2.7200001E+000   7.7927173E-004   9.5417225E-006   2.6450891E-007   1.0043389E-007
   2.7599999E+000   8.0924535E-004   9.8573605E-006   2.8401558E-007   1.0523946E-007
   2.8000000E+000   8.3992739E-004   1.0270601E-005   3.4552429E-007   1.2897697E-007
   2.8400001E+000   8.6956119E-004   1.0059739E-005   4.0487347E-007   1.5266450E-007
   2.8799999E+000   9.0362981E-004   9.8534829E-006   4.2068795E-007   1.6282885E-007
   2.9200000E+000   9.3799895E-004   1.0497064E-005   4.2241235E-007   1.7112026E-007
   2.9600000E+000   9.6973055E-004   1.1066561E-005   3.9751843E-007   1.6004011E-007
   3.0000001E+000   1.0053897E-003   1.1029815E-005   4.7036969E-007   1.8537809E-007
   3.0399999E+000   1.0385572E-003   1.1185742E-005   5.2269660E-007   2.1472677E-007
   3.0800000E+000   1.0743017E-003   1.1221509E-005   5.6741164E-007   2.4000440E-007
   3.1200001E+000   1.1112766E-003   1.0970656E-005   6.5077444E-007   2.7560593E-007
   3.1600001E+000   1.1492959E-003   1.1660809E-005   6.5396236E-007   2.6962172E-007
   3.1999999E+000   1.1856450E-003   1.2432838E-005   7.3942030E-007   2.9106153E-007
   3.2400000E+000   1.2193939E-003   1.3060865E-005   7.3242648E-007   2.8781538E-007
   3.2800001E+000   1.2555490E-003   1.3512683E-005   7.4947106E-007   2.8652783E-007
   3.3199999E+000   1.2919007E-003   1.4052651E-005   6.4306068E-007   2.3627181E-007
   3.3600000E+000   1.3275796E-003   1.4943809E-005   6.3980783E-007   2.3143319E-007
   3.4000000E+000   1.3684153E-003   1.5417909E-005   7.1624161E-007   2.6532442E-007
   3.4400001E+000   1.4100025E-003   1.6067499E-005   7.2936903E-007   2.5940735E-007
   3.4799999E+000   1.4478360E-003   1.6809224E-005   7.4894474E-007   2.6353651E-007
   3.5200000E+000   1.4872315E-003   1.7490945E-005   8.0905610E-007   2.4305214E-007
   3.5600001E+000   1.5272689E-003   1.7781854E-005   9.0035555E-007   2.8846522E-007
   3.6000001E+000   1.5690777E-003   1.7547481E-005   9.2120340E-007   2.7243012E-007
   3.6399999E+000   1.6137421E-003   1.8697938E-005   1.0304393E-006   2.8565586E-007
   3.6800000E+000   1.6607528E-003   1.9279374E-005   1.0267725E-006   2.8330238E-007
   3.7200001E+000   1.7053243E-003   2.0058826E-005   1.0113461E-006   2.8207734E-007
   3.7599999E+000   1.7456246E-003   2.1074482E-005   1.0524865E-006   2.9071719E-007
   3.8000000E+000   1.7957898E-003   2.0993925E-005   1.0312133E-006   4.4797472E-007
   3.8400000E+000   1.8409208E-003   2.0543186E-005   1.0939639E-006   4.6498218E-007
   3.8800001E+000   1.8863575E-003   1.9205295E-005   1.1155140E-006   4.7447409E-007
   3.9199999E+000   1.9359529E-003   1.9219872E-005   1.1165243E-006   3.8649018E-007
   3.9600000E+000   1.9860602E-003   2.0941422E-005   1.1487506E-006   4.7772305E-007
   4.0000001E+000   2.0321477E-003   2.0895727E-005   1.1650909E-006   4.8947144E-007
   4.0400001E+000   2.0770375E-003   2.0840837E-005   1.2404080E-006   5.3349529E-007
   4.0799999E+000   2.1214856E-003   2.1851516E-005   1.3214280E-006   6.6799830E-007
   4.1200000E+000   2.1727845E-003   2.1967344E-005   1.3524018E-006   6.7545262E-007
   4.1600001E+000   2.2213849E-003   2.2613697E-005   1.3901474E-006   7.0163420E-007
   4.1999999E+000   2.2714639E-003   2.2353369E-005   1.3804334E-006   6.9465570E-007
   4.2399999E+000   2.3189219E-003   2.2641969E-005   1.4801417E-006   7.6879017E-007
   4.2800000E+000   2.3648671E-003   2.1140483E-005   1.5775551E-006   8.2343650E-007
   4.3200001E+000   2.4135038E-003   2.0530808E-005   1.7552106E-006   8.4922938E-007
   4.3599999E+000   2.4638529E-003   2.0603597E-005   1.8311370E-006   8.9209802E-007
   4.4000000E+000   2.5160071E-003   1.9759944E-005   1.8059834E-006   9.9632688E-007
   4.4400001E+000   2.5661282E-003   2.1449687E-005   1.7763243E-006   8.7761222E-007
   4.4800001E+000   2.6204536E-003   2.3755635E-005   1.8416262E-006   1.0503965E-006
   4.5199999E+000   2.6744540E-003   2.4653465E-005   1.8900928E-006   9.6659326E-007
   4.5600000E+000   2.7270693E-003   2.7078857E-005   1.8867308E-006   1.1923760E-006
   4.6000001E+000   2.7793882E-003   2.9136948E-005   2.0016352E-006   1.2978698E-006
   4.6399999E+000   2.8326333E-003   2.9563736E-005   2.0131354E-006   1.2071584E-006
   4.6799999E+000   2.8876226E-003   2.8355962E-005   2.1403581E-006   1.2691980E-006
   4.7200000E+000   2.9429261E-003   2.9161866E-005   2.2426264E-006   1.2406481E-006
   4.7600001E+000   3.0008319E-003   3.0357780E-005   2.1433318E-006   1.1689185E-006
   4.7999999E+000   3.0609364E-003   2.8560515E-005   2.2579552E-006   1.2317033E-006
   4.8400000E+000   3.1233219E-003   2.8449810E-005   2.2385508E-006   1.3175429E-006
   4.8800001E+000   3.1868967E-003   3.1401912E-005   2.2615713E-006   1.3242240E-006
   4.9200001E+000   3.2453907E-003   3.1811835E-005   2.4311043E-006   1.4211367E-006
   4.9599999E+000   3.3099643E-003   3.2538499E-005   2.3768024E-006   1.3218058E-006
   5.0000000E+000   3.3677560E-003   3.6647244E-005   2.3240573E-006   1.4686912E-006
   5.0400001E+000   3.4290705E-003   3.6986959E-005   2.3780541E-006   1.5133020E-006
   5.0800002E+000   3.4905374E-003   3.8553515E-005   2.4912406E-006   1.4922336E-006
   5.1200002E+000   3.5633285E-003   3.9791693E-005   2.4564181E-006   1.4494171E-006
   5.1599997E+000   3.6278827E-003   4.0099935E-005   2.3916946E-006   1.3963248E-006
   5.1999998E+000   3.6861184E-003   4.0623023E-005   2.4280840E-006   1.4147965E-006
   5.2399999E+000   3.7484697E-003   4.0664007E-005   2.3987725E-006   1.4323423E-006
   5.2800000E+000   3.8102887E-003   4.1738807E-005   2.3729389E-006   1.3567166E-006
   5.3200001E+000   3.8738800E-003   4.2831702E-005   2.5251734E-006   1.4872867E-006
   5.3600001E+000   3.9379291E-003   4.4594953E-005   2.4927449E-006   1.5158661E-006
   5.4000002E+000   3.9995528E-003   4.5149044E-005   2.3208635E-006   1.3810838E-006
   5.4400003E+000   4.0612843E-003   4.5424594E-005   2.4302336E-006   1.4424328E-006
   5.4799998E+000   4.1265602E-003   4.7023053E-005   2.3911013E-006   1.3854920E-006
   5.5199999E+000   4.1934106E-003   4.9223303E-005   2.5195594E-006   1.4174995E-006
   5.5599999E+000   4.2594006E-003   4.9374030E-005   2.7966502E-006   1.5679187E-006
   5.6000000E+000   4.3206540E-003   5.0666269E-005   3.1945453E-006   1.7957118E-006
   5.6400001E+000   4.3883007E-003   5.2418360E-005   3.4114125E-006   1.8993280E-006
   5.6800002E+000   4.4550171E-003   5.2035216E-005   3.4915135E-006   1.6963368E-006
   5.7200003E+000   4.5259146E-003   5.1536731E-005   3.6506726E-006   1.7788537E-006
   5.7599998E+000   4.5959963E-003   7.6657177E-005   3.6944965E-006   1.7923315E-006
   5.7999998E+000   4.6636579E-003   5.2842882E-005   3.7525317E-006   1.7928824E-006
   5.8399999E+000   4.7297680E-003   5.4397461E-005   3.8168363E-006   1.8046583E-006
   5.8800000E+000   4.8016592E-003   8.0872585E-005   3.8369216E-006   1.7881576E-006
   5.9200001E+000   4.8737819E-003   8.6157510E-005   3.8880953E-006   1.8176370E-006
   5.9600002E+000   4.9491291E-003   7.9616438E-005   3.8096685E-006   1.7963546E-006
   6.0000002E+000   5.0226736E-003   7.7445454E-005   3.7381722E-006   1.7694789E-006
   6.0399997E+000   5.0956793E-003   7.5129621E-005   0.0000000E+000   0.0000000E+000
   6.0799998E+000   5.1648713E-003   7.8339128E-005   0.0000000E+000   0.0000000E+000
   6.1199999E+000   5.2379506E-003   7.8962707E-005   0.0000000E+000   0.0000000E+000
   6.1600000E+000   5.3195255E-003   7.9648063E-005   0.0000000E+000   0.0000000E+000
   6.2000000E+000   5.3935215E-003   8.1523468E-005   0.0000000E+000   0.0000000E+000
   6.2400001E+000   5.4638104E-003   8.0284169E-005   0.0000000E+000   0.0000000E+000
   6.2800002E+000   5.5349238E-003   8.1818372E-005   0.0000000E+000   0.0000000E+000
   6.3200003E+000   5.6057540E-003   8.4759895E-005   0.0000000E+000   0.0000000E+000
   6.3599998E+000   5.6855460E-003   8.0679061E-005   1.1065923E-009   1.1050923E-009
   6.3999999E+000   5.7715378E-003   8.1722615E-005   3.9745495E-009   3.9691620E-009
   6.4399999E+000   5.8551350E-003   7.9996201E-005   6.3959842E-009   6.3873145E-009
   6.4800000E+000   5.9305222E-003   8.0920710E-005   8.9471504E-009   8.9350226E-009
   6.5200001E+000   6.0073046E-003   7.1745423E-005   7.7385011E-009   7.7280116E-009
   6.5600002E+000   6.0841422E-003   8.6976760E-005   1.6585791E-008   1.6563309E-008
   6.6000003E+000   6.1662361E-003   8.8372014E-005   2.1524471E-008   2.1495295E-008
   6.6399997E+000   6.2518484E-003   8.5703640E-005   2.4060175E-008   2.4027561E-008
   6.6799998E+000   6.3314009E-003   8.4822279E-005   3.1222020E-008   3.1179699E-008
   6.7199999E+000   6.4075879E-003   8.0834611E-005   2.2852345E-008   2.2821369E-008
   6.7600000E+000   6.4923439E-003   7.9743616E-005   3.6808986E-008   3.6730437E-008
   6.8000001E+000   6.5726273E-003   7.7042219E-005   3.8116718E-008   3.5950634E-008
   6.8400002E+000   6.6538745E-003   7.6550722E-005   3.7747263E-008   3.0409438E-008
   6.8800002E+000   6.7429159E-003   7.0453172E-005   6.7822532E-008   5.0795107E-008
   6.9199997E+000   6.8270938E-003   6.9766695E-005   8.0883204E-008   6.1496668E-008
   6.9599998E+000   6.9191942E-003   7.4117950E-005   6.7734128E-008   4.9479629E-008
   6.9999999E+000   7.0111881E-003   8.1982518E-005   5.6752421E-008   4.3454181E-008
   7.0400000E+000   7.0970521E-003   7.9234282E-005   3.5254024E-008   2.7618963E-008
   7.0800000E+000   7.1848721E-003   8.7845904E-005   4.9687077E-008   3.5107463E-008
   7.1200001E+000   7.2786349E-003   9.1209037E-005   6.8888528E-008   4.8476856E-008
   7.1600002E+000   7.3687426E-003   9.1482580E-005   6.2409413E-008   4.2662359E-008
   7.2000003E+000   7.4576801E-003   9.1135018E-005   6.9966866E-008   4.4200897E-008
   7.2399998E+000   7.5485023E-003   8.9582699E-005   8.4430169E-008   5.3496234E-008
   7.2799999E+000   7.6330734E-003   9.5038777E-005   1.0598918E-007   6.7408058E-008
   7.3199999E+000   7.7141475E-003   9.5469955E-005   1.2919145E-007   8.4012752E-008
   7.3600000E+000   7.8029858E-003   1.0465526E-004   1.2310018E-007   8.2775113E-008
   7.4000001E+000   7.8914641E-003   1.0660064E-004   1.5439805E-007   1.0598392E-007
   7.4400002E+000   7.9862514E-003   1.0830732E-004   1.5371757E-007   1.0056581E-007
   7.4800003E+000   8.0787336E-003   1.0567068E-004   1.4795342E-007   1.1104454E-007
   7.5199997E+000   8.1673042E-003   1.0818971E-004   1.9613690E-007   1.3630451E-007
   7.5599998E+000   8.2604218E-003   1.0935246E-004   2.1978031E-007   1.5785247E-007
   7.5999999E+000   8.3613626E-003   1.0358756E-004   2.4267121E-007   1.5414099E-007
   7.6400000E+000   8.4714260E-003   9.7199567E-005   2.4794784E-007   1.6888220E-007
   7.6800001E+000   8.5704033E-003   1.0063945E-004   2.3568572E-007   1.5628309E-007
   7.7200001E+000   8.6717411E-003   1.0526241E-004   2.0410460E-007   1.1971743E-007
   7.7600002E+000   8.7637423E-003   1.1309741E-004   2.0058236E-007   1.1586678E-007
   7.7999997E+000   8.8609634E-003   1.1275709E-004   1.8148173E-007   1.1753548E-007
   7.8399998E+000   8.9635649E-003   1.1407577E-004   1.5776217E-007   9.9068310E-008
   7.8799999E+000   9.0638421E-003   1.1651366E-004   1.8741093E-007   1.1250821E-007
   7.9200000E+000   9.1684283E-003   1.1908758E-004   2.3646949E-007   1.2925589E-007
   7.9600000E+000   9.2654426E-003   1.2249278E-004   2.6775908E-007   1.2867110E-007
   8.0000001E+000   9.3643586E-003   1.2318190E-004   3.3940070E-007   1.6467507E-007
   8.0400002E+000   9.4668904E-003   1.2041263E-004   3.7079684E-007   1.8386777E-007
   8.0800003E+000   9.5737270E-003   1.1696209E-004   3.5891687E-007   1.8332997E-007
   8.1199998E+000   9.6853259E-003   1.1401571E-004   3.5388070E-007   1.8574461E-007
   8.1599998E+000   9.7848933E-003   1.1460557E-004   3.2420815E-007   1.6843222E-007
   8.1999999E+000   9.8897092E-003   1.1736993E-004   3.0713654E-007   1.6197027E-007
   8.2400000E+000   9.9950907E-003   1.1857921E-004   3.1106919E-007   1.6322433E-007
   8.2800001E+000   1.0103245E-002   1.2428819E-004   3.1404642E-007   1.5834883E-007
   8.3200002E+000   1.0214137E-002   1.2285351E-004   3.2330995E-007   1.6330953E-007
   8.3600003E+000   1.0325312E-002   1.2501644E-004   3.4952147E-007   1.7525958E-007
   8.3999997E+000   1.0435664E-002   1.2737437E-004   3.5048401E-007   1.7273641E-007
   8.4399998E+000   1.0549246E-002   1.2990795E-004   3.5886001E-007   1.7814587E-007
   8.4799999E+000   1.0662634E-002   1.3187200E-004   4.1838040E-007   2.0630965E-007
   8.5200000E+000   1.0775666E-002   1.3268640E-004   4.3277289E-007   2.0674238E-007
   8.5600001E+000   1.0885774E-002   1.2986063E-004   4.9253730E-007   2.4185339E-007
   8.6000001E+000   1.0999274E-002   1.3167892E-004   5.4065736E-007   2.5709183E-007
   8.6400002E+000   1.1108570E-002   1.2853491E-004   5.9442258E-007   2.8008619E-007
   8.6799997E+000   1.1227603E-002   1.3096457E-004   5.4876673E-007   2.5997116E-007
   8.7199998E+000   1.1337590E-002   1.3317503E-004   5.4786232E-007   2.7079954E-007
   8.7599999E+000   1.1449777E-002   1.3967020E-004   4.9856158E-007   2.4418698E-007
   8.8000000E+000   1.1566030E-002   1.4370705E-004   4.9664377E-007   2.4353619E-007
   8.8400000E+000   1.1683733E-002   1.3763819E-004   4.5436673E-007   2.2984597E-007
   8.8800001E+000   1.1795909E-002   1.4184471E-004   4.5577190E-007   2.3969396E-007
   8.9200002E+000   1.1904713E-002   1.4561824E-004   4.6026581E-007   2.4971223E-007
   8.9600003E+000   1.2015215E-002   1.5099823E-004   4.1914922E-007   2.2630221E-007
   8.9999998E+000   1.2128221E-002   1.5558969E-004   4.6403513E-007   2.5989627E-007
   9.0399998E+000   1.2248895E-002   1.6188856E-004   4.5212431E-007   2.4830700E-007
   9.0799999E+000   1.2363238E-002   1.6433928E-004   4.1260387E-007   2.2324720E-007
   9.1200000E+000   1.2479836E-002   1.6355382E-004   4.1388761E-007   2.2526936E-007
   9.1600001E+000   1.2595437E-002   1.6276895E-004   4.2004019E-007   2.3816843E-007
   9.2000002E+000   1.2708940E-002   1.6226509E-004   4.4873004E-007   2.6482839E-007
   9.2400002E+000   1.2818242E-002   1.6728256E-004   4.9330944E-007   2.8310572E-007
   9.2799997E+000   1.2932938E-002   1.7282690E-004   5.0073982E-007   2.8162533E-007
   9.3199998E+000   1.3053282E-002   1.7150468E-004   4.8339264E-007   2.6779583E-007
   9.3599999E+000   1.3175123E-002   1.7159743E-004   5.1010769E-007   3.1042530E-007
   9.4000000E+000   1.3298348E-002   1.7885406E-004   5.1005372E-007   3.1607822E-007
   9.4400001E+000   1.3416482E-002   1.9592842E-004   5.3967154E-007   3.2431925E-007
   9.4800001E+000   1.3537535E-002   2.0013148E-004   5.7898795E-007   2.7405504E-007
   9.5200002E+000   1.3647259E-002   1.9721487E-004   6.0881656E-007   2.8081253E-007
   9.5599997E+000   1.3757689E-002   1.9646287E-004   6.0126565E-007   2.6795365E-007
   9.5999998E+000   1.3884199E-002   1.9748680E-004   5.7861834E-007   2.6002537E-007
   9.6399999E+000   1.4013112E-002   2.0210433E-004   5.6873175E-007   2.5986024E-007
   9.6799999E+000   1.4133418E-002   2.0373296E-004   4.8219716E-007   2.2034992E-007
   9.7200000E+000   1.4262042E-002   2.0253775E-004   3.9494993E-007   2.0806472E-007
   9.7600001E+000   1.4395895E-002   2.0415534E-004   3.8316289E-007   2.0755812E-007
   9.8000002E+000   1.4522798E-002   2.1726584E-004   4.3224791E-007   2.3105638E-007
   9.8400003E+000   1.4652228E-002   2.0829187E-004   4.1515817E-007   2.2102064E-007
   9.8799998E+000   1.4781461E-002   2.0715687E-004   3.5828831E-007   1.6800534E-007
   9.9199998E+000   1.4900355E-002   2.0977648E-004   3.3020984E-007   1.5220282E-007
   9.9599999E+000   1.5023582E-002   2.1024480E-004   3.0629247E-007   1.4543645E-007
   1.0000000E+001   1.5144512E-002   2.0917404E-004   3.0700983E-007   1.4276404E-007
   1.0039999E+001   1.5272653E-002   2.1001335E-004   2.9921664E-007   1.3446743E-007
   1.0080000E+001   1.5403534E-002   2.0447668E-004   3.0859986E-007   1.3429156E-007
   1.0120000E+001   1.5543640E-002   2.0358421E-004   3.0699709E-007   1.3363278E-007
   1.0160000E+001   1.5688796E-002   1.9985462E-004   3.3366186E-007   1.4473592E-007
   1.0200000E+001   1.5827181E-002   1.9899283E-004   3.1136431E-007   1.4425631E-007
   1.0240000E+001   1.5959481E-002   2.0608116E-004   2.6335213E-007   1.2369966E-007
   1.0280000E+001   1.6078452E-002   2.0626077E-004   2.4133049E-007   1.1873803E-007
   1.0319999E+001   1.6213045E-002   2.0490462E-004   1.9254074E-007   1.0174800E-007
   1.0360000E+001   1.6346556E-002   2.0761396E-004   1.5546151E-007   9.6326681E-008
   1.0400000E+001   1.6493740E-002   1.8680373E-004   1.7789428E-007   1.1652686E-007
   1.0440000E+001   1.6627583E-002   1.8851343E-004   1.6826848E-007   1.0876075E-007
   1.0480000E+001   1.6765117E-002   1.8464354E-004   1.4525324E-007   8.6032003E-008
   1.0520000E+001   1.6902049E-002   1.8601194E-004   1.2939990E-007   6.9289868E-008
   1.0560000E+001   1.7039087E-002   1.8839903E-004   1.3126283E-007   7.2009537E-008
   1.0599999E+001   1.7172989E-002   1.9186764E-004   1.0909013E-007   6.6886597E-008
   1.0640000E+001   1.7304513E-002   1.9501534E-004   1.0434204E-007   6.7072656E-008
   1.0680000E+001   1.7436367E-002   1.9216423E-004   9.4060076E-008   5.5356999E-008
   1.0720000E+001   1.7570362E-002   1.9019070E-004   8.1576378E-008   5.4492561E-008
   1.0760000E+001   1.7696597E-002   1.9267217E-004   5.4464038E-008   3.1627005E-008
   1.0800000E+001   1.7823587E-002   1.8890527E-004   2.6323164E-008   1.3730747E-008
   1.0840000E+001   1.7948763E-002   1.5946423E-004   3.2391961E-008   1.7830362E-008
   1.0880001E+001   1.8083348E-002   1.6172237E-004   2.9211142E-008   1.6062553E-008
   1.0920000E+001   1.8221446E-002   1.7700842E-004   2.3302163E-008   1.1205003E-008
   1.0960000E+001   1.8364273E-002   1.8077421E-004   1.6673375E-008   7.2328936E-009
   1.1000000E+001   1.8506357E-002   1.8259353E-004   3.5053001E-009   1.6649939E-009
   1.1040000E+001   1.8635869E-002   1.8061207E-004   2.5100435E-002   1.9187561E-004
   1.1080000E+001   1.8765496E-002   1.7245517E-004   2.6723950E-002   2.4494006E-004
   1.1120000E+001   1.8906543E-002   1.7608554E-004   2.6919026E-002   2.5715787E-004
   1.1160001E+001   1.9058713E-002   1.8239415E-004   2.7101970E-002   2.6212212E-004
   1.1200000E+001   1.9199864E-002   1.8626517E-004   2.7307885E-002   2.7001449E-004
   1.1240000E+001   1.9344229E-002   1.8470358E-004   2.7501547E-002   2.8326385E-004
   1.1280000E+001   1.9505851E-002   1.8453590E-004   2.7704637E-002   2.9010981E-004
   1.1320000E+001   1.9646731E-002   1.8850936E-004   2.7907370E-002   3.0176030E-004
   1.1360000E+001   1.9780032E-002   1.8928163E-004   2.8103284E-002   3.0477281E-004
   1.1400000E+001   1.9924096E-002   1.9381084E-004   2.8293917E-002   3.4390192E-004
   1.1440001E+001   2.0049078E-002   1.9969268E-004   2.8484150E-002   3.1380596E-004
   1.1480000E+001   2.0184646E-002   2.0099270E-004   2.8693865E-002   2.9835521E-004
   1.1520000E+001   2.0332121E-002   1.7239451E-004   2.8885346E-002   3.1438688E-004
   1.1560000E+001   2.0476409E-002   1.6990619E-004   2.9076870E-002   3.4342328E-004
   1.1600000E+001   2.0624365E-002   1.6502260E-004   2.9283056E-002   3.4987256E-004
   1.1640000E+001   2.0774206E-002   1.6222977E-004   2.9489045E-002   3.4674769E-004
   1.1680000E+001   2.0929768E-002   1.6198763E-004   2.9689039E-002   3.4674983E-004
   1.1720001E+001   2.1069934E-002   1.5813953E-004   2.9907153E-002   3.4116436E-004
   1.1760000E+001   2.1212628E-002   1.5285931E-004   3.0112160E-002   3.1182382E-004
   1.1799999E+001   2.1374354E-002   1.5275531E-004   3.0307413E-002   3.4041954E-004
   1.1840000E+001   2.1519613E-002   1.5876355E-004   3.0507037E-002   3.5246128E-004
   1.1880000E+001   2.1663192E-002   1.6276791E-004   3.0740144E-002   3.5327713E-004
   1.1920000E+001   2.1821900E-002   1.5970117E-004   3.0964010E-002   3.4949415E-004
   1.1960000E+001   2.1971333E-002   1.5915588E-004   3.1181224E-002   3.5046630E-004
   1.2000000E+001   2.2133923E-002   1.7157724E-004   3.1391034E-002   3.5250544E-004
   1.2040000E+001   2.2290875E-002   1.7264463E-004   3.1611086E-002   3.2095745E-004
   1.2079999E+001   2.2452320E-002   1.9114558E-004   3.1813712E-002   3.1896381E-004
   1.2120000E+001   2.2601855E-002   1.9387384E-004   3.2021712E-002   3.1840126E-004
   1.2160000E+001   2.2757047E-002   1.8617033E-004   3.2234196E-002   3.1321626E-004
   1.2200000E+001   2.2908511E-002   1.7935321E-004   3.2448645E-002   3.1240297E-004
   1.2240000E+001   2.3072041E-002   1.9276037E-004   3.2683881E-002   3.0205700E-004
   1.2280000E+001   2.3234860E-002   1.9644507E-004   3.2906996E-002   2.9863799E-004
   1.2320000E+001   2.3395157E-002   2.2130170E-004   3.3096631E-002   2.9592505E-004
   1.2359999E+001   2.3550914E-002   2.1238012E-004   3.3296075E-002   2.9332875E-004
   1.2400000E+001   2.3706953E-002   2.1986668E-004   3.3536107E-002   2.9090771E-004
   1.2440000E+001   2.3870843E-002   2.2018317E-004   3.3772280E-002   2.9834995E-004
   1.2480000E+001   2.4038866E-002   2.1715997E-004   3.4002491E-002   2.9940428E-004
   1.2520000E+001   2.4202244E-002   2.1378297E-004   3.4217657E-002   3.0039374E-004
   1.2560000E+001   2.4367344E-002   2.1283782E-004   3.4423826E-002   3.0837704E-004
   1.2600000E+001   2.4525360E-002   2.1207675E-004   3.4640452E-002   3.0033290E-004
   1.2640001E+001   2.4695082E-002   2.1651907E-004   3.4856566E-002   3.0269990E-004
   1.2680000E+001   2.4855079E-002   2.1830515E-004   3.5073193E-002   3.0756954E-004
   1.2720000E+001   2.5001909E-002   1.9039898E-004   3.5298682E-002   3.1701710E-004
   1.2760000E+001   2.5149124E-002   2.2081890E-004   3.5535864E-002   3.4144053E-004
   1.2800000E+001   2.5307828E-002   2.0328502E-004   3.5765532E-002   3.3900890E-004
   1.2840000E+001   2.5474822E-002   2.1087335E-004   3.5998972E-002   3.3593677E-004
   1.2880000E+001   2.5638733E-002   2.1161532E-004   3.6238311E-002   3.4954706E-004
   1.2920001E+001   2.5807785E-002   2.2177000E-004   3.6454918E-002   3.5528087E-004
   1.2960000E+001   2.5971209E-002   2.2556258E-004   3.6660499E-002   3.5079290E-004
   1.3000000E+001   2.6128414E-002   2.0323381E-004   3.6898619E-002   3.5506689E-004
   1.3040000E+001   2.6282500E-002   2.0625517E-004   3.7126732E-002   3.5709865E-004
   1.3080000E+001   2.6428879E-002   2.0894385E-004   3.7348556E-002   3.4335992E-004
   1.3120000E+001   2.6590901E-002   2.0991298E-004   3.7578917E-002   3.5357253E-004
   1.3160000E+001   2.6755905E-002   2.0529647E-004   3.7816360E-002   3.5410182E-004
   1.3200001E+001   2.6922706E-002   2.0398531E-004   3.8051967E-002   3.5168598E-004
   1.3240000E+001   2.7102369E-002   2.0311767E-004   3.8285549E-002   3.5633167E-004
   1.3279999E+001   2.7270357E-002   1.9837589E-004   3.8525074E-002   3.6039616E-004
   1.3320000E+001   2.7434093E-002   1.9413910E-004   3.8752978E-002   3.6211478E-004
   1.3360000E+001   2.7601547E-002   1.9208504E-004   3.8987992E-002   3.7490363E-004
   1.3400000E+001   2.7778824E-002   1.9443772E-004   3.9220017E-002   3.8316465E-004
   1.3440000E+001   2.7958351E-002   2.0141818E-004   3.9447533E-002   3.8243244E-004
   1.3480000E+001   2.8130202E-002   2.1575641E-004   3.9677584E-002   3.8815483E-004
   1.3520000E+001   2.8291755E-002   2.1595851E-004   3.9906743E-002   4.0161925E-004
   1.3559999E+001   2.8436738E-002   2.1804902E-004   4.0138462E-002   4.0420325E-004
   1.3600000E+001   2.8605728E-002   2.3001500E-004   4.0366511E-002   4.0723716E-004
   1.3640000E+001   2.8784459E-002   2.3768808E-004   4.0590686E-002   4.1179811E-004
   1.3680000E+001   2.8961458E-002   2.4257902E-004   4.0807647E-002   4.0686740E-004
   1.3720000E+001   2.9141350E-002   2.5083658E-004   4.1040650E-002   4.0140522E-004
   1.3760000E+001   2.9313146E-002   2.4868211E-004   4.1282839E-002   4.0494888E-004
   1.3800000E+001   2.9488837E-002   2.4420809E-004   4.1541807E-002   4.0905067E-004
   1.3839999E+001   2.9682011E-002   2.6400584E-004   4.1780366E-002   4.2667904E-004
   1.3880000E+001   2.9861634E-002   2.5896356E-004   4.2029922E-002   4.2090878E-004
   1.3920000E+001   3.0030026E-002   2.6297515E-004   4.2283329E-002   4.1575845E-004
   1.3960000E+001   3.0203611E-002   2.5363473E-004   4.2532863E-002   4.0341106E-004
   1.4000000E+001   3.0383482E-002   2.4925072E-004   4.2790205E-002   4.0478764E-004
   1.4040000E+001   3.0563978E-002   2.6825303E-004   4.3030408E-002   4.0510311E-004
   1.4080000E+001   3.0733503E-002   2.3386016E-004   4.3262107E-002   4.1005870E-004
   1.4119999E+001   3.0901480E-002   2.2083373E-004   4.3509683E-002   3.9302668E-004
   1.4160000E+001   3.1075998E-002   2.4301353E-004   4.3778063E-002   3.8096638E-004
   1.4200000E+001   3.1232514E-002   2.4841631E-004   4.4044635E-002   3.8684334E-004
   1.4240000E+001   3.1412541E-002   2.5463597E-004   4.4284925E-002   3.8141866E-004
   1.4280000E+001   3.1604831E-002   2.6009350E-004   4.4528530E-002   3.7721463E-004
   1.4320000E+001   3.1800948E-002   2.5831476E-004   4.4775795E-002   3.6860942E-004
   1.4360000E+001   3.1977731E-002   2.6084673E-004   4.5062838E-002   3.7285024E-004
   1.4400001E+001   3.2149564E-002   2.7888666E-004   4.5327058E-002   3.7623187E-004
   1.4440000E+001   3.2328012E-002   2.8493845E-004   4.5568419E-002   3.5966294E-004
   1.4480000E+001   3.2513618E-002   2.9203373E-004   4.5829287E-002   3.5744098E-004
   1.4520000E+001   3.2708683E-002   2.7827442E-004   4.6090565E-002   3.5380885E-004
   1.4560000E+001   3.2888222E-002   2.9631328E-004   4.6345509E-002   3.6060739E-004
   1.4600000E+001   3.3076676E-002   2.8595149E-004   4.6601839E-002   3.6500796E-004
   1.4640000E+001   3.3266626E-002   2.9357076E-004   4.6855331E-002   3.5504898E-004
   1.4680001E+001   3.3435398E-002   2.8976173E-004   4.7119100E-002   3.4928756E-004
   1.4720000E+001   3.3608431E-002   2.9807126E-004   4.7387527E-002   3.4620677E-004
   1.4760000E+001   3.3781726E-002   2.9847624E-004   4.7642652E-002   3.4705921E-004
   1.4800000E+001   3.3948051E-002   3.0250393E-004   4.7892237E-002   3.3650311E-004
   1.4840000E+001   3.4117549E-002   3.0626769E-004   4.8169287E-002   3.3474443E-004
   1.4880000E+001   3.4340538E-002   3.1693449E-004   4.8439619E-002   3.2404943E-004
   1.4920000E+001   3.4537491E-002   3.1977002E-004   4.8694384E-002   3.3076472E-004
   1.4960001E+001   3.4742120E-002   3.1336916E-004   4.8971086E-002   3.5342083E-004
   1.5000000E+001   3.4941740E-002   3.1551175E-004   4.9243279E-002   3.5354111E-004
   1.5039999E+001   3.5124245E-002   3.0503543E-004   4.9515174E-002   3.4861888E-004
   1.5080000E+001   3.5308141E-002   3.2589449E-004   4.9768644E-002   3.6303366E-004
   1.5120000E+001   3.5510256E-002   3.3325336E-004   5.0030286E-002   3.5467212E-004
   1.5160000E+001   3.5692611E-002   3.2993425E-004   5.0298935E-002   3.5380738E-004
   1.5200000E+001   3.5874033E-002   3.2487491E-004   5.0560063E-002   3.5577214E-004
   1.5240000E+001   3.6066646E-002   3.2592571E-004   5.0824798E-002   3.5915578E-004
   1.5280000E+001   3.6261728E-002   3.2765805E-004   5.1080945E-002   3.6220844E-004
   1.5319999E+001   3.6452324E-002   3.1599326E-004   5.1358248E-002   3.7420157E-004
   1.5360000E+001   3.6643508E-002   3.2947095E-004   5.1615425E-002   3.8835421E-004
   1.5400000E+001   3.6855268E-002   3.4184037E-004   5.1884509E-002   3.9493247E-004
   1.5440000E+001   3.7060755E-002   3.3781187E-004   5.2171468E-002   3.9767605E-004
   1.5480000E+001   3.7263443E-002   3.4060143E-004   5.2451955E-002   4.0144782E-004
   1.5520000E+001   3.7462630E-002   3.3853961E-004   5.2703447E-002   4.0609042E-004
   1.5560000E+001   3.7666938E-002   3.3141144E-004   5.2966939E-002   3.8977704E-004
   1.5599999E+001   3.7872690E-002   3.4055676E-004   5.3228038E-002   3.8969925E-004
   1.5640000E+001   3.8068221E-002   3.5169584E-004   5.3496600E-002   3.9854976E-004
   1.5680000E+001   3.8265631E-002   3.5887430E-004   5.3770366E-002   4.1527103E-004
   1.5720000E+001   3.8465881E-002   3.5193324E-004   5.4063305E-002   4.3251468E-004
   1.5760000E+001   3.8659708E-002   3.4396521E-004   5.4353165E-002   4.4027920E-004
   1.5800000E+001   3.8864464E-002   3.2127766E-004   5.4637547E-002   4.3572034E-004
   1.5840000E+001   3.9072491E-002   3.2856370E-004   5.4917656E-002   4.3823910E-004
   1.5880001E+001   3.9277733E-002   3.2351222E-004   5.5194997E-002   4.2295255E-004
   1.5920000E+001   3.9486938E-002   3.2678448E-004   5.5478814E-002   4.2853676E-004
   1.5960000E+001   3.9662189E-002   3.1800821E-004   5.5747010E-002   4.3221491E-004
   1.6000000E+001   3.9844594E-002   3.2341301E-004   5.6026126E-002   4.3763754E-004
   1.6040000E+001   4.0042184E-002   3.3228138E-004   5.6318897E-002   4.4268992E-004
   1.6080000E+001   4.0242793E-002   3.3197460E-004   5.6591214E-002   4.4757626E-004
   1.6120000E+001   4.0442771E-002   3.2980882E-004   5.6877387E-002   4.4507306E-004
   1.6160001E+001   4.0644685E-002   3.3304950E-004   5.7161652E-002   4.5016507E-004
   1.6200000E+001   4.0858666E-002   3.4369760E-004   5.7419947E-002   4.4722617E-004
   1.6240000E+001   4.1071321E-002   3.4172214E-004   5.7709359E-002   4.6407935E-004
   1.6280000E+001   4.1287441E-002   3.4552481E-004   5.7990118E-002   4.7207025E-004
   1.6320000E+001   4.1479249E-002   3.3082635E-004   5.8274266E-002   4.7826565E-004
   1.6360000E+001   4.1693669E-002   3.3488334E-004   5.8564446E-002   4.6793056E-004
   1.6400000E+001   4.1911291E-002   3.5537685E-004   5.8870429E-002   4.6108561E-004
   1.6440001E+001   4.2132138E-002   3.5146120E-004   5.9175034E-002   4.4769629E-004
   1.6480000E+001   4.2342663E-002   3.5875355E-004   5.9472946E-002   4.4099869E-004
   1.6520000E+001   4.2566009E-002   3.4978253E-004   5.9772834E-002   4.3503611E-004
   1.6560000E+001   4.2793232E-002   3.5340858E-004   6.0040749E-002   4.3965672E-004
   1.6600000E+001   4.2992699E-002   3.5939183E-004   6.0339115E-002   4.3955646E-004
   1.6640000E+001   4.3217884E-002   3.6796651E-004   6.0642138E-002   4.3811388E-004
   1.6680000E+001   4.3448243E-002   3.7355359E-004   6.0949701E-002   4.3437687E-004
   1.6720001E+001   4.3679993E-002   3.8778012E-004   6.1260991E-002   4.2739548E-004
   1.6760000E+001   4.3888314E-002   3.8493572E-004   6.1559259E-002   4.2974988E-004
   1.6799999E+001   4.4106166E-002   3.9125054E-004   6.1850687E-002   4.3855823E-004
   1.6840000E+001   4.4311477E-002   3.8826978E-004   6.2145824E-002   4.4868502E-004
   1.6880000E+001   4.4529557E-002   4.0718860E-004   6.2449151E-002   4.6253611E-004
   1.6920000E+001   4.4742858E-002   4.0901315E-004   6.2752839E-002   4.6501390E-004
   1.6960000E+001   4.4951994E-002   4.1189688E-004   6.3060886E-002   4.7736511E-004
   1.7000000E+001   4.5145920E-002   4.0880519E-004   6.3336835E-002   4.7316588E-004
   1.7040000E+001   4.5366692E-002   4.1538000E-004   6.3623468E-002   4.7118644E-004
   1.7079999E+001   4.5599146E-002   4.0095475E-004   6.3916408E-002   4.7415817E-004
   1.7120000E+001   4.5799928E-002   4.2685307E-004   6.4241398E-002   4.8504327E-004
   1.7160000E+001   4.5990313E-002   4.3072256E-004   6.4552341E-002   4.8469872E-004
   1.7200000E+001   4.6191787E-002   4.4432722E-004   6.4836537E-002   4.8128433E-004
   1.7240000E+001   4.6406684E-002   4.4589045E-004   6.5146164E-002   4.6674591E-004
   1.7280000E+001   4.6613215E-002   4.4651760E-004   6.5445148E-002   4.5061090E-004
   1.7320000E+001   4.6819999E-002   4.5228257E-004   6.5743354E-002   4.4411976E-004
   1.7359999E+001   4.7052925E-002   4.5268748E-004   6.6049916E-002   4.2977245E-004
   1.7400000E+001   4.7263232E-002   4.4757574E-004   6.6344325E-002   4.4095632E-004
   1.7440000E+001   4.7485313E-002   4.5190956E-004   6.6631760E-002   4.4610332E-004
   1.7480000E+001   4.7699527E-002   4.4517804E-004   6.6916480E-002   4.5279624E-004
   1.7520000E+001   4.7917789E-002   4.3251058E-004   6.7208452E-002   4.6516185E-004
   1.7560000E+001   4.8134843E-002   4.3431846E-004   6.7514302E-002   4.6952638E-004
   1.7600000E+001   4.8333687E-002   4.3661744E-004   6.7816031E-002   4.7547876E-004
   1.7640001E+001   4.8570023E-002   4.4718284E-004   6.8157670E-002   4.6402676E-004
   1.7680000E+001   4.8802022E-002   4.5693392E-004   6.8482695E-002   4.7570286E-004
   1.7720000E+001   4.9020347E-002   4.6898358E-004   6.8802480E-002   4.9880708E-004
   1.7760000E+001   4.9244965E-002   4.7076258E-004   6.9104717E-002   5.0672305E-004
   1.7800000E+001   4.9469845E-002   4.7493310E-004   6.9432387E-002   5.1749864E-004
   1.7840000E+001   4.9694894E-002   4.7326631E-004   6.9747482E-002   5.2894262E-004
   1.7880000E+001   4.9927142E-002   4.8804449E-004   7.0057686E-002   5.1943832E-004
   1.7920001E+001   5.0176144E-002   4.8520474E-004   7.0382734E-002   5.3157142E-004
   1.7960000E+001   5.0418496E-002   4.9461384E-004   7.0699686E-002   5.2391699E-004
   1.8000000E+001   5.0687942E-002   5.0351158E-004   7.1048491E-002   5.1180274E-004
   1.8040000E+001   5.0914728E-002   5.1653919E-004   7.1401182E-002   5.2250287E-004
   1.8080000E+001   5.1145735E-002   5.1767358E-004   7.1718256E-002   5.3478965E-004
   1.8120000E+001   5.1359789E-002   5.1910218E-004   7.2023464E-002   5.4087656E-004
   1.8160000E+001   5.1586043E-002   5.0765944E-004   7.2357004E-002   5.6442022E-004
   1.8200001E+001   5.1809680E-002   5.0425233E-004   7.2669961E-002   5.7297257E-004
   1.8240000E+001   5.2044393E-002   5.0391227E-004   7.2978202E-002   5.6934854E-004
   1.8279999E+001   5.2283551E-002   5.0994085E-004   7.3301150E-002   5.5883189E-004
   1.8320000E+001   5.2524686E-002   5.0193667E-004   7.3627487E-002   5.6810126E-004
   1.8360000E+001   5.2752851E-002   5.0575958E-004   7.3965755E-002   5.8336037E-004
   1.8400000E+001   5.2984256E-002   5.1493317E-004   7.4311902E-002   5.8693169E-004
   1.8440000E+001   5.3223730E-002   5.1273299E-004   7.4641848E-002   5.8057248E-004
   1.8480000E+001   5.3450544E-002   5.1492773E-004   7.4984714E-002   5.8269282E-004
   1.8520000E+001   5.3680153E-002   5.1162351E-004   7.5301007E-002   5.7679283E-004
   1.8559999E+001   5.3916653E-002   5.0161229E-004   7.5621066E-002   5.7608141E-004
   1.8600000E+001   5.4144408E-002   4.9739109E-004   7.5972838E-002   5.6888892E-004
   1.8640000E+001   5.4374731E-002   4.9087218E-004   7.6297782E-002   5.7677274E-004
   1.8680000E+001   5.4593769E-002   4.9950852E-004   7.6622354E-002   5.9094457E-004
   1.8720000E+001   5.4859029E-002   4.9894230E-004   7.6950544E-002   5.9882151E-004
   1.8760000E+001   5.5117334E-002   4.9332596E-004   7.7276737E-002   6.1700903E-004
   1.8800000E+001   5.5370226E-002   5.0205983E-004   7.7607643E-002   6.2202090E-004
   1.8839999E+001   5.5608336E-002   5.0837275E-004   7.7954520E-002   6.2801449E-004
   1.8880000E+001   5.5861263E-002   5.0269655E-004   7.8284172E-002   6.2926598E-004
   1.8920000E+001   5.6107453E-002   4.9744264E-004   7.8619492E-002   6.3886102E-004
   1.8960000E+001   5.6347720E-002   5.0524427E-004   7.8942136E-002   6.4622163E-004
   1.9000000E+001   5.6611829E-002   5.1599460E-004   7.9270620E-002   6.3717015E-004
   1.9040000E+001   5.6867945E-002   5.4010661E-004   7.9609364E-002   6.3600572E-004
   1.9080000E+001   5.7110123E-002   5.6890145E-004   7.9947822E-002   6.2055378E-004
   1.9119999E+001   5.7360139E-002   5.6824679E-004   8.0280461E-002   6.2784315E-004
   1.9160000E+001   5.7614245E-002   5.8048056E-004   8.0614806E-002   6.3223960E-004
   1.9200000E+001   5.7881597E-002   5.7405143E-004   8.0940708E-002   6.3857614E-004
   1.9240000E+001   5.8154299E-002   5.7446544E-004   8.1274315E-002   6.0263232E-004
   1.9280000E+001   5.8396084E-002   5.6777437E-004   8.1640897E-002   6.0055538E-004
   1.9320000E+001   5.8648909E-002   5.7970328E-004   8.1999307E-002   6.3047308E-004
   1.9360000E+001   5.8895233E-002   5.8352548E-004   8.2337275E-002   6.0641629E-004
   1.9400001E+001   5.9163417E-002   5.9899128E-004   8.2665452E-002   6.0956356E-004
   1.9440000E+001   5.9423466E-002   5.9720829E-004   8.2996053E-002   6.1462549E-004
   1.9480000E+001   5.9643545E-002   5.9794732E-004   8.3359265E-002   6.1640870E-004
   1.9520000E+001   5.9923197E-002   6.0337755E-004   8.3726005E-002   6.2244094E-004
   1.9560000E+001   6.0188511E-002   6.0912087E-004   8.4081451E-002   6.1995410E-004
   1.9600000E+001   6.0459591E-002   6.2368239E-004   8.4456491E-002   6.2137512E-004
   1.9640000E+001   6.0709158E-002   6.2137625E-004   8.4838634E-002   6.2633291E-004
   1.9680001E+001   6.0971554E-002   6.2438809E-004   8.5206410E-002   6.3057637E-004
   1.9720000E+001   6.1247950E-002   6.2993871E-004   8.5562973E-002   6.1228586E-004
   1.9760000E+001   6.1524302E-002   6.3620033E-004   8.5916692E-002   6.1684442E-004
   1.9800000E+001   6.1779226E-002   6.2350815E-004   8.6283140E-002   6.2156920E-004
   1.9840000E+001   6.2019601E-002   6.0651621E-004   8.6662326E-002   6.3622550E-004
   1.9880000E+001   6.2248910E-002   6.1030215E-004   8.7007304E-002   6.4840065E-004
   1.9920000E+001   6.2498480E-002   6.0651589E-004   8.7348631E-002   6.6637983E-004
   1.9960001E+001   6.2777367E-002   6.0697037E-004   8.7701129E-002   6.7934100E-004
   2.0000000E+001   6.3040848E-002   6.1561699E-004   8.8035815E-002   6.9077993E-004
