         0.0800         0.0000         0.0000         0.0000         0.0000         0.0000
         0.1200         0.0000         0.0000         0.0000         0.0000         0.0000
         0.1600         0.0000         0.0000         0.0000         0.0000         0.0000
         0.2000         0.0000         0.0000         0.0000         0.0000         0.0000
         0.2400         0.0000         0.0000         0.0000         0.0000         0.0000
         0.2800         0.0000         0.0000         0.0000         0.0000         0.0000
         0.3200         0.0000         0.0000         0.0000         0.0000         0.0000
         0.3600         0.0000         0.0000         0.0000         0.0000         0.0000
         0.4000         0.0000         0.0000         0.0000         0.0000         0.0000
         0.4400         0.0000         0.0000         0.0000         0.0000         0.0000
         0.4800         0.0000         0.0000         0.0000         0.0000         0.0000
         0.5200         0.0000         0.0000         0.0000         0.0000         0.0000
         0.5600         0.0000         0.0000         0.0000         0.0000         0.0000
         0.6000         0.0000         0.0000         0.0000         0.0000         0.0000
         0.6400         0.0000         0.0000         0.0000         0.0000         0.0000
         0.6800         0.0000         0.0000         0.0000         0.0000         0.0000
         0.7200         0.0000         0.0000         0.0000         0.0000         0.0000
         0.7600         0.0000         0.0000         0.0000         0.0000         0.0000
         0.8000         0.0000         0.0000         0.0000         0.0000         0.0000
         0.8400         0.0000         0.0000         0.0000         0.0000         0.0000
         0.8800         0.0000         0.0000         0.0000         0.0000         0.0000
         0.9200         0.0000         0.0000         0.0000         0.0000         0.0000
         0.9600         0.0002         0.0000         0.0001         0.0000         0.0000
         1.0000         0.0012         0.0001         0.0007         0.0001         0.0000
         1.0400         0.0035         0.0004         0.0020         0.0004         0.0000
         1.0800         0.0075         0.0008         0.0039         0.0007         0.0000
         1.1200         0.0114         0.0011         0.0059         0.0009         0.0000
         1.1600         0.0152         0.0014         0.0082         0.0013         0.0000
         1.2000         0.0194         0.0019         0.0101         0.0016         0.0000
         1.2400         0.0226         0.0025         0.0115         0.0016         0.0000
         1.2800         0.0266         0.0025         0.0145         0.0021         0.0000
         1.3200         0.0315         0.0028         0.0154         0.0024         0.0000
         1.3600         0.0355         0.0031         0.0171         0.0026         0.0000
         1.4000         0.0419         0.0035         0.0204         0.0027         0.0000
         1.4400         0.0446         0.0038         0.0219         0.0027         0.0000
         1.4800         0.0491         0.0044         0.0246         0.0030         0.0000
         1.5200         0.0537         0.0051         0.0292         0.0035         0.0000
         1.5600         0.0627         0.0066         0.0323         0.0040         0.0000
         1.6000         0.0693         0.0070         0.0349         0.0040         0.0000
         1.6400         0.0749         0.0072         0.0403         0.0046         0.0000
         1.6800         0.0800         0.0073         0.0452         0.0050         0.0000
         1.7200         0.0850         0.0078         0.0522         0.0062         0.0000
         1.7600         0.0917         0.0081         0.0587         0.0077         0.0000
         1.8000         0.1003         0.0078         0.0662         0.0083         0.0000
         1.8400         0.1102         0.0079         0.0707         0.0092         0.0000
         1.8800         0.1187         0.0086         0.0754         0.0095         0.0000
         1.9200         0.1258         0.0083         0.0814         0.0096         0.0000
         1.9600         0.1310         0.0086         0.0859         0.0092         0.0000
         2.0000         0.1386         0.0090         0.0868         0.0096         0.0000
         2.0400         0.1488         0.0091         0.0892         0.0100         0.0000
         2.0800         0.1626         0.0099         0.0922         0.0099         0.0000
         2.1200         0.1716         0.0113         0.0954         0.0091         0.0000
         2.1600         0.1841         0.0123         0.0997         0.0094         0.0000
         2.2000         0.1902         0.0121         0.1045         0.0093         0.0000
         2.2400         0.2022         0.0118         0.1121         0.0108         0.0000
         2.2800         0.2099         0.0131         0.1202         0.0124         0.0000
         2.3200         0.2161         0.0132         0.1247         0.0124         0.0000
         2.3600         0.2286         0.0152         0.1287         0.0118         0.0000
         2.4000         0.2389         0.0156         0.1370         0.0128         0.0000
         2.4400         0.2511         0.0157         0.1471         0.0135         0.0000
         2.4800         0.2644         0.0145         0.1529         0.0125         0.0000
         2.5200         0.2758         0.0142         0.1631         0.0122         0.0000
         2.5600         0.2854         0.0171         0.1659         0.0107         0.0000
         2.6000         0.2993         0.0185         0.1770         0.0109         0.0000
         2.6400         0.3168         0.0192         0.1854         0.0105         0.0000
         2.6800         0.3337         0.0210         0.1886         0.0109         0.0000
         2.7200         0.3493         0.0202         0.1992         0.0120         0.0000
         2.7600         0.3586         0.0196         0.2088         0.0124         0.0000
         2.8000         0.3719         0.0193         0.2232         0.0111         0.0000
         2.8400         0.3823         0.0180         0.2298         0.0123         0.0000
         2.8800         0.4067         0.0193         0.2311         0.0109         0.0000
         2.9200         0.4303         0.0209         0.2385         0.0110         0.0000
         2.9600         0.4551         0.0201         0.2498         0.0116         0.0000
         3.0000         0.4743         0.0204         0.2615         0.0125         0.0000
         3.0400         0.4855         0.0207         0.2667         0.0137         0.0000
         3.0800         0.5034         0.0169         0.2840         0.0153         0.0000
         3.1200         0.5186         0.0195         0.2899         0.0144         0.0000
         3.1600         0.5342         0.0199         0.2969         0.0147         0.0000
         3.2000         0.5524         0.0173         0.2989         0.0136         0.0000
         3.2400         0.5676         0.0180         0.3107         0.0137         0.0000
         3.2800         0.5900         0.0186         0.3231         0.0145         0.0000
         3.3200         0.6004         0.0186         0.3275         0.0170         0.0000
         3.3600         0.6224         0.0176         0.3355         0.0171         0.0000
         3.4000         0.6322         0.0186         0.3448         0.0163         0.0000
         3.4400         0.6365         0.0164         0.3570         0.0164         0.0000
         3.4800         0.6490         0.0179         0.3561         0.0170         0.0000
         3.5200         0.6725         0.0194         0.3657         0.0159         0.0000
         3.5600         0.6821         0.0193         0.3724         0.0152         0.0000
         3.6000         0.7050         0.0162         0.3817         0.0148         0.0000
         3.6400         0.7227         0.0182         0.3973         0.0149         0.0000
         3.6800         0.7451         0.0176         0.4094         0.0143         0.0000
         3.7200         0.7589         0.0175         0.4233         0.0156         0.0000
         3.7600         0.7779         0.0181         0.4270         0.0152         0.0000
         3.8000         0.7923         0.0197         0.4387         0.0155         0.0000
         3.8400         0.8165         0.0220         0.4468         0.0145         0.0000
         3.8800         0.8375         0.0223         0.4525         0.0139         0.0000
         3.9200         0.8592         0.0203         0.4612         0.0142         0.0000
         3.9600         0.8907         0.0193         0.4780         0.0151         0.0000
         4.0000         0.9229         0.0200         0.4938         0.0139         0.0000
         4.0400         0.9451         0.0187         0.5093         0.0143         0.0000
         4.0800         0.9665         0.0262         0.5124         0.0125         0.0000
         4.1200         0.9859         0.0265         0.5211         0.0131         0.0000
         4.1600         1.0025         0.0252         0.5257         0.0137         0.0000
         4.2000         1.0084         0.0257         0.5298         0.0143         0.0000
         4.2400         1.0210         0.0270         0.5502         0.0136         0.0000
         4.2800         1.0446         0.0268         0.5647         0.0145         0.0000
         4.3200         1.0537         0.0224         0.5843         0.0160         0.0000
         4.3600         1.0818         0.0275         0.5980         0.0176         0.0000
         4.4000         1.1094         0.0325         0.6079         0.0180         0.0000
         4.4400         1.1314         0.0319         0.6297         0.0174         0.0000
         4.4800         1.1512         0.0285         0.6390         0.0177         0.0000
         4.5200         1.1758         0.0291         0.6493         0.0259         0.0000
         4.5600         1.1938         0.0293         0.6657         0.0261         0.0000
         4.6000         1.2231         0.0307         0.6825         0.0277         0.0000
         4.6400         1.2473         0.0298         0.6932         0.0276         0.0000
         4.6800         1.2675         0.0307         0.7015         0.0245         0.0000
         4.7200         1.2964         0.0298         0.7254         0.0210         0.0000
         4.7600         1.3115         0.0279         0.7387         0.0243         0.0000
         4.8000         1.3340         0.0273         0.7439         0.0243         0.0000
         4.8400         1.3644         0.0338         0.7615         0.0236         0.0000
         4.8800         1.3940         0.0332         0.7774         0.0233         0.0000
         4.9200         1.4224         0.0259         0.7890         0.0262         0.0000
         4.9600         1.4501         0.0262         0.8128         0.0183         0.0000
         5.0000         1.4699         0.0277         0.8189         0.0180         0.0000
         5.0400         1.4986         0.0323         0.8324         0.0148         0.0000
         5.0800         1.5367         0.0338         0.8450         0.0144         0.0000
         5.1200         1.5674         0.0368         0.8576         0.0143         0.0000
         5.1600         1.6042         0.0408         0.8694         0.0167         0.0000
         5.2000         1.6310         0.0394         0.8920         0.0175         0.0000
         5.2400         1.6707         0.0477         0.9108         0.0176         0.0000
         5.2800         1.7082         0.0460         0.9213         0.0190         0.0000
         5.3200         1.7463         0.0453         0.9384         0.0351         0.0000
         5.3600         1.7810         0.0371         0.9572         0.0380         0.0000
         5.4000         1.8189         0.0452         0.9773         0.0345         0.0000
         5.4400         1.8442         0.0445         0.9968         0.0362         0.0000
         5.4800         1.8820         0.0457         1.0109         0.0379         0.0000
         5.5200         1.9206         0.0451         1.0343         0.0489         0.0000
         5.5600         1.9535         0.0458         1.0499         0.0383         0.0000
         5.6000         1.9907         0.0497         1.0491         0.0488         0.0000
         5.6400         2.0217         0.0410         1.0621         0.0464         0.0000
         5.6800         2.0610         0.0420         1.0664         0.0481         0.0000
         5.7200         2.0975         0.0401         1.0846         0.0481         0.0000
         5.7600         2.1291         0.0417         1.0949         0.0365         0.0000
         5.8000         2.1547         0.0460         1.1110         0.0335         0.0000
         5.8400         2.1768         0.0500         1.1288         0.0341         0.0000
         5.8800         2.2200         0.0499         1.1254         0.0321         0.0021
         5.9200         2.2630         0.0477         1.0200         0.0297         0.0339
         5.9600         2.2870         0.0503         0.7927         0.0246         0.1937
         6.0000         2.3281         0.0497         0.5301         0.0124         0.5693
         6.0400         2.3811         0.0480         0.3221         0.0080         1.1036
         6.0800         2.4066         0.0514         0.1998         0.0055         1.6517
         6.1200         2.4363         0.0481         0.1343         0.0043         2.1073
         6.1600         2.4961         0.0540         0.1052         0.0037         2.4386
         6.2000         2.5301         0.0539         0.0952         0.0039         2.6595
         6.2400         2.5588         0.0488         0.0876         0.0049         2.7989
         6.2800         2.5908         0.0438         0.0840         0.0041         2.8836
         6.3200         2.6260         0.0384         0.0850         0.0046         2.9337
         6.3600         2.6732         0.0371         0.0852         0.0047         2.9628
         6.4000         2.7099         0.0392         0.0893         0.0050         2.9794
         6.4400         2.7430         0.0377         0.0935         0.0053         2.9887
         6.4800         2.7656         0.0401         0.0960         0.0053         2.9939
         6.5200         2.7940         0.0402         0.1003         0.0054         2.9967
         6.5600         2.8234         0.0365         0.1045         0.0059         2.9983
         6.6000         2.8785         0.0419         0.1072         0.0061         2.9991
         6.6400         2.9127         0.0404         0.1120         0.0075         2.9995
         6.6800         2.9509         0.0431         0.1137         0.0076         2.9998
         6.7200         2.9871         0.0433         0.1196         0.0082         2.9999
         6.7600         3.0170         0.0416         0.1221         0.0082         2.9999
         6.8000         3.0579         0.0407         0.1219         0.0074         3.0000
         6.8400         3.0816         0.0428         0.1265         0.0078         3.0000
         6.8800         3.1275         0.0385         0.1286         0.0079         3.0000
         6.9200         3.1633         0.0383         0.1320         0.0084         3.0000
         6.9600         3.2077         0.0412         0.1373         0.0083         3.0000
         7.0000         3.2578         0.0382         0.1405         0.0085         3.0000
         7.0400         3.3055         0.0336         0.1461         0.0085         3.0000
         7.0800         3.3470         0.0435         0.1514         0.0087         3.0000
         7.1200         3.4089         0.0485         0.1553         0.0091         3.0000
         7.1600         3.4451         0.0471         0.1575         0.0094         3.0000
         7.2000         3.4953         0.0451         0.1601         0.0095         3.0000
         7.2400         3.5522         0.0500         0.1644         0.0089         3.0000
         7.2800         3.6183         0.0542         0.1703         0.0086         3.0000
         7.3200         3.6840         0.0535         0.1805         0.0099         3.0000
         7.3600         3.7238         0.0557         0.1841         0.0103         3.0000
         7.4000         3.7654         0.0586         0.1902         0.0100         3.0000
         7.4400         3.8111         0.0626         0.1926         0.0099         3.0000
         7.4800         3.8650         0.0590         0.1921         0.0097         3.0000
         7.5200         3.9044         0.0561         0.1964         0.0103         3.0000
         7.5600         3.9780         0.0601         0.1992         0.0109         3.0000
         7.6000         4.0277         0.0635         0.1996         0.0113         3.0000
         7.6400         4.0812         0.0635         0.2042         0.0113         3.0000
         7.6800         4.1404         0.0613         0.2077         0.0093         3.0000
         7.7200         4.1815         0.0596         0.2122         0.0107         3.0000
         7.7600         4.2409         0.0610         0.2099         0.0097         3.0000
         7.8000         4.2846         0.0650         0.2154         0.0086         3.0000
         7.8400         4.3296         0.0661         0.2203         0.0083         3.0000
         7.8800         4.3798         0.0680         0.2214         0.0111         3.0000
         7.9200         4.4229         0.0677         0.2245         0.0080         3.0000
         7.9600         4.4590         0.0658         0.2268         0.0104         3.0000
         8.0000         4.4772         0.0561         0.2276         0.0130         3.0000
         8.0400         4.5062         0.0565         0.2357         0.0137         3.0000
         8.0800         4.5362         0.0538         0.2428         0.0142         3.0000
         8.1200         4.5834         0.0548         0.2410         0.0136         3.0000
         8.1600         4.6107         0.0444         0.2499         0.0142         3.0000
         8.2000         4.6882         0.0631         0.2542         0.0148         3.0000
         8.2400         4.7676         0.0644         0.2653         0.0158         3.0000
         8.2800         4.8209         0.0626         0.2649         0.0149         3.0000
         8.3200         4.8807         0.0580         0.2670         0.0147         3.0000
         8.3600         4.9340         0.0690         0.2652         0.0139         3.0000
         8.4000         5.0110         0.0550         0.2723         0.0106         3.0000
         8.4400         5.0474         0.0558         0.2724         0.0121         3.0000
         8.4800         5.0870         0.0532         0.2774         0.0129         3.0000
         8.5200         5.1435         0.0487         0.2893         0.0102         3.0000
         8.5600         5.1963         0.0447         0.2916         0.0127         3.0000
         8.6000         5.2362         0.0475         0.2957         0.0103         3.0000
         8.6400         5.3020         0.0523         0.2979         0.0108         3.0000
         8.6800         5.3583         0.0487         0.2993         0.0102         3.0000
         8.7200         5.4215         0.0489         0.2986         0.0097         3.0000
         8.7600         5.4934         0.0495         0.3051         0.0099         3.0000
         8.8000         5.5736         0.0615         0.3085         0.0100         3.0000
         8.8400         5.6159         0.0659         0.3111         0.0104         3.0000
         8.8800         5.6517         0.0628         0.3161         0.0102         3.0000
         8.9200         5.7158         0.0672         0.3229         0.0105         3.0000
         8.9600         5.7725         0.0648         0.3250         0.0117         3.0000
         9.0000         5.8240         0.0638         0.3319         0.0122         3.0000
         9.0400         5.8565         0.0656         0.3397         0.0164         3.0000
         9.0800         5.9517         0.0706         0.3372         0.0118         3.0000
         9.1200         5.9967         0.0701         0.3385         0.0119         3.0000
         9.1600         6.0422         0.0743         0.3460         0.0107         3.0000
         9.2000         6.0972         0.0722         0.3441         0.0113         3.0000
         9.2400         6.1688         0.0716         0.3499         0.0152         3.0000
         9.2800         6.2428         0.0575         0.3606         0.0140         3.0000
         9.3200         6.3107         0.0772         0.3594         0.0144         3.0000
         9.3600         6.3448         0.0630         0.3550         0.0141         3.0000
         9.4000         6.3892         0.0832         0.3574         0.0149         3.0000
         9.4400         6.4753         0.0792         0.3592         0.0164         3.0000
         9.4800         6.5242         0.0841         0.3589         0.0143         3.0000
         9.5200         6.5613         0.0812         0.3669         0.0140         3.0000
         9.5600         6.6097         0.0530         0.3753         0.0144         3.0000
         9.6000         6.6420         0.0515         0.3776         0.0152         3.0000
         9.6400         6.6995         0.0756         0.3812         0.0184         3.0000
         9.6800         6.7817         0.0924         0.3883         0.0177         3.0000
         9.7200         6.8272         0.0687         0.3900         0.0147         3.0000
         9.7600         6.8770         0.0676         0.3963         0.0131         3.0000
         9.8000         6.9131         0.0679         0.4014         0.0128         3.0000
         9.8400         6.9426         0.0673         0.4065         0.0148         3.0000
         9.8800         7.0109         0.0598         0.4083         0.0142         3.0000
         9.9200         7.0391         0.0543         0.4022         0.0138         3.0000
         9.9600         7.1084         0.0654         0.4091         0.0159         3.0000
        10.0000         7.1624         0.0551         0.4236         0.0164         3.0000
        10.0400         7.2306         0.0546         0.4236         0.0158         3.0000
        10.0800         7.3170         0.0538         0.4305         0.0151         3.0000
        10.1200         7.3606         0.0642         0.4293         0.0160         3.0000
        10.1600         7.4404         0.0715         0.4349         0.0167         3.0000
        10.2000         7.4811         0.0729         0.4358         0.0187         3.0000
        10.2400         7.5506         0.0724         0.4347         0.0190         3.0000
        10.2800         7.6190         0.0903         0.4381         0.0156         3.0000
        10.3200         7.6489         0.0803         0.4356         0.0133         2.9999
        10.3600         7.7212         0.0840         0.4424         0.0136         2.9999
        10.4000         7.7967         0.0853         0.4442         0.0128         2.9998
        10.4400         7.8524         0.0830         0.4448         0.0146         2.9995
        10.4800         7.9172         0.0839         0.4533         0.0156         2.9991
        10.5200         7.9882         0.0751         0.4530         0.0180         2.9983
        10.5600         8.0754         0.0790         0.4622         0.0178         2.9967
        10.6000         8.1382         0.0609         0.4669         0.0122         2.9939
        10.6400         8.1854         0.0766         0.4762         0.0124         2.9887
        10.6800         8.2462         0.0947         0.4975         0.0118         2.9794
        10.7200         8.2878         0.0939         0.5192         0.0109         2.9628
        10.7600         8.3606         0.0925         0.5414         0.0115         2.9337
        10.8000         8.4012         0.0929         0.6009         0.0122         2.8836
        10.8400         8.4669         0.1010         0.6828         0.0107         2.7989
        10.8800         8.5404         0.1050         0.8252         0.0120         2.6595
        10.9200         8.5927         0.0991         1.1126         0.0141         2.4386
        10.9600         8.6420         0.0939         1.7029         0.0195         2.1073
        11.0000         8.7341         0.0934         2.8289         0.0299         1.6517
        11.0400         8.7849         0.0715         4.8032         0.0471         1.1036
        11.0800         8.8462         0.0847         7.3860         0.0797         0.5693
        11.1200         8.9430         0.0909         9.6098         0.1096         0.1937
        11.1600         9.0152         0.0928        10.7369         0.1244         0.0339
        11.2000         9.0903         0.1008        11.0508         0.1287         0.0021
        11.2400         9.1635         0.0908        11.1263         0.1233         0.0000
        11.2800         9.2362         0.0852        11.2007         0.1059         0.0000
        11.3200         9.2925         0.0864        11.3004         0.1058         0.0000
        11.3600         9.3480         0.0932        11.3892         0.1107         0.0000
        11.4000         9.4714         0.0871        11.4308         0.1072         0.0000
        11.4400         9.5660         0.0860        11.5002         0.1119         0.0000
        11.4800         9.6562         0.0879        11.5928         0.1140         0.0000
        11.5200         9.7450         0.0877        11.6625         0.1062         0.0000
        11.5600         9.8444         0.0824        11.7426         0.1043         0.0000
        11.6000         9.8794         0.0810        11.8216         0.0939         0.0000
        11.6400         9.9461         0.0811        11.8731         0.0795         0.0000
        11.6800        10.0301         0.0853        11.9682         0.0903         0.0000
        11.7200        10.1479         0.0809        12.0583         0.0966         0.0000
        11.7600        10.2284         0.0852        12.1147         0.1076         0.0000
        11.8000        10.2833         0.0933        12.2150         0.1065         0.0000
        11.8400        10.3780         0.0982        12.2945         0.1026         0.0000
        11.8800        10.4658         0.0952        12.3758         0.0980         0.0000
        11.9200        10.5318         0.0811        12.4386         0.1316         0.0000
        11.9600        10.5899         0.0710        12.5217         0.1289         0.0000
        12.0000        10.6523         0.0683        12.5903         0.1417         0.0000
        12.0400        10.6841         0.0713        12.6648         0.1425         0.0000
        12.0800        10.7540         0.0724        12.7910         0.1121         0.0000
        12.1200        10.8362         0.0792        12.8923         0.1268         0.0000
        12.1600        10.8872         0.0782        12.9649         0.1447         0.0000
        12.2000        10.9881         0.0751        13.0588         0.1189         0.0000
        12.2400        11.0567         0.0754        13.1686         0.1410         0.0000
        12.2800        11.1640         0.0743        13.2785         0.1239         0.0000
        12.3200        11.2551         0.0719        13.3700         0.1198         0.0000
        12.3600        11.3476         0.0706        13.4403         0.1148         0.0000
        12.4000        11.4603         0.0715        13.4930         0.1128         0.0000
        12.4400        11.5687         0.0734        13.5598         0.1114         0.0000
        12.4800        11.6542         0.0713        13.6583         0.1168         0.0000
        12.5200        11.7622         0.0831        13.7433         0.1222         0.0000
        12.5600        11.8150         0.0869        13.7874         0.1129         0.0000
        12.6000        11.8706         0.0877        13.9640         0.0781         0.0000
        12.6400        11.9410         0.0866        14.0236         0.0771         0.0000
        12.6800        12.0015         0.0860        14.1074         0.0799         0.0000
        12.7200        12.0776         0.0745        14.2456         0.1282         0.0000
        12.7600        12.1565         0.0889        14.4002         0.0983         0.0000
        12.8000        12.2747         0.1032        14.5205         0.1590         0.0000
        12.8400        12.3441         0.0915        14.6181         0.1502         0.0000
        12.8800        12.4336         0.1048        14.7320         0.1080         0.0000
        12.9200        12.4971         0.0922        14.8382         0.1581         0.0000
        12.9600        12.6190         0.0970        14.9441         0.1635         0.0000
        13.0000        12.7155         0.0953        15.0261         0.1634         0.0000
        13.0400        12.8093         0.0976        15.1097         0.1724         0.0000
        13.0800        12.9028         0.0944        15.1945         0.1340         0.0000
        13.1200        12.9860         0.1056        15.2805         0.1318         0.0000
        13.1600        13.1113         0.1081        15.3779         0.1270         0.0000
        13.2000        13.1829         0.1051        15.4433         0.1848         0.0000
        13.2400        13.2301         0.0898        15.5232         0.1788         0.0000
        13.2800        13.3146         0.0850        15.6091         0.1800         0.0000
        13.3200        13.3597         0.0813        15.6938         0.1339         0.0000
        13.3600        13.4399         0.0738        15.8073         0.1173         0.0000
        13.4000        13.5091         0.0883        15.9106         0.1136         0.0000
        13.4400        13.6078         0.0730        15.9906         0.1255         0.0000
        13.4800        13.7107         0.0733        16.0771         0.0958         0.0000
        13.5200        13.7805         0.0795        16.1643         0.1076         0.0000
        13.5600        13.8709         0.0815        16.3283         0.1226         0.0000
        13.6000        13.9648         0.0810        16.4371         0.1170         0.0000
        13.6400        14.0389         0.0828        16.5342         0.1510         0.0000
        13.6800        14.1156         0.0860        16.6398         0.1255         0.0000
        13.7200        14.1990         0.0819        16.7537         0.1239         0.0000
        13.7600        14.2686         0.0788        16.8682         0.1244         0.0000
        13.8000        14.3591         0.0781        16.9512         0.1216         0.0000
        13.8400        14.4500         0.0775        17.0442         0.1281         0.0000
        13.8800        14.5308         0.0837        17.1201         0.1229         0.0000
        13.9200        14.6031         0.0829        17.1662         0.1296         0.0000
        13.9600        14.6634         0.0618        17.2777         0.1269         0.0000
        14.0000        14.7435         0.0778        17.3694         0.1228         0.0000
        14.0400        14.8286         0.0682        17.4991         0.1335         0.0000
        14.0800        14.8751         0.0689        17.5536         0.1350         0.0000
        14.1200        14.9541         0.0713        17.6287         0.1333         0.0000
        14.1600        15.0625         0.0645        17.7377         0.1319         0.0000
        14.2000        15.2007         0.0595        17.8391         0.1371         0.0000
        14.2400        15.2979         0.0602        17.9780         0.1423         0.0000
        14.2800        15.4257         0.0674        18.0614         0.1271         0.0000
        14.3200        15.4894         0.0666        18.1595         0.1147         0.0000
        14.3600        15.5875         0.0718        18.2284         0.1176         0.0000
        14.4000        15.6696         0.0706        18.3453         0.0991         0.0000
        14.4400        15.8020         0.0813        18.4464         0.1086         0.0000
        14.4800        15.9188         0.0706        18.4978         0.1062         0.0000
        14.5200        15.9907         0.0754        18.5816         0.1003         0.0000
        14.5600        16.0705         0.1032        18.6474         0.0935         0.0000
        14.6000        16.1845         0.1088        18.7994         0.0975         0.0000
        14.6400        16.2395         0.1082        18.9181         0.0776         0.0000
        14.6800        16.3020         0.0981        19.0486         0.1017         0.0000
        14.7200        16.3735         0.0913        19.1495         0.0906         0.0000
        14.7600        16.4414         0.0885        19.2520         0.0986         0.0000
        14.8000        16.5405         0.1009        19.4235         0.1030         0.0000
        14.8400        16.6071         0.1138        19.5531         0.1103         0.0000
        14.8800        16.7263         0.0897        19.6704         0.1049         0.0000
        14.9200        16.7861         0.0873        19.7532         0.1078         0.0000
        14.9600        16.8870         0.0844        19.9301         0.1076         0.0000
        15.0000        16.9740         0.0871        20.0193         0.1061         0.0000
        15.0400        17.0867         0.0865        20.1066         0.1029         0.0000
        15.0800        17.1635         0.0761        20.1368         0.0969         0.0000
        15.1200        17.2529         0.0918        20.2804         0.0869         0.0000
        15.1600        17.3256         0.0826        20.3496         0.0790         0.0000
        15.2000        17.4162         0.0768        20.4161         0.0815         0.0000
        15.2400        17.5124         0.0730        20.5279         0.0811         0.0000
        15.2800        17.5683         0.0816        20.6386         0.0828         0.0000
        15.3200        17.6698         0.0882        20.7414         0.0937         0.0000
        15.3600        17.7546         0.0889        20.8546         0.0907         0.0000
        15.4000        17.8387         0.0931        20.9317         0.0836         0.0000
        15.4400        17.8896         0.0955        21.0454         0.0836         0.0000
        15.4800        17.9856         0.1038        21.1959         0.0921         0.0000
        15.5200        18.0598         0.0912        21.3845         0.0938         0.0000
        15.5600        18.1315         0.0923        21.5104         0.0910         0.0000
        15.6000        18.2265         0.1007        21.6040         0.0930         0.0000
        15.6400        18.3445         0.0961        21.7266         0.0983         0.0000
        15.6800        18.4278         0.0969        21.8632         0.0961         0.0000
        15.7200        18.5303         0.0978        21.9893         0.1078         0.0000
        15.7600        18.6228         0.1015        22.1161         0.1134         0.0000
        15.8000        18.7057         0.0986        22.2798         0.1225         0.0000
        15.8400        18.7788         0.0976        22.3718         0.1159         0.0000
        15.8800        18.8728         0.1015        22.4742         0.1160         0.0000
        15.9200        18.9360         0.1386        22.6212         0.1159         0.0000
        15.9600        19.0352         0.0995        22.6989         0.1050         0.0000
        16.0000        19.1009         0.1003        22.8140         0.0949         0.0000
        16.0400        19.1927         0.1123        22.9092         0.0970         0.0000
        16.0800        19.2965         0.1048        22.9531         0.0918         0.0000
        16.1200        19.4049         0.1218        23.0662         0.0868         0.0000
        16.1600        19.4738         0.1194        23.2122         0.1303         0.0000
        16.2000        19.6389         0.1053        23.2973         0.1002         0.0000
        16.2400        19.7257         0.1089        23.4140         0.1003         0.0000
        16.2800        19.8274         0.1102        23.5559         0.1054         0.0000
        16.3200        19.9510         0.1202        23.6474         0.1069         0.0000
        16.3600        20.0726         0.1086        23.7377         0.1146         0.0000
        16.4000        20.1566         0.1084        23.8865         0.1373         0.0000
        16.4400        20.2216         0.1315        24.0381         0.1150         0.0000
        16.4800        20.3256         0.1146        24.2378         0.1382         0.0000
        16.5200        20.4599         0.1168        24.3663         0.1393         0.0000
        16.5600        20.4854         0.1535        24.4972         0.1390         0.0000
        16.6000        20.6361         0.1330        24.6097         0.1359         0.0000
        16.6400        20.7063         0.1420        24.7349         0.1407         0.0000
        16.6800        20.8162         0.1286        24.8765         0.1399         0.0000
        16.7200        20.9018         0.1576        25.0224         0.1344         0.0000
        16.7600        21.0172         0.1612        25.1407         0.1401         0.0000
        16.8000        21.1358         0.1789        25.2124         0.1430         0.0000
        16.8400        21.2644         0.1731        25.3320         0.1646         0.0000
        16.8800        21.3588         0.1816        25.4076         0.1467         0.0000
        16.9200        21.5119         0.1752        25.5507         0.1411         0.0000
        16.9600        21.6522         0.1649        25.6575         0.1757         0.0000
        17.0000        21.7504         0.1578        25.7650         0.1929         0.0000
        17.0400        21.8765         0.1432        25.9388         0.2304         0.0000
        17.0800        22.0173         0.1323        26.0010         0.2342         0.0000
        17.1200        22.1143         0.1242        26.1153         0.1847         0.0000
        17.1600        22.1893         0.1058        26.2933         0.1631         0.0000
        17.2000        22.3461         0.1097        26.3804         0.1691         0.0000
        17.2400        22.4370         0.1046        26.5337         0.1759         0.0000
        17.2800        22.5234         0.0969        26.6227         0.1934         0.0000
        17.3200        22.6701         0.0949        26.7130         0.1988         0.0000
        17.3600        22.7178         0.0857        26.9056         0.2019         0.0000
        17.4000        22.8214         0.0852        27.0665         0.1856         0.0000
        17.4400        22.9722         0.0834        27.1421         0.2181         0.0000
        17.4800        23.0084         0.0894        27.3777         0.2168         0.0000
        17.5200        23.1029         0.0895        27.4365         0.1899         0.0000
        17.5600        23.1764         0.0901        27.5535         0.2007         0.0000
        17.6000        23.3195         0.0924        27.6216         0.2062         0.0000
        17.6400        23.3868         0.0967        27.8191         0.2018         0.0000
        17.6800        23.4315         0.0875        27.9938         0.2052         0.0000
        17.7200        23.5474         0.0922        28.1676         0.2295         0.0000
        17.7600        23.6348         0.0958        28.2869         0.2160         0.0000
        17.8000        23.7609         0.0947        28.4355         0.2089         0.0000
        17.8400        23.8552         0.0922        28.6095         0.2027         0.0000
        17.8800        24.0066         0.0949        28.8282         0.2026         0.0000
        17.9200        24.0752         0.0987        28.9517         0.2357         0.0000
        17.9600        24.1561         0.1019        29.1141         0.2467         0.0000
        18.0000        24.2844         0.0986        29.1969         0.1847         0.0000
        18.0400        24.3911         0.0969        29.3878         0.1928         0.0000
        18.0800        24.5075         0.0941        29.4462         0.1998         0.0000
        18.1200        24.6042         0.0940        29.5425         0.1923         0.0000
        18.1600        24.7152         0.0911        29.6910         0.2248         0.0000
        18.2000        24.8507         0.0810        29.7874         0.1904         0.0000
        18.2400        24.9679         0.0779        29.9320         0.2136         0.0000
        18.2800        25.0933         0.0841        30.0124         0.1965         0.0000
        18.3200        25.1706         0.0787        30.1538         0.2250         0.0000
        18.3600        25.3026         0.0829        30.2340         0.2557         0.0000
        18.4000        25.3978         0.0975        30.3266         0.2423         0.0000
        18.4400        25.4853         0.1125        30.4894         0.2149         0.0000
        18.4800        25.6452         0.1106        30.6630         0.2467         0.0000
        18.5200        25.7573         0.0964        30.7677         0.3095         0.0000
        18.5600        25.8530         0.0903        30.9088         0.2746         0.0000
        18.6000        25.9763         0.0900        31.0787         0.2127         0.0000
        18.6400        26.1016         0.0898        31.1984         0.3176         0.0000
        18.6800        26.2570         0.0973        31.3643         0.2380         0.0000
        18.7200        26.3123         0.0913        31.5293         0.3010         0.0000
        18.7600        26.4303         0.0889        31.7228         0.2141         0.0000
        18.8000        26.5592         0.0838        31.8830         0.2877         0.0000
        18.8400        26.6901         0.0840        31.9847         0.2764         0.0000
        18.8800        26.7163         0.0936        32.1459         0.2442         0.0000
        18.9200        26.8642         0.0937        32.3046         0.2447         0.0000
        18.9600        26.8989         0.0963        32.4990         0.2392         0.0000
        19.0000        27.1002         0.1074        32.6393         0.2443         0.0000
        19.0400        27.2324         0.0978        32.8325         0.2867         0.0000
        19.0800        27.3716         0.1245        33.0028         0.2711         0.0000
        19.1200        27.4585         0.1196        33.1930         0.2790         0.0000
        19.1600        27.5697         0.1267        33.3112         0.3336         0.0000
        19.2000        27.6678         0.1237        33.4518         0.3907         0.0000
        19.2400        27.7493         0.1495        33.6086         0.3080         0.0000
        19.2800        27.8821         0.1462        33.8098         0.2523         0.0000
        19.3200        27.9997         0.1504        33.9463         0.2994         0.0000
        19.3600        28.0770         0.1346        34.0962         0.2786         0.0000
        19.4000        28.2052         0.1519        34.1807         0.3207         0.0000
        19.4400        28.3820         0.1525        34.2331         0.3599         0.0000
        19.4800        28.4652         0.1500        34.3173         0.3442         0.0000
        19.5200        28.5420         0.2229        34.4528         0.3753         0.0000
        19.5600        28.5532         0.1941        34.6435         0.3965         0.0000
        19.6000        28.6573         0.2005        34.7856         0.4154         0.0000
        19.6400        28.7790         0.2070        34.9439         0.4045         0.0000
        19.6800        28.9357         0.2159        35.0917         0.4107         0.0000
        19.7200        29.0466         0.2351        35.2966         0.4066         0.0000
        19.7600        29.2094         0.2278        35.4759         0.3952         0.0000
        19.8000        29.3935         0.2362        35.6173         0.3296         0.0000
        19.8400        29.5181         0.2641        35.6837         0.3186         0.0000
        19.8800        29.6645         0.2666        35.8469         0.3310         0.0000
        19.9200        29.6025         0.2572        35.7877         0.2440         0.0000
        19.9600        27.8627         0.2425        33.6282         0.2479         0.0000
        20.0000        20.6807         0.1270        24.9394         0.1836         0.0000
