   8.0000004E-002   0.0000000E+000   0.0000000E+000   0.0000000E+000   0.0000000E+000   0.0000000E+000
   1.2000000E-001   0.0000000E+000   0.0000000E+000   0.0000000E+000   0.0000000E+000   0.0000000E+000
   1.6000001E-001   0.0000000E+000   0.0000000E+000   0.0000000E+000   0.0000000E+000   0.0000000E+000
   2.0000000E-001   0.0000000E+000   0.0000000E+000   0.0000000E+000   0.0000000E+000   0.0000000E+000
   2.4000000E-001   0.0000000E+000   0.0000000E+000   0.0000000E+000   0.0000000E+000   0.0000000E+000
   2.8000001E-001   0.0000000E+000   0.0000000E+000   0.0000000E+000   0.0000000E+000   0.0000000E+000
   3.2000002E-001   0.0000000E+000   0.0000000E+000   0.0000000E+000   0.0000000E+000   0.0000000E+000
   3.5999998E-001   0.0000000E+000   0.0000000E+000   0.0000000E+000   0.0000000E+000   0.0000000E+000
   3.9999999E-001   0.0000000E+000   0.0000000E+000   0.0000000E+000   0.0000000E+000   0.0000000E+000
   4.4000000E-001   0.0000000E+000   0.0000000E+000   0.0000000E+000   0.0000000E+000   0.0000000E+000
   4.8000000E-001   0.0000000E+000   0.0000000E+000   0.0000000E+000   0.0000000E+000   0.0000000E+000
   5.2000001E-001   0.0000000E+000   0.0000000E+000   0.0000000E+000   0.0000000E+000   0.0000000E+000
   5.6000002E-001   0.0000000E+000   0.0000000E+000   0.0000000E+000   0.0000000E+000   0.0000000E+000
   5.9999999E-001   0.0000000E+000   0.0000000E+000   0.0000000E+000   0.0000000E+000   0.0000000E+000
   6.4000003E-001   0.0000000E+000   0.0000000E+000   0.0000000E+000   0.0000000E+000   0.0000000E+000
   6.8000004E-001   0.0000000E+000   0.0000000E+000   0.0000000E+000   0.0000000E+000   0.0000000E+000
   7.1999997E-001   0.0000000E+000   0.0000000E+000   0.0000000E+000   0.0000000E+000   0.0000000E+000
   7.5999998E-001   0.0000000E+000   0.0000000E+000   0.0000000E+000   0.0000000E+000   0.0000000E+000
   7.9999998E-001   0.0000000E+000   0.0000000E+000   0.0000000E+000   0.0000000E+000   0.0000000E+000
   8.3999999E-001   0.0000000E+000   0.0000000E+000   0.0000000E+000   0.0000000E+000   0.0000000E+000
   8.8000000E-001   0.0000000E+000   0.0000000E+000   0.0000000E+000   0.0000000E+000   0.0000000E+000
   9.2000000E-001   0.0000000E+000   0.0000000E+000   0.0000000E+000   0.0000000E+000   0.0000000E+000
   9.6000001E-001   0.0000000E+000   0.0000000E+000   0.0000000E+000   0.0000000E+000   0.0000000E+000
   1.0000000E+000   0.0000000E+000   0.0000000E+000   0.0000000E+000   0.0000000E+000   0.0000000E+000
   1.0400000E+000   0.0000000E+000   0.0000000E+000   0.0000000E+000   0.0000000E+000   0.0000000E+000
   1.0800000E+000   0.0000000E+000   0.0000000E+000   0.0000000E+000   0.0000000E+000   0.0000000E+000
   1.1200000E+000   0.0000000E+000   0.0000000E+000   0.0000000E+000   0.0000000E+000   0.0000000E+000
   1.1600000E+000   0.0000000E+000   0.0000000E+000   0.0000000E+000   0.0000000E+000   0.0000000E+000
   1.2000000E+000   0.0000000E+000   0.0000000E+000   0.0000000E+000   0.0000000E+000   0.0000000E+000
   1.2400000E+000   0.0000000E+000   0.0000000E+000   0.0000000E+000   0.0000000E+000   0.0000000E+000
   1.2800001E+000   0.0000000E+000   0.0000000E+000   0.0000000E+000   0.0000000E+000   0.0000000E+000
   1.3200000E+000   0.0000000E+000   0.0000000E+000   0.0000000E+000   0.0000000E+000   0.0000000E+000
   1.3600001E+000   0.0000000E+000   0.0000000E+000   0.0000000E+000   0.0000000E+000   0.0000000E+000
   1.4000000E+000   0.0000000E+000   0.0000000E+000   0.0000000E+000   0.0000000E+000   0.0000000E+000
   1.4399999E+000   0.0000000E+000   0.0000000E+000   0.0000000E+000   0.0000000E+000   0.0000000E+000
   1.4800000E+000   0.0000000E+000   0.0000000E+000   0.0000000E+000   0.0000000E+000   0.0000000E+000
   1.5200000E+000   0.0000000E+000   0.0000000E+000   0.0000000E+000   0.0000000E+000   0.0000000E+000
   1.5600000E+000   0.0000000E+000   0.0000000E+000   0.0000000E+000   0.0000000E+000   0.0000000E+000
   1.6000000E+000   0.0000000E+000   0.0000000E+000   0.0000000E+000   0.0000000E+000   0.0000000E+000
   1.6400000E+000   0.0000000E+000   0.0000000E+000   0.0000000E+000   0.0000000E+000   0.0000000E+000
   1.6800000E+000   0.0000000E+000   0.0000000E+000   0.0000000E+000   0.0000000E+000   0.0000000E+000
   1.7200001E+000   0.0000000E+000   0.0000000E+000   0.0000000E+000   0.0000000E+000   0.0000000E+000
   1.7600000E+000   0.0000000E+000   0.0000000E+000   0.0000000E+000   0.0000000E+000   0.0000000E+000
   1.8000001E+000   0.0000000E+000   0.0000000E+000   0.0000000E+000   0.0000000E+000   0.0000000E+000
   1.8400000E+000   0.0000000E+000   0.0000000E+000   0.0000000E+000   0.0000000E+000   0.0000000E+000
   1.8799999E+000   0.0000000E+000   0.0000000E+000   0.0000000E+000   0.0000000E+000   0.0000000E+000
   1.9200000E+000   0.0000000E+000   0.0000000E+000   0.0000000E+000   0.0000000E+000   0.0000000E+000
   1.9599999E+000   0.0000000E+000   0.0000000E+000   0.0000000E+000   0.0000000E+000   0.0000000E+000
   2.0000000E+000   0.0000000E+000   0.0000000E+000   0.0000000E+000   0.0000000E+000   0.0000000E+000
   2.0400000E+000   0.0000000E+000   0.0000000E+000   0.0000000E+000   0.0000000E+000   0.0000000E+000
   2.0800000E+000   0.0000000E+000   0.0000000E+000   0.0000000E+000   0.0000000E+000   0.0000000E+000
   2.1200000E+000   0.0000000E+000   0.0000000E+000   0.0000000E+000   0.0000000E+000   0.0000000E+000
   2.1600001E+000   0.0000000E+000   0.0000000E+000   0.0000000E+000   0.0000000E+000   0.0000000E+000
   2.2000000E+000   0.0000000E+000   0.0000000E+000   0.0000000E+000   0.0000000E+000   0.0000000E+000
   2.2400001E+000   0.0000000E+000   0.0000000E+000   0.0000000E+000   0.0000000E+000   0.0000000E+000
   2.2800000E+000   0.0000000E+000   0.0000000E+000   0.0000000E+000   0.0000000E+000   0.0000000E+000
   2.3199999E+000   0.0000000E+000   0.0000000E+000   0.0000000E+000   0.0000000E+000   0.0000000E+000
   2.3600000E+000   0.0000000E+000   0.0000000E+000   0.0000000E+000   0.0000000E+000   0.0000000E+000
   2.3999999E+000   0.0000000E+000   0.0000000E+000   0.0000000E+000   0.0000000E+000   0.0000000E+000
   2.4400000E+000   0.0000000E+000   0.0000000E+000   0.0000000E+000   0.0000000E+000   0.0000000E+000
   2.4800000E+000   0.0000000E+000   0.0000000E+000   0.0000000E+000   0.0000000E+000   0.0000000E+000
   2.5200000E+000   0.0000000E+000   0.0000000E+000   0.0000000E+000   0.0000000E+000   0.0000000E+000
   2.5600001E+000   0.0000000E+000   0.0000000E+000   0.0000000E+000   0.0000000E+000   0.0000000E+000
   2.5999999E+000   0.0000000E+000   0.0000000E+000   0.0000000E+000   0.0000000E+000   0.0000000E+000
   2.6400000E+000   0.0000000E+000   0.0000000E+000   0.0000000E+000   0.0000000E+000   0.0000000E+000
   2.6800001E+000   0.0000000E+000   0.0000000E+000   0.0000000E+000   0.0000000E+000   0.0000000E+000
   2.7200001E+000   0.0000000E+000   0.0000000E+000   0.0000000E+000   0.0000000E+000   0.0000000E+000
   2.7599999E+000   0.0000000E+000   0.0000000E+000   0.0000000E+000   0.0000000E+000   0.0000000E+000
   2.8000000E+000   0.0000000E+000   0.0000000E+000   0.0000000E+000   0.0000000E+000   0.0000000E+000
   2.8400001E+000   0.0000000E+000   0.0000000E+000   0.0000000E+000   0.0000000E+000   0.0000000E+000
   2.8799999E+000   0.0000000E+000   0.0000000E+000   0.0000000E+000   0.0000000E+000   0.0000000E+000
   2.9200000E+000   0.0000000E+000   0.0000000E+000   0.0000000E+000   0.0000000E+000   0.0000000E+000
   2.9600000E+000   0.0000000E+000   0.0000000E+000   0.0000000E+000   0.0000000E+000   0.0000000E+000
   3.0000001E+000   0.0000000E+000   0.0000000E+000   0.0000000E+000   0.0000000E+000   0.0000000E+000
   3.0399999E+000   0.0000000E+000   0.0000000E+000   0.0000000E+000   0.0000000E+000   0.0000000E+000
   3.0800000E+000   0.0000000E+000   0.0000000E+000   0.0000000E+000   0.0000000E+000   0.0000000E+000
   3.1200001E+000   0.0000000E+000   0.0000000E+000   0.0000000E+000   0.0000000E+000   0.0000000E+000
   3.1600001E+000   0.0000000E+000   0.0000000E+000   0.0000000E+000   0.0000000E+000   0.0000000E+000
   3.1999999E+000   0.0000000E+000   0.0000000E+000   0.0000000E+000   0.0000000E+000   0.0000000E+000
   3.2400000E+000   0.0000000E+000   0.0000000E+000   0.0000000E+000   0.0000000E+000   0.0000000E+000
   3.2800001E+000   0.0000000E+000   0.0000000E+000   0.0000000E+000   0.0000000E+000   0.0000000E+000
   3.3199999E+000   0.0000000E+000   0.0000000E+000   0.0000000E+000   0.0000000E+000   0.0000000E+000
   3.3600000E+000   0.0000000E+000   0.0000000E+000   0.0000000E+000   0.0000000E+000   0.0000000E+000
   3.4000000E+000   0.0000000E+000   0.0000000E+000   0.0000000E+000   0.0000000E+000   0.0000000E+000
   3.4400001E+000   0.0000000E+000   0.0000000E+000   0.0000000E+000   0.0000000E+000   0.0000000E+000
   3.4799999E+000   0.0000000E+000   0.0000000E+000   0.0000000E+000   0.0000000E+000   0.0000000E+000
   3.5200000E+000   0.0000000E+000   0.0000000E+000   0.0000000E+000   0.0000000E+000   0.0000000E+000
   3.5600001E+000   0.0000000E+000   0.0000000E+000   0.0000000E+000   0.0000000E+000   0.0000000E+000
   3.6000001E+000   0.0000000E+000   0.0000000E+000   0.0000000E+000   0.0000000E+000   0.0000000E+000
   3.6399999E+000   0.0000000E+000   0.0000000E+000   0.0000000E+000   0.0000000E+000   0.0000000E+000
   3.6800000E+000   0.0000000E+000   0.0000000E+000   0.0000000E+000   0.0000000E+000   0.0000000E+000
   3.7200001E+000   0.0000000E+000   0.0000000E+000   0.0000000E+000   0.0000000E+000   0.0000000E+000
   3.7599999E+000   0.0000000E+000   0.0000000E+000   0.0000000E+000   0.0000000E+000   0.0000000E+000
   3.8000000E+000   0.0000000E+000   0.0000000E+000   0.0000000E+000   0.0000000E+000   0.0000000E+000
   3.8400000E+000   0.0000000E+000   0.0000000E+000   0.0000000E+000   0.0000000E+000   0.0000000E+000
   3.8800001E+000   0.0000000E+000   0.0000000E+000   0.0000000E+000   0.0000000E+000   0.0000000E+000
   3.9199999E+000   0.0000000E+000   0.0000000E+000   0.0000000E+000   0.0000000E+000   0.0000000E+000
   3.9600000E+000   0.0000000E+000   0.0000000E+000   0.0000000E+000   0.0000000E+000   0.0000000E+000
   4.0000001E+000   0.0000000E+000   0.0000000E+000   0.0000000E+000   0.0000000E+000   0.0000000E+000
   4.0400001E+000   0.0000000E+000   0.0000000E+000   0.0000000E+000   0.0000000E+000   0.0000000E+000
   4.0799999E+000   0.0000000E+000   0.0000000E+000   0.0000000E+000   0.0000000E+000   0.0000000E+000
   4.1200000E+000   0.0000000E+000   0.0000000E+000   0.0000000E+000   0.0000000E+000   0.0000000E+000
   4.1600001E+000   0.0000000E+000   0.0000000E+000   0.0000000E+000   0.0000000E+000   0.0000000E+000
   4.1999999E+000   0.0000000E+000   0.0000000E+000   0.0000000E+000   0.0000000E+000   0.0000000E+000
   4.2399999E+000   0.0000000E+000   0.0000000E+000   0.0000000E+000   0.0000000E+000   0.0000000E+000
   4.2800000E+000   0.0000000E+000   0.0000000E+000   0.0000000E+000   0.0000000E+000   0.0000000E+000
   4.3200001E+000   0.0000000E+000   0.0000000E+000   0.0000000E+000   0.0000000E+000   0.0000000E+000
   4.3599999E+000   0.0000000E+000   0.0000000E+000   0.0000000E+000   0.0000000E+000   0.0000000E+000
   4.4000000E+000   0.0000000E+000   0.0000000E+000   0.0000000E+000   0.0000000E+000   0.0000000E+000
   4.4400001E+000   0.0000000E+000   0.0000000E+000   0.0000000E+000   0.0000000E+000   0.0000000E+000
   4.4800001E+000   0.0000000E+000   0.0000000E+000   0.0000000E+000   0.0000000E+000   0.0000000E+000
   4.5199999E+000   0.0000000E+000   0.0000000E+000   0.0000000E+000   0.0000000E+000   0.0000000E+000
   4.5600000E+000   0.0000000E+000   0.0000000E+000   0.0000000E+000   0.0000000E+000   0.0000000E+000
   4.6000001E+000   0.0000000E+000   0.0000000E+000   0.0000000E+000   0.0000000E+000   0.0000000E+000
   4.6399999E+000   0.0000000E+000   0.0000000E+000   0.0000000E+000   0.0000000E+000   0.0000000E+000
   4.6799999E+000   0.0000000E+000   0.0000000E+000   0.0000000E+000   0.0000000E+000   0.0000000E+000
   4.7200000E+000   0.0000000E+000   0.0000000E+000   0.0000000E+000   0.0000000E+000   0.0000000E+000
   4.7600001E+000   0.0000000E+000   0.0000000E+000   0.0000000E+000   0.0000000E+000   0.0000000E+000
   4.7999999E+000   0.0000000E+000   0.0000000E+000   0.0000000E+000   0.0000000E+000   0.0000000E+000
   4.8400000E+000   0.0000000E+000   0.0000000E+000   0.0000000E+000   0.0000000E+000   0.0000000E+000
   4.8800001E+000   0.0000000E+000   0.0000000E+000   0.0000000E+000   0.0000000E+000   0.0000000E+000
   4.9200001E+000   0.0000000E+000   0.0000000E+000   0.0000000E+000   0.0000000E+000   0.0000000E+000
   4.9599999E+000   0.0000000E+000   0.0000000E+000   0.0000000E+000   0.0000000E+000   0.0000000E+000
   5.0000000E+000   0.0000000E+000   0.0000000E+000   0.0000000E+000   0.0000000E+000   0.0000000E+000
   5.0400001E+000   0.0000000E+000   0.0000000E+000   0.0000000E+000   0.0000000E+000   0.0000000E+000
   5.0800002E+000   0.0000000E+000   0.0000000E+000   0.0000000E+000   0.0000000E+000   0.0000000E+000
   5.1200002E+000   0.0000000E+000   0.0000000E+000   0.0000000E+000   0.0000000E+000   0.0000000E+000
   5.1599997E+000   0.0000000E+000   0.0000000E+000   0.0000000E+000   0.0000000E+000   0.0000000E+000
   5.1999998E+000   0.0000000E+000   0.0000000E+000   0.0000000E+000   0.0000000E+000   0.0000000E+000
   5.2399999E+000   0.0000000E+000   0.0000000E+000   0.0000000E+000   0.0000000E+000   0.0000000E+000
   5.2800000E+000   0.0000000E+000   0.0000000E+000   0.0000000E+000   0.0000000E+000   0.0000000E+000
   5.3200001E+000   0.0000000E+000   0.0000000E+000   0.0000000E+000   0.0000000E+000   0.0000000E+000
   5.3600001E+000   0.0000000E+000   0.0000000E+000   0.0000000E+000   0.0000000E+000   0.0000000E+000
   5.4000002E+000   0.0000000E+000   0.0000000E+000   0.0000000E+000   0.0000000E+000   0.0000000E+000
   5.4400003E+000   0.0000000E+000   0.0000000E+000   0.0000000E+000   0.0000000E+000   0.0000000E+000
   5.4799998E+000   0.0000000E+000   0.0000000E+000   0.0000000E+000   0.0000000E+000   3.4909096E-276
   5.5199999E+000   0.0000000E+000   0.0000000E+000   1.7275305E-120   5.6148697E-122   3.2046018E-180
   5.5599999E+000   0.0000000E+000   0.0000000E+000   2.0824025E-078   4.9661378E-080   1.2665885E-116
   5.6000000E+000   0.0000000E+000   0.0000000E+000   8.1411086E-051   1.9272252E-052   9.9035930E-075
   5.6400001E+000   0.0000000E+000   0.0000000E+000   8.5144634E-033   1.9200338E-034   2.5882517E-047
   5.6800002E+000   0.0000000E+000   0.0000000E+000   4.0027230E-021   7.2034642E-023   1.6906510E-029
   5.7200003E+000   0.0000000E+000   0.0000000E+000   1.3331707E-013   2.5760730E-015   5.1240323E-018
   5.7599998E+000   0.0000000E+000   0.0000000E+000   8.7417659E-009   1.5873891E-010   1.0906345E-010
   5.7999998E+000   0.0000000E+000   0.0000000E+000   1.0089396E-005   2.0265924E-007   4.5484066E-006
   5.8399999E+000   0.0000000E+000   0.0000000E+000   8.7201285E-004   1.2654303E-005   3.3351645E-003
   5.8800000E+000   0.0000000E+000   0.0000000E+000   1.3426768E-002   1.7469276E-004   1.8107257E-001
   5.9200001E+000   0.0000000E+000   0.0000000E+000   6.3147269E-002   1.0836359E-003   1.8561938E+000
   5.9600002E+000   0.0000000E+000   0.0000000E+000   1.2748107E-001   2.7543508E-003   6.5831787E+000
   6.0000002E+000   0.0000000E+000   0.0000000E+000   1.3751741E-001   2.6516295E-003   1.1920447E+001
   6.0399997E+000   0.0000000E+000   0.0000000E+000   9.5203942E-002   2.0765564E-003   1.4126571E+001
   6.0799998E+000   0.0000000E+000   0.0000000E+000   5.2230486E-002   1.3011768E-003   1.2822827E+001
   6.1199999E+000   0.0000000E+000   0.0000000E+000   2.6300007E-002   7.8100253E-004   9.8418731E+000
   6.1600000E+000   0.0000000E+000   0.0000000E+000   1.3878776E-002   4.6218353E-004   6.7934806E+000
   6.2000000E+000   0.0000000E+000   0.0000000E+000   7.9222466E-003   4.0114301E-004   4.3809603E+000
   6.2400001E+000   0.0000000E+000   0.0000000E+000   4.4675309E-003   2.4380888E-004   2.7016194E+000
   6.2800002E+000   0.0000000E+000   0.0000000E+000   2.5245862E-003   1.1828614E-004   1.6157218E+000
   6.3200003E+000   0.0000000E+000   0.0000000E+000   1.4893768E-003   7.8219458E-005   9.4499189E-001
   6.3599998E+000   0.0000000E+000   0.0000000E+000   8.4254880E-004   4.6874583E-005   5.4314821E-001
   6.3999999E+000   0.0000000E+000   0.0000000E+000   4.9853816E-004   2.6630726E-005   3.0762324E-001
   6.4399999E+000   0.0000000E+000   0.0000000E+000   2.8817117E-004   1.5353278E-005   1.7192917E-001
   6.4800000E+000   0.0000000E+000   0.0000000E+000   1.6226552E-004   8.4623293E-006   9.4883073E-002
   6.5200001E+000   0.0000000E+000   0.0000000E+000   9.1785655E-005   4.6709168E-006   5.1714260E-002
   6.5600002E+000   0.0000000E+000   0.0000000E+000   5.1179515E-005   2.7604651E-006   2.7833153E-002
   6.6000003E+000   0.0000000E+000   0.0000000E+000   2.7857700E-005   1.4993765E-006   1.4788181E-002
   6.6399997E+000   0.0000000E+000   0.0000000E+000   1.4972939E-005   9.5036199E-007   7.7532883E-003
   6.6799998E+000   0.0000000E+000   0.0000000E+000   7.8150098E-006   4.9213300E-007   4.0092071E-003
   6.7199999E+000   0.0000000E+000   0.0000000E+000   4.1577488E-006   2.6980275E-007   2.0435589E-003
   6.7600000E+000   0.0000000E+000   0.0000000E+000   2.1121694E-006   1.2998496E-007   1.0261309E-003
   6.8000001E+000   0.0000000E+000   0.0000000E+000   1.0395208E-006   5.9222295E-008   5.0724019E-004
   6.8400002E+000   0.0000000E+000   0.0000000E+000   5.1971042E-007   2.9877502E-008   2.4666392E-004
   6.8800002E+000   0.0000000E+000   0.0000000E+000   2.5114883E-007   1.4563032E-008   1.1790733E-004
   6.9199997E+000   0.0000000E+000   0.0000000E+000   1.1880612E-007   6.9673062E-009   5.5354891E-005
   6.9599998E+000   0.0000000E+000   0.0000000E+000   5.6581771E-008   3.1129914E-009   2.5501191E-005
   6.9999999E+000   0.0000000E+000   0.0000000E+000   2.5732674E-008   1.3983890E-009   1.1516837E-005
   7.0400000E+000   0.0000000E+000   0.0000000E+000   1.1781581E-008   6.4213107E-010   5.0935427E-006
   7.0800000E+000   0.0000000E+000   0.0000000E+000   5.2257259E-009   2.8346603E-010   2.2035833E-006
   7.1200001E+000   0.0000000E+000   0.0000000E+000   2.2307253E-009   1.1501419E-010   9.3138583E-007
   7.1600002E+000   0.0000000E+000   0.0000000E+000   9.1966082E-010   4.9201114E-011   3.8409852E-007
   7.2000003E+000   0.0000000E+000   0.0000000E+000   3.7137205E-010   2.0175420E-011   1.5432621E-007
   7.2399998E+000   0.0000000E+000   0.0000000E+000   1.4774381E-010   7.3702054E-012   6.0316326E-008
   7.2799999E+000   0.0000000E+000   0.0000000E+000   5.6923548E-011   2.5873038E-012   2.2891690E-008
   7.3199999E+000   0.0000000E+000   0.0000000E+000   2.1851537E-011   1.0774151E-012   8.4206517E-009
   7.3600000E+000   0.0000000E+000   0.0000000E+000   7.7992774E-012   4.1268778E-013   2.9959405E-009
   7.4000001E+000   0.0000000E+000   0.0000000E+000   2.6946101E-012   1.2562992E-013   1.0285877E-009
   7.4400002E+000   0.0000000E+000   0.0000000E+000   8.8904683E-013   4.1883904E-014   3.3991020E-010
   7.4800003E+000   0.0000000E+000   0.0000000E+000   2.7543302E-013   1.2933848E-014   1.0781341E-010
   7.5199997E+000   0.0000000E+000   0.0000000E+000   8.3800765E-014   3.9975553E-015   3.2718718E-011
   7.5599998E+000   0.0000000E+000   0.0000000E+000   2.3978202E-014   1.1917225E-015   9.4667150E-012
   7.5999999E+000   0.0000000E+000   0.0000000E+000   6.4893736E-015   3.3931395E-016   2.6010842E-012
   7.6400000E+000   0.0000000E+000   0.0000000E+000   1.6878632E-015   8.5167864E-017   6.7562972E-013
   7.6800001E+000   0.0000000E+000   0.0000000E+000   4.0916544E-016   1.7266722E-017   1.6506042E-013
   7.7200001E+000   0.0000000E+000   0.0000000E+000   9.2652127E-017   3.6466784E-018   3.7706861E-014
   7.7600002E+000   0.0000000E+000   0.0000000E+000   1.9123627E-017   8.4264935E-019   8.0006199E-015
   7.7999997E+000   0.0000000E+000   0.0000000E+000   3.6703895E-018   1.3276919E-019   1.5644953E-015
   7.8399998E+000   0.0000000E+000   0.0000000E+000   6.3785993E-019   2.5351069E-020   2.7940244E-016
   7.8799999E+000   0.0000000E+000   0.0000000E+000   1.0165516E-019   4.3243389E-021   4.5087168E-017
   7.9200000E+000   0.0000000E+000   0.0000000E+000   1.3992362E-020   6.1073898E-022   6.4913246E-018
   7.9600000E+000   0.0000000E+000   0.0000000E+000   1.6990485E-021   7.0603905E-023   8.2121856E-019
   8.0000001E+000   0.0000000E+000   0.0000000E+000   1.7418721E-022   9.2129574E-024   8.9618467E-020
   8.0400002E+000   0.0000000E+000   0.0000000E+000   1.5577663E-023   8.3171605E-025   8.2463372E-021
   8.0800003E+000   0.0000000E+000   0.0000000E+000   1.1457353E-024   6.2530548E-026   6.2184728E-022
   8.1199998E+000   0.0000000E+000   0.0000000E+000   6.2970212E-026   2.8330078E-027   3.7061156E-023
   8.1599998E+000   0.0000000E+000   0.0000000E+000   2.6797286E-027   1.0959854E-028   1.6652615E-024
   8.1999999E+000   0.0000000E+000   0.0000000E+000   7.8292035E-029   2.9291745E-030   5.2970904E-026
   8.2400000E+000   0.0000000E+000   0.0000000E+000   1.4790108E-030   6.5259316E-032   1.0938301E-027
   8.2800001E+000   0.0000000E+000   0.0000000E+000   1.5226018E-032   7.8002036E-034   1.2952832E-029
   8.3200002E+000   0.0000000E+000   0.0000000E+000   7.2866205E-035   3.2528567E-036   7.2995159E-032
   8.3600003E+000   0.0000000E+000   0.0000000E+000   1.1509376E-037   5.3540717E-039   1.4509038E-034
   8.3999997E+000   0.0000000E+000   0.0000000E+000   3.8885486E-041   1.4166232E-042   6.0001217E-038
   8.4399998E+000   0.0000000E+000   0.0000000E+000   8.2347074E-046   3.4880036E-047   1.7708874E-042
   8.4799999E+000   0.0000000E+000   0.0000000E+000   6.6202920E-053   3.2188949E-054   2.3489822E-049
   8.5200000E+000   0.0000000E+000   0.0000000E+000   7.2550944E-068   2.8484667E-069   3.8029518E-064
   8.5600001E+000   0.0000000E+000   0.0000000E+000   6.9175714E-053   2.5403117E-054  -3.8029518E-064
   8.6000001E+000   0.0000000E+000   0.0000000E+000   9.0230644E-046   2.8561191E-047  -2.3489822E-049
   8.6400002E+000   0.0000000E+000   0.0000000E+000   4.1954054E-041   1.3667591E-042  -1.7708874E-042
   8.6799997E+000   0.0000000E+000   0.0000000E+000   1.3453300E-037   4.3467179E-039  -6.0001217E-038
   8.7199998E+000   0.0000000E+000   0.0000000E+000   8.1816623E-035   2.5378276E-036  -1.4509038E-034
   8.7599999E+000   0.0000000E+000   0.0000000E+000   1.7537119E-032   4.9134173E-034  -7.2995159E-032
   8.8000000E+000   0.0000000E+000   0.0000000E+000   1.7107183E-030   4.7695366E-032  -1.2952832E-029
   8.8400000E+000   0.0000000E+000   0.0000000E+000   9.4436455E-029   2.8497506E-030  -1.0938301E-027
   8.8800001E+000   0.0000000E+000   0.0000000E+000   3.3154855E-027   9.4152657E-029  -5.2970904E-026
   8.9200002E+000   0.0000000E+000   0.0000000E+000   8.1468907E-026   2.2772014E-027  -1.6652615E-024
   8.9600003E+000   0.0000000E+000   0.0000000E+000   1.4726160E-024   4.5363916E-026  -3.7061156E-023
   8.9999998E+000   0.0000000E+000   0.0000000E+000   2.1486624E-023   6.9158978E-025  -6.2184728E-022
   9.0399998E+000   0.0000000E+000   0.0000000E+000   2.5037955E-022   9.3793975E-024  -8.2463372E-021
   9.0799999E+000   0.0000000E+000   0.0000000E+000   2.4217324E-021   7.0730798E-023  -8.9618467E-020
   9.1200000E+000   0.0000000E+000   0.0000000E+000   2.0227679E-020   5.9195981E-022  -8.2121856E-019
   9.1600001E+000   0.0000000E+000   0.0000000E+000   1.4834672E-019   3.7015178E-021  -6.4913246E-018
   9.2000002E+000   0.0000000E+000   0.0000000E+000   9.4301177E-019   2.7509902E-020  -4.5087168E-017
   9.2400002E+000   0.0000000E+000   0.0000000E+000   5.5975018E-018   2.1190517E-019  -2.7940244E-016
   9.2799997E+000   0.0000000E+000   0.0000000E+000   3.0166674E-017   9.9026965E-019  -1.5644953E-015
   9.3199998E+000   0.0000000E+000   0.0000000E+000   1.4533876E-016   4.9672342E-018  -8.0006199E-015
   9.3599999E+000   0.0000000E+000   0.0000000E+000   6.4371603E-016   2.2044143E-017  -3.7706861E-014
   9.4000000E+000   0.0000000E+000   0.0000000E+000   2.7474659E-015   9.8619453E-017  -1.6506042E-013
   9.4400001E+000   0.0000000E+000   0.0000000E+000   1.0809736E-014   4.0756185E-016  -6.7562972E-013
   9.4800001E+000   0.0000000E+000   0.0000000E+000   4.0344248E-014   1.3154664E-015  -2.6010842E-012
   9.5200002E+000   0.0000000E+000   0.0000000E+000   1.4446146E-013   4.6326128E-015  -9.4667150E-012
   9.5599997E+000   0.0000000E+000   0.0000000E+000   4.9636043E-013   1.5552101E-014  -3.2718718E-011
   9.5999998E+000   0.0000000E+000   0.0000000E+000   1.5888945E-012   5.3813640E-014  -1.0781341E-010
   9.6399999E+000   0.0000000E+000   0.0000000E+000   4.9508014E-012   1.9975250E-013  -3.3991020E-010
   9.6799999E+000   0.0000000E+000   0.0000000E+000   1.4912081E-011   5.6294749E-013  -1.0285877E-009
   9.7200000E+000   0.0000000E+000   0.0000000E+000   4.2803625E-011   1.3653073E-012  -2.9959405E-009
   9.7600001E+000   0.0000000E+000   0.0000000E+000   1.1899822E-010   4.1197958E-012  -8.4206517E-009
   9.8000002E+000   0.0000000E+000   0.0000000E+000   3.2092799E-010   8.3553333E-012  -2.2891690E-008
   9.8400003E+000   0.0000000E+000   0.0000000E+000   8.4581148E-010   2.2523444E-011  -6.0316326E-008
   9.8799998E+000   0.0000000E+000   0.0000000E+000   2.1277492E-009   6.0174367E-011  -1.5432621E-007
   9.9199998E+000   0.0000000E+000   0.0000000E+000   5.1605157E-009   1.4035176E-010  -3.8409852E-007
   9.9599999E+000   0.0000000E+000   0.0000000E+000   1.2479901E-008   3.6492659E-010  -9.3138583E-007
   1.0000000E+001   0.0000000E+000   0.0000000E+000   3.0033803E-008   8.8618573E-010  -2.2035833E-006
   1.0039999E+001   0.0000000E+000   0.0000000E+000   6.8221136E-008   1.8789208E-009  -5.0935427E-006
   1.0080000E+001   0.0000000E+000   0.0000000E+000   1.5503659E-007   4.3367839E-009  -1.1516837E-005
   1.0120000E+001   0.0000000E+000   0.0000000E+000   3.3914221E-007   9.3523371E-009  -2.5501191E-005
   1.0160000E+001   0.0000000E+000   0.0000000E+000   7.2943669E-007   2.1297334E-008  -5.5354891E-005
   1.0200000E+001   0.0000000E+000   0.0000000E+000   1.5384828E-006   5.2535945E-008  -1.1790733E-004
   1.0240000E+001   0.0000000E+000   0.0000000E+000   3.1855884E-006   1.1095354E-007  -2.4666392E-004
   1.0280000E+001   0.0000000E+000   0.0000000E+000   6.5340539E-006   1.7397174E-007  -5.0724019E-004
   1.0319999E+001   0.0000000E+000   0.0000000E+000   1.3053631E-005   3.1237062E-007  -1.0261309E-003
   1.0360000E+001   0.0000000E+000   0.0000000E+000   2.6062626E-005   6.4148679E-007  -2.0435589E-003
   1.0400000E+001   0.0000000E+000   0.0000000E+000   5.1133127E-005   1.2168546E-006  -4.0092071E-003
   1.0440000E+001   0.0000000E+000   0.0000000E+000   9.8126592E-005   2.3459589E-006  -7.7532883E-003
   1.0480000E+001   0.0000000E+000   0.0000000E+000   1.8787828E-004   5.2250876E-006  -1.4788181E-002
   1.0520000E+001   0.0000000E+000   0.0000000E+000   3.5030481E-004   1.1238836E-005  -2.7833153E-002
   1.0560000E+001   0.0000000E+000   0.0000000E+000   6.5870097E-004   2.0214390E-005  -5.1714260E-002
   1.0599999E+001   0.0000000E+000   0.0000000E+000   1.2035893E-003   2.4782058E-005  -9.4883073E-002
   1.0640000E+001   0.0000000E+000   0.0000000E+000   2.2059093E-003   4.4901182E-005  -1.7192917E-001
   1.0680000E+001   0.0000000E+000   0.0000000E+000   4.0691764E-003   8.8633439E-005  -3.0762324E-001
   1.0720000E+001   0.0000000E+000   0.0000000E+000   7.3276841E-003   1.1823024E-004  -5.4314821E-001
   1.0760000E+001   0.0000000E+000   0.0000000E+000   1.3081562E-002   2.1038191E-004  -9.4499189E-001
   1.0800000E+001   0.0000000E+000   0.0000000E+000   2.3982631E-002   3.7531342E-004  -1.6157218E+000
   1.0840000E+001   0.0000000E+000   0.0000000E+000   4.3309258E-002   4.8364799E-004  -2.7016194E+000
   1.0880001E+001   0.0000000E+000   0.0000000E+000   7.8380545E-002   7.3711893E-004  -4.3809603E+000
   1.0920000E+001   0.0000000E+000   0.0000000E+000   1.4082168E-001   1.1272906E-003  -6.7934806E+000
   1.0960000E+001   0.0000000E+000   0.0000000E+000   2.3542847E-001   1.0897390E-003  -9.8418731E+000
   1.1000000E+001   0.0000000E+000   0.0000000E+000   3.2349501E-001   7.4862549E-004  -1.2822827E+001
   1.1040000E+001   0.0000000E+000   0.0000000E+000   3.2881248E-001   2.1208156E-004  -1.4126571E+001
   1.1080000E+001   0.0000000E+000   0.0000000E+000   2.3059281E-001   5.9423035E-005  -1.1920447E+001
   1.1120000E+001   0.0000000E+000   0.0000000E+000   9.8039343E-002   4.0989629E-005  -6.5831787E+000
   1.1160001E+001   0.0000000E+000   0.0000000E+000   1.9699510E-002   1.4271363E-005  -1.8561938E+000
   1.1200000E+001   0.0000000E+000   0.0000000E+000   1.2733442E-003   1.4481361E-006  -1.8107257E-001
   1.1240000E+001   0.0000000E+000   0.0000000E+000   1.4928361E-005   2.5601459E-008  -3.3351645E-003
   1.1280000E+001   0.0000000E+000   0.0000000E+000   1.2963009E-008   2.5916224E-011  -4.5484066E-006
   1.1320000E+001   0.0000000E+000   0.0000000E+000   1.9673105E-013   5.7407671E-016  -1.0906345E-010
   1.1360000E+001   0.0000000E+000   0.0000000E+000   5.9635487E-021   2.0372366E-023  -5.1240323E-018
   1.1400000E+001   0.0000000E+000   0.0000000E+000   1.2715283E-032   5.8380424E-035  -1.6906510E-029
   1.1440001E+001   0.0000000E+000   0.0000000E+000   1.2709387E-050   7.2962607E-053  -2.5882517E-047
   1.1480000E+001   0.0000000E+000   0.0000000E+000   3.1436667E-078   2.1135217E-080  -9.9035930E-075
   1.1520000E+001   0.0000000E+000   0.0000000E+000   2.6966907E-120   2.0751074E-122  -1.2665885E-116
   1.1560000E+001   0.0000000E+000   0.0000000E+000   0.0000000E+000   0.0000000E+000  -3.2046018E-180
   1.1600000E+001   0.0000000E+000   0.0000000E+000   0.0000000E+000   0.0000000E+000  -3.4909096E-276
   1.1640000E+001   0.0000000E+000   0.0000000E+000   0.0000000E+000   0.0000000E+000   0.0000000E+000
   1.1680000E+001   0.0000000E+000   0.0000000E+000   0.0000000E+000   0.0000000E+000   0.0000000E+000
   1.1720001E+001   0.0000000E+000   0.0000000E+000   0.0000000E+000   0.0000000E+000   0.0000000E+000
   1.1760000E+001   0.0000000E+000   0.0000000E+000   0.0000000E+000   0.0000000E+000   0.0000000E+000
   1.1799999E+001   0.0000000E+000   0.0000000E+000   0.0000000E+000   0.0000000E+000   0.0000000E+000
   1.1840000E+001   0.0000000E+000   0.0000000E+000   0.0000000E+000   0.0000000E+000   0.0000000E+000
   1.1880000E+001   0.0000000E+000   0.0000000E+000   0.0000000E+000   0.0000000E+000   0.0000000E+000
   1.1920000E+001   0.0000000E+000   0.0000000E+000   0.0000000E+000   0.0000000E+000   0.0000000E+000
   1.1960000E+001   0.0000000E+000   0.0000000E+000   0.0000000E+000   0.0000000E+000   0.0000000E+000
   1.2000000E+001   0.0000000E+000   0.0000000E+000   0.0000000E+000   0.0000000E+000   0.0000000E+000
   1.2040000E+001   0.0000000E+000   0.0000000E+000   0.0000000E+000   0.0000000E+000   0.0000000E+000
   1.2079999E+001   0.0000000E+000   0.0000000E+000   0.0000000E+000   0.0000000E+000   0.0000000E+000
   1.2120000E+001   0.0000000E+000   0.0000000E+000   0.0000000E+000   0.0000000E+000   0.0000000E+000
   1.2160000E+001   0.0000000E+000   0.0000000E+000   0.0000000E+000   0.0000000E+000   0.0000000E+000
   1.2200000E+001   0.0000000E+000   0.0000000E+000   0.0000000E+000   0.0000000E+000   0.0000000E+000
   1.2240000E+001   0.0000000E+000   0.0000000E+000   0.0000000E+000   0.0000000E+000   0.0000000E+000
   1.2280000E+001   0.0000000E+000   0.0000000E+000   0.0000000E+000   0.0000000E+000   0.0000000E+000
   1.2320000E+001   0.0000000E+000   0.0000000E+000   0.0000000E+000   0.0000000E+000   0.0000000E+000
   1.2359999E+001   0.0000000E+000   0.0000000E+000   0.0000000E+000   0.0000000E+000   0.0000000E+000
   1.2400000E+001   0.0000000E+000   0.0000000E+000   0.0000000E+000   0.0000000E+000   0.0000000E+000
   1.2440000E+001   0.0000000E+000   0.0000000E+000   0.0000000E+000   0.0000000E+000   0.0000000E+000
   1.2480000E+001   0.0000000E+000   0.0000000E+000   0.0000000E+000   0.0000000E+000   0.0000000E+000
   1.2520000E+001   0.0000000E+000   0.0000000E+000   0.0000000E+000   0.0000000E+000   0.0000000E+000
   1.2560000E+001   0.0000000E+000   0.0000000E+000   0.0000000E+000   0.0000000E+000   0.0000000E+000
   1.2600000E+001   0.0000000E+000   0.0000000E+000   0.0000000E+000   0.0000000E+000   0.0000000E+000
   1.2640001E+001   0.0000000E+000   0.0000000E+000   0.0000000E+000   0.0000000E+000   0.0000000E+000
   1.2680000E+001   0.0000000E+000   0.0000000E+000   0.0000000E+000   0.0000000E+000   0.0000000E+000
   1.2720000E+001   0.0000000E+000   0.0000000E+000   0.0000000E+000   0.0000000E+000   0.0000000E+000
   1.2760000E+001   0.0000000E+000   0.0000000E+000   0.0000000E+000   0.0000000E+000   0.0000000E+000
   1.2800000E+001   0.0000000E+000   0.0000000E+000   0.0000000E+000   0.0000000E+000   0.0000000E+000
   1.2840000E+001   0.0000000E+000   0.0000000E+000   0.0000000E+000   0.0000000E+000   0.0000000E+000
   1.2880000E+001   0.0000000E+000   0.0000000E+000   0.0000000E+000   0.0000000E+000   0.0000000E+000
   1.2920001E+001   0.0000000E+000   0.0000000E+000   0.0000000E+000   0.0000000E+000   0.0000000E+000
   1.2960000E+001   0.0000000E+000   0.0000000E+000   0.0000000E+000   0.0000000E+000   0.0000000E+000
   1.3000000E+001   0.0000000E+000   0.0000000E+000   0.0000000E+000   0.0000000E+000   0.0000000E+000
   1.3040000E+001   0.0000000E+000   0.0000000E+000   0.0000000E+000   0.0000000E+000   0.0000000E+000
   1.3080000E+001   0.0000000E+000   0.0000000E+000   0.0000000E+000   0.0000000E+000   0.0000000E+000
   1.3120000E+001   0.0000000E+000   0.0000000E+000   0.0000000E+000   0.0000000E+000   0.0000000E+000
   1.3160000E+001   0.0000000E+000   0.0000000E+000   0.0000000E+000   0.0000000E+000   0.0000000E+000
   1.3200001E+001   0.0000000E+000   0.0000000E+000   0.0000000E+000   0.0000000E+000   0.0000000E+000
   1.3240000E+001   0.0000000E+000   0.0000000E+000   0.0000000E+000   0.0000000E+000   0.0000000E+000
   1.3279999E+001   0.0000000E+000   0.0000000E+000   0.0000000E+000   0.0000000E+000   0.0000000E+000
   1.3320000E+001   0.0000000E+000   0.0000000E+000   0.0000000E+000   0.0000000E+000   0.0000000E+000
   1.3360000E+001   0.0000000E+000   0.0000000E+000   0.0000000E+000   0.0000000E+000   0.0000000E+000
   1.3400000E+001   0.0000000E+000   0.0000000E+000   0.0000000E+000   0.0000000E+000   0.0000000E+000
   1.3440000E+001   0.0000000E+000   0.0000000E+000   0.0000000E+000   0.0000000E+000   0.0000000E+000
   1.3480000E+001   0.0000000E+000   0.0000000E+000   0.0000000E+000   0.0000000E+000   0.0000000E+000
   1.3520000E+001   0.0000000E+000   0.0000000E+000   0.0000000E+000   0.0000000E+000   0.0000000E+000
   1.3559999E+001   0.0000000E+000   0.0000000E+000   0.0000000E+000   0.0000000E+000   0.0000000E+000
   1.3600000E+001   0.0000000E+000   0.0000000E+000   0.0000000E+000   0.0000000E+000   0.0000000E+000
   1.3640000E+001   0.0000000E+000   0.0000000E+000   0.0000000E+000   0.0000000E+000   0.0000000E+000
   1.3680000E+001   0.0000000E+000   0.0000000E+000   0.0000000E+000   0.0000000E+000   0.0000000E+000
   1.3720000E+001   0.0000000E+000   0.0000000E+000   0.0000000E+000   0.0000000E+000   0.0000000E+000
   1.3760000E+001   0.0000000E+000   0.0000000E+000   0.0000000E+000   0.0000000E+000   0.0000000E+000
   1.3800000E+001   0.0000000E+000   0.0000000E+000   0.0000000E+000   0.0000000E+000   0.0000000E+000
   1.3839999E+001   0.0000000E+000   0.0000000E+000   0.0000000E+000   0.0000000E+000   0.0000000E+000
   1.3880000E+001   0.0000000E+000   0.0000000E+000   0.0000000E+000   0.0000000E+000   0.0000000E+000
   1.3920000E+001   0.0000000E+000   0.0000000E+000   0.0000000E+000   0.0000000E+000   0.0000000E+000
   1.3960000E+001   0.0000000E+000   0.0000000E+000   0.0000000E+000   0.0000000E+000   0.0000000E+000
   1.4000000E+001   0.0000000E+000   0.0000000E+000   0.0000000E+000   0.0000000E+000   0.0000000E+000
   1.4040000E+001   0.0000000E+000   0.0000000E+000   0.0000000E+000   0.0000000E+000   0.0000000E+000
   1.4080000E+001   0.0000000E+000   0.0000000E+000   0.0000000E+000   0.0000000E+000   0.0000000E+000
   1.4119999E+001   0.0000000E+000   0.0000000E+000   0.0000000E+000   0.0000000E+000   0.0000000E+000
   1.4160000E+001   0.0000000E+000   0.0000000E+000   0.0000000E+000   0.0000000E+000   0.0000000E+000
   1.4200000E+001   0.0000000E+000   0.0000000E+000   0.0000000E+000   0.0000000E+000   0.0000000E+000
   1.4240000E+001   0.0000000E+000   0.0000000E+000   0.0000000E+000   0.0000000E+000   0.0000000E+000
   1.4280000E+001   0.0000000E+000   0.0000000E+000   0.0000000E+000   0.0000000E+000   0.0000000E+000
   1.4320000E+001   0.0000000E+000   0.0000000E+000   0.0000000E+000   0.0000000E+000   0.0000000E+000
   1.4360000E+001   0.0000000E+000   0.0000000E+000   0.0000000E+000   0.0000000E+000   0.0000000E+000
   1.4400001E+001   0.0000000E+000   0.0000000E+000   0.0000000E+000   0.0000000E+000   0.0000000E+000
   1.4440000E+001   0.0000000E+000   0.0000000E+000   0.0000000E+000   0.0000000E+000   0.0000000E+000
   1.4480000E+001   0.0000000E+000   0.0000000E+000   0.0000000E+000   0.0000000E+000   0.0000000E+000
   1.4520000E+001   0.0000000E+000   0.0000000E+000   0.0000000E+000   0.0000000E+000   0.0000000E+000
   1.4560000E+001   0.0000000E+000   0.0000000E+000   0.0000000E+000   0.0000000E+000   0.0000000E+000
   1.4600000E+001   0.0000000E+000   0.0000000E+000   0.0000000E+000   0.0000000E+000   0.0000000E+000
   1.4640000E+001   0.0000000E+000   0.0000000E+000   0.0000000E+000   0.0000000E+000   0.0000000E+000
   1.4680001E+001   0.0000000E+000   0.0000000E+000   0.0000000E+000   0.0000000E+000   0.0000000E+000
   1.4720000E+001   0.0000000E+000   0.0000000E+000   0.0000000E+000   0.0000000E+000   0.0000000E+000
   1.4760000E+001   0.0000000E+000   0.0000000E+000   0.0000000E+000   0.0000000E+000   0.0000000E+000
   1.4800000E+001   0.0000000E+000   0.0000000E+000   0.0000000E+000   0.0000000E+000   0.0000000E+000
   1.4840000E+001   0.0000000E+000   0.0000000E+000   0.0000000E+000   0.0000000E+000   0.0000000E+000
   1.4880000E+001   0.0000000E+000   0.0000000E+000   0.0000000E+000   0.0000000E+000   0.0000000E+000
   1.4920000E+001   0.0000000E+000   0.0000000E+000   0.0000000E+000   0.0000000E+000   0.0000000E+000
   1.4960001E+001   0.0000000E+000   0.0000000E+000   0.0000000E+000   0.0000000E+000   0.0000000E+000
   1.5000000E+001   0.0000000E+000   0.0000000E+000   0.0000000E+000   0.0000000E+000   0.0000000E+000
   1.5039999E+001   0.0000000E+000   0.0000000E+000   0.0000000E+000   0.0000000E+000   0.0000000E+000
   1.5080000E+001   0.0000000E+000   0.0000000E+000   0.0000000E+000   0.0000000E+000   0.0000000E+000
   1.5120000E+001   0.0000000E+000   0.0000000E+000   0.0000000E+000   0.0000000E+000   0.0000000E+000
   1.5160000E+001   0.0000000E+000   0.0000000E+000   0.0000000E+000   0.0000000E+000   0.0000000E+000
   1.5200000E+001   0.0000000E+000   0.0000000E+000   0.0000000E+000   0.0000000E+000   0.0000000E+000
   1.5240000E+001   0.0000000E+000   0.0000000E+000   0.0000000E+000   0.0000000E+000   0.0000000E+000
   1.5280000E+001   0.0000000E+000   0.0000000E+000   0.0000000E+000   0.0000000E+000   0.0000000E+000
   1.5319999E+001   0.0000000E+000   0.0000000E+000   0.0000000E+000   0.0000000E+000   0.0000000E+000
   1.5360000E+001   0.0000000E+000   0.0000000E+000   0.0000000E+000   0.0000000E+000   0.0000000E+000
   1.5400000E+001   0.0000000E+000   0.0000000E+000   0.0000000E+000   0.0000000E+000   0.0000000E+000
   1.5440000E+001   0.0000000E+000   0.0000000E+000   0.0000000E+000   0.0000000E+000   0.0000000E+000
   1.5480000E+001   0.0000000E+000   0.0000000E+000   0.0000000E+000   0.0000000E+000   0.0000000E+000
   1.5520000E+001   0.0000000E+000   0.0000000E+000   0.0000000E+000   0.0000000E+000   0.0000000E+000
   1.5560000E+001   0.0000000E+000   0.0000000E+000   0.0000000E+000   0.0000000E+000   0.0000000E+000
   1.5599999E+001   0.0000000E+000   0.0000000E+000   0.0000000E+000   0.0000000E+000   0.0000000E+000
   1.5640000E+001   0.0000000E+000   0.0000000E+000   0.0000000E+000   0.0000000E+000   0.0000000E+000
   1.5680000E+001   0.0000000E+000   0.0000000E+000   0.0000000E+000   0.0000000E+000   0.0000000E+000
   1.5720000E+001   0.0000000E+000   0.0000000E+000   0.0000000E+000   0.0000000E+000   0.0000000E+000
   1.5760000E+001   0.0000000E+000   0.0000000E+000   0.0000000E+000   0.0000000E+000   0.0000000E+000
   1.5800000E+001   0.0000000E+000   0.0000000E+000   0.0000000E+000   0.0000000E+000   0.0000000E+000
   1.5840000E+001   0.0000000E+000   0.0000000E+000   0.0000000E+000   0.0000000E+000   0.0000000E+000
   1.5880001E+001   0.0000000E+000   0.0000000E+000   0.0000000E+000   0.0000000E+000   0.0000000E+000
   1.5920000E+001   0.0000000E+000   0.0000000E+000   0.0000000E+000   0.0000000E+000   0.0000000E+000
   1.5960000E+001   0.0000000E+000   0.0000000E+000   0.0000000E+000   0.0000000E+000   0.0000000E+000
   1.6000000E+001   0.0000000E+000   0.0000000E+000   0.0000000E+000   0.0000000E+000   0.0000000E+000
   1.6040000E+001   0.0000000E+000   0.0000000E+000   0.0000000E+000   0.0000000E+000   0.0000000E+000
   1.6080000E+001   0.0000000E+000   0.0000000E+000   0.0000000E+000   0.0000000E+000   0.0000000E+000
   1.6120000E+001   0.0000000E+000   0.0000000E+000   0.0000000E+000   0.0000000E+000   0.0000000E+000
   1.6160001E+001   0.0000000E+000   0.0000000E+000   0.0000000E+000   0.0000000E+000   0.0000000E+000
   1.6200000E+001   0.0000000E+000   0.0000000E+000   0.0000000E+000   0.0000000E+000   0.0000000E+000
   1.6240000E+001   0.0000000E+000   0.0000000E+000   0.0000000E+000   0.0000000E+000   0.0000000E+000
   1.6280000E+001   0.0000000E+000   0.0000000E+000   0.0000000E+000   0.0000000E+000   0.0000000E+000
   1.6320000E+001   0.0000000E+000   0.0000000E+000   0.0000000E+000   0.0000000E+000   0.0000000E+000
   1.6360000E+001   0.0000000E+000   0.0000000E+000   0.0000000E+000   0.0000000E+000   0.0000000E+000
   1.6400000E+001   0.0000000E+000   0.0000000E+000   0.0000000E+000   0.0000000E+000   0.0000000E+000
   1.6440001E+001   0.0000000E+000   0.0000000E+000   0.0000000E+000   0.0000000E+000   0.0000000E+000
   1.6480000E+001   0.0000000E+000   0.0000000E+000   0.0000000E+000   0.0000000E+000   0.0000000E+000
   1.6520000E+001   0.0000000E+000   0.0000000E+000   0.0000000E+000   0.0000000E+000   0.0000000E+000
   1.6560000E+001   0.0000000E+000   0.0000000E+000   0.0000000E+000   0.0000000E+000   0.0000000E+000
   1.6600000E+001   0.0000000E+000   0.0000000E+000   0.0000000E+000   0.0000000E+000   0.0000000E+000
   1.6640000E+001   0.0000000E+000   0.0000000E+000   0.0000000E+000   0.0000000E+000   0.0000000E+000
   1.6680000E+001   0.0000000E+000   0.0000000E+000   0.0000000E+000   0.0000000E+000   0.0000000E+000
   1.6720001E+001   0.0000000E+000   0.0000000E+000   0.0000000E+000   0.0000000E+000   0.0000000E+000
   1.6760000E+001   0.0000000E+000   0.0000000E+000   0.0000000E+000   0.0000000E+000   0.0000000E+000
   1.6799999E+001   0.0000000E+000   0.0000000E+000   0.0000000E+000   0.0000000E+000   0.0000000E+000
   1.6840000E+001   0.0000000E+000   0.0000000E+000   0.0000000E+000   0.0000000E+000   0.0000000E+000
   1.6880000E+001   0.0000000E+000   0.0000000E+000   0.0000000E+000   0.0000000E+000   0.0000000E+000
   1.6920000E+001   0.0000000E+000   0.0000000E+000   0.0000000E+000   0.0000000E+000   0.0000000E+000
   1.6960000E+001   0.0000000E+000   0.0000000E+000   0.0000000E+000   0.0000000E+000   0.0000000E+000
   1.7000000E+001   0.0000000E+000   0.0000000E+000   0.0000000E+000   0.0000000E+000   0.0000000E+000
   1.7040000E+001   0.0000000E+000   0.0000000E+000   0.0000000E+000   0.0000000E+000   0.0000000E+000
   1.7079999E+001   0.0000000E+000   0.0000000E+000   0.0000000E+000   0.0000000E+000   0.0000000E+000
   1.7120000E+001   0.0000000E+000   0.0000000E+000   0.0000000E+000   0.0000000E+000   0.0000000E+000
   1.7160000E+001   0.0000000E+000   0.0000000E+000   0.0000000E+000   0.0000000E+000   0.0000000E+000
   1.7200000E+001   0.0000000E+000   0.0000000E+000   0.0000000E+000   0.0000000E+000   0.0000000E+000
   1.7240000E+001   0.0000000E+000   0.0000000E+000   0.0000000E+000   0.0000000E+000   0.0000000E+000
   1.7280000E+001   0.0000000E+000   0.0000000E+000   0.0000000E+000   0.0000000E+000   0.0000000E+000
   1.7320000E+001   0.0000000E+000   0.0000000E+000   0.0000000E+000   0.0000000E+000   0.0000000E+000
   1.7359999E+001   0.0000000E+000   0.0000000E+000   0.0000000E+000   0.0000000E+000   0.0000000E+000
   1.7400000E+001   0.0000000E+000   0.0000000E+000   0.0000000E+000   0.0000000E+000   0.0000000E+000
   1.7440000E+001   0.0000000E+000   0.0000000E+000   0.0000000E+000   0.0000000E+000   0.0000000E+000
   1.7480000E+001   0.0000000E+000   0.0000000E+000   0.0000000E+000   0.0000000E+000   0.0000000E+000
   1.7520000E+001   0.0000000E+000   0.0000000E+000   0.0000000E+000   0.0000000E+000   0.0000000E+000
   1.7560000E+001   0.0000000E+000   0.0000000E+000   0.0000000E+000   0.0000000E+000   0.0000000E+000
   1.7600000E+001   0.0000000E+000   0.0000000E+000   0.0000000E+000   0.0000000E+000   0.0000000E+000
   1.7640001E+001   0.0000000E+000   0.0000000E+000   0.0000000E+000   0.0000000E+000   0.0000000E+000
   1.7680000E+001   0.0000000E+000   0.0000000E+000   0.0000000E+000   0.0000000E+000   0.0000000E+000
   1.7720000E+001   0.0000000E+000   0.0000000E+000   0.0000000E+000   0.0000000E+000   0.0000000E+000
   1.7760000E+001   0.0000000E+000   0.0000000E+000   0.0000000E+000   0.0000000E+000   0.0000000E+000
   1.7800000E+001   0.0000000E+000   0.0000000E+000   0.0000000E+000   0.0000000E+000   0.0000000E+000
   1.7840000E+001   0.0000000E+000   0.0000000E+000   0.0000000E+000   0.0000000E+000   0.0000000E+000
   1.7880000E+001   0.0000000E+000   0.0000000E+000   0.0000000E+000   0.0000000E+000   0.0000000E+000
   1.7920001E+001   0.0000000E+000   0.0000000E+000   0.0000000E+000   0.0000000E+000   0.0000000E+000
   1.7960000E+001   0.0000000E+000   0.0000000E+000   0.0000000E+000   0.0000000E+000   0.0000000E+000
   1.8000000E+001   0.0000000E+000   0.0000000E+000   0.0000000E+000   0.0000000E+000   0.0000000E+000
   1.8040000E+001   0.0000000E+000   0.0000000E+000   0.0000000E+000   0.0000000E+000   0.0000000E+000
   1.8080000E+001   0.0000000E+000   0.0000000E+000   0.0000000E+000   0.0000000E+000   0.0000000E+000
   1.8120000E+001   0.0000000E+000   0.0000000E+000   0.0000000E+000   0.0000000E+000   0.0000000E+000
   1.8160000E+001   0.0000000E+000   0.0000000E+000   0.0000000E+000   0.0000000E+000   0.0000000E+000
   1.8200001E+001   0.0000000E+000   0.0000000E+000   0.0000000E+000   0.0000000E+000   0.0000000E+000
   1.8240000E+001   0.0000000E+000   0.0000000E+000   0.0000000E+000   0.0000000E+000   0.0000000E+000
   1.8279999E+001   0.0000000E+000   0.0000000E+000   0.0000000E+000   0.0000000E+000   0.0000000E+000
   1.8320000E+001   0.0000000E+000   0.0000000E+000   0.0000000E+000   0.0000000E+000   0.0000000E+000
   1.8360000E+001   0.0000000E+000   0.0000000E+000   0.0000000E+000   0.0000000E+000   0.0000000E+000
   1.8400000E+001   0.0000000E+000   0.0000000E+000   0.0000000E+000   0.0000000E+000   0.0000000E+000
   1.8440000E+001   0.0000000E+000   0.0000000E+000   0.0000000E+000   0.0000000E+000   0.0000000E+000
   1.8480000E+001   0.0000000E+000   0.0000000E+000   0.0000000E+000   0.0000000E+000   0.0000000E+000
   1.8520000E+001   0.0000000E+000   0.0000000E+000   0.0000000E+000   0.0000000E+000   0.0000000E+000
   1.8559999E+001   0.0000000E+000   0.0000000E+000   0.0000000E+000   0.0000000E+000   0.0000000E+000
   1.8600000E+001   0.0000000E+000   0.0000000E+000   0.0000000E+000   0.0000000E+000   0.0000000E+000
   1.8640000E+001   0.0000000E+000   0.0000000E+000   0.0000000E+000   0.0000000E+000   0.0000000E+000
   1.8680000E+001   0.0000000E+000   0.0000000E+000   0.0000000E+000   0.0000000E+000   0.0000000E+000
   1.8720000E+001   0.0000000E+000   0.0000000E+000   0.0000000E+000   0.0000000E+000   0.0000000E+000
   1.8760000E+001   0.0000000E+000   0.0000000E+000   0.0000000E+000   0.0000000E+000   0.0000000E+000
   1.8800000E+001   0.0000000E+000   0.0000000E+000   0.0000000E+000   0.0000000E+000   0.0000000E+000
   1.8839999E+001   0.0000000E+000   0.0000000E+000   0.0000000E+000   0.0000000E+000   0.0000000E+000
   1.8880000E+001   0.0000000E+000   0.0000000E+000   0.0000000E+000   0.0000000E+000   0.0000000E+000
   1.8920000E+001   0.0000000E+000   0.0000000E+000   0.0000000E+000   0.0000000E+000   0.0000000E+000
   1.8960000E+001   0.0000000E+000   0.0000000E+000   0.0000000E+000   0.0000000E+000   0.0000000E+000
   1.9000000E+001   0.0000000E+000   0.0000000E+000   0.0000000E+000   0.0000000E+000   0.0000000E+000
   1.9040000E+001   0.0000000E+000   0.0000000E+000   0.0000000E+000   0.0000000E+000   0.0000000E+000
   1.9080000E+001   0.0000000E+000   0.0000000E+000   0.0000000E+000   0.0000000E+000   0.0000000E+000
   1.9119999E+001   0.0000000E+000   0.0000000E+000   0.0000000E+000   0.0000000E+000   0.0000000E+000
   1.9160000E+001   0.0000000E+000   0.0000000E+000   0.0000000E+000   0.0000000E+000   0.0000000E+000
   1.9200000E+001   0.0000000E+000   0.0000000E+000   0.0000000E+000   0.0000000E+000   0.0000000E+000
   1.9240000E+001   0.0000000E+000   0.0000000E+000   0.0000000E+000   0.0000000E+000   0.0000000E+000
   1.9280000E+001   0.0000000E+000   0.0000000E+000   0.0000000E+000   0.0000000E+000   0.0000000E+000
   1.9320000E+001   0.0000000E+000   0.0000000E+000   0.0000000E+000   0.0000000E+000   0.0000000E+000
   1.9360000E+001   0.0000000E+000   0.0000000E+000   0.0000000E+000   0.0000000E+000   0.0000000E+000
   1.9400001E+001   0.0000000E+000   0.0000000E+000   0.0000000E+000   0.0000000E+000   0.0000000E+000
   1.9440000E+001   0.0000000E+000   0.0000000E+000   0.0000000E+000   0.0000000E+000   0.0000000E+000
   1.9480000E+001   0.0000000E+000   0.0000000E+000   0.0000000E+000   0.0000000E+000   0.0000000E+000
   1.9520000E+001   0.0000000E+000   0.0000000E+000   0.0000000E+000   0.0000000E+000   0.0000000E+000
   1.9560000E+001   0.0000000E+000   0.0000000E+000   0.0000000E+000   0.0000000E+000   0.0000000E+000
   1.9600000E+001   0.0000000E+000   0.0000000E+000   0.0000000E+000   0.0000000E+000   0.0000000E+000
   1.9640000E+001   0.0000000E+000   0.0000000E+000   0.0000000E+000   0.0000000E+000   0.0000000E+000
   1.9680001E+001   0.0000000E+000   0.0000000E+000   0.0000000E+000   0.0000000E+000   0.0000000E+000
   1.9720000E+001   0.0000000E+000   0.0000000E+000   0.0000000E+000   0.0000000E+000   0.0000000E+000
   1.9760000E+001   0.0000000E+000   0.0000000E+000   0.0000000E+000   0.0000000E+000   0.0000000E+000
   1.9800000E+001   0.0000000E+000   0.0000000E+000   0.0000000E+000   0.0000000E+000   0.0000000E+000
   1.9840000E+001   0.0000000E+000   0.0000000E+000   0.0000000E+000   0.0000000E+000   0.0000000E+000
   1.9880000E+001   0.0000000E+000   0.0000000E+000   0.0000000E+000   0.0000000E+000   0.0000000E+000
   1.9920000E+001   0.0000000E+000   0.0000000E+000   0.0000000E+000   0.0000000E+000   0.0000000E+000
   1.9960001E+001   0.0000000E+000   0.0000000E+000   0.0000000E+000   0.0000000E+000   0.0000000E+000
   2.0000000E+001   0.0000000E+000   0.0000000E+000   0.0000000E+000   0.0000000E+000   0.0000000E+000
