   8.0000004E-002   0.0000000E+000   0.0000000E+000   0.0000000E+000   0.0000000E+000   0.0000000E+000
   1.2000000E-001   0.0000000E+000   0.0000000E+000   0.0000000E+000   0.0000000E+000   0.0000000E+000
   1.6000001E-001   0.0000000E+000   0.0000000E+000   0.0000000E+000   0.0000000E+000   0.0000000E+000
   2.0000000E-001   0.0000000E+000   0.0000000E+000   0.0000000E+000   0.0000000E+000   0.0000000E+000
   2.4000000E-001   0.0000000E+000   0.0000000E+000   0.0000000E+000   0.0000000E+000   0.0000000E+000
   2.8000001E-001   0.0000000E+000   0.0000000E+000   0.0000000E+000   0.0000000E+000   0.0000000E+000
   3.2000002E-001   0.0000000E+000   0.0000000E+000   0.0000000E+000   0.0000000E+000   0.0000000E+000
   3.5999998E-001   0.0000000E+000   0.0000000E+000   0.0000000E+000   0.0000000E+000   0.0000000E+000
   3.9999999E-001   0.0000000E+000   0.0000000E+000   0.0000000E+000   0.0000000E+000   0.0000000E+000
   4.4000000E-001   0.0000000E+000   0.0000000E+000   0.0000000E+000   0.0000000E+000   0.0000000E+000
   4.8000000E-001   0.0000000E+000   0.0000000E+000   0.0000000E+000   0.0000000E+000   0.0000000E+000
   5.2000001E-001   0.0000000E+000   0.0000000E+000   0.0000000E+000   0.0000000E+000   0.0000000E+000
   5.6000002E-001   0.0000000E+000   0.0000000E+000   0.0000000E+000   0.0000000E+000   0.0000000E+000
   5.9999999E-001   0.0000000E+000   0.0000000E+000   0.0000000E+000   0.0000000E+000   0.0000000E+000
   6.4000003E-001   0.0000000E+000   0.0000000E+000   0.0000000E+000   0.0000000E+000   0.0000000E+000
   6.8000004E-001   0.0000000E+000   0.0000000E+000   0.0000000E+000   0.0000000E+000   0.0000000E+000
   7.1999997E-001   0.0000000E+000   0.0000000E+000   0.0000000E+000   0.0000000E+000   0.0000000E+000
   7.5999998E-001   0.0000000E+000   0.0000000E+000   0.0000000E+000   0.0000000E+000   0.0000000E+000
   7.9999998E-001   0.0000000E+000   0.0000000E+000   0.0000000E+000   0.0000000E+000   0.0000000E+000
   8.3999999E-001   0.0000000E+000   0.0000000E+000   0.0000000E+000   0.0000000E+000   0.0000000E+000
   8.8000000E-001   0.0000000E+000   0.0000000E+000   0.0000000E+000   0.0000000E+000   0.0000000E+000
   9.2000000E-001   0.0000000E+000   0.0000000E+000   0.0000000E+000   0.0000000E+000   0.0000000E+000
   9.6000001E-001   0.0000000E+000   0.0000000E+000   0.0000000E+000   0.0000000E+000   0.0000000E+000
   1.0000000E+000   0.0000000E+000   0.0000000E+000   0.0000000E+000   0.0000000E+000   0.0000000E+000
   1.0400000E+000   0.0000000E+000   0.0000000E+000   0.0000000E+000   0.0000000E+000   0.0000000E+000
   1.0800000E+000   0.0000000E+000   0.0000000E+000   0.0000000E+000   0.0000000E+000   0.0000000E+000
   1.1200000E+000   0.0000000E+000   0.0000000E+000   0.0000000E+000   0.0000000E+000   0.0000000E+000
   1.1600000E+000   0.0000000E+000   0.0000000E+000   0.0000000E+000   0.0000000E+000   0.0000000E+000
   1.2000000E+000   0.0000000E+000   0.0000000E+000   0.0000000E+000   0.0000000E+000   0.0000000E+000
   1.2400000E+000   0.0000000E+000   0.0000000E+000   0.0000000E+000   0.0000000E+000   0.0000000E+000
   1.2800001E+000   0.0000000E+000   0.0000000E+000   0.0000000E+000   0.0000000E+000   0.0000000E+000
   1.3200000E+000   0.0000000E+000   0.0000000E+000   0.0000000E+000   0.0000000E+000   0.0000000E+000
   1.3600001E+000   0.0000000E+000   0.0000000E+000   0.0000000E+000   0.0000000E+000   0.0000000E+000
   1.4000000E+000   0.0000000E+000   0.0000000E+000   0.0000000E+000   0.0000000E+000   0.0000000E+000
   1.4399999E+000   0.0000000E+000   0.0000000E+000   0.0000000E+000   0.0000000E+000   0.0000000E+000
   1.4800000E+000   0.0000000E+000   0.0000000E+000   0.0000000E+000   0.0000000E+000   0.0000000E+000
   1.5200000E+000   0.0000000E+000   0.0000000E+000   0.0000000E+000   0.0000000E+000   0.0000000E+000
   1.5600000E+000   0.0000000E+000   0.0000000E+000   0.0000000E+000   0.0000000E+000   0.0000000E+000
   1.6000000E+000   0.0000000E+000   0.0000000E+000   0.0000000E+000   0.0000000E+000   0.0000000E+000
   1.6400000E+000   0.0000000E+000   0.0000000E+000   0.0000000E+000   0.0000000E+000   0.0000000E+000
   1.6800000E+000   0.0000000E+000   0.0000000E+000   0.0000000E+000   0.0000000E+000   0.0000000E+000
   1.7200001E+000   0.0000000E+000   0.0000000E+000   0.0000000E+000   0.0000000E+000   0.0000000E+000
   1.7600000E+000   0.0000000E+000   0.0000000E+000   0.0000000E+000   0.0000000E+000   0.0000000E+000
   1.8000001E+000   0.0000000E+000   0.0000000E+000   0.0000000E+000   0.0000000E+000   0.0000000E+000
   1.8400000E+000   0.0000000E+000   0.0000000E+000   0.0000000E+000   0.0000000E+000   0.0000000E+000
   1.8799999E+000   0.0000000E+000   0.0000000E+000   0.0000000E+000   0.0000000E+000   0.0000000E+000
   1.9200000E+000   0.0000000E+000   0.0000000E+000   0.0000000E+000   0.0000000E+000   0.0000000E+000
   1.9599999E+000   0.0000000E+000   0.0000000E+000   0.0000000E+000   0.0000000E+000   0.0000000E+000
   2.0000000E+000   0.0000000E+000   0.0000000E+000   0.0000000E+000   0.0000000E+000   0.0000000E+000
   2.0400000E+000   0.0000000E+000   0.0000000E+000   0.0000000E+000   0.0000000E+000   0.0000000E+000
   2.0800000E+000   0.0000000E+000   0.0000000E+000   0.0000000E+000   0.0000000E+000   0.0000000E+000
   2.1200000E+000   0.0000000E+000   0.0000000E+000   0.0000000E+000   0.0000000E+000   0.0000000E+000
   2.1600001E+000   0.0000000E+000   0.0000000E+000   0.0000000E+000   0.0000000E+000   0.0000000E+000
   2.2000000E+000   0.0000000E+000   0.0000000E+000   0.0000000E+000   0.0000000E+000   0.0000000E+000
   2.2400001E+000   0.0000000E+000   0.0000000E+000   0.0000000E+000   0.0000000E+000   0.0000000E+000
   2.2800000E+000   0.0000000E+000   0.0000000E+000   0.0000000E+000   0.0000000E+000   0.0000000E+000
   2.3199999E+000   0.0000000E+000   0.0000000E+000   0.0000000E+000   0.0000000E+000   0.0000000E+000
   2.3600000E+000   0.0000000E+000   0.0000000E+000   0.0000000E+000   0.0000000E+000   0.0000000E+000
   2.3999999E+000   0.0000000E+000   0.0000000E+000   0.0000000E+000   0.0000000E+000   0.0000000E+000
   2.4400000E+000   0.0000000E+000   0.0000000E+000   0.0000000E+000   0.0000000E+000   0.0000000E+000
   2.4800000E+000   0.0000000E+000   0.0000000E+000   0.0000000E+000   0.0000000E+000   0.0000000E+000
   2.5200000E+000   0.0000000E+000   0.0000000E+000   0.0000000E+000   0.0000000E+000   0.0000000E+000
   2.5600001E+000   0.0000000E+000   0.0000000E+000   0.0000000E+000   0.0000000E+000   0.0000000E+000
   2.5999999E+000   0.0000000E+000   0.0000000E+000   0.0000000E+000   0.0000000E+000   0.0000000E+000
   2.6400000E+000   0.0000000E+000   0.0000000E+000   0.0000000E+000   0.0000000E+000   0.0000000E+000
   2.6800001E+000   0.0000000E+000   0.0000000E+000   0.0000000E+000   0.0000000E+000   0.0000000E+000
   2.7200001E+000   0.0000000E+000   0.0000000E+000   0.0000000E+000   0.0000000E+000   0.0000000E+000
   2.7599999E+000   0.0000000E+000   0.0000000E+000   0.0000000E+000   0.0000000E+000   0.0000000E+000
   2.8000000E+000   0.0000000E+000   0.0000000E+000   0.0000000E+000   0.0000000E+000   0.0000000E+000
   2.8400001E+000   0.0000000E+000   0.0000000E+000   0.0000000E+000   0.0000000E+000   0.0000000E+000
   2.8799999E+000   0.0000000E+000   0.0000000E+000   0.0000000E+000   0.0000000E+000   0.0000000E+000
   2.9200000E+000   0.0000000E+000   0.0000000E+000   0.0000000E+000   0.0000000E+000   0.0000000E+000
   2.9600000E+000   0.0000000E+000   0.0000000E+000   0.0000000E+000   0.0000000E+000   0.0000000E+000
   3.0000001E+000   0.0000000E+000   0.0000000E+000   0.0000000E+000   0.0000000E+000   0.0000000E+000
   3.0399999E+000   0.0000000E+000   0.0000000E+000   0.0000000E+000   0.0000000E+000   0.0000000E+000
   3.0800000E+000   0.0000000E+000   0.0000000E+000   0.0000000E+000   0.0000000E+000   0.0000000E+000
   3.1200001E+000   0.0000000E+000   0.0000000E+000   0.0000000E+000   0.0000000E+000   0.0000000E+000
   3.1600001E+000   0.0000000E+000   0.0000000E+000   0.0000000E+000   0.0000000E+000   0.0000000E+000
   3.1999999E+000   0.0000000E+000   0.0000000E+000   0.0000000E+000   0.0000000E+000   0.0000000E+000
   3.2400000E+000   0.0000000E+000   0.0000000E+000   0.0000000E+000   0.0000000E+000   0.0000000E+000
   3.2800001E+000   0.0000000E+000   0.0000000E+000   0.0000000E+000   0.0000000E+000   0.0000000E+000
   3.3199999E+000   0.0000000E+000   0.0000000E+000   0.0000000E+000   0.0000000E+000   0.0000000E+000
   3.3600000E+000   0.0000000E+000   0.0000000E+000   0.0000000E+000   0.0000000E+000   0.0000000E+000
   3.4000000E+000   0.0000000E+000   0.0000000E+000   0.0000000E+000   0.0000000E+000   0.0000000E+000
   3.4400001E+000   0.0000000E+000   0.0000000E+000   0.0000000E+000   0.0000000E+000   0.0000000E+000
   3.4799999E+000   0.0000000E+000   0.0000000E+000   0.0000000E+000   0.0000000E+000   0.0000000E+000
   3.5200000E+000   0.0000000E+000   0.0000000E+000   0.0000000E+000   0.0000000E+000   0.0000000E+000
   3.5600001E+000   0.0000000E+000   0.0000000E+000   0.0000000E+000   0.0000000E+000   0.0000000E+000
   3.6000001E+000   0.0000000E+000   0.0000000E+000   0.0000000E+000   0.0000000E+000   0.0000000E+000
   3.6399999E+000   0.0000000E+000   0.0000000E+000   0.0000000E+000   0.0000000E+000   0.0000000E+000
   3.6800000E+000   0.0000000E+000   0.0000000E+000   0.0000000E+000   0.0000000E+000   0.0000000E+000
   3.7200001E+000   0.0000000E+000   0.0000000E+000   0.0000000E+000   0.0000000E+000   0.0000000E+000
   3.7599999E+000   0.0000000E+000   0.0000000E+000   0.0000000E+000   0.0000000E+000   0.0000000E+000
   3.8000000E+000   0.0000000E+000   0.0000000E+000   0.0000000E+000   0.0000000E+000   0.0000000E+000
   3.8400000E+000   0.0000000E+000   0.0000000E+000   0.0000000E+000   0.0000000E+000   0.0000000E+000
   3.8800001E+000   0.0000000E+000   0.0000000E+000   0.0000000E+000   0.0000000E+000   0.0000000E+000
   3.9199999E+000   0.0000000E+000   0.0000000E+000   0.0000000E+000   0.0000000E+000   0.0000000E+000
   3.9600000E+000   0.0000000E+000   0.0000000E+000   0.0000000E+000   0.0000000E+000   0.0000000E+000
   4.0000001E+000   0.0000000E+000   0.0000000E+000   0.0000000E+000   0.0000000E+000   0.0000000E+000
   4.0400001E+000   0.0000000E+000   0.0000000E+000   0.0000000E+000   0.0000000E+000   0.0000000E+000
   4.0799999E+000   0.0000000E+000   0.0000000E+000   0.0000000E+000   0.0000000E+000   0.0000000E+000
   4.1200000E+000   0.0000000E+000   0.0000000E+000   0.0000000E+000   0.0000000E+000   0.0000000E+000
   4.1600001E+000   0.0000000E+000   0.0000000E+000   0.0000000E+000   0.0000000E+000   0.0000000E+000
   4.1999999E+000   0.0000000E+000   0.0000000E+000   0.0000000E+000   0.0000000E+000   0.0000000E+000
   4.2399999E+000   0.0000000E+000   0.0000000E+000   0.0000000E+000   0.0000000E+000   0.0000000E+000
   4.2800000E+000   0.0000000E+000   0.0000000E+000   0.0000000E+000   0.0000000E+000   0.0000000E+000
   4.3200001E+000   0.0000000E+000   0.0000000E+000   0.0000000E+000   0.0000000E+000   0.0000000E+000
   4.3599999E+000   0.0000000E+000   0.0000000E+000   0.0000000E+000   0.0000000E+000   0.0000000E+000
   4.4000000E+000   0.0000000E+000   0.0000000E+000   0.0000000E+000   0.0000000E+000   0.0000000E+000
   4.4400001E+000   0.0000000E+000   0.0000000E+000   0.0000000E+000   0.0000000E+000   0.0000000E+000
   4.4800001E+000   0.0000000E+000   0.0000000E+000   0.0000000E+000   0.0000000E+000   0.0000000E+000
   4.5199999E+000   0.0000000E+000   0.0000000E+000   0.0000000E+000   0.0000000E+000   0.0000000E+000
   4.5600000E+000   0.0000000E+000   0.0000000E+000   0.0000000E+000   0.0000000E+000   0.0000000E+000
   4.6000001E+000   0.0000000E+000   0.0000000E+000   0.0000000E+000   0.0000000E+000   0.0000000E+000
   4.6399999E+000   0.0000000E+000   0.0000000E+000   0.0000000E+000   0.0000000E+000   0.0000000E+000
   4.6799999E+000   0.0000000E+000   0.0000000E+000   0.0000000E+000   0.0000000E+000   0.0000000E+000
   4.7200000E+000   0.0000000E+000   0.0000000E+000   0.0000000E+000   0.0000000E+000   0.0000000E+000
   4.7600001E+000   0.0000000E+000   0.0000000E+000   0.0000000E+000   0.0000000E+000   0.0000000E+000
   4.7999999E+000   0.0000000E+000   0.0000000E+000   0.0000000E+000   0.0000000E+000   0.0000000E+000
   4.8400000E+000   0.0000000E+000   0.0000000E+000   0.0000000E+000   0.0000000E+000   0.0000000E+000
   4.8800001E+000   0.0000000E+000   0.0000000E+000   0.0000000E+000   0.0000000E+000   0.0000000E+000
   4.9200001E+000   0.0000000E+000   0.0000000E+000   0.0000000E+000   0.0000000E+000   0.0000000E+000
   4.9599999E+000   0.0000000E+000   0.0000000E+000   0.0000000E+000   0.0000000E+000   0.0000000E+000
   5.0000000E+000   0.0000000E+000   0.0000000E+000   0.0000000E+000   0.0000000E+000   0.0000000E+000
   5.0400001E+000   0.0000000E+000   0.0000000E+000   0.0000000E+000   0.0000000E+000   0.0000000E+000
   5.0800002E+000   0.0000000E+000   0.0000000E+000   0.0000000E+000   0.0000000E+000   0.0000000E+000
   5.1200002E+000   0.0000000E+000   0.0000000E+000   0.0000000E+000   0.0000000E+000   0.0000000E+000
   5.1599997E+000   0.0000000E+000   0.0000000E+000   0.0000000E+000   0.0000000E+000   0.0000000E+000
   5.1999998E+000   0.0000000E+000   0.0000000E+000   0.0000000E+000   0.0000000E+000   0.0000000E+000
   5.2399999E+000   0.0000000E+000   0.0000000E+000   0.0000000E+000   0.0000000E+000   0.0000000E+000
   5.2800000E+000   0.0000000E+000   0.0000000E+000   0.0000000E+000   0.0000000E+000   0.0000000E+000
   5.3200001E+000   0.0000000E+000   0.0000000E+000   0.0000000E+000   0.0000000E+000   0.0000000E+000
   5.3600001E+000   0.0000000E+000   0.0000000E+000   0.0000000E+000   0.0000000E+000   0.0000000E+000
   5.4000002E+000   0.0000000E+000   0.0000000E+000   0.0000000E+000   0.0000000E+000   0.0000000E+000
   5.4400003E+000   0.0000000E+000   0.0000000E+000   0.0000000E+000   0.0000000E+000   0.0000000E+000
   5.4799998E+000   0.0000000E+000   0.0000000E+000   0.0000000E+000   0.0000000E+000   3.4909096E-276
   5.5199999E+000   0.0000000E+000   0.0000000E+000   1.7461643E-120   9.8029918E-122   3.2046018E-180
   5.5599999E+000   0.0000000E+000   0.0000000E+000   2.1570870E-078   6.0424707E-080   1.2665885E-116
   5.6000000E+000   0.0000000E+000   0.0000000E+000   8.4170328E-051   1.7717162E-052   9.9035930E-075
   5.6400001E+000   0.0000000E+000   0.0000000E+000   8.4029289E-033   1.3675764E-034   2.5882517E-047
   5.6800002E+000   0.0000000E+000   0.0000000E+000   4.0126258E-021   7.4446625E-023   1.6906510E-029
   5.7200003E+000   0.0000000E+000   0.0000000E+000   1.3569469E-013   2.8319488E-015   5.1240323E-018
   5.7599998E+000   0.0000000E+000   0.0000000E+000   8.8901349E-009   1.5899753E-010   1.0906345E-010
   5.7999998E+000   0.0000000E+000   0.0000000E+000   1.0407400E-005   1.7012294E-007   4.5484066E-006
   5.8399999E+000   0.0000000E+000   0.0000000E+000   8.9325143E-004   2.2258489E-005   3.3351645E-003
   5.8800000E+000   0.0000000E+000   0.0000000E+000   1.3610637E-002   3.2767873E-004   1.8107257E-001
   5.9200001E+000   0.0000000E+000   0.0000000E+000   6.4275544E-002   1.7783947E-003   1.8561938E+000
   5.9600002E+000   0.0000000E+000   0.0000000E+000   1.3089139E-001   4.2371837E-003   6.5831787E+000
   6.0000002E+000   0.0000000E+000   0.0000000E+000   1.4117230E-001   4.8601950E-003   1.1920447E+001
   6.0399997E+000   0.0000000E+000   0.0000000E+000   9.8000623E-002   3.1100933E-003   1.4126571E+001
   6.0799998E+000   0.0000000E+000   0.0000000E+000   5.3576451E-002   2.0577570E-003   1.2822827E+001
   6.1199999E+000   0.0000000E+000   0.0000000E+000   2.7530776E-002   9.2682333E-004   9.8418731E+000
   6.1600000E+000   0.0000000E+000   0.0000000E+000   1.4036754E-002   5.7080306E-004   6.7934806E+000
   6.2000000E+000   0.0000000E+000   0.0000000E+000   7.4653821E-003   3.4464665E-004   4.3809603E+000
   6.2400001E+000   0.0000000E+000   0.0000000E+000   4.2174553E-003   2.1725886E-004   2.7016194E+000
   6.2800002E+000   0.0000000E+000   0.0000000E+000   2.4041680E-003   1.3238877E-004   1.6157218E+000
   6.3200003E+000   0.0000000E+000   0.0000000E+000   1.3636041E-003   8.8901383E-005   9.4499189E-001
   6.3599998E+000   0.0000000E+000   0.0000000E+000   7.7752520E-004   4.9992985E-005   5.4314821E-001
   6.3999999E+000   0.0000000E+000   0.0000000E+000   4.4077616E-004   3.4704010E-005   3.0762324E-001
   6.4399999E+000   0.0000000E+000   0.0000000E+000   2.4822233E-004   1.6628390E-005   1.7192917E-001
   6.4800000E+000   0.0000000E+000   0.0000000E+000   1.4159524E-004   9.3197629E-006   9.4883073E-002
   6.5200001E+000   0.0000000E+000   0.0000000E+000   7.7135864E-005   4.9440326E-006   5.1714260E-002
   6.5600002E+000   0.0000000E+000   0.0000000E+000   4.1941110E-005   2.8112491E-006   2.7833153E-002
   6.6000003E+000   0.0000000E+000   0.0000000E+000   2.2180990E-005   1.5106920E-006   1.4788181E-002
   6.6399997E+000   0.0000000E+000   0.0000000E+000   1.2011314E-005   8.4677535E-007   7.7532883E-003
   6.6799998E+000   0.0000000E+000   0.0000000E+000   6.4821899E-006   4.8077726E-007   4.0092071E-003
   6.7199999E+000   0.0000000E+000   0.0000000E+000   3.2797554E-006   2.9507286E-007   2.0435589E-003
   6.7600000E+000   0.0000000E+000   0.0000000E+000   1.7100756E-006   1.5734705E-007   1.0261309E-003
   6.8000001E+000   0.0000000E+000   0.0000000E+000   8.4857458E-007   7.8772940E-008   5.0724019E-004
   6.8400002E+000   0.0000000E+000   0.0000000E+000   4.1939010E-007   3.5740062E-008   2.4666392E-004
   6.8800002E+000   0.0000000E+000   0.0000000E+000   2.0063765E-007   1.6720527E-008   1.1790733E-004
   6.9199997E+000   0.0000000E+000   0.0000000E+000   9.6806698E-008   7.6576117E-009   5.5354891E-005
   6.9599998E+000   0.0000000E+000   0.0000000E+000   4.3923980E-008   3.3409335E-009   2.5501191E-005
   6.9999999E+000   0.0000000E+000   0.0000000E+000   2.0026793E-008   1.6150374E-009   1.1516837E-005
   7.0400000E+000   0.0000000E+000   0.0000000E+000   8.8646277E-009   6.6029700E-010   5.0935427E-006
   7.0800000E+000   0.0000000E+000   0.0000000E+000   4.0054289E-009   2.8746477E-010   2.2035833E-006
   7.1200001E+000   0.0000000E+000   0.0000000E+000   1.7567299E-009   1.1609234E-010   9.3138583E-007
   7.1600002E+000   0.0000000E+000   0.0000000E+000   7.4387351E-010   4.9768870E-011   3.8409852E-007
   7.2000003E+000   0.0000000E+000   0.0000000E+000   3.0498861E-010   1.8438271E-011   1.5432621E-007
   7.2399998E+000   0.0000000E+000   0.0000000E+000   1.1718896E-010   6.8387747E-012   6.0316326E-008
   7.2799999E+000   0.0000000E+000   0.0000000E+000   4.4322314E-011   2.5826547E-012   2.2891690E-008
   7.3199999E+000   0.0000000E+000   0.0000000E+000   1.6254313E-011   9.0087936E-013   8.4206517E-009
   7.3600000E+000   0.0000000E+000   0.0000000E+000   5.7225139E-012   3.2177267E-013   2.9959405E-009
   7.4000001E+000   0.0000000E+000   0.0000000E+000   2.0147125E-012   1.1465707E-013   1.0285877E-009
   7.4400002E+000   0.0000000E+000   0.0000000E+000   6.3964991E-013   3.9469888E-014   3.3991020E-010
   7.4800003E+000   0.0000000E+000   0.0000000E+000   2.0335778E-013   1.2009653E-014   1.0781341E-010
   7.5199997E+000   0.0000000E+000   0.0000000E+000   6.4283808E-014   5.1915116E-015   3.2718718E-011
   7.5599998E+000   0.0000000E+000   0.0000000E+000   1.8356790E-014   1.5218832E-015   9.4667150E-012
   7.5999999E+000   0.0000000E+000   0.0000000E+000   5.0547952E-015   3.7846320E-016   2.6010842E-012
   7.6400000E+000   0.0000000E+000   0.0000000E+000   1.2993139E-015   1.0768446E-016   6.7562972E-013
   7.6800001E+000   0.0000000E+000   0.0000000E+000   3.1821982E-016   2.4175875E-017   1.6506042E-013
   7.7200001E+000   0.0000000E+000   0.0000000E+000   7.0299616E-017   5.1418635E-018   3.7706861E-014
   7.7600002E+000   0.0000000E+000   0.0000000E+000   1.4794204E-017   9.2082436E-019   8.0006199E-015
   7.7999997E+000   0.0000000E+000   0.0000000E+000   2.9095449E-018   1.8701469E-019   1.5644953E-015
   7.8399998E+000   0.0000000E+000   0.0000000E+000   5.0643725E-019   4.2272589E-020   2.7940244E-016
   7.8799999E+000   0.0000000E+000   0.0000000E+000   8.1714198E-020   5.8028465E-021   4.5087168E-017
   7.9200000E+000   0.0000000E+000   0.0000000E+000   1.1453011E-020   6.9752419E-022   6.4913246E-018
   7.9600000E+000   0.0000000E+000   0.0000000E+000   1.4207981E-021   7.4249040E-023   8.2121856E-019
   8.0000001E+000   0.0000000E+000   0.0000000E+000   1.4834837E-022   6.6900089E-024   8.9618467E-020
   8.0400002E+000   0.0000000E+000   0.0000000E+000   1.3446979E-023   6.0616981E-025   8.2463372E-021
   8.0800003E+000   0.0000000E+000   0.0000000E+000   9.2775953E-025   5.3378425E-026   6.2184728E-022
   8.1199998E+000   0.0000000E+000   0.0000000E+000   5.2159890E-026   2.5697060E-027   3.7061156E-023
   8.1599998E+000   0.0000000E+000   0.0000000E+000   2.1844056E-027   1.1402305E-028   1.6652615E-024
   8.1999999E+000   0.0000000E+000   0.0000000E+000   6.5225599E-029   3.4866369E-030   5.2970904E-026
   8.2400000E+000   0.0000000E+000   0.0000000E+000   1.2626273E-030   6.3749904E-032   1.0938301E-027
   8.2800001E+000   0.0000000E+000   0.0000000E+000   1.2974241E-032   6.7383564E-034   1.2952832E-029
   8.3200002E+000   0.0000000E+000   0.0000000E+000   6.2257608E-035   3.8479056E-036   7.2995159E-032
   8.3600003E+000   0.0000000E+000   0.0000000E+000   1.0333418E-037   6.3334845E-039   1.4509038E-034
   8.3999997E+000   0.0000000E+000   0.0000000E+000   3.3004813E-041   1.6648541E-042   6.0001217E-038
   8.4399998E+000   0.0000000E+000   0.0000000E+000   6.9432891E-046   4.2323419E-047   1.7708874E-042
   8.4799999E+000   0.0000000E+000   0.0000000E+000   6.0351515E-053   3.4838698E-054   2.3489822E-049
   8.5200000E+000   0.0000000E+000   0.0000000E+000   6.6597853E-068   4.1828469E-069   3.8029518E-064
   8.5600001E+000   0.0000000E+000   0.0000000E+000   6.0353606E-053   2.1819718E-054  -3.8029518E-064
   8.6000001E+000   0.0000000E+000   0.0000000E+000   7.6848265E-046   3.0783239E-047  -2.3489822E-049
   8.6400002E+000   0.0000000E+000   0.0000000E+000   3.7053187E-041   2.2231877E-042  -1.7708874E-042
   8.6799997E+000   0.0000000E+000   0.0000000E+000   1.2165722E-037   6.1144842E-039  -6.0001217E-038
   8.7199998E+000   0.0000000E+000   0.0000000E+000   7.4448764E-035   3.8001182E-036  -1.4509038E-034
   8.7599999E+000   0.0000000E+000   0.0000000E+000   1.5688732E-032   7.2955827E-034  -7.2995159E-032
   8.8000000E+000   0.0000000E+000   0.0000000E+000   1.5774784E-030   6.9606223E-032  -1.2952832E-029
   8.8400000E+000   0.0000000E+000   0.0000000E+000   8.7905066E-029   3.4049245E-030  -1.0938301E-027
   8.8800001E+000   0.0000000E+000   0.0000000E+000   3.0814969E-027   1.0310648E-028  -5.2970904E-026
   8.9200002E+000   0.0000000E+000   0.0000000E+000   7.5879412E-026   2.4494661E-027  -1.6652615E-024
   8.9600003E+000   0.0000000E+000   0.0000000E+000   1.3579956E-024   4.1748685E-026  -3.7061156E-023
   8.9999998E+000   0.0000000E+000   0.0000000E+000   1.9058651E-023   6.3502440E-025  -6.2184728E-022
   9.0399998E+000   0.0000000E+000   0.0000000E+000   2.2182699E-022   7.2859302E-024  -8.2463372E-021
   9.0799999E+000   0.0000000E+000   0.0000000E+000   2.1331440E-021   8.3207344E-023  -8.9618467E-020
   9.1200000E+000   0.0000000E+000   0.0000000E+000   1.7776228E-020   6.0428898E-022  -8.2121856E-019
   9.1600001E+000   0.0000000E+000   0.0000000E+000   1.3334852E-019   4.1949722E-021  -6.4913246E-018
   9.2000002E+000   0.0000000E+000   0.0000000E+000   8.7355554E-019   2.3156019E-020  -4.5087168E-017
   9.2400002E+000   0.0000000E+000   0.0000000E+000   5.1390972E-018   1.4142671E-019  -2.7940244E-016
   9.2799997E+000   0.0000000E+000   0.0000000E+000   2.7711689E-017   8.0510143E-019  -1.5644953E-015
   9.3199998E+000   0.0000000E+000   0.0000000E+000   1.3480477E-016   3.9926726E-018  -8.0006199E-015
   9.3599999E+000   0.0000000E+000   0.0000000E+000   6.1153032E-016   1.9960927E-017  -3.7706861E-014
   9.4000000E+000   0.0000000E+000   0.0000000E+000   2.6303249E-015   9.1719860E-017  -1.6506042E-013
   9.4400001E+000   0.0000000E+000   0.0000000E+000   1.0776575E-014   3.6769190E-016  -6.7562972E-013
   9.4800001E+000   0.0000000E+000   0.0000000E+000   3.9878784E-014   1.3817797E-015  -2.6010842E-012
   9.5200002E+000   0.0000000E+000   0.0000000E+000   1.4052405E-013   6.0399908E-015  -9.4667150E-012
   9.5599997E+000   0.0000000E+000   0.0000000E+000   4.8333393E-013   1.8966963E-014  -3.2718718E-011
   9.5999998E+000   0.0000000E+000   0.0000000E+000   1.5637261E-012   6.6651641E-014  -1.0781341E-010
   9.6399999E+000   0.0000000E+000   0.0000000E+000   4.8912794E-012   2.0892040E-013  -3.3991020E-010
   9.6799999E+000   0.0000000E+000   0.0000000E+000   1.4800166E-011   6.2494725E-013  -1.0285877E-009
   9.7200000E+000   0.0000000E+000   0.0000000E+000   4.2209900E-011   1.6217751E-012  -2.9959405E-009
   9.7600001E+000   0.0000000E+000   0.0000000E+000   1.1667425E-010   3.2358893E-012  -8.4206517E-009
   9.8000002E+000   0.0000000E+000   0.0000000E+000   3.1644941E-010   1.0928618E-011  -2.2891690E-008
   9.8400003E+000   0.0000000E+000   0.0000000E+000   8.1972264E-010   2.8512371E-011  -6.0316326E-008
   9.8799998E+000   0.0000000E+000   0.0000000E+000   2.1001288E-009   8.4655460E-011  -1.5432621E-007
   9.9199998E+000   0.0000000E+000   0.0000000E+000   5.2466488E-009   1.5766517E-010  -3.8409852E-007
   9.9599999E+000   0.0000000E+000   0.0000000E+000   1.2784342E-008   4.5815953E-010  -9.3138583E-007
   1.0000000E+001   0.0000000E+000   0.0000000E+000   2.9984596E-008   1.0827576E-009  -2.2035833E-006
   1.0039999E+001   0.0000000E+000   0.0000000E+000   6.8132212E-008   2.1550908E-009  -5.0935427E-006
   1.0080000E+001   0.0000000E+000   0.0000000E+000   1.5281840E-007   4.8278873E-009  -1.1516837E-005
   1.0120000E+001   0.0000000E+000   0.0000000E+000   3.3702855E-007   9.1471173E-009  -2.5501191E-005
   1.0160000E+001   0.0000000E+000   0.0000000E+000   7.3521825E-007   1.7945769E-008  -5.5354891E-005
   1.0200000E+001   0.0000000E+000   0.0000000E+000   1.5607986E-006   3.7313073E-008  -1.1790733E-004
   1.0240000E+001   0.0000000E+000   0.0000000E+000   3.2251724E-006   7.2814410E-008  -2.4666392E-004
   1.0280000E+001   0.0000000E+000   0.0000000E+000   6.6021894E-006   1.5909083E-007  -5.0724019E-004
   1.0319999E+001   0.0000000E+000   0.0000000E+000   1.3499255E-005   2.9856229E-007  -1.0261309E-003
   1.0360000E+001   0.0000000E+000   0.0000000E+000   2.6857551E-005   5.8180408E-007  -2.0435589E-003
   1.0400000E+001   0.0000000E+000   0.0000000E+000   5.3015690E-005   1.1368387E-006  -4.0092071E-003
   1.0440000E+001   0.0000000E+000   0.0000000E+000   1.0190099E-004   2.0102414E-006  -7.7532883E-003
   1.0480000E+001   0.0000000E+000   0.0000000E+000   1.9409350E-004   3.2872273E-006  -1.4788181E-002
   1.0520000E+001   0.0000000E+000   0.0000000E+000   3.6564744E-004   6.6747969E-006  -2.7833153E-002
   1.0560000E+001   0.0000000E+000   0.0000000E+000   6.8329839E-004   1.2565231E-005  -5.1714260E-002
   1.0599999E+001   0.0000000E+000   0.0000000E+000   1.2658879E-003   2.3580125E-005  -9.4883073E-002
   1.0640000E+001   0.0000000E+000   0.0000000E+000   2.2810118E-003   4.1489466E-005  -1.7192917E-001
   1.0680000E+001   0.0000000E+000   0.0000000E+000   4.1923839E-003   7.0446783E-005  -3.0762324E-001
   1.0720000E+001   0.0000000E+000   0.0000000E+000   7.4692176E-003   1.1262371E-004  -5.4314821E-001
   1.0760000E+001   0.0000000E+000   0.0000000E+000   1.3513844E-002   1.9248532E-004  -9.4499189E-001
   1.0800000E+001   0.0000000E+000   0.0000000E+000   2.4262551E-002   3.2917245E-004  -1.6157218E+000
   1.0840000E+001   0.0000000E+000   0.0000000E+000   4.3508111E-002   5.2770260E-004  -2.7016194E+000
   1.0880001E+001   0.0000000E+000   0.0000000E+000   8.0078565E-002   7.7280382E-004  -4.3809603E+000
   1.0920000E+001   0.0000000E+000   0.0000000E+000   1.4252527E-001   1.0597015E-003  -6.7934806E+000
   1.0960000E+001   0.0000000E+000   0.0000000E+000   2.3646570E-001   1.0173249E-003  -9.8418731E+000
   1.1000000E+001   0.0000000E+000   0.0000000E+000   3.2422315E-001   7.2101752E-004  -1.2822827E+001
   1.1040000E+001   0.0000000E+000   0.0000000E+000   3.2902373E-001   1.7498096E-004  -1.4126571E+001
   1.1080000E+001   0.0000000E+000   0.0000000E+000   2.3071801E-001   6.1257942E-005  -1.1920447E+001
   1.1120000E+001   0.0000000E+000   0.0000000E+000   9.8133304E-002   4.3779943E-005  -6.5831787E+000
   1.1160001E+001   0.0000000E+000   0.0000000E+000   1.9670135E-002   1.6909993E-005  -1.8561938E+000
   1.1200000E+001   0.0000000E+000   0.0000000E+000   1.2694796E-003   1.4442568E-006  -1.8107257E-001
   1.1240000E+001   0.0000000E+000   0.0000000E+000   1.4940967E-005   2.3400667E-008  -3.3351645E-003
   1.1280000E+001   0.0000000E+000   0.0000000E+000   1.2938215E-008   3.0679196E-011  -4.5484066E-006
   1.1320000E+001   0.0000000E+000   0.0000000E+000   1.9653216E-013   5.0814120E-016  -1.0906345E-010
   1.1360000E+001   0.0000000E+000   0.0000000E+000   5.9248421E-021   2.1297303E-023  -5.1240323E-018
   1.1400000E+001   0.0000000E+000   0.0000000E+000   1.2775074E-032   5.8112771E-035  -1.6906510E-029
   1.1440001E+001   0.0000000E+000   0.0000000E+000   1.2694012E-050   6.6272872E-053  -2.5882517E-047
   1.1480000E+001   0.0000000E+000   0.0000000E+000   3.1559462E-078   2.0631179E-080  -9.9035930E-075
   1.1520000E+001   0.0000000E+000   0.0000000E+000   2.6904157E-120   2.3025178E-122  -1.2665885E-116
   1.1560000E+001   0.0000000E+000   0.0000000E+000   0.0000000E+000   0.0000000E+000  -3.2046018E-180
   1.1600000E+001   0.0000000E+000   0.0000000E+000   0.0000000E+000   0.0000000E+000  -3.4909096E-276
   1.1640000E+001   0.0000000E+000   0.0000000E+000   0.0000000E+000   0.0000000E+000   0.0000000E+000
   1.1680000E+001   0.0000000E+000   0.0000000E+000   0.0000000E+000   0.0000000E+000   0.0000000E+000
   1.1720001E+001   0.0000000E+000   0.0000000E+000   0.0000000E+000   0.0000000E+000   0.0000000E+000
   1.1760000E+001   0.0000000E+000   0.0000000E+000   0.0000000E+000   0.0000000E+000   0.0000000E+000
   1.1799999E+001   0.0000000E+000   0.0000000E+000   0.0000000E+000   0.0000000E+000   0.0000000E+000
   1.1840000E+001   0.0000000E+000   0.0000000E+000   0.0000000E+000   0.0000000E+000   0.0000000E+000
   1.1880000E+001   0.0000000E+000   0.0000000E+000   0.0000000E+000   0.0000000E+000   0.0000000E+000
   1.1920000E+001   0.0000000E+000   0.0000000E+000   0.0000000E+000   0.0000000E+000   0.0000000E+000
   1.1960000E+001   0.0000000E+000   0.0000000E+000   0.0000000E+000   0.0000000E+000   0.0000000E+000
   1.2000000E+001   0.0000000E+000   0.0000000E+000   0.0000000E+000   0.0000000E+000   0.0000000E+000
   1.2040000E+001   0.0000000E+000   0.0000000E+000   0.0000000E+000   0.0000000E+000   0.0000000E+000
   1.2079999E+001   0.0000000E+000   0.0000000E+000   0.0000000E+000   0.0000000E+000   0.0000000E+000
   1.2120000E+001   0.0000000E+000   0.0000000E+000   0.0000000E+000   0.0000000E+000   0.0000000E+000
   1.2160000E+001   0.0000000E+000   0.0000000E+000   0.0000000E+000   0.0000000E+000   0.0000000E+000
   1.2200000E+001   0.0000000E+000   0.0000000E+000   0.0000000E+000   0.0000000E+000   0.0000000E+000
   1.2240000E+001   0.0000000E+000   0.0000000E+000   0.0000000E+000   0.0000000E+000   0.0000000E+000
   1.2280000E+001   0.0000000E+000   0.0000000E+000   0.0000000E+000   0.0000000E+000   0.0000000E+000
   1.2320000E+001   0.0000000E+000   0.0000000E+000   0.0000000E+000   0.0000000E+000   0.0000000E+000
   1.2359999E+001   0.0000000E+000   0.0000000E+000   0.0000000E+000   0.0000000E+000   0.0000000E+000
   1.2400000E+001   0.0000000E+000   0.0000000E+000   0.0000000E+000   0.0000000E+000   0.0000000E+000
   1.2440000E+001   0.0000000E+000   0.0000000E+000   0.0000000E+000   0.0000000E+000   0.0000000E+000
   1.2480000E+001   0.0000000E+000   0.0000000E+000   0.0000000E+000   0.0000000E+000   0.0000000E+000
   1.2520000E+001   0.0000000E+000   0.0000000E+000   0.0000000E+000   0.0000000E+000   0.0000000E+000
   1.2560000E+001   0.0000000E+000   0.0000000E+000   0.0000000E+000   0.0000000E+000   0.0000000E+000
   1.2600000E+001   0.0000000E+000   0.0000000E+000   0.0000000E+000   0.0000000E+000   0.0000000E+000
   1.2640001E+001   0.0000000E+000   0.0000000E+000   0.0000000E+000   0.0000000E+000   0.0000000E+000
   1.2680000E+001   0.0000000E+000   0.0000000E+000   0.0000000E+000   0.0000000E+000   0.0000000E+000
   1.2720000E+001   0.0000000E+000   0.0000000E+000   0.0000000E+000   0.0000000E+000   0.0000000E+000
   1.2760000E+001   0.0000000E+000   0.0000000E+000   0.0000000E+000   0.0000000E+000   0.0000000E+000
   1.2800000E+001   0.0000000E+000   0.0000000E+000   0.0000000E+000   0.0000000E+000   0.0000000E+000
   1.2840000E+001   0.0000000E+000   0.0000000E+000   0.0000000E+000   0.0000000E+000   0.0000000E+000
   1.2880000E+001   0.0000000E+000   0.0000000E+000   0.0000000E+000   0.0000000E+000   0.0000000E+000
   1.2920001E+001   0.0000000E+000   0.0000000E+000   0.0000000E+000   0.0000000E+000   0.0000000E+000
   1.2960000E+001   0.0000000E+000   0.0000000E+000   0.0000000E+000   0.0000000E+000   0.0000000E+000
   1.3000000E+001   0.0000000E+000   0.0000000E+000   0.0000000E+000   0.0000000E+000   0.0000000E+000
   1.3040000E+001   0.0000000E+000   0.0000000E+000   0.0000000E+000   0.0000000E+000   0.0000000E+000
   1.3080000E+001   0.0000000E+000   0.0000000E+000   0.0000000E+000   0.0000000E+000   0.0000000E+000
   1.3120000E+001   0.0000000E+000   0.0000000E+000   0.0000000E+000   0.0000000E+000   0.0000000E+000
   1.3160000E+001   0.0000000E+000   0.0000000E+000   0.0000000E+000   0.0000000E+000   0.0000000E+000
   1.3200001E+001   0.0000000E+000   0.0000000E+000   0.0000000E+000   0.0000000E+000   0.0000000E+000
   1.3240000E+001   0.0000000E+000   0.0000000E+000   0.0000000E+000   0.0000000E+000   0.0000000E+000
   1.3279999E+001   0.0000000E+000   0.0000000E+000   0.0000000E+000   0.0000000E+000   0.0000000E+000
   1.3320000E+001   0.0000000E+000   0.0000000E+000   0.0000000E+000   0.0000000E+000   0.0000000E+000
   1.3360000E+001   0.0000000E+000   0.0000000E+000   0.0000000E+000   0.0000000E+000   0.0000000E+000
   1.3400000E+001   0.0000000E+000   0.0000000E+000   0.0000000E+000   0.0000000E+000   0.0000000E+000
   1.3440000E+001   0.0000000E+000   0.0000000E+000   0.0000000E+000   0.0000000E+000   0.0000000E+000
   1.3480000E+001   0.0000000E+000   0.0000000E+000   0.0000000E+000   0.0000000E+000   0.0000000E+000
   1.3520000E+001   0.0000000E+000   0.0000000E+000   0.0000000E+000   0.0000000E+000   0.0000000E+000
   1.3559999E+001   0.0000000E+000   0.0000000E+000   0.0000000E+000   0.0000000E+000   0.0000000E+000
   1.3600000E+001   0.0000000E+000   0.0000000E+000   0.0000000E+000   0.0000000E+000   0.0000000E+000
   1.3640000E+001   0.0000000E+000   0.0000000E+000   0.0000000E+000   0.0000000E+000   0.0000000E+000
   1.3680000E+001   0.0000000E+000   0.0000000E+000   0.0000000E+000   0.0000000E+000   0.0000000E+000
   1.3720000E+001   0.0000000E+000   0.0000000E+000   0.0000000E+000   0.0000000E+000   0.0000000E+000
   1.3760000E+001   0.0000000E+000   0.0000000E+000   0.0000000E+000   0.0000000E+000   0.0000000E+000
   1.3800000E+001   0.0000000E+000   0.0000000E+000   0.0000000E+000   0.0000000E+000   0.0000000E+000
   1.3839999E+001   0.0000000E+000   0.0000000E+000   0.0000000E+000   0.0000000E+000   0.0000000E+000
   1.3880000E+001   0.0000000E+000   0.0000000E+000   0.0000000E+000   0.0000000E+000   0.0000000E+000
   1.3920000E+001   0.0000000E+000   0.0000000E+000   0.0000000E+000   0.0000000E+000   0.0000000E+000
   1.3960000E+001   0.0000000E+000   0.0000000E+000   0.0000000E+000   0.0000000E+000   0.0000000E+000
   1.4000000E+001   0.0000000E+000   0.0000000E+000   0.0000000E+000   0.0000000E+000   0.0000000E+000
   1.4040000E+001   0.0000000E+000   0.0000000E+000   0.0000000E+000   0.0000000E+000   0.0000000E+000
   1.4080000E+001   0.0000000E+000   0.0000000E+000   0.0000000E+000   0.0000000E+000   0.0000000E+000
   1.4119999E+001   0.0000000E+000   0.0000000E+000   0.0000000E+000   0.0000000E+000   0.0000000E+000
   1.4160000E+001   0.0000000E+000   0.0000000E+000   0.0000000E+000   0.0000000E+000   0.0000000E+000
   1.4200000E+001   0.0000000E+000   0.0000000E+000   0.0000000E+000   0.0000000E+000   0.0000000E+000
   1.4240000E+001   0.0000000E+000   0.0000000E+000   0.0000000E+000   0.0000000E+000   0.0000000E+000
   1.4280000E+001   0.0000000E+000   0.0000000E+000   0.0000000E+000   0.0000000E+000   0.0000000E+000
   1.4320000E+001   0.0000000E+000   0.0000000E+000   0.0000000E+000   0.0000000E+000   0.0000000E+000
   1.4360000E+001   0.0000000E+000   0.0000000E+000   0.0000000E+000   0.0000000E+000   0.0000000E+000
   1.4400001E+001   0.0000000E+000   0.0000000E+000   0.0000000E+000   0.0000000E+000   0.0000000E+000
   1.4440000E+001   0.0000000E+000   0.0000000E+000   0.0000000E+000   0.0000000E+000   0.0000000E+000
   1.4480000E+001   0.0000000E+000   0.0000000E+000   0.0000000E+000   0.0000000E+000   0.0000000E+000
   1.4520000E+001   0.0000000E+000   0.0000000E+000   0.0000000E+000   0.0000000E+000   0.0000000E+000
   1.4560000E+001   0.0000000E+000   0.0000000E+000   0.0000000E+000   0.0000000E+000   0.0000000E+000
   1.4600000E+001   0.0000000E+000   0.0000000E+000   0.0000000E+000   0.0000000E+000   0.0000000E+000
   1.4640000E+001   0.0000000E+000   0.0000000E+000   0.0000000E+000   0.0000000E+000   0.0000000E+000
   1.4680001E+001   0.0000000E+000   0.0000000E+000   0.0000000E+000   0.0000000E+000   0.0000000E+000
   1.4720000E+001   0.0000000E+000   0.0000000E+000   0.0000000E+000   0.0000000E+000   0.0000000E+000
   1.4760000E+001   0.0000000E+000   0.0000000E+000   0.0000000E+000   0.0000000E+000   0.0000000E+000
   1.4800000E+001   0.0000000E+000   0.0000000E+000   0.0000000E+000   0.0000000E+000   0.0000000E+000
   1.4840000E+001   0.0000000E+000   0.0000000E+000   0.0000000E+000   0.0000000E+000   0.0000000E+000
   1.4880000E+001   0.0000000E+000   0.0000000E+000   0.0000000E+000   0.0000000E+000   0.0000000E+000
   1.4920000E+001   0.0000000E+000   0.0000000E+000   0.0000000E+000   0.0000000E+000   0.0000000E+000
   1.4960001E+001   0.0000000E+000   0.0000000E+000   0.0000000E+000   0.0000000E+000   0.0000000E+000
   1.5000000E+001   0.0000000E+000   0.0000000E+000   0.0000000E+000   0.0000000E+000   0.0000000E+000
   1.5039999E+001   0.0000000E+000   0.0000000E+000   0.0000000E+000   0.0000000E+000   0.0000000E+000
   1.5080000E+001   0.0000000E+000   0.0000000E+000   0.0000000E+000   0.0000000E+000   0.0000000E+000
   1.5120000E+001   0.0000000E+000   0.0000000E+000   0.0000000E+000   0.0000000E+000   0.0000000E+000
   1.5160000E+001   0.0000000E+000   0.0000000E+000   0.0000000E+000   0.0000000E+000   0.0000000E+000
   1.5200000E+001   0.0000000E+000   0.0000000E+000   0.0000000E+000   0.0000000E+000   0.0000000E+000
   1.5240000E+001   0.0000000E+000   0.0000000E+000   0.0000000E+000   0.0000000E+000   0.0000000E+000
   1.5280000E+001   0.0000000E+000   0.0000000E+000   0.0000000E+000   0.0000000E+000   0.0000000E+000
   1.5319999E+001   0.0000000E+000   0.0000000E+000   0.0000000E+000   0.0000000E+000   0.0000000E+000
   1.5360000E+001   0.0000000E+000   0.0000000E+000   0.0000000E+000   0.0000000E+000   0.0000000E+000
   1.5400000E+001   0.0000000E+000   0.0000000E+000   0.0000000E+000   0.0000000E+000   0.0000000E+000
   1.5440000E+001   0.0000000E+000   0.0000000E+000   0.0000000E+000   0.0000000E+000   0.0000000E+000
   1.5480000E+001   0.0000000E+000   0.0000000E+000   0.0000000E+000   0.0000000E+000   0.0000000E+000
   1.5520000E+001   0.0000000E+000   0.0000000E+000   0.0000000E+000   0.0000000E+000   0.0000000E+000
   1.5560000E+001   0.0000000E+000   0.0000000E+000   0.0000000E+000   0.0000000E+000   0.0000000E+000
   1.5599999E+001   0.0000000E+000   0.0000000E+000   0.0000000E+000   0.0000000E+000   0.0000000E+000
   1.5640000E+001   0.0000000E+000   0.0000000E+000   0.0000000E+000   0.0000000E+000   0.0000000E+000
   1.5680000E+001   0.0000000E+000   0.0000000E+000   0.0000000E+000   0.0000000E+000   0.0000000E+000
   1.5720000E+001   0.0000000E+000   0.0000000E+000   0.0000000E+000   0.0000000E+000   0.0000000E+000
   1.5760000E+001   0.0000000E+000   0.0000000E+000   0.0000000E+000   0.0000000E+000   0.0000000E+000
   1.5800000E+001   0.0000000E+000   0.0000000E+000   0.0000000E+000   0.0000000E+000   0.0000000E+000
   1.5840000E+001   0.0000000E+000   0.0000000E+000   0.0000000E+000   0.0000000E+000   0.0000000E+000
   1.5880001E+001   0.0000000E+000   0.0000000E+000   0.0000000E+000   0.0000000E+000   0.0000000E+000
   1.5920000E+001   0.0000000E+000   0.0000000E+000   0.0000000E+000   0.0000000E+000   0.0000000E+000
   1.5960000E+001   0.0000000E+000   0.0000000E+000   0.0000000E+000   0.0000000E+000   0.0000000E+000
   1.6000000E+001   0.0000000E+000   0.0000000E+000   0.0000000E+000   0.0000000E+000   0.0000000E+000
   1.6040000E+001   0.0000000E+000   0.0000000E+000   0.0000000E+000   0.0000000E+000   0.0000000E+000
   1.6080000E+001   0.0000000E+000   0.0000000E+000   0.0000000E+000   0.0000000E+000   0.0000000E+000
   1.6120000E+001   0.0000000E+000   0.0000000E+000   0.0000000E+000   0.0000000E+000   0.0000000E+000
   1.6160001E+001   0.0000000E+000   0.0000000E+000   0.0000000E+000   0.0000000E+000   0.0000000E+000
   1.6200000E+001   0.0000000E+000   0.0000000E+000   0.0000000E+000   0.0000000E+000   0.0000000E+000
   1.6240000E+001   0.0000000E+000   0.0000000E+000   0.0000000E+000   0.0000000E+000   0.0000000E+000
   1.6280000E+001   0.0000000E+000   0.0000000E+000   0.0000000E+000   0.0000000E+000   0.0000000E+000
   1.6320000E+001   0.0000000E+000   0.0000000E+000   0.0000000E+000   0.0000000E+000   0.0000000E+000
   1.6360000E+001   0.0000000E+000   0.0000000E+000   0.0000000E+000   0.0000000E+000   0.0000000E+000
   1.6400000E+001   0.0000000E+000   0.0000000E+000   0.0000000E+000   0.0000000E+000   0.0000000E+000
   1.6440001E+001   0.0000000E+000   0.0000000E+000   0.0000000E+000   0.0000000E+000   0.0000000E+000
   1.6480000E+001   0.0000000E+000   0.0000000E+000   0.0000000E+000   0.0000000E+000   0.0000000E+000
   1.6520000E+001   0.0000000E+000   0.0000000E+000   0.0000000E+000   0.0000000E+000   0.0000000E+000
   1.6560000E+001   0.0000000E+000   0.0000000E+000   0.0000000E+000   0.0000000E+000   0.0000000E+000
   1.6600000E+001   0.0000000E+000   0.0000000E+000   0.0000000E+000   0.0000000E+000   0.0000000E+000
   1.6640000E+001   0.0000000E+000   0.0000000E+000   0.0000000E+000   0.0000000E+000   0.0000000E+000
   1.6680000E+001   0.0000000E+000   0.0000000E+000   0.0000000E+000   0.0000000E+000   0.0000000E+000
   1.6720001E+001   0.0000000E+000   0.0000000E+000   0.0000000E+000   0.0000000E+000   0.0000000E+000
   1.6760000E+001   0.0000000E+000   0.0000000E+000   0.0000000E+000   0.0000000E+000   0.0000000E+000
   1.6799999E+001   0.0000000E+000   0.0000000E+000   0.0000000E+000   0.0000000E+000   0.0000000E+000
   1.6840000E+001   0.0000000E+000   0.0000000E+000   0.0000000E+000   0.0000000E+000   0.0000000E+000
   1.6880000E+001   0.0000000E+000   0.0000000E+000   0.0000000E+000   0.0000000E+000   0.0000000E+000
   1.6920000E+001   0.0000000E+000   0.0000000E+000   0.0000000E+000   0.0000000E+000   0.0000000E+000
   1.6960000E+001   0.0000000E+000   0.0000000E+000   0.0000000E+000   0.0000000E+000   0.0000000E+000
   1.7000000E+001   0.0000000E+000   0.0000000E+000   0.0000000E+000   0.0000000E+000   0.0000000E+000
   1.7040000E+001   0.0000000E+000   0.0000000E+000   0.0000000E+000   0.0000000E+000   0.0000000E+000
   1.7079999E+001   0.0000000E+000   0.0000000E+000   0.0000000E+000   0.0000000E+000   0.0000000E+000
   1.7120000E+001   0.0000000E+000   0.0000000E+000   0.0000000E+000   0.0000000E+000   0.0000000E+000
   1.7160000E+001   0.0000000E+000   0.0000000E+000   0.0000000E+000   0.0000000E+000   0.0000000E+000
   1.7200000E+001   0.0000000E+000   0.0000000E+000   0.0000000E+000   0.0000000E+000   0.0000000E+000
   1.7240000E+001   0.0000000E+000   0.0000000E+000   0.0000000E+000   0.0000000E+000   0.0000000E+000
   1.7280000E+001   0.0000000E+000   0.0000000E+000   0.0000000E+000   0.0000000E+000   0.0000000E+000
   1.7320000E+001   0.0000000E+000   0.0000000E+000   0.0000000E+000   0.0000000E+000   0.0000000E+000
   1.7359999E+001   0.0000000E+000   0.0000000E+000   0.0000000E+000   0.0000000E+000   0.0000000E+000
   1.7400000E+001   0.0000000E+000   0.0000000E+000   0.0000000E+000   0.0000000E+000   0.0000000E+000
   1.7440000E+001   0.0000000E+000   0.0000000E+000   0.0000000E+000   0.0000000E+000   0.0000000E+000
   1.7480000E+001   0.0000000E+000   0.0000000E+000   0.0000000E+000   0.0000000E+000   0.0000000E+000
   1.7520000E+001   0.0000000E+000   0.0000000E+000   0.0000000E+000   0.0000000E+000   0.0000000E+000
   1.7560000E+001   0.0000000E+000   0.0000000E+000   0.0000000E+000   0.0000000E+000   0.0000000E+000
   1.7600000E+001   0.0000000E+000   0.0000000E+000   0.0000000E+000   0.0000000E+000   0.0000000E+000
   1.7640001E+001   0.0000000E+000   0.0000000E+000   0.0000000E+000   0.0000000E+000   0.0000000E+000
   1.7680000E+001   0.0000000E+000   0.0000000E+000   0.0000000E+000   0.0000000E+000   0.0000000E+000
   1.7720000E+001   0.0000000E+000   0.0000000E+000   0.0000000E+000   0.0000000E+000   0.0000000E+000
   1.7760000E+001   0.0000000E+000   0.0000000E+000   0.0000000E+000   0.0000000E+000   0.0000000E+000
   1.7800000E+001   0.0000000E+000   0.0000000E+000   0.0000000E+000   0.0000000E+000   0.0000000E+000
   1.7840000E+001   0.0000000E+000   0.0000000E+000   0.0000000E+000   0.0000000E+000   0.0000000E+000
   1.7880000E+001   0.0000000E+000   0.0000000E+000   0.0000000E+000   0.0000000E+000   0.0000000E+000
   1.7920001E+001   0.0000000E+000   0.0000000E+000   0.0000000E+000   0.0000000E+000   0.0000000E+000
   1.7960000E+001   0.0000000E+000   0.0000000E+000   0.0000000E+000   0.0000000E+000   0.0000000E+000
   1.8000000E+001   0.0000000E+000   0.0000000E+000   0.0000000E+000   0.0000000E+000   0.0000000E+000
   1.8040000E+001   0.0000000E+000   0.0000000E+000   0.0000000E+000   0.0000000E+000   0.0000000E+000
   1.8080000E+001   0.0000000E+000   0.0000000E+000   0.0000000E+000   0.0000000E+000   0.0000000E+000
   1.8120000E+001   0.0000000E+000   0.0000000E+000   0.0000000E+000   0.0000000E+000   0.0000000E+000
   1.8160000E+001   0.0000000E+000   0.0000000E+000   0.0000000E+000   0.0000000E+000   0.0000000E+000
   1.8200001E+001   0.0000000E+000   0.0000000E+000   0.0000000E+000   0.0000000E+000   0.0000000E+000
   1.8240000E+001   0.0000000E+000   0.0000000E+000   0.0000000E+000   0.0000000E+000   0.0000000E+000
   1.8279999E+001   0.0000000E+000   0.0000000E+000   0.0000000E+000   0.0000000E+000   0.0000000E+000
   1.8320000E+001   0.0000000E+000   0.0000000E+000   0.0000000E+000   0.0000000E+000   0.0000000E+000
   1.8360000E+001   0.0000000E+000   0.0000000E+000   0.0000000E+000   0.0000000E+000   0.0000000E+000
   1.8400000E+001   0.0000000E+000   0.0000000E+000   0.0000000E+000   0.0000000E+000   0.0000000E+000
   1.8440000E+001   0.0000000E+000   0.0000000E+000   0.0000000E+000   0.0000000E+000   0.0000000E+000
   1.8480000E+001   0.0000000E+000   0.0000000E+000   0.0000000E+000   0.0000000E+000   0.0000000E+000
   1.8520000E+001   0.0000000E+000   0.0000000E+000   0.0000000E+000   0.0000000E+000   0.0000000E+000
   1.8559999E+001   0.0000000E+000   0.0000000E+000   0.0000000E+000   0.0000000E+000   0.0000000E+000
   1.8600000E+001   0.0000000E+000   0.0000000E+000   0.0000000E+000   0.0000000E+000   0.0000000E+000
   1.8640000E+001   0.0000000E+000   0.0000000E+000   0.0000000E+000   0.0000000E+000   0.0000000E+000
   1.8680000E+001   0.0000000E+000   0.0000000E+000   0.0000000E+000   0.0000000E+000   0.0000000E+000
   1.8720000E+001   0.0000000E+000   0.0000000E+000   0.0000000E+000   0.0000000E+000   0.0000000E+000
   1.8760000E+001   0.0000000E+000   0.0000000E+000   0.0000000E+000   0.0000000E+000   0.0000000E+000
   1.8800000E+001   0.0000000E+000   0.0000000E+000   0.0000000E+000   0.0000000E+000   0.0000000E+000
   1.8839999E+001   0.0000000E+000   0.0000000E+000   0.0000000E+000   0.0000000E+000   0.0000000E+000
   1.8880000E+001   0.0000000E+000   0.0000000E+000   0.0000000E+000   0.0000000E+000   0.0000000E+000
   1.8920000E+001   0.0000000E+000   0.0000000E+000   0.0000000E+000   0.0000000E+000   0.0000000E+000
   1.8960000E+001   0.0000000E+000   0.0000000E+000   0.0000000E+000   0.0000000E+000   0.0000000E+000
   1.9000000E+001   0.0000000E+000   0.0000000E+000   0.0000000E+000   0.0000000E+000   0.0000000E+000
   1.9040000E+001   0.0000000E+000   0.0000000E+000   0.0000000E+000   0.0000000E+000   0.0000000E+000
   1.9080000E+001   0.0000000E+000   0.0000000E+000   0.0000000E+000   0.0000000E+000   0.0000000E+000
   1.9119999E+001   0.0000000E+000   0.0000000E+000   0.0000000E+000   0.0000000E+000   0.0000000E+000
   1.9160000E+001   0.0000000E+000   0.0000000E+000   0.0000000E+000   0.0000000E+000   0.0000000E+000
   1.9200000E+001   0.0000000E+000   0.0000000E+000   0.0000000E+000   0.0000000E+000   0.0000000E+000
   1.9240000E+001   0.0000000E+000   0.0000000E+000   0.0000000E+000   0.0000000E+000   0.0000000E+000
   1.9280000E+001   0.0000000E+000   0.0000000E+000   0.0000000E+000   0.0000000E+000   0.0000000E+000
   1.9320000E+001   0.0000000E+000   0.0000000E+000   0.0000000E+000   0.0000000E+000   0.0000000E+000
   1.9360000E+001   0.0000000E+000   0.0000000E+000   0.0000000E+000   0.0000000E+000   0.0000000E+000
   1.9400001E+001   0.0000000E+000   0.0000000E+000   0.0000000E+000   0.0000000E+000   0.0000000E+000
   1.9440000E+001   0.0000000E+000   0.0000000E+000   0.0000000E+000   0.0000000E+000   0.0000000E+000
   1.9480000E+001   0.0000000E+000   0.0000000E+000   0.0000000E+000   0.0000000E+000   0.0000000E+000
   1.9520000E+001   0.0000000E+000   0.0000000E+000   0.0000000E+000   0.0000000E+000   0.0000000E+000
   1.9560000E+001   0.0000000E+000   0.0000000E+000   0.0000000E+000   0.0000000E+000   0.0000000E+000
   1.9600000E+001   0.0000000E+000   0.0000000E+000   0.0000000E+000   0.0000000E+000   0.0000000E+000
   1.9640000E+001   0.0000000E+000   0.0000000E+000   0.0000000E+000   0.0000000E+000   0.0000000E+000
   1.9680001E+001   0.0000000E+000   0.0000000E+000   0.0000000E+000   0.0000000E+000   0.0000000E+000
   1.9720000E+001   0.0000000E+000   0.0000000E+000   0.0000000E+000   0.0000000E+000   0.0000000E+000
   1.9760000E+001   0.0000000E+000   0.0000000E+000   0.0000000E+000   0.0000000E+000   0.0000000E+000
   1.9800000E+001   0.0000000E+000   0.0000000E+000   0.0000000E+000   0.0000000E+000   0.0000000E+000
   1.9840000E+001   0.0000000E+000   0.0000000E+000   0.0000000E+000   0.0000000E+000   0.0000000E+000
   1.9880000E+001   0.0000000E+000   0.0000000E+000   0.0000000E+000   0.0000000E+000   0.0000000E+000
   1.9920000E+001   0.0000000E+000   0.0000000E+000   0.0000000E+000   0.0000000E+000   0.0000000E+000
   1.9960001E+001   0.0000000E+000   0.0000000E+000   0.0000000E+000   0.0000000E+000   0.0000000E+000
   2.0000000E+001   0.0000000E+000   0.0000000E+000   0.0000000E+000   0.0000000E+000   0.0000000E+000
