   8.0000004E-002   0.0000000E+000   0.0000000E+000   0.0000000E+000   0.0000000E+000
   1.2000000E-001   0.0000000E+000   0.0000000E+000   0.0000000E+000   0.0000000E+000
   1.6000001E-001   0.0000000E+000   0.0000000E+000   0.0000000E+000   0.0000000E+000
   2.0000000E-001   0.0000000E+000   0.0000000E+000   0.0000000E+000   0.0000000E+000
   2.4000000E-001   0.0000000E+000   0.0000000E+000   0.0000000E+000   0.0000000E+000
   2.8000001E-001   0.0000000E+000   0.0000000E+000   0.0000000E+000   0.0000000E+000
   3.2000002E-001   0.0000000E+000   0.0000000E+000   0.0000000E+000   0.0000000E+000
   3.5999998E-001   0.0000000E+000   0.0000000E+000   0.0000000E+000   0.0000000E+000
   3.9999999E-001   0.0000000E+000   0.0000000E+000   0.0000000E+000   0.0000000E+000
   4.4000000E-001   0.0000000E+000   0.0000000E+000   0.0000000E+000   0.0000000E+000
   4.8000000E-001   0.0000000E+000   0.0000000E+000   0.0000000E+000   0.0000000E+000
   5.2000001E-001   0.0000000E+000   0.0000000E+000   0.0000000E+000   0.0000000E+000
   5.6000002E-001   0.0000000E+000   0.0000000E+000   0.0000000E+000   0.0000000E+000
   5.9999999E-001   0.0000000E+000   0.0000000E+000   0.0000000E+000   0.0000000E+000
   6.4000003E-001   0.0000000E+000   0.0000000E+000   0.0000000E+000   0.0000000E+000
   6.8000004E-001   0.0000000E+000   0.0000000E+000   0.0000000E+000   0.0000000E+000
   7.1999997E-001   0.0000000E+000   0.0000000E+000   0.0000000E+000   0.0000000E+000
   7.5999998E-001   0.0000000E+000   0.0000000E+000   0.0000000E+000   0.0000000E+000
   7.9999998E-001   0.0000000E+000   0.0000000E+000   0.0000000E+000   0.0000000E+000
   8.3999999E-001   0.0000000E+000   0.0000000E+000   0.0000000E+000   0.0000000E+000
   8.8000000E-001   0.0000000E+000   0.0000000E+000   0.0000000E+000   0.0000000E+000
   9.2000000E-001   0.0000000E+000   0.0000000E+000   0.0000000E+000   0.0000000E+000
   9.6000001E-001   0.0000000E+000   0.0000000E+000   0.0000000E+000   0.0000000E+000
   1.0000000E+000   0.0000000E+000   0.0000000E+000   0.0000000E+000   0.0000000E+000
   1.0400000E+000   1.5435786E-005   1.8069669E-006   8.5641004E-006   1.6904984E-006
   1.0800000E+000   3.3070637E-005   3.6854425E-006   1.9643362E-005   3.6444412E-006
   1.1200000E+000   5.2990225E-005   5.3620171E-006   2.6978663E-005   4.2682739E-006
   1.1600000E+000   6.7588704E-005   6.3178209E-006   3.6918227E-005   6.1310520E-006
   1.2000000E+000   8.6053213E-005   8.4084261E-006   4.7232445E-005   7.6172432E-006
   1.2400000E+000   1.0417023E-004   1.1197673E-005   5.2762452E-005   7.2800784E-006
   1.2800001E+000   1.2045409E-004   1.1596939E-005   6.4220068E-005   1.0295527E-005
   1.3200000E+000   1.4130300E-004   1.2358806E-005   7.0483946E-005   1.0879663E-005
   1.3600001E+000   1.6087802E-004   1.3732993E-005   7.6049778E-005   1.1485062E-005
   1.4000000E+000   1.8711473E-004   1.5494784E-005   9.1361218E-005   1.2051353E-005
   1.4399999E+000   1.9797142E-004   1.7215208E-005   9.6432122E-005   1.2302555E-005
   1.4800000E+000   2.2670270E-004   1.9517225E-005   1.0838944E-004   1.3146016E-005
   1.5200000E+000   2.4484979E-004   2.3374992E-005   1.3134415E-004   1.5457876E-005
   1.5600000E+000   2.8187665E-004   2.8248726E-005   1.4533887E-004   1.8013823E-005
   1.6000000E+000   3.0542417E-004   3.0559837E-005   1.5233473E-004   1.7833355E-005
   1.6400000E+000   3.3385936E-004   3.2216526E-005   1.8255004E-004   2.0423063E-005
   1.6800000E+000   3.5574361E-004   3.3172670E-005   2.0673849E-004   2.4272533E-005
   1.7200001E+000   3.8923739E-004   3.5576104E-005   2.3315106E-004   2.7788498E-005
   1.7600000E+000   4.1078097E-004   3.6117802E-005   2.6871211E-004   3.7780568E-005
   1.8000001E+000   4.5039088E-004   3.5090794E-005   2.9268381E-004   3.7307832E-005
   1.8400000E+000   5.0105475E-004   3.6605781E-005   3.2242693E-004   4.3208881E-005
   1.8799999E+000   5.3381156E-004   3.9777902E-005   3.4114398E-004   4.2124131E-005
   1.9200000E+000   5.6756838E-004   3.8053467E-005   3.6429016E-004   4.2890654E-005
   1.9599999E+000   5.8887743E-004   3.8424120E-005   3.7716621E-004   4.1381316E-005
   2.0000000E+000   6.2738751E-004   4.1310766E-005   3.9244688E-004   4.2968875E-005
   2.0400000E+000   6.6407293E-004   3.9954968E-005   4.0610015E-004   4.5409186E-005
   2.0800000E+000   7.2899403E-004   4.4024428E-005   4.1321675E-004   4.5580702E-005
   2.1200000E+000   7.6915536E-004   5.0626866E-005   4.3512676E-004   4.3082683E-005
   2.1600001E+000   8.3067392E-004   5.4401303E-005   4.4439030E-004   4.4580590E-005
   2.2000000E+000   8.5721929E-004   5.2893923E-005   4.7405071E-004   4.1943526E-005
   2.2400001E+000   9.0536610E-004   5.3322081E-005   5.1235537E-004   4.9339572E-005
   2.2800000E+000   9.3887135E-004   5.7538460E-005   5.3062203E-004   5.4441009E-005
   2.3199999E+000   9.6754072E-004   5.7789146E-005   5.6864926E-004   5.5501187E-005
   2.3600000E+000   1.0244470E-003   6.5073077E-005   5.7793285E-004   5.4307034E-005
   2.3999999E+000   1.0799602E-003   6.8190349E-005   6.1292020E-004   5.5231246E-005
   2.4400000E+000   1.1270397E-003   7.2047954E-005   6.5960724E-004   6.0144927E-005
   2.4800000E+000   1.1782854E-003   6.5510664E-005   6.8263321E-004   5.4914650E-005
   2.5200000E+000   1.2380133E-003   6.4160126E-005   7.2688505E-004   5.0731585E-005
   2.5600001E+000   1.2799548E-003   7.4759190E-005   7.5356378E-004   4.9982568E-005
   2.5999999E+000   1.3523206E-003   8.2362528E-005   7.9372854E-004   4.9535273E-005
   2.6400000E+000   1.4417300E-003   8.8013606E-005   8.2698102E-004   4.7221963E-005
   2.6800001E+000   1.4990362E-003   9.7224781E-005   8.4889327E-004   4.9283543E-005
   2.7200001E+000   1.5711252E-003   9.2527013E-005   8.8533029E-004   5.2600444E-005
   2.7599999E+000   1.6201086E-003   8.9638623E-005   9.3282580E-004   5.5479709E-005
   2.8000000E+000   1.6714576E-003   8.6574069E-005   9.9483574E-004   4.8739037E-005
   2.8400001E+000   1.7234865E-003   7.9963009E-005   1.0286694E-003   5.8080476E-005
   2.8799999E+000   1.8310276E-003   8.6730022E-005   1.0317611E-003   4.7492977E-005
   2.9200000E+000   1.9446260E-003   9.3669027E-005   1.0686557E-003   5.1467877E-005
   2.9600000E+000   2.0529690E-003   9.1318980E-005   1.1325291E-003   5.2845552E-005
   3.0000001E+000   2.1363157E-003   9.3380000E-005   1.1714803E-003   5.5298512E-005
   3.0399999E+000   2.1888248E-003   8.7572112E-005   1.2067730E-003   5.9575905E-005
   3.0800000E+000   2.2633898E-003   9.1224728E-005   1.2754656E-003   6.9675550E-005
   3.1200001E+000   2.3439605E-003   8.5142146E-005   1.2991954E-003   6.6598832E-005
   3.1600001E+000   2.4112791E-003   9.1347471E-005   1.3513296E-003   7.5914954E-005
   3.1999999E+000   2.4807910E-003   7.7839619E-005   1.3388773E-003   6.2975711E-005
   3.2400000E+000   2.5530981E-003   8.3084204E-005   1.4037791E-003   6.2631110E-005
   3.2800001E+000   2.6326867E-003   8.6765372E-005   1.4456870E-003   7.5524690E-005
   3.3199999E+000   2.7057565E-003   8.3906976E-005   1.4697601E-003   7.7330347E-005
   3.3600000E+000   2.8065396E-003   8.4451766E-005   1.5038413E-003   7.8515475E-005
   3.4000000E+000   2.8508686E-003   9.4279627E-005   1.5532404E-003   7.5398370E-005
   3.4400001E+000   2.8663232E-003   7.8658202E-005   1.6069330E-003   7.4506496E-005
   3.4799999E+000   2.9239676E-003   8.4664215E-005   1.5916716E-003   7.4940791E-005
   3.5200000E+000   3.0202390E-003   8.5191228E-005   1.6462654E-003   6.9809380E-005
   3.5600001E+000   3.0729581E-003   8.9784427E-005   1.6719986E-003   6.7760040E-005
   3.6000001E+000   3.1784530E-003   7.2209023E-005   1.7207462E-003   6.6505360E-005
   3.6399999E+000   3.2505786E-003   7.8597133E-005   1.7969593E-003   6.6886858E-005
   3.6800000E+000   3.3669480E-003   7.7722269E-005   1.8466905E-003   6.7324450E-005
   3.7200001E+000   3.4221833E-003   8.1951635E-005   1.8951513E-003   6.9772304E-005
   3.7599999E+000   3.5128205E-003   8.1616936E-005   1.9189147E-003   6.7074409E-005
   3.8000000E+000   3.5704732E-003   9.0131632E-005   1.9713651E-003   6.5052336E-005
   3.8400000E+000   3.6736751E-003   9.8764551E-005   1.9989940E-003   6.3132681E-005
   3.8800001E+000   3.7773122E-003   9.6456707E-005   2.0272213E-003   6.0334517E-005
   3.9199999E+000   3.8637922E-003   9.1016910E-005   2.0985441E-003   6.2563475E-005
   3.9600000E+000   3.9947295E-003   8.3748181E-005   2.1593414E-003   6.6293436E-005
   4.0000001E+000   4.1749695E-003   9.1558070E-005   2.2165448E-003   6.0735931E-005
   4.0400001E+000   4.2646183E-003   8.6279095E-005   2.2748981E-003   6.2965847E-005
   4.0799999E+000   4.3628321E-003   1.1833516E-004   2.3190835E-003   5.6843403E-005
   4.1200000E+000   4.4354323E-003   9.7948201E-005   2.3268271E-003   6.1603564E-005
   4.1600001E+000   4.5111650E-003   1.1451280E-004   2.3815301E-003   6.1471887E-005
   4.1999999E+000   4.5703831E-003   1.1842950E-004   2.3933591E-003   6.2876803E-005
   4.2399999E+000   4.5827598E-003   1.1371958E-004   2.5015642E-003   6.4356991E-005
   4.2800000E+000   4.6910612E-003   1.3139874E-004   2.5562665E-003   6.4479374E-005
   4.3200001E+000   4.7384286E-003   1.0233605E-004   2.6317503E-003   7.3075148E-005
   4.3599999E+000   4.8672181E-003   1.2534558E-004   2.7018025E-003   7.7653939E-005
   4.4000000E+000   4.9885213E-003   1.4617151E-004   2.7351797E-003   7.8963869E-005
   4.4400001E+000   5.0878143E-003   1.2517281E-004   2.8504819E-003   8.0995975E-005
   4.4800001E+000   5.1905176E-003   1.2652406E-004   2.8644991E-003   1.1085143E-004
   4.5199999E+000   5.2970023E-003   1.3912827E-004   2.9122322E-003   1.1588460E-004
   4.5600000E+000   5.3793507E-003   1.3081812E-004   2.9919971E-003   1.2533967E-004
   4.6000001E+000   5.5083269E-003   1.3858888E-004   3.0849765E-003   1.2915921E-004
   4.6399999E+000   5.6178366E-003   1.3915662E-004   3.0969247E-003   1.1918342E-004
   4.6799999E+000   5.7051510E-003   1.3842189E-004   3.1406603E-003   1.2278943E-004
   4.7200000E+000   5.8056814E-003   1.2527941E-004   3.2563835E-003   1.0238833E-004
   4.7600001E+000   5.8959124E-003   1.4699271E-004   3.3338047E-003   1.0729433E-004
   4.7999999E+000   5.9962082E-003   1.2017161E-004   3.3357164E-003   1.0978977E-004
   4.8400000E+000   6.1472769E-003   1.6289857E-004   3.4378379E-003   1.0713163E-004
   4.8800001E+000   6.2743999E-003   1.5342585E-004   3.4947589E-003   1.0438029E-004
   4.9200001E+000   6.3979899E-003   1.2374228E-004   3.5420250E-003   8.6731403E-005
   4.9599999E+000   6.5173302E-003   1.1831679E-004   3.6541247E-003   1.0534280E-004
   5.0000000E+000   6.6274690E-003   1.4012372E-004   3.6736963E-003   7.9872218E-005
   5.0400001E+000   6.7504148E-003   1.4191407E-004   3.7402206E-003   6.4732009E-005
   5.0800002E+000   6.9150792E-003   1.5064257E-004   3.8091898E-003   6.2267274E-005
   5.1200002E+000   7.0550925E-003   1.6927978E-004   3.8538484E-003   6.5151706E-005
   5.1599997E+000   7.2183866E-003   1.7848282E-004   3.9089923E-003   7.7900771E-005
   5.1999998E+000   7.3282064E-003   1.7853236E-004   4.0066748E-003   7.8429844E-005
   5.2399999E+000   7.4920474E-003   2.0419424E-004   4.1141364E-003   7.9939294E-005
   5.2800000E+000   7.6754079E-003   2.0856663E-004   4.1538646E-003   8.3102407E-005
   5.3200001E+000   7.8717514E-003   2.0631324E-004   4.2538923E-003   1.5885393E-004
   5.3600001E+000   8.0097956E-003   1.7026728E-004   4.3108208E-003   1.6432884E-004
   5.4000002E+000   8.1882596E-003   2.1082642E-004   4.4244410E-003   1.5579193E-004
   5.4400003E+000   8.3223011E-003   2.0175585E-004   4.4806302E-003   1.6466217E-004
   5.4799998E+000   8.5033773E-003   2.1398972E-004   4.5477310E-003   2.0439222E-004
   5.5199999E+000   8.6480655E-003   1.9617978E-004   4.6428437E-003   2.1285246E-004
   5.5599999E+000   8.8080810E-003   2.0963527E-004   4.7187790E-003   1.6777993E-004
   5.6000000E+000   8.9527088E-003   2.2470897E-004   4.7005410E-003   2.2091615E-004
   5.6400001E+000   9.1061117E-003   1.8531993E-004   4.8001528E-003   2.1072511E-004
   5.6800002E+000   9.2528630E-003   1.8495607E-004   4.8226290E-003   2.2278539E-004
   5.7200003E+000   9.4259370E-003   1.8603016E-004   4.8872118E-003   2.2336697E-004
   5.7599998E+000   9.5807368E-003   1.8603243E-004   4.9213153E-003   1.6084920E-004
   5.7999998E+000   9.6992737E-003   2.0049537E-004   4.9697923E-003   1.5253023E-004
   5.8399999E+000   9.8466123E-003   2.1347457E-004   5.0768219E-003   1.5495958E-004
   5.8800000E+000   9.9996537E-003   2.2072863E-004   5.0590035E-003   1.4204527E-004
   5.9200001E+000   1.0125787E-002   2.1493754E-004   4.5769991E-003   1.3311795E-004
   5.9600002E+000   1.0307733E-002   2.2623280E-004   3.5596405E-003   1.0464426E-004
   6.0000002E+000   1.0493941E-002   2.1715968E-004   2.3891734E-003   5.3173993E-005
   6.0399997E+000   1.0707638E-002   2.1312014E-004   1.4446046E-003   3.5243781E-005
   6.0799998E+000   1.0829421E-002   2.3516744E-004   9.0065810E-004   2.5028165E-005
   6.1199999E+000   1.0991166E-002   2.2601154E-004   6.0885087E-004   1.9883544E-005
   6.1600000E+000   1.1233151E-002   2.5627310E-004   4.7338667E-004   1.7544945E-005
   6.2000000E+000   1.1415079E-002   2.3994283E-004   4.3256032E-004   1.7800180E-005
   6.2400001E+000   1.1523697E-002   2.3496540E-004   3.9037938E-004   2.1171518E-005
   6.2800002E+000   1.1660437E-002   1.9965583E-004   3.7383938E-004   1.8563339E-005
   6.3200003E+000   1.1861360E-002   1.7604653E-004   3.8329227E-004   2.0726511E-005
   6.3599998E+000   1.2024023E-002   1.7191980E-004   3.8901702E-004   2.0734798E-005
   6.3999999E+000   1.2198018E-002   1.6373108E-004   4.0367117E-004   2.2263706E-005
   6.4399999E+000   1.2358915E-002   1.7168886E-004   4.2251481E-004   2.3651575E-005
   6.4800000E+000   1.2456753E-002   1.7426338E-004   4.2459922E-004   2.3771366E-005
   6.5200001E+000   1.2597585E-002   1.8067328E-004   4.4552111E-004   2.3754673E-005
   6.5600002E+000   1.2705756E-002   1.8109791E-004   4.6915375E-004   2.7198953E-005
   6.6000003E+000   1.2932578E-002   1.8850346E-004   4.8324341E-004   2.6887800E-005
   6.6399997E+000   1.3095091E-002   1.8506779E-004   5.0414911E-004   3.3601855E-005
   6.6799998E+000   1.3277875E-002   1.9358337E-004   5.1322573E-004   3.4144518E-005
   6.7199999E+000   1.3451976E-002   1.9360154E-004   5.3855287E-004   3.4965157E-005
   6.7600000E+000   1.3559403E-002   1.9195732E-004   5.4470177E-004   3.6724121E-005
   6.8000001E+000   1.3776465E-002   1.7577509E-004   5.4829017E-004   3.3299676E-005
   6.8400002E+000   1.3859623E-002   1.9529117E-004   5.7096408E-004   3.6026030E-005
   6.8800002E+000   1.4096274E-002   1.8071438E-004   5.8903252E-004   3.2054945E-005
   6.9199997E+000   1.4225878E-002   1.7072761E-004   5.8655449E-004   3.7335087E-005
   6.9599998E+000   1.4439357E-002   1.7026669E-004   6.1698951E-004   3.5887855E-005
   6.9999999E+000   1.4618707E-002   1.6991153E-004   6.3603011E-004   3.7752722E-005
   7.0400000E+000   1.4877100E-002   1.8106358E-004   6.6353474E-004   3.7869273E-005
   7.0800000E+000   1.5048013E-002   1.9052346E-004   6.7629989E-004   3.9194675E-005
   7.1200001E+000   1.5320599E-002   2.1778547E-004   7.0319980E-004   3.9856576E-005
   7.1600002E+000   1.5495275E-002   2.1375369E-004   7.1627207E-004   4.3396985E-005
   7.2000003E+000   1.5722497E-002   2.0391603E-004   7.1688931E-004   4.5017260E-005
   7.2399998E+000   1.5980622E-002   2.1503055E-004   7.3376628E-004   4.1012059E-005
   7.2799999E+000   1.6299549E-002   2.3441088E-004   7.7278137E-004   3.9364607E-005
   7.3199999E+000   1.6514139E-002   2.3467112E-004   8.1377459E-004   4.2770126E-005
   7.3600000E+000   1.6730317E-002   2.4705541E-004   8.3057081E-004   4.5401445E-005
   7.4000001E+000   1.6974140E-002   2.6099723E-004   8.5273451E-004   4.5187420E-005
   7.4400002E+000   1.7173777E-002   2.8217500E-004   8.7485046E-004   4.5629549E-005
   7.4800003E+000   1.7431183E-002   2.6335335E-004   8.6131746E-004   4.3462923E-005
   7.5199997E+000   1.7580447E-002   2.4958735E-004   8.8565634E-004   4.5490756E-005
   7.5599998E+000   1.7899518E-002   2.7712103E-004   8.9614437E-004   4.9547817E-005
   7.5999999E+000   1.8112099E-002   2.8314975E-004   8.9980429E-004   5.0689658E-005
   7.6400000E+000   1.8394597E-002   2.8494770E-004   9.1184034E-004   5.0873774E-005
   7.6800001E+000   1.8607934E-002   2.8103041E-004   9.3701009E-004   4.2665246E-005
   7.7200001E+000   1.8790465E-002   2.6639645E-004   9.5015855E-004   4.1666558E-005
   7.7600002E+000   1.9133467E-002   2.8284983E-004   9.4603265E-004   4.3066938E-005
   7.7999997E+000   1.9275479E-002   2.9658006E-004   9.7710168E-004   3.9181365E-005
   7.8399998E+000   1.9501744E-002   3.0290413E-004   9.9132778E-004   3.6867990E-005
   7.8799999E+000   1.9702288E-002   3.0458451E-004   9.9431069E-004   4.7250803E-005
   7.9200000E+000   1.9854999E-002   3.0941934E-004   1.0139301E-003   3.6897221E-005
   7.9600000E+000   2.0052644E-002   2.9915299E-004   1.0128094E-003   4.6448531E-005
   8.0000001E+000   2.0149740E-002   2.5906670E-004   1.0291805E-003   6.0614686E-005
   8.0400002E+000   2.0306241E-002   2.5085609E-004   1.0682771E-003   5.8025205E-005
   8.0800003E+000   2.0345836E-002   2.4043190E-004   1.0916674E-003   6.4076755E-005
   8.1199998E+000   2.0636928E-002   2.4142280E-004   1.0875043E-003   5.3382316E-005
   8.1599998E+000   2.0770512E-002   2.2475741E-004   1.1274923E-003   6.2103871E-005
   8.1999999E+000   2.1122430E-002   3.0430545E-004   1.1474508E-003   6.3741118E-005
   8.2400000E+000   2.1465410E-002   2.3642026E-004   1.1945514E-003   7.1671839E-005
   8.2800001E+000   2.1672189E-002   2.8294950E-004   1.1826255E-003   6.7907775E-005
   8.3200002E+000   2.1960229E-002   2.4703937E-004   1.1967829E-003   6.7178146E-005
   8.3600003E+000   2.2273749E-002   3.1067127E-004   1.1957023E-003   6.2525705E-005
   8.3999997E+000   2.2509026E-002   2.4243815E-004   1.2160569E-003   4.7441452E-005
   8.4399998E+000   2.2747827E-002   2.3859770E-004   1.2233064E-003   5.5344667E-005
   8.4799999E+000   2.2838053E-002   2.2969322E-004   1.2307108E-003   5.7487262E-005
   8.5200000E+000   2.3159235E-002   2.2045254E-004   1.2891677E-003   5.7137314E-005
   8.5600001E+000   2.3314244E-002   2.0825929E-004   1.3052859E-003   5.4503798E-005
   8.6000001E+000   2.3535845E-002   2.1495453E-004   1.3460588E-003   4.6275933E-005
   8.6400002E+000   2.3893772E-002   2.2417563E-004   1.3484657E-003   4.9403967E-005
   8.6799997E+000   2.4115182E-002   2.2161110E-004   1.3554328E-003   4.6578704E-005
   8.7199998E+000   2.4383996E-002   2.2317149E-004   1.3303831E-003   4.2630171E-005
   8.7599999E+000   2.4751840E-002   2.3840249E-004   1.3769819E-003   4.4990467E-005
   8.8000000E+000   2.5047299E-002   2.8447343E-004   1.3915896E-003   4.4090567E-005
   8.8400000E+000   2.5265445E-002   2.8101957E-004   1.3911873E-003   4.7476279E-005
   8.8800001E+000   2.5445409E-002   2.8291769E-004   1.4283698E-003   4.6233429E-005
   8.9200002E+000   2.5703144E-002   2.9555432E-004   1.4485146E-003   4.7844168E-005
   8.9600003E+000   2.5934288E-002   2.8813225E-004   1.4713422E-003   5.1373224E-005
   8.9999998E+000   2.6133403E-002   2.7265281E-004   1.4832911E-003   4.9804486E-005
   9.0399998E+000   2.6302819E-002   2.9755427E-004   1.5151687E-003   7.4399271E-005
   9.0799999E+000   2.6745822E-002   3.2935999E-004   1.5179164E-003   5.3798046E-005
   9.1200000E+000   2.6936833E-002   3.1702252E-004   1.5247176E-003   5.2223375E-005
   9.1600001E+000   2.7230354E-002   3.5360851E-004   1.5566083E-003   4.7670714E-005
   9.2000002E+000   2.7426247E-002   3.1167791E-004   1.5405468E-003   5.1225105E-005
   9.2400002E+000   2.7774840E-002   3.1155184E-004   1.5731453E-003   6.4538546E-005
   9.2799997E+000   2.8076535E-002   3.1214010E-004   1.6232924E-003   6.2654370E-005
   9.3199998E+000   2.8395864E-002   3.3690892E-004   1.6103364E-003   6.2253969E-005
   9.3599999E+000   2.8542729E-002   2.8894732E-004   1.6124106E-003   6.5487304E-005
   9.4000000E+000   2.8769597E-002   3.7176236E-004   1.6139932E-003   6.8545435E-005
   9.4400001E+000   2.9156908E-002   3.5942996E-004   1.6234447E-003   7.0776678E-005
   9.4800001E+000   2.9329960E-002   3.6114313E-004   1.6109371E-003   6.3362455E-005
   9.5200002E+000   2.9523012E-002   2.4651107E-004   1.6561415E-003   6.2232846E-005
   9.5599997E+000   2.9759245E-002   2.3140367E-004   1.6864285E-003   6.6092094E-005
   9.5999998E+000   2.9853626E-002   2.3495533E-004   1.7113313E-003   6.8551245E-005
   9.6399999E+000   3.0223218E-002   2.7666299E-004   1.7158851E-003   8.2359739E-005
   9.6799999E+000   3.0495134E-002   3.2190911E-004   1.7383672E-003   7.8946288E-005
   9.7200000E+000   3.0689356E-002   3.1490197E-004   1.7452017E-003   6.8769056E-005
   9.7600001E+000   3.0930608E-002   2.9573128E-004   1.7774779E-003   7.5866714E-005
   9.8000002E+000   3.1100397E-002   3.0851758E-004   1.8047543E-003   7.3125292E-005
   9.8400003E+000   3.1245766E-002   2.9964869E-004   1.8335420E-003   6.0396963E-005
   9.8799998E+000   3.1565657E-002   2.8082721E-004   1.8294034E-003   7.4600910E-005
   9.9199998E+000   3.1674715E-002   2.4340207E-004   1.8218095E-003   6.9683560E-005
   9.9599999E+000   3.1991042E-002   2.9262005E-004   1.8402182E-003   7.3204471E-005
   1.0000000E+001   3.2193501E-002   2.8080951E-004   1.9058877E-003   7.1451512E-005
   1.0039999E+001   3.2540004E-002   2.5411274E-004   1.8994649E-003   7.1514847E-005
   1.0080000E+001   3.2914223E-002   2.4580763E-004   1.9435072E-003   6.8726768E-005
   1.0120000E+001   3.3165736E-002   2.5613086E-004   1.9358805E-003   7.2154541E-005
   1.0160000E+001   3.3511722E-002   3.4351284E-004   1.9513366E-003   7.6466843E-005
   1.0200000E+001   3.3706001E-002   3.2623465E-004   1.9563958E-003   8.0721302E-005
   1.0240000E+001   3.4047742E-002   3.8618197E-004   1.9570181E-003   8.6961985E-005
   1.0280000E+001   3.4237644E-002   4.1216233E-004   1.9848098E-003   8.1507123E-005
   1.0319999E+001   3.4415583E-002   3.0965693E-004   1.9730403E-003   5.8501735E-005
   1.0360000E+001   3.4776871E-002   3.7425617E-004   1.9943051E-003   6.4533277E-005
   1.0400000E+001   3.5097074E-002   3.7324218E-004   1.9991405E-003   5.7340795E-005
   1.0440000E+001   3.5350091E-002   3.7721638E-004   1.9978586E-003   6.5575260E-005
   1.0480000E+001   3.5614854E-002   3.7046797E-004   2.0275097E-003   6.9644156E-005
   1.0520000E+001   3.5903589E-002   3.3080893E-004   2.0446319E-003   7.9977327E-005
   1.0560000E+001   3.6305144E-002   3.4894066E-004   2.0899405E-003   6.7368560E-005
   1.0599999E+001   3.6620556E-002   3.2261592E-004   2.1028557E-003   5.4433522E-005
   1.0640000E+001   3.6870791E-002   3.4323242E-004   2.1608813E-003   6.6885201E-005
   1.0680000E+001   3.7079118E-002   4.2082713E-004   2.2225169E-003   5.1961130E-005
   1.0720000E+001   3.7305503E-002   4.2140707E-004   2.3423914E-003   4.8105544E-005
   1.0760000E+001   3.7617607E-002   3.9874436E-004   2.4623052E-003   4.5372069E-005
   1.0800000E+001   3.7810763E-002   4.1997561E-004   2.6961758E-003   5.5485429E-005
   1.0840000E+001   3.8117333E-002   4.5103384E-004   3.0614228E-003   4.7590450E-005
   1.0880001E+001   3.8344963E-002   4.5648255E-004   3.7086491E-003   5.5568612E-005
   1.0920000E+001   3.8659497E-002   4.4174779E-004   5.0208080E-003   6.2961159E-005
   1.0960000E+001   3.8897449E-002   4.2419356E-004   7.6409714E-003   8.5379436E-005
   1.1000000E+001   3.9309799E-002   4.1579316E-004   1.2732604E-002   1.3264127E-004
   1.1040000E+001   3.9477391E-002   3.2236992E-004   2.1626887E-002   2.2768426E-004
   1.1080000E+001   3.9760699E-002   3.7084500E-004   3.3249182E-002   3.5295417E-004
   1.1120000E+001   4.0200816E-002   3.9455739E-004   4.3170343E-002   4.8344069E-004
   1.1160001E+001   4.0563050E-002   4.0480950E-004   4.8359764E-002   5.8172722E-004
   1.1200000E+001   4.0883352E-002   4.6334942E-004   4.9761349E-002   5.5798905E-004
   1.1240000E+001   4.1171492E-002   3.2913827E-004   5.0037244E-002   5.2625493E-004
   1.1280000E+001   4.1547119E-002   3.9294268E-004   5.0486410E-002   4.7434711E-004
   1.1320000E+001   4.1793018E-002   3.8656806E-004   5.0807429E-002   4.6091379E-004
   1.1360000E+001   4.2066156E-002   5.6481078E-004   5.1259378E-002   5.3219269E-004
   1.1400000E+001   4.2597463E-002   4.1119681E-004   5.1418922E-002   4.8638202E-004
   1.1440001E+001   4.3058145E-002   3.9136359E-004   5.1672231E-002   4.9766550E-004
   1.1480000E+001   4.3446447E-002   3.8849993E-004   5.2200069E-002   4.9839139E-004
   1.1520000E+001   4.3863195E-002   3.9803981E-004   5.2542616E-002   4.7754089E-004
   1.1560000E+001   4.4302779E-002   3.6622705E-004   5.2841654E-002   4.5649286E-004
   1.1600000E+001   4.4508883E-002   3.6525177E-004   5.3173972E-002   4.2203575E-004
   1.1640000E+001   4.4772224E-002   3.7925419E-004   5.3441902E-002   4.1328618E-004
   1.1680000E+001   4.5120944E-002   3.7175763E-004   5.3928094E-002   4.0135099E-004
   1.1720001E+001   4.5672087E-002   3.7889007E-004   5.4242384E-002   4.4782952E-004
   1.1760000E+001   4.6020517E-002   4.0334646E-004   5.4548633E-002   4.8521650E-004
   1.1799999E+001   4.6225947E-002   4.5223812E-004   5.4946225E-002   5.1519443E-004
   1.1840000E+001   4.6707955E-002   4.3949481E-004   5.5336614E-002   4.6810579E-004
   1.1880000E+001   4.7058918E-002   4.4087472E-004   5.5716205E-002   4.2694778E-004
   1.1920000E+001   4.7321572E-002   3.4913178E-004   5.5914935E-002   6.0113594E-004
   1.1960000E+001   4.7668333E-002   3.4548697E-004   5.6358840E-002   4.3052686E-004
   1.2000000E+001   4.7948604E-002   3.1325130E-004   5.6722133E-002   6.3645030E-004
   1.2040000E+001   4.8107153E-002   3.2946508E-004   5.6900827E-002   6.5482020E-004
   1.2079999E+001   4.8352703E-002   3.2659949E-004   5.7529204E-002   5.1422351E-004
   1.2120000E+001   4.8747497E-002   3.6553428E-004   5.8001875E-002   5.5188367E-004
   1.2160000E+001   4.9030466E-002   3.3690791E-004   5.8391643E-002   6.6885120E-004
   1.2200000E+001   4.9423832E-002   3.1567148E-004   5.8801160E-002   5.3512512E-004
   1.2240000E+001   4.9753657E-002   3.3702827E-004   5.9278875E-002   6.1763526E-004
   1.2280000E+001   5.0201613E-002   3.7586303E-004   5.9712495E-002   5.5360771E-004
   1.2320000E+001   5.0673941E-002   3.2285236E-004   6.0201330E-002   5.3387618E-004
   1.2359999E+001   5.1033104E-002   3.1965978E-004   6.0510047E-002   5.1562925E-004
   1.2400000E+001   5.1626319E-002   3.1834304E-004   6.0673701E-002   4.9820495E-004
   1.2440000E+001   5.2104291E-002   3.1903258E-004   6.1005702E-002   4.9278006E-004
   1.2480000E+001   5.2507109E-002   3.2332657E-004   6.1449497E-002   5.3360519E-004
   1.2520000E+001   5.2918518E-002   3.1293325E-004   6.1818826E-002   5.4843213E-004
   1.2560000E+001   5.3175108E-002   3.3500204E-004   6.2102401E-002   5.0717326E-004
   1.2600000E+001   5.3428869E-002   4.3443356E-004   6.2806427E-002   3.4978451E-004
   1.2640001E+001   5.3726324E-002   3.6125736E-004   6.3145289E-002   3.4404182E-004
   1.2680000E+001   5.4004676E-002   3.7900054E-004   6.3527892E-002   3.6382218E-004
   1.2720000E+001   5.4387317E-002   3.4580523E-004   6.4161298E-002   5.8628585E-004
   1.2760000E+001   5.4777749E-002   3.7130619E-004   6.4806880E-002   5.9548412E-004
   1.2800000E+001   5.5150530E-002   4.4057931E-004   6.5339687E-002   7.0697794E-004
   1.2840000E+001   5.5533706E-002   4.3093944E-004   6.5781314E-002   6.6459606E-004
   1.2880000E+001   5.5889693E-002   4.8029901E-004   6.6358285E-002   6.8648848E-004
   1.2920001E+001   5.6295717E-002   4.3736127E-004   6.6805707E-002   7.1878873E-004
   1.2960000E+001   5.6872163E-002   4.4505911E-004   6.7177746E-002   7.2503127E-004
   1.3000000E+001   5.7179047E-002   4.2253117E-004   6.7675168E-002   7.3409539E-004
   1.3040000E+001   5.7711984E-002   4.4760686E-004   6.8016940E-002   7.9931168E-004
   1.3080000E+001   5.8013175E-002   4.5111647E-004   6.8367280E-002   7.3644638E-004
   1.3120000E+001   5.8349404E-002   4.7877525E-004   6.8841147E-002   5.6969957E-004
   1.3160000E+001   5.8927384E-002   4.8863104E-004   6.9268319E-002   7.5714498E-004
   1.3200001E+001   5.9302733E-002   4.6404803E-004   6.9529773E-002   8.3038517E-004
   1.3240000E+001   5.9516674E-002   3.9732098E-004   6.9906738E-002   5.9116294E-004
   1.3279999E+001   5.9991055E-002   3.7715550E-004   7.0173185E-002   8.1367944E-004
   1.3320000E+001   6.0119760E-002   3.6204863E-004   7.0608159E-002   5.9917988E-004
   1.3360000E+001   6.0539079E-002   3.2464018E-004   7.1083076E-002   5.3832849E-004
   1.3400000E+001   6.0822067E-002   3.9557199E-004   7.1614555E-002   5.0094890E-004
   1.3440000E+001   6.1228927E-002   4.0364569E-004   7.1890841E-002   5.3370035E-004
   1.3480000E+001   6.1632001E-002   3.2831303E-004   7.2411754E-002   4.2782215E-004
   1.3520000E+001   6.1923126E-002   3.5491435E-004   7.2782262E-002   5.4155996E-004
   1.3559999E+001   6.2365551E-002   3.6709005E-004   7.3437297E-002   5.5028898E-004
   1.3600000E+001   6.2807489E-002   3.8167633E-004   7.4042586E-002   5.2774832E-004
   1.3640000E+001   6.3243159E-002   3.6736167E-004   7.4386561E-002   5.0179991E-004
   1.3680000E+001   6.3580287E-002   4.6183765E-004   7.4878728E-002   5.7646016E-004
   1.3720000E+001   6.3919704E-002   3.7031934E-004   7.5449616E-002   5.7077822E-004
   1.3760000E+001   6.4299369E-002   3.5499735E-004   7.5951723E-002   5.3463609E-004
   1.3800000E+001   6.4563981E-002   3.5017758E-004   7.6208103E-002   5.4533754E-004
   1.3839999E+001   6.5046862E-002   3.3094175E-004   7.6653490E-002   5.8293059E-004
   1.3880000E+001   6.5363007E-002   3.8824014E-004   7.7086942E-002   5.4130341E-004
   1.3920000E+001   6.5701518E-002   3.5690118E-004   7.7264315E-002   5.9748445E-004
   1.3960000E+001   6.5922930E-002   2.8446615E-004   7.7799193E-002   5.7308497E-004
   1.4000000E+001   6.6333162E-002   3.1245136E-004   7.8231841E-002   5.6148077E-004
   1.4040000E+001   6.6745620E-002   3.1983436E-004   7.8793736E-002   5.6595113E-004
   1.4080000E+001   6.6892839E-002   3.1276935E-004   7.8991010E-002   5.9839012E-004
   1.4119999E+001   6.7343356E-002   3.3320961E-004   7.9388860E-002   6.1170879E-004
   1.4160000E+001   6.7786879E-002   3.0418176E-004   7.9867915E-002   6.3758239E-004
   1.4200000E+001   6.8287716E-002   2.8055681E-004   8.0226503E-002   5.9491913E-004
   1.4240000E+001   6.8921507E-002   2.6783903E-004   8.0979961E-002   6.3471315E-004
   1.4280000E+001   6.9392251E-002   2.9009267E-004   8.1227666E-002   5.8070291E-004
   1.4320000E+001   6.9794022E-002   3.0152045E-004   8.1796501E-002   4.9710413E-004
   1.4360000E+001   7.0217635E-002   3.3661574E-004   8.2050314E-002   5.4770328E-004
   1.4400001E+001   7.0510526E-002   3.2259506E-004   8.2524759E-002   4.3342708E-004
   1.4440000E+001   7.1041098E-002   3.7987159E-004   8.3114441E-002   4.6621866E-004
   1.4480000E+001   7.1631124E-002   3.2873509E-004   8.3204849E-002   4.7987176E-004
   1.4520000E+001   7.1975703E-002   4.7503850E-004   8.3628573E-002   3.8950135E-004
   1.4560000E+001   7.2376177E-002   4.6279657E-004   8.3905345E-002   4.2498873E-004
   1.4600000E+001   7.2836628E-002   5.1947419E-004   8.4563439E-002   4.0084672E-004
   1.4640000E+001   7.3031940E-002   4.7631047E-004   8.5133966E-002   3.3661780E-004
   1.4680001E+001   7.3329084E-002   4.4750027E-004   8.5674259E-002   4.7888367E-004
   1.4720000E+001   7.3700232E-002   3.7756748E-004   8.6280128E-002   4.1479925E-004
   1.4760000E+001   7.4027509E-002   4.3040015E-004   8.6694888E-002   4.1712533E-004
   1.4800000E+001   7.4387035E-002   4.4531787E-004   8.7421840E-002   4.5672326E-004
   1.4840000E+001   7.4718884E-002   5.0388612E-004   8.7994706E-002   4.9274543E-004
   1.4880000E+001   7.5218173E-002   4.0804431E-004   8.8537010E-002   4.8533031E-004
   1.4920000E+001   7.5531633E-002   4.0796355E-004   8.9043226E-002   4.8611046E-004
   1.4960001E+001   7.6012972E-002   3.8768230E-004   8.9656408E-002   4.8097229E-004
   1.5000000E+001   7.6321140E-002   3.9507417E-004   9.0048545E-002   4.6168312E-004
   1.5039999E+001   7.6822267E-002   3.9407153E-004   9.0521921E-002   4.5664891E-004
   1.5080000E+001   7.7219275E-002   3.7954937E-004   9.0606594E-002   4.4398715E-004
   1.5120000E+001   7.7649007E-002   4.1154455E-004   9.1259345E-002   4.1481550E-004
   1.5160000E+001   7.7937038E-002   3.7743614E-004   9.1663287E-002   3.6123527E-004
   1.5200000E+001   7.8370662E-002   3.6293459E-004   9.1801878E-002   3.3577580E-004
   1.5240000E+001   7.8794386E-002   3.5679989E-004   9.2423172E-002   3.6435236E-004
   1.5280000E+001   7.9106658E-002   3.6498605E-004   9.2864750E-002   4.2807446E-004
   1.5319999E+001   7.9511314E-002   4.1346023E-004   9.3320910E-002   3.8017795E-004
   1.5360000E+001   7.9932922E-002   4.0255201E-004   9.3834753E-002   4.0799887E-004
   1.5400000E+001   8.0292585E-002   4.0987067E-004   9.4271178E-002   3.7806011E-004
   1.5440000E+001   8.0480366E-002   4.1632806E-004   9.4661471E-002   3.8406641E-004
   1.5480000E+001   8.0889979E-002   4.5654418E-004   9.5339928E-002   4.0889199E-004
   1.5520000E+001   8.1191610E-002   4.4345099E-004   9.6216892E-002   4.2627201E-004
   1.5560000E+001   8.1750021E-002   4.2541810E-004   9.6769317E-002   4.0142178E-004
   1.5599999E+001   8.1967003E-002   4.4929606E-004   9.7264004E-002   4.2148342E-004
   1.5640000E+001   8.2536034E-002   4.3250398E-004   9.7664740E-002   4.5136867E-004
   1.5680000E+001   8.2985751E-002   4.3527178E-004   9.8439334E-002   4.2587073E-004
   1.5720000E+001   8.3375312E-002   6.1275642E-004   9.8937539E-002   4.8974550E-004
   1.5760000E+001   8.3771368E-002   4.5549439E-004   9.9515273E-002   5.0933566E-004
   1.5800000E+001   8.4178604E-002   4.4562174E-004   1.0023114E-001   5.4660091E-004
   1.5840000E+001   8.4508996E-002   4.4666738E-004   1.0068639E-001   5.1765610E-004
   1.5880001E+001   8.4976324E-002   4.6348435E-004   1.0119332E-001   5.2583653E-004
   1.5920000E+001   8.5135656E-002   4.6736205E-004   1.0169602E-001   4.9585279E-004
   1.5960000E+001   8.5603030E-002   4.5943712E-004   1.0214816E-001   4.4145943E-004
   1.6000000E+001   8.5981014E-002   4.4784676E-004   1.0272362E-001   4.3547245E-004
   1.6040000E+001   8.6374833E-002   4.9482969E-004   1.0295883E-001   4.4796515E-004
   1.6080000E+001   8.6735980E-002   5.6403153E-004   1.0326932E-001   4.1822981E-004
   1.6120000E+001   8.7310831E-002   5.3893606E-004   1.0378370E-001   4.0690694E-004
   1.6160001E+001   8.7750046E-002   5.3501783E-004   1.0441522E-001   4.3062854E-004
   1.6200000E+001   8.8328947E-002   5.2982541E-004   1.0488249E-001   4.4292145E-004
   1.6240000E+001   8.8681505E-002   4.9573165E-004   1.0539722E-001   4.3585542E-004
   1.6280000E+001   8.9213894E-002   4.9832714E-004   1.0587101E-001   4.7816745E-004
   1.6320000E+001   8.9744053E-002   5.2814484E-004   1.0637860E-001   4.7304281E-004
   1.6360000E+001   9.0379035E-002   5.0283322E-004   1.0692405E-001   6.7216693E-004
   1.6400000E+001   9.0672525E-002   4.9031109E-004   1.0749422E-001   6.4404918E-004
   1.6440001E+001   9.0964657E-002   5.1822932E-004   1.0815357E-001   6.7056882E-004
   1.6480000E+001   9.1458194E-002   5.1289088E-004   1.0909593E-001   6.2600203E-004
   1.6520000E+001   9.2005097E-002   5.2294411E-004   1.0961476E-001   6.0152390E-004
   1.6560000E+001   9.2157715E-002   6.9285859E-004   1.1006894E-001   6.2210996E-004
   1.6600000E+001   9.2811961E-002   5.6500068E-004   1.1083033E-001   6.0446532E-004
   1.6640000E+001   9.3116360E-002   6.3844742E-004   1.1128768E-001   6.2539523E-004
   1.6680000E+001   9.3689110E-002   5.5661785E-004   1.1192857E-001   6.1735385E-004
   1.6720001E+001   9.4103426E-002   7.2060152E-004   1.1255936E-001   5.9277684E-004
   1.6760000E+001   9.4668538E-002   7.3130261E-004   1.1320856E-001   6.7585287E-004
   1.6799999E+001   9.5105412E-002   7.9292818E-004   1.1337334E-001   6.2164524E-004
   1.6840000E+001   9.5631076E-002   7.6273803E-004   1.1412815E-001   7.3457030E-004
   1.6880000E+001   9.6129397E-002   8.0922317E-004   1.1428609E-001   6.4289422E-004
   1.6920000E+001   9.6832685E-002   7.8870875E-004   1.1497274E-001   6.4265789E-004
   1.6960000E+001   9.7460510E-002   7.2773115E-004   1.1546644E-001   8.1074706E-004
   1.7000000E+001   9.7770497E-002   7.4813127E-004   1.1591802E-001   1.0145318E-003
   1.7040000E+001   9.8495431E-002   6.5241878E-004   1.1665854E-001   1.0068527E-003
   1.7079999E+001   9.9142966E-002   5.8729946E-004   1.1702525E-001   8.9231241E-004
   1.7120000E+001   9.9546202E-002   5.6921118E-004   1.1757944E-001   8.4589669E-004
   1.7160000E+001   9.9780753E-002   4.8357990E-004   1.1821958E-001   7.1084645E-004
   1.7200000E+001   1.0047308E-001   4.9577078E-004   1.1869247E-001   7.6535004E-004
   1.7240000E+001   1.0091537E-001   4.5531523E-004   1.1945644E-001   7.7391287E-004
   1.7280000E+001   1.0136975E-001   4.3419734E-004   1.1986365E-001   8.6044951E-004
   1.7320000E+001   1.0189571E-001   4.2908541E-004   1.2020291E-001   8.9032779E-004
   1.7359999E+001   1.0216850E-001   3.7117573E-004   1.2100114E-001   8.9065094E-004
   1.7400000E+001   1.0265697E-001   4.2390827E-004   1.2182651E-001   8.1487183E-004
   1.7440000E+001   1.0322010E-001   3.6997769E-004   1.2213284E-001   9.6254560E-004
   1.7480000E+001   1.0347670E-001   4.0182201E-004   1.2312166E-001   9.6457920E-004
   1.7520000E+001   1.0403432E-001   4.1026582E-004   1.2336525E-001   8.6575517E-004
   1.7560000E+001   1.0433910E-001   3.9547028E-004   1.2400072E-001   8.6965338E-004
   1.7600000E+001   1.0486516E-001   4.2683222E-004   1.2442391E-001   9.2122259E-004
   1.7640001E+001   1.0517615E-001   4.2516098E-004   1.2522559E-001   1.0469898E-003
   1.7680000E+001   1.0549348E-001   3.8820354E-004   1.2589831E-001   9.1965191E-004
   1.7720000E+001   1.0595863E-001   4.2195752E-004   1.2675575E-001   1.0342951E-003
   1.7760000E+001   1.0632872E-001   4.4587878E-004   1.2726329E-001   1.0139043E-003
   1.7800000E+001   1.0696374E-001   4.2221702E-004   1.2792061E-001   1.0088189E-003
   1.7840000E+001   1.0744737E-001   3.9227755E-004   1.2884048E-001   9.6362745E-004
   1.7880000E+001   1.0803499E-001   4.3747760E-004   1.2963605E-001   9.5128822E-004
   1.7920001E+001   1.0826279E-001   4.2782969E-004   1.3029140E-001   9.7195670E-004
   1.7960000E+001   1.0869180E-001   4.7030587E-004   1.3093733E-001   1.0427042E-003
   1.8000000E+001   1.0934411E-001   4.4741729E-004   1.3131179E-001   1.0187556E-003
   1.8040000E+001   1.0973082E-001   4.3336444E-004   1.3226871E-001   8.8269473E-004
   1.8080000E+001   1.1025865E-001   4.1581221E-004   1.3242669E-001   8.9200391E-004
   1.8120000E+001   1.1065410E-001   4.1370208E-004   1.3297148E-001   9.3494621E-004
   1.8160000E+001   1.1124608E-001   3.8624416E-004   1.3351208E-001   1.1631924E-003
   1.8200001E+001   1.1178731E-001   3.7856916E-004   1.3404672E-001   8.7672415E-004
   1.8240000E+001   1.1238093E-001   3.4545964E-004   1.3464826E-001   9.7680985E-004
   1.8279999E+001   1.1289571E-001   3.9198134E-004   1.3502860E-001   8.8987782E-004
   1.8320000E+001   1.1324885E-001   3.7637243E-004   1.3561025E-001   9.7305054E-004
   1.8360000E+001   1.1375746E-001   3.7903281E-004   1.3616498E-001   1.1124995E-003
   1.8400000E+001   1.1428929E-001   4.3812247E-004   1.3641372E-001   1.1025554E-003
   1.8440000E+001   1.1479408E-001   4.8957881E-004   1.3721938E-001   9.7136701E-004
   1.8480000E+001   1.1539197E-001   4.8501394E-004   1.3796996E-001   9.9141333E-004
   1.8520000E+001   1.1597468E-001   4.2822669E-004   1.3864198E-001   1.4004605E-003
   1.8559999E+001   1.1644360E-001   4.2700590E-004   1.3908655E-001   1.0867280E-003
   1.8600000E+001   1.1681794E-001   4.0718716E-004   1.3983426E-001   9.6696167E-004
   1.8640000E+001   1.1738621E-001   4.0282264E-004   1.4037372E-001   1.4231464E-003
   1.8680000E+001   1.1821391E-001   4.2612878E-004   1.4119272E-001   1.4880175E-003
   1.8720000E+001   1.1849754E-001   4.1986793E-004   1.4182647E-001   1.5899186E-003
   1.8760000E+001   1.1894342E-001   4.0898940E-004   1.4274212E-001   1.0440424E-003
   1.8800000E+001   1.1962441E-001   3.8123865E-004   1.4348293E-001   1.3155985E-003
   1.8839999E+001   1.2010430E-001   3.9118156E-004   1.4396589E-001   1.0606603E-003
   1.8880000E+001   1.2025234E-001   4.1128517E-004   1.4471862E-001   1.1051490E-003
   1.8920000E+001   1.2089007E-001   4.2527476E-004   1.4538667E-001   1.1035129E-003
   1.8960000E+001   1.2094024E-001   4.2043087E-004   1.4618802E-001   1.0715720E-003
   1.9000000E+001   1.2200316E-001   4.5174012E-004   1.4682593E-001   1.1497473E-003
   1.9040000E+001   1.2263470E-001   4.6038622E-004   1.4775958E-001   1.4785376E-003
   1.9080000E+001   1.2321137E-001   5.6625252E-004   1.4839935E-001   1.2489665E-003
   1.9119999E+001   1.2366011E-001   5.0643783E-004   1.4927792E-001   1.3528727E-003
   1.9160000E+001   1.2411034E-001   7.4002633E-004   1.4974030E-001   1.3659319E-003
   1.9200000E+001   1.2450278E-001   5.5639595E-004   1.5052020E-001   1.7691383E-003
   1.9240000E+001   1.2480055E-001   6.7056445E-004   1.5130569E-001   1.4008492E-003
   1.9280000E+001   1.2531744E-001   6.7684168E-004   1.5217017E-001   1.1488698E-003
   1.9320000E+001   1.2592225E-001   6.8829922E-004   1.5280097E-001   1.6756061E-003
   1.9360000E+001   1.2630795E-001   6.8368221E-004   1.5333683E-001   1.2685981E-003
   1.9400001E+001   1.2695992E-001   6.7201705E-004   1.5389955E-001   1.4424537E-003
   1.9440000E+001   1.2781720E-001   7.0889017E-004   1.5412707E-001   1.6662566E-003
   1.9480000E+001   1.2817323E-001   6.6601646E-004   1.5457507E-001   1.5612405E-003
   1.9520000E+001   1.2839274E-001   9.5198594E-004   1.5500567E-001   1.7206345E-003
   1.9560000E+001   1.2859609E-001   9.1474786E-004   1.5583131E-001   1.8201400E-003
   1.9600000E+001   1.2891178E-001   8.9690174E-004   1.5655324E-001   1.8401413E-003
   1.9640000E+001   1.2950643E-001   9.4380827E-004   1.5724528E-001   1.7947641E-003
   1.9680001E+001   1.3020325E-001   9.5946588E-004   1.5785522E-001   1.8664587E-003
   1.9720000E+001   1.3082563E-001   1.0870361E-003   1.5873561E-001   1.8499363E-003
   1.9760000E+001   1.3140752E-001   1.0309762E-003   1.5958472E-001   1.7008652E-003
   1.9800000E+001   1.3215341E-001   1.0901759E-003   1.6030468E-001   1.4450257E-003
   1.9840000E+001   1.3284875E-001   1.1662771E-003   1.6056558E-001   1.4271001E-003
   1.9880000E+001   1.3366203E-001   1.1680944E-003   1.6118683E-001   1.5083758E-003
   1.9920000E+001   1.3406787E-001   1.1646221E-003   1.6214379E-001   1.0985183E-003
   1.9960001E+001   1.3472003E-001   1.1690452E-003   1.6249496E-001   1.1790679E-003
   2.0000000E+001   1.3500200E-001   1.1724052E-003   1.6300710E-001   1.2140291E-003
