         0.0800         0.0000         0.0000         0.0000         0.0000         0.0000
         0.1200         0.0000         0.0000         0.0000         0.0000         0.0000
         0.1600         0.0000         0.0000         0.0000         0.0000         0.0000
         0.2000         0.0000         0.0000         0.0000         0.0000         0.0000
         0.2400         0.0000         0.0000         0.0000         0.0000         0.0000
         0.2800         0.0000         0.0000         0.0000         0.0000         0.0000
         0.3200         0.0000         0.0000         0.0000         0.0000         0.0000
         0.3600         0.0000         0.0000         0.0000         0.0000         0.0000
         0.4000         0.0000         0.0000         0.0000         0.0000         0.0000
         0.4400         0.0000         0.0000         0.0000         0.0000         0.0000
         0.4800         0.0000         0.0000         0.0000         0.0000         0.0000
         0.5200         0.0000         0.0000         0.0000         0.0000         0.0000
         0.5600         0.0000         0.0000         0.0000         0.0000         0.0000
         0.6000         0.0000         0.0000         0.0000         0.0000         0.0000
         0.6400         0.0000         0.0000         0.0000         0.0000         0.0000
         0.6800         0.0000         0.0000         0.0000         0.0000         0.0000
         0.7200         0.0000         0.0000         0.0000         0.0000         0.0000
         0.7600         0.0000         0.0000         0.0000         0.0000         0.0000
         0.8000         0.0000         0.0000         0.0000         0.0000         0.0000
         0.8400         0.0000         0.0000         0.0000         0.0000         0.0000
         0.8800         0.0000         0.0000         0.0000         0.0000         0.0000
         0.9200         0.0000         0.0000         0.0000         0.0000         0.0000
         0.9600         0.0003         0.0001         0.0000         0.0000         0.0000
         1.0000         0.0013         0.0001         0.0000         0.0000         0.0000
         1.0400         0.0039         0.0004         0.0000         0.0000         0.0000
         1.0800         0.0081         0.0009         0.0000         0.0000         0.0000
         1.1200         0.0122         0.0014         0.0000         0.0000         0.0000
         1.1600         0.0155         0.0019         0.0000         0.0000         0.0000
         1.2000         0.0197         0.0022         0.0000         0.0000         0.0000
         1.2400         0.0240         0.0026         0.0000         0.0000         0.0000
         1.2800         0.0290         0.0030         0.0000         0.0000         0.0000
         1.3200         0.0338         0.0032         0.0000         0.0000         0.0000
         1.3600         0.0384         0.0034         0.0000         0.0000         0.0000
         1.4000         0.0426         0.0038         0.0000         0.0000         0.0000
         1.4400         0.0498         0.0056         0.0000         0.0000         0.0000
         1.4800         0.0555         0.0064         0.0000         0.0000         0.0000
         1.5200         0.0614         0.0068         0.0000         0.0000         0.0000
         1.5600         0.0688         0.0074         0.0000         0.0000         0.0000
         1.6000         0.0766         0.0076         0.0000         0.0000         0.0000
         1.6400         0.0843         0.0080         0.0000         0.0000         0.0000
         1.6800         0.0887         0.0085         0.0000         0.0000         0.0000
         1.7200         0.0947         0.0128         0.0000         0.0000         0.0000
         1.7600         0.1018         0.0091         0.0000         0.0000         0.0000
         1.8000         0.1110         0.0105         0.0000         0.0000         0.0000
         1.8400         0.1171         0.0124         0.0000         0.0000         0.0000
         1.8800         0.1303         0.0167         0.0000         0.0000         0.0000
         1.9200         0.1404         0.0169         0.0000         0.0000         0.0000
         1.9600         0.1473         0.0168         0.0000         0.0000         0.0000
         2.0000         0.1560         0.0172         0.0000         0.0000         0.0000
         2.0400         0.1641         0.0188         0.0000         0.0000         0.0000
         2.0800         0.1769         0.0195         0.0000         0.0000         0.0000
         2.1200         0.1826         0.0188         0.0000         0.0000         0.0000
         2.1600         0.1886         0.0214         0.0000         0.0000         0.0000
         2.2000         0.1948         0.0234         0.0000         0.0000         0.0000
         2.2400         0.2090         0.0249         0.0000         0.0000         0.0000
         2.2800         0.2144         0.0251         0.0000         0.0000         0.0000
         2.3200         0.2247         0.0252         0.0000         0.0000         0.0000
         2.3600         0.2372         0.0273         0.0000         0.0000         0.0000
         2.4000         0.2512         0.0285         0.0000         0.0000         0.0000
         2.4400         0.2601         0.0325         0.0000         0.0000         0.0000
         2.4800         0.2797         0.0330         0.0000         0.0000         0.0000
         2.5200         0.2949         0.0311         0.0000         0.0000         0.0000
         2.5600         0.3105         0.0295         0.0000         0.0000         0.0000
         2.6000         0.3264         0.0317         0.0000         0.0000         0.0000
         2.6400         0.3350         0.0328         0.0000         0.0000         0.0000
         2.6800         0.3471         0.0315         0.0000         0.0000         0.0000
         2.7200         0.3647         0.0304         0.0000         0.0000         0.0000
         2.7600         0.3733         0.0298         0.0000         0.0000         0.0000
         2.8000         0.3857         0.0303         0.0000         0.0000         0.0000
         2.8400         0.3970         0.0296         0.0000         0.0000         0.0000
         2.8800         0.4112         0.0307         0.0000         0.0000         0.0000
         2.9200         0.4223         0.0217         0.0000         0.0000         0.0000
         2.9600         0.4323         0.0205         0.0000         0.0000         0.0000
         3.0000         0.4425         0.0188         0.0000         0.0000         0.0000
         3.0400         0.4521         0.0199         0.0000         0.0000         0.0000
         3.0800         0.4607         0.0182         0.0000         0.0000         0.0000
         3.1200         0.4746         0.0179         0.0000         0.0000         0.0000
         3.1600         0.4944         0.0205         0.0000         0.0000         0.0000
         3.2000         0.5220         0.0206         0.0000         0.0000         0.0000
         3.2400         0.5421         0.0199         0.0000         0.0000         0.0000
         3.2800         0.5576         0.0179         0.0000         0.0000         0.0000
         3.3200         0.5757         0.0298         0.0000         0.0000         0.0000
         3.3600         0.5833         0.0208         0.0000         0.0000         0.0000
         3.4000         0.6025         0.0215         0.0000         0.0000         0.0000
         3.4400         0.6225         0.0204         0.0000         0.0000         0.0000
         3.4800         0.6458         0.0191         0.0000         0.0000         0.0000
         3.5200         0.6636         0.0199         0.0000         0.0000         0.0000
         3.5600         0.6822         0.0195         0.0000         0.0000         0.0000
         3.6000         0.7021         0.0209         0.0000         0.0000         0.0000
         3.6400         0.7162         0.0209         0.0000         0.0000         0.0000
         3.6800         0.7418         0.0227         0.0000         0.0000         0.0000
         3.7200         0.7639         0.0237         0.0000         0.0000         0.0000
         3.7600         0.7775         0.0245         0.0000         0.0000         0.0000
         3.8000         0.8101         0.0315         0.0000         0.0000         0.0000
         3.8400         0.8423         0.0257         0.0000         0.0000         0.0000
         3.8800         0.8770         0.0300         0.0000         0.0000         0.0000
         3.9200         0.9058         0.0266         0.0000         0.0000         0.0000
         3.9600         0.9277         0.0324         0.0000         0.0000         0.0000
         4.0000         0.9533         0.0310         0.0000         0.0000         0.0000
         4.0400         0.9655         0.0288         0.0000         0.0000         0.0000
         4.0800         0.9879         0.0240         0.0000         0.0000         0.0000
         4.1200         0.9911         0.0299         0.0000         0.0000         0.0000
         4.1600         1.0179         0.0377         0.0000         0.0000         0.0000
         4.2000         1.0372         0.0369         0.0000         0.0000         0.0000
         4.2400         1.0692         0.0384         0.0000         0.0000         0.0000
         4.2800         1.1096         0.0397         0.0000         0.0000         0.0000
         4.3200         1.1356         0.0345         0.0000         0.0000         0.0000
         4.3600         1.1657         0.0363         0.0000         0.0000         0.0000
         4.4000         1.1813         0.0370         0.0000         0.0000         0.0000
         4.4400         1.1977         0.0357         0.0000         0.0000         0.0000
         4.4800         1.2284         0.0342         0.0000         0.0000         0.0000
         4.5200         1.2560         0.0355         0.0000         0.0000         0.0000
         4.5600         1.2932         0.0300         0.0000         0.0000         0.0000
         4.6000         1.3328         0.0317         0.0000         0.0000         0.0000
         4.6400         1.3490         0.0306         0.0000         0.0000         0.0000
         4.6800         1.3829         0.0308         0.0000         0.0000         0.0000
         4.7200         1.4156         0.0300         0.0000         0.0000         0.0000
         4.7600         1.4433         0.0301         0.0000         0.0000         0.0000
         4.8000         1.4756         0.0307         0.0000         0.0000         0.0000
         4.8400         1.5026         0.0332         0.0000         0.0000         0.0000
         4.8800         1.5417         0.0317         0.0000         0.0000         0.0000
         4.9200         1.5676         0.0342         0.0000         0.0000         0.0000
         4.9600         1.6039         0.0358         0.0000         0.0000         0.0000
         5.0000         1.6245         0.0320         0.0000         0.0000         0.0000
         5.0400         1.6667         0.0320         0.0000         0.0000         0.0000
         5.0800         1.7032         0.0283         0.0000         0.0000         0.0000
         5.1200         1.7354         0.0259         0.0000         0.0000         0.0000
         5.1600         1.7716         0.0233         0.0000         0.0000         0.0000
         5.2000         1.8074         0.0229         0.0000         0.0000         0.0000
         5.2400         1.8468         0.0226         0.0000         0.0000         0.0000
         5.2800         1.8747         0.0232         0.0000         0.0000         0.0000
         5.3200         1.8938         0.0214         0.0000         0.0000         0.0000
         5.3600         1.9289         0.0244         0.0000         0.0000         0.0000
         5.4000         1.9662         0.0268         0.0000         0.0000         0.0000
         5.4400         1.9832         0.0261         0.0000         0.0000         0.0000
         5.4800         2.0079         0.0248         0.0000         0.0000         0.0000
         5.5200         2.0325         0.0275         0.0000         0.0000         0.0000
         5.5600         2.0633         0.0285         0.0000         0.0000         0.0000
         5.6000         2.1189         0.0295         0.0000         0.0000         0.0000
         5.6400         2.1524         0.0306         0.0000         0.0000         0.0000
         5.6800         2.1803         0.0331         0.0000         0.0000         0.0000
         5.7200         2.2268         0.0358         0.0000         0.0000         0.0000
         5.7600         2.2579         0.0326         0.0000         0.0000         0.0000
         5.8000         2.3103         0.0412         0.0000         0.0000         0.0000
         5.8400         2.3469         0.0336         0.0000         0.0000         0.0000
         5.8800         2.3911         0.0309         0.0000         0.0000         0.0021
         5.9200         2.4171         0.0294         0.0000         0.0000         0.0339
         5.9600         2.4630         0.0312         0.0000         0.0000         0.1937
         6.0000         2.4847         0.0312         0.0000         0.0000         0.5693
         6.0400         2.5235         0.0333         0.0000         0.0000         1.1036
         6.0800         2.5583         0.0333         0.0000         0.0000         1.6517
         6.1200         2.5894         0.0328         0.0000         0.0000         2.1073
         6.1600         2.6326         0.0296         0.0000         0.0000         2.4386
         6.2000         2.6966         0.0299         0.0000         0.0000         2.6595
         6.2400         2.7428         0.0298         0.0000         0.0000         2.7989
         6.2800         2.7878         0.0328         0.0000         0.0000         2.8836
         6.3200         2.8346         0.0341         0.0000         0.0000         2.9337
         6.3600         2.8566         0.0358         0.0000         0.0000         2.9628
         6.4000         2.9038         0.0361         0.0000         0.0000         2.9794
         6.4400         2.9373         0.0364         0.0000         0.0000         2.9887
         6.4800         2.9787         0.0398         0.0000         0.0000         2.9939
         6.5200         3.0272         0.0446         0.0000         0.0000         2.9967
         6.5600         3.0551         0.0479         0.0000         0.0000         2.9983
         6.6000         3.0997         0.0464         0.0000         0.0000         2.9991
         6.6400         3.1348         0.0466         0.0000         0.0000         2.9995
         6.6800         3.1841         0.0459         0.0000         0.0000         2.9998
         6.7200         3.2095         0.0437         0.0000         0.0000         2.9999
         6.7600         3.2545         0.0435         0.0000         0.0000         2.9999
         6.8000         3.2735         0.0430         0.0000         0.0000         3.0000
         6.8400         3.3240         0.0419         0.0000         0.0000         3.0000
         6.8800         3.3753         0.0453         0.0000         0.0000         3.0000
         6.9200         3.4235         0.0437         0.0000         0.0000         3.0000
         6.9600         3.4532         0.0456         0.0000         0.0000         3.0000
         7.0000         3.5002         0.0490         0.0000         0.0000         3.0000
         7.0400         3.5365         0.0441         0.0000         0.0000         3.0000
         7.0800         3.5852         0.0428         0.0000         0.0000         3.0000
         7.1200         3.6117         0.0422         0.0000         0.0000         3.0000
         7.1600         3.6508         0.0476         0.0000         0.0000         3.0000
         7.2000         3.6815         0.0502         0.0000         0.0000         3.0000
         7.2400         3.7222         0.0540         0.0000         0.0000         3.0000
         7.2800         3.7766         0.0662         0.0000         0.0000         3.0000
         7.3200         3.8102         0.0689         0.0000         0.0000         3.0000
         7.3600         3.8540         0.0570         0.0000         0.0000         3.0000
         7.4000         3.8913         0.0744         0.0000         0.0000         3.0000
         7.4400         3.9508         0.0712         0.0000         0.0000         3.0000
         7.4800         3.9962         0.0648         0.0000         0.0000         3.0000
         7.5200         4.0298         0.0688         0.0000         0.0000         3.0000
         7.5600         4.0747         0.0665         0.0000         0.0000         3.0000
         7.6000         4.1250         0.0693         0.0000         0.0000         3.0000
         7.6400         4.1779         0.0759         0.0000         0.0000         3.0000
         7.6800         4.2260         0.0731         0.0000         0.0000         3.0000
         7.7200         4.2730         0.0726         0.0000         0.0000         3.0000
         7.7600         4.3386         0.0796         0.0000         0.0000         3.0000
         7.8000         4.4053         0.0876         0.0000         0.0000         3.0000
         7.8400         4.4525         0.0849         0.0000         0.0000         3.0000
         7.8800         4.5218         0.0853         0.0000         0.0000         3.0000
         7.9200         4.5387         0.0782         0.0000         0.0000         3.0000
         7.9600         4.5838         0.0748         0.0000         0.0000         3.0000
         8.0000         4.6292         0.0767         0.0000         0.0000         3.0000
         8.0400         4.6723         0.0823         0.0000         0.0000         3.0000
         8.0800         4.7170         0.0860         0.0000         0.0000         3.0000
         8.1200         4.7482         0.0872         0.0000         0.0000         3.0000
         8.1600         4.8053         0.0844         0.0000         0.0000         3.0000
         8.2000         4.8561         0.0886         0.0000         0.0000         3.0000
         8.2400         4.9207         0.0897         0.0000         0.0000         3.0000
         8.2800         4.9726         0.0898         0.0000         0.0000         3.0000
         8.3200         5.0424         0.0908         0.0000         0.0000         3.0000
         8.3600         5.0824         0.0899         0.0000         0.0000         3.0000
         8.4000         5.1571         0.0920         0.0000         0.0000         3.0000
         8.4400         5.1927         0.0937         0.0000         0.0000         3.0000
         8.4800         5.2361         0.0885         0.0000         0.0000         3.0000
         8.5200         5.3196         0.0917         0.0000         0.0000         3.0000
         8.5600         5.3728         0.0853         0.0000         0.0000         3.0000
         8.6000         5.4310         0.1049         0.0000         0.0000         3.0000
         8.6400         5.4974         0.1045         0.0000         0.0000         3.0000
         8.6800         5.5649         0.1142         0.0000         0.0000         3.0000
         8.7200         5.5798         0.1110         0.0000         0.0000         3.0000
         8.7600         5.6333         0.0852         0.0000         0.0000         3.0000
         8.8000         5.6912         0.0751         0.0000         0.0000         3.0000
         8.8400         5.7316         0.0755         0.0000         0.0000         3.0000
         8.8800         5.7901         0.0749         0.0000         0.0000         3.0000
         8.9200         5.8387         0.0667         0.0000         0.0000         3.0000
         8.9600         5.9023         0.0684         0.0000         0.0000         3.0000
         9.0000         5.9335         0.0736         0.0000         0.0000         3.0000
         9.0400         6.0060         0.0732         0.0000         0.0000         3.0000
         9.0800         6.0808         0.0784         0.0000         0.0000         3.0000
         9.1200         6.1374         0.0821         0.0000         0.0000         3.0000
         9.1600         6.1870         0.0854         0.0000         0.0000         3.0000
         9.2000         6.2485         0.0812         0.0000         0.0000         3.0000
         9.2400         6.2978         0.0919         0.0000         0.0000         3.0000
         9.2800         6.3762         0.0953         0.0000         0.0000         3.0000
         9.3200         6.4362         0.0992         0.0000         0.0000         3.0000
         9.3600         6.5123         0.0976         0.0000         0.0000         3.0000
         9.4000         6.5785         0.0952         0.0000         0.0000         3.0000
         9.4400         6.6372         0.0889         0.0000         0.0000         3.0000
         9.4800         6.6888         0.0874         0.0000         0.0000         3.0000
         9.5200         6.7422         0.0773         0.0000         0.0000         3.0000
         9.5600         6.8062         0.0740         0.0000         0.0000         3.0000
         9.6000         6.8437         0.0723         0.0000         0.0000         3.0000
         9.6400         6.8690         0.0694         0.0000         0.0000         3.0000
         9.6800         6.8869         0.0741         0.0000         0.0000         3.0000
         9.7200         6.9618         0.0820         0.0000         0.0000         3.0000
         9.7600         7.0468         0.0783         0.0000         0.0000         3.0000
         9.8000         7.1174         0.0771         0.0000         0.0000         3.0000
         9.8400         7.1802         0.0697         0.0000         0.0000         3.0000
         9.8800         7.2398         0.0616         0.0000         0.0000         3.0000
         9.9200         7.2975         0.0602         0.0000         0.0000         3.0000
         9.9600         7.3580         0.0542         0.0000         0.0000         3.0000
        10.0000         7.3916         0.0473         0.0000         0.0000         3.0000
        10.0400         7.4565         0.0563         0.0000         0.0000         3.0000
        10.0800         7.4957         0.0567         0.0000         0.0000         3.0000
        10.1200         7.5464         0.0549         0.0000         0.0000         3.0000
        10.1600         7.5843         0.0607         0.0000         0.0000         3.0000
        10.2000         7.6419         0.0535         0.0000         0.0000         3.0000
        10.2400         7.7009         0.0546         0.0000         0.0000         3.0000
        10.2800         7.7648         0.0560         0.0000         0.0000         3.0000
        10.3200         7.7986         0.0533         0.0000         0.0000         2.9999
        10.3600         7.8429         0.0538         0.0000         0.0000         2.9999
        10.4000         7.8903         0.0579         0.0000         0.0000         2.9998
        10.4400         7.9251         0.0551         0.0000         0.0000         2.9995
        10.4800         8.0074         0.0518         0.0000         0.0000         2.9991
        10.5200         8.0388         0.0514         0.0000         0.0000         2.9983
        10.5600         8.1125         0.0521         0.0000         0.0000         2.9967
        10.6000         8.1548         0.0636         0.0000         0.0000         2.9939
        10.6400         8.2374         0.0633         0.0000         0.0000         2.9887
        10.6800         8.2904         0.0636         0.0000         0.0000         2.9794
        10.7200         8.3529         0.0820         0.0000         0.0000         2.9628
        10.7600         8.4181         0.0793         0.0000         0.0000         2.9337
        10.8000         8.4705         0.0791         0.0000         0.0000         2.8836
        10.8400         8.5218         0.0777         0.0000         0.0000         2.7989
        10.8800         8.5710         0.0793         0.0000         0.0000         2.6595
        10.9200         8.6214         0.0767         0.0000         0.0000         2.4386
        10.9600         8.7128         0.0743         0.0000         0.0000         2.1073
        11.0000         8.7754         0.0873         0.0000         0.0000         1.6517
        11.0400         8.8050         0.0893        11.2296         0.1367         1.1036
        11.0800         8.8971         0.1028        11.3077         0.1310         0.5693
        11.1200         8.9635         0.1019        11.3868         0.1542         0.1937
        11.1600         8.9869         0.0958        11.4844         0.1599         0.0339
        11.2000         9.0831         0.1165        11.5520         0.1914         0.0021
        11.2400         9.1799         0.1182        11.6140         0.1632         0.0000
        11.2800         9.2573         0.1111        11.6938         0.1750         0.0000
        11.3200         9.3476         0.1205        11.8147         0.1753         0.0000
        11.3600         9.3865         0.1273        11.9120         0.1662         0.0000
        11.4000         9.4418         0.1124        11.9663         0.1840         0.0000
        11.4400         9.5264         0.1098        12.0510         0.1820         0.0000
        11.4800         9.5588         0.0970        12.1187         0.1549         0.0000
        11.5200         9.6193         0.0927        12.2301         0.1664         0.0000
        11.5600         9.7047         0.0851        12.3145         0.1585         0.0000
        11.6000         9.8015         0.0822        12.4150         0.1588         0.0000
        11.6400         9.8298         0.0737        12.5172         0.1476         0.0000
        11.6800         9.9233         0.0797        12.5757         0.1806         0.0000
        11.7200        10.0407         0.0752        12.6845         0.1932         0.0000
        11.7600        10.1231         0.0747        12.7482         0.1904         0.0000
        11.8000        10.1885         0.0782        12.8111         0.1836         0.0000
        11.8400        10.2309         0.0802        12.8615         0.1466         0.0000
        11.8800        10.2968         0.0871        12.9498         0.1325         0.0000
        11.9200        10.3967         0.0905        13.0394         0.1222         0.0000
        11.9600        10.4763         0.1169        13.1397         0.1424         0.0000
        12.0000        10.5554         0.1115        13.2238         0.1420         0.0000
        12.0400        10.6598         0.1065        13.3107         0.1342         0.0000
        12.0800        10.7226         0.1032        13.3681         0.1392         0.0000
        12.1200        10.8029         0.1058        13.4186         0.1415         0.0000
        12.1600        10.8635         0.0979        13.5261         0.1470         0.0000
        12.2000        10.9226         0.1016        13.6210         0.1435         0.0000
        12.2400        11.0339         0.1049        13.7410         0.1480         0.0000
        12.2800        11.0746         0.1025        13.8435         0.1326         0.0000
        12.3200        11.1650         0.1075        13.9606         0.1146         0.0000
        12.3600        11.2334         0.0895        14.0420         0.1047         0.0000
        12.4000        11.3318         0.0937        14.1048         0.1010         0.0000
        12.4400        11.4078         0.1087        14.2011         0.0943         0.0000
        12.4800        11.5011         0.1011        14.2766         0.0912         0.0000
        12.5200        11.5947         0.1082        14.3988         0.0946         0.0000
        12.5600        11.6638         0.0982        14.4926         0.0879         0.0000
        12.6000        11.7338         0.1133        14.5887         0.0936         0.0000
        12.6400        11.8110         0.1284        14.7043         0.1021         0.0000
        12.6800        11.9113         0.1397        14.7968         0.0901         0.0000
        12.7200        11.9759         0.0934        14.9383         0.0821         0.0000
        12.7600        12.0264         0.1021        15.0250         0.0718         0.0000
        12.8000        12.0730         0.0873        15.1150         0.0631         0.0000
        12.8400        12.1181         0.0812        15.1962         0.0554         0.0000
        12.8800        12.2236         0.0769        15.3074         0.0571         0.0000
        12.9200        12.2583         0.0632        15.4143         0.0648         0.0000
        12.9600        12.3283         0.0629        15.5448         0.0744         0.0000
        13.0000        12.3880         0.0633        15.6689         0.0609         0.0000
        13.0400        12.4499         0.0628        15.7714         0.0858         0.0000
        13.0800        12.5633         0.0817        15.8918         0.0872         0.0000
        13.1200        12.6146         0.0861        15.9910         0.0911         0.0000
        13.1600        12.6990         0.0852        16.0610         0.0966         0.0000
        13.2000        12.8140         0.0779        16.1990         0.1001         0.0000
        13.2400        12.9041         0.0793        16.3025         0.1020         0.0000
        13.2800        12.9803         0.0788        16.3683         0.0996         0.0000
        13.3200        13.0896         0.0771        16.4317         0.0995         0.0000
        13.3600        13.1871         0.0740        16.5425         0.1100         0.0000
        13.4000        13.2812         0.0881        16.6468         0.1172         0.0000
        13.4400        13.3749         0.0915        16.7448         0.1151         0.0000
        13.4800        13.4561         0.0774        16.8236         0.1282         0.0000
        13.5200        13.5129         0.0884        16.9541         0.1310         0.0000
        13.5600        13.5576         0.0780        17.1054         0.1321         0.0000
        13.6000        13.6225         0.0954        17.2101         0.1280         0.0000
        13.6400        13.7052         0.1146        17.2906         0.1256         0.0000
        13.6800        13.7637         0.0817        17.4037         0.1324         0.0000
        13.7200        13.8709         0.0866        17.5324         0.1328         0.0000
        13.7600        13.9348         0.0923        17.6856         0.1352         0.0000
        13.8000        14.0172         0.0836        17.8395         0.1370         0.0000
        13.8400        14.0833         0.0889        17.9239         0.1476         0.0000
        13.8800        14.1529         0.0957        17.9952         0.1498         0.0000
        13.9200        14.2198         0.0963        18.0849         0.1352         0.0000
        13.9600        14.3170         0.1002        18.1690         0.1271         0.0000
        14.0000        14.4042         0.1034        18.2378         0.1280         0.0000
        14.0400        14.4640         0.1012        18.3124         0.1292         0.0000
        14.0800        14.5460         0.1044        18.3548         0.1274         0.0000
        14.1200        14.6671         0.0972        18.4919         0.1255         0.0000
        14.1600        14.7246         0.1068        18.6100         0.1282         0.0000
        14.2000        14.7666         0.0932        18.7085         0.1390         0.0000
        14.2400        14.8603         0.0867        18.7810         0.1395         0.0000
        14.2800        14.9324         0.0864        18.8762         0.1588         0.0000
        14.3200        15.0237         0.0864        18.9398         0.1536         0.0000
        14.3600        15.1088         0.0839        19.0435         0.1339         0.0000
        14.4000        15.1815         0.0767        19.1568         0.1444         0.0000
        14.4400        15.2642         0.0828        19.2222         0.1386         0.0000
        14.4800        15.2931         0.0811        19.3300         0.1515         0.0000
        14.5200        15.3741         0.0797        19.4142         0.1541         0.0000
        14.5600        15.4334         0.0784        19.5270         0.1705         0.0000
        14.6000        15.5238         0.0760        19.6227         0.1835         0.0000
        14.6400        15.6615         0.0771        19.7132         0.1782         0.0000
        14.6800        15.7465         0.0734        19.8302         0.1761         0.0000
        14.7200        15.8396         0.0721        19.9024         0.1782         0.0000
        14.7600        15.9296         0.0724        20.0417         0.1663         0.0000
        14.8000        16.0194         0.0733        20.1972         0.1696         0.0000
        14.8400        16.0734         0.0665        20.2890         0.1632         0.0000
        14.8800        16.1775         0.0695        20.4124         0.1584         0.0000
        14.9200        16.2749         0.0810        20.5446         0.1736         0.0000
        14.9600        16.4300         0.0716        20.6442         0.1672         0.0000
        15.0000        16.4845         0.0813        20.7055         0.1581         0.0000
        15.0400        16.5861         0.0699        20.8226         0.1480         0.0000
        15.0800        16.6527         0.0796        20.9709         0.1618         0.0000
        15.1200        16.7582         0.0781        21.0194         0.1577         0.0000
        15.1600        16.8808         0.0779        21.1478         0.1608         0.0000
        15.2000        16.9902         0.0703        21.2473         0.1461         0.0000
        15.2400        17.0902         0.0656        21.3315         0.1454         0.0000
        15.2800        17.1750         0.0719        21.4311         0.1472         0.0000
        15.3200        17.2351         0.0901        21.5452         0.1462         0.0000
        15.3600        17.2861         0.0843        21.6928         0.1240         0.0000
        15.4000        17.3647         0.0919        21.8255         0.1389         0.0000
        15.4400        17.5059         0.0860        21.9158         0.1346         0.0000
        15.4800        17.6076         0.0839        22.0689         0.1665         0.0000
        15.5200        17.6682         0.0870        22.1926         0.1732         0.0000
        15.5600        17.7747         0.0934        22.3290         0.1643         0.0000
        15.6000        17.8729         0.1034        22.5265         0.1594         0.0000
        15.6400        18.0268         0.0965        22.6199         0.1689         0.0000
        15.6800        18.1301         0.0909        22.7145         0.1451         0.0000
        15.7200        18.1989         0.0935        22.8117         0.1557         0.0000
        15.7600        18.3018         0.0927        22.9633         0.1398         0.0000
        15.8000        18.4068         0.0942        23.0703         0.1644         0.0000
        15.8400        18.4959         0.0928        23.2218         0.1607         0.0000
        15.8800        18.6207         0.0981        23.3336         0.1381         0.0000
        15.9200        18.7072         0.0955        23.4004         0.1383         0.0000
        15.9600        18.7868         0.0995        23.5204         0.1264         0.0000
        16.0000        18.9034         0.1000        23.6025         0.1015         0.0000
        16.0400        19.0127         0.0921        23.7877         0.1292         0.0000
        16.0800        19.0486         0.0954        23.8065         0.0893         0.0000
        16.1200        19.1388         0.0904        23.8900         0.0914         0.0000
        16.1600        19.1954         0.0947        24.0638         0.0926         0.0000
        16.2000        19.2478         0.0979        24.1191         0.0949         0.0000
        16.2400        19.2998         0.1077        24.3079         0.1015         0.0000
        16.2800        19.4076         0.1141        24.4522         0.1090         0.0000
        16.3200        19.4452         0.1621        24.5431         0.1250         0.0000
        16.3600        19.5402         0.1729        24.6794         0.1296         0.0000
        16.4000        19.5838         0.1697        24.7839         0.1209         0.0000
        16.4400        19.7021         0.1762        24.9284         0.1451         0.0000
        16.4800        19.7899         0.1542        25.0412         0.1190         0.0000
        16.5200        19.8922         0.1582        25.1897         0.1148         0.0000
        16.5600        20.0261         0.1435        25.3174         0.1533         0.0000
        16.6000        20.1851         0.1200        25.4913         0.1478         0.0000
        16.6400        20.3044         0.1186        25.6017         0.1312         0.0000
        16.6800        20.4130         0.1169        25.6751         0.1287         0.0000
        16.7200        20.5094         0.1134        25.7936         0.1143         0.0000
        16.7600        20.6124         0.0958        25.8921         0.1348         0.0000
        16.8000        20.7616         0.1028        26.0432         0.1128         0.0000
        16.8400        20.8343         0.1080        26.1662         0.1428         0.0000
        16.8800        20.9269         0.0982        26.2794         0.1360         0.0000
        16.9200        20.9962         0.0964        26.3502         0.1215         0.0000
        16.9600        21.0578         0.0974        26.4233         0.1195         0.0000
        17.0000        21.1478         0.0935        26.5123         0.1400         0.0000
        17.0400        21.3466         0.0950        26.6392         0.1065         0.0000
        17.0800        21.4853         0.0982        26.7807         0.1015         0.0000
        17.1200        21.6081         0.1068        26.8879         0.0914         0.0000
        17.1600        21.6931         0.1126        27.1138         0.0904         0.0000
        17.2000        21.7513         0.1185        27.1908         0.0867         0.0000
        17.2400        21.8666         0.1202        27.3202         0.0884         0.0000
        17.2800        22.0006         0.1136        27.4308         0.0969         0.0000
        17.3200        22.1062         0.1038        27.6100         0.0979         0.0000
        17.3600        22.2372         0.1070        27.7161         0.0913         0.0000
        17.4000        22.3274         0.1073        27.8637         0.0917         0.0000
        17.4400        22.4479         0.1125        27.9816         0.0893         0.0000
        17.4800        22.5469         0.0889        28.0132         0.0846         0.0000
        17.5200        22.6404         0.0941        28.1394         0.0880         0.0000
        17.5600        22.7164         0.1008        28.2990         0.0862         0.0000
        17.6000        22.7820         0.0911        28.3969         0.0839         0.0000
        17.6400        22.9033         0.0842        28.5182         0.0849         0.0000
        17.6800        23.0086         0.0976        28.6554         0.0922         0.0000
        17.7200        23.0939         0.0953        28.8028         0.0962         0.0000
        17.7600        23.1630         0.0787        28.9346         0.1072         0.0000
        17.8000        23.2578         0.0858        29.1165         0.0999         0.0000
        17.8400        23.3234         0.0899        29.2582         0.0981         0.0000
        17.8800        23.4375         0.0936        29.3388         0.1101         0.0000
        17.9200        23.5134         0.0883        29.4456         0.1133         0.0000
        17.9600        23.6279         0.0960        29.5861         0.1174         0.0000
        18.0000        23.7105         0.1016        29.7584         0.1210         0.0000
        18.0400        23.8585         0.1021        29.8864         0.1215         0.0000
        18.0800        23.9506         0.0975        30.0229         0.1282         0.0000
        18.1200        24.0852         0.0961        30.1335         0.1260         0.0000
        18.1600        24.1918         0.0932        30.1797         0.1226         0.0000
        18.2000        24.3092         0.0972        30.2558         0.1104         0.0000
        18.2400        24.4357         0.0927        30.4058         0.1113         0.0000
        18.2800        24.5712         0.0966        30.4855         0.1163         0.0000
        18.3200        24.7250         0.0908        30.5932         0.1203         0.0000
        18.3600        24.8206         0.0876        30.6689         0.1194         0.0000
        18.4000        24.9139         0.0804        30.7906         0.1133         0.0000
        18.4400        25.0519         0.0838        30.8102         0.1053         0.0000
        18.4800        25.1672         0.0821        30.9579         0.1002         0.0000
        18.5200        25.2662         0.0874        31.1463         0.1169         0.0000
        18.5600        25.3522         0.0782        31.2801         0.1647         0.0000
        18.6000        25.4368         0.0753        31.4190         0.1695         0.0000
        18.6400        25.5835         0.0842        31.5987         0.1942         0.0000
        18.6800        25.6229         0.0755        31.6871         0.1912         0.0000
        18.7200        25.7272         0.0824        31.9023         0.1855         0.0000
        18.7600        25.8214         0.0820        32.0389         0.2319         0.0000
        18.8000        25.9109         0.1037        32.1808         0.2446         0.0000
        18.8400        26.0703         0.1065        32.3044         0.2306         0.0000
        18.8800        26.1789         0.1036        32.4410         0.1980         0.0000
        18.9200        26.2908         0.1122        32.5284         0.1633         0.0000
        18.9600        26.4362         0.1108        32.6654         0.1830         0.0000
        19.0000        26.5973         0.1278        32.8194         0.2057         0.0000
        19.0400        26.6750         0.1286        32.9872         0.2245         0.0000
        19.0800        26.8270         0.1304        33.1489         0.2101         0.0000
        19.1200        26.9153         0.1245        33.3333         0.2997         0.0000
        19.1600        27.0475         0.1135        33.5363         0.2955         0.0000
        19.2000        27.1548         0.1359        33.7336         0.3086         0.0000
        19.2400        27.2618         0.1080        33.8174         0.3011         0.0000
        19.2800        27.4222         0.1159        33.9274         0.2930         0.0000
        19.3200        27.5563         0.1111        34.1275         0.2798         0.0000
        19.3600        27.6385         0.1211        34.3278         0.2858         0.0000
        19.4000        27.7160         0.1609        34.4913         0.2842         0.0000
        19.4400        27.7861         0.1748        34.6124         0.2851         0.0000
        19.4800        27.9458         0.1903        34.8065         0.3168         0.0000
        19.5200        28.0131         0.2238        34.9640         0.3242         0.0000
        19.5600        28.0920         0.2329        35.0518         0.3287         0.0000
        19.6000        28.2021         0.2268        35.2109         0.3141         0.0000
        19.6400        28.3959         0.2335        35.3400         0.3261         0.0000
        19.6800        28.4872         0.2410        35.4251         0.3157         0.0000
        19.7200        28.5380         0.2455        35.5884         0.3347         0.0000
        19.7600        28.6560         0.2565        35.6712         0.3313         0.0000
        19.8000        28.7720         0.2665        35.7714         0.3124         0.0000
        19.8400        28.9123         0.2865        35.8669         0.2927         0.0000
        19.8800        29.0756         0.2819        35.9479         0.3026         0.0000
        19.9200        29.0177         0.2966        35.8673         0.2994         0.0000
        19.9600        27.3495         0.2725        33.7479         0.3040         0.0000
        20.0000        20.3169         0.2034        25.0558         0.2029         0.0000
