         0.0800         0.0000         0.0000         0.0000         0.0000         0.0000
         0.1200         0.0000         0.0000         0.0000         0.0000         0.0000
         0.1600         0.0000         0.0000         0.0000         0.0000         0.0000
         0.2000         0.0000         0.0000         0.0000         0.0000         0.0000
         0.2400         0.0000         0.0000         0.0000         0.0000         0.0000
         0.2800         0.0000         0.0000         0.0000         0.0000         0.0000
         0.3200         0.0000         0.0000         0.0000         0.0000         0.0000
         0.3600         0.0000         0.0000         0.0000         0.0000         0.0000
         0.4000         0.0000         0.0000         0.0000         0.0000         0.0000
         0.4400         0.0000         0.0000         0.0000         0.0000         0.0000
         0.4800         0.0000         0.0000         0.0000         0.0000         0.0000
         0.5200         0.0000         0.0000         0.0000         0.0000         0.0000
         0.5600         0.0000         0.0000         0.0000         0.0000         0.0000
         0.6000         0.0000         0.0000         0.0000         0.0000         0.0000
         0.6400         0.0000         0.0000         0.0000         0.0000         0.0000
         0.6800         0.0000         0.0000         0.0000         0.0000         0.0000
         0.7200         0.0000         0.0000         0.0000         0.0000         0.0000
         0.7600         0.0000         0.0000         0.0000         0.0000         0.0000
         0.8000         0.0000         0.0000         0.0000         0.0000         0.0000
         0.8400         0.0000         0.0000         0.0000         0.0000         0.0000
         0.8800         0.0000         0.0000         0.0000         0.0000         0.0000
         0.9200         0.0000         0.0000         0.0000         0.0000         0.0000
         0.9600         0.0003         0.0001         0.0000         0.0000         0.0000
         1.0000         0.0013         0.0001         0.0000         0.0000         0.0000
         1.0400         0.0045         0.0005         0.0000         0.0000         0.0000
         1.0800         0.0082         0.0010         0.0000         0.0000         0.0000
         1.1200         0.0121         0.0013         0.0000         0.0000         0.0000
         1.1600         0.0171         0.0016         0.0000         0.0000         0.0000
         1.2000         0.0232         0.0022         0.0000         0.0000         0.0000
         1.2400         0.0281         0.0026         0.0000         0.0000         0.0000
         1.2800         0.0323         0.0029         0.0000         0.0000         0.0000
         1.3200         0.0373         0.0032         0.0000         0.0000         0.0000
         1.3600         0.0439         0.0037         0.0000         0.0000         0.0000
         1.4000         0.0486         0.0039         0.0000         0.0000         0.0000
         1.4400         0.0543         0.0045         0.0000         0.0000         0.0000
         1.4800         0.0630         0.0050         0.0000         0.0000         0.0000
         1.5200         0.0731         0.0053         0.0000         0.0000         0.0000
         1.5600         0.0820         0.0061         0.0000         0.0000         0.0000
         1.6000         0.0895         0.0069         0.0000         0.0000         0.0000
         1.6400         0.0982         0.0070         0.0000         0.0000         0.0000
         1.6800         0.1092         0.0079         0.0000         0.0000         0.0000
         1.7200         0.1164         0.0079         0.0000         0.0000         0.0000
         1.7600         0.1267         0.0084         0.0000         0.0000         0.0000
         1.8000         0.1313         0.0079         0.0000         0.0000         0.0000
         1.8400         0.1425         0.0079         0.0000         0.0000         0.0000
         1.8800         0.1488         0.0084         0.0000         0.0000         0.0000
         1.9200         0.1579         0.0088         0.0000         0.0000         0.0000
         1.9600         0.1707         0.0096         0.0000         0.0000         0.0000
         2.0000         0.1819         0.0099         0.0000         0.0000         0.0000
         2.0400         0.1915         0.0095         0.0000         0.0000         0.0000
         2.0800         0.2011         0.0102         0.0000         0.0000         0.0000
         2.1200         0.2085         0.0098         0.0000         0.0000         0.0000
         2.1600         0.2199         0.0103         0.0000         0.0000         0.0000
         2.2000         0.2247         0.0098         0.0000         0.0000         0.0000
         2.2400         0.2317         0.0101         0.0000         0.0000         0.0000
         2.2800         0.2442         0.0106         0.0000         0.0000         0.0000
         2.3200         0.2590         0.0107         0.0000         0.0000         0.0000
         2.3600         0.2667         0.0105         0.0000         0.0000         0.0000
         2.4000         0.2831         0.0108         0.0000         0.0000         0.0000
         2.4400         0.2920         0.0112         0.0000         0.0000         0.0000
         2.4800         0.3072         0.0117         0.0000         0.0000         0.0000
         2.5200         0.3163         0.0116         0.0000         0.0000         0.0000
         2.5600         0.3323         0.0126         0.0000         0.0000         0.0000
         2.6000         0.3460         0.0124         0.0000         0.0000         0.0000
         2.6400         0.3606         0.0110         0.0000         0.0000         0.0000
         2.6800         0.3710         0.0113         0.0000         0.0000         0.0000
         2.7200         0.3890         0.0119         0.0000         0.0000         0.0000
         2.7600         0.3989         0.0123         0.0000         0.0000         0.0000
         2.8000         0.4219         0.0128         0.0000         0.0000         0.0000
         2.8400         0.4324         0.0154         0.0000         0.0000         0.0000
         2.8800         0.4469         0.0154         0.0000         0.0000         0.0000
         2.9200         0.4648         0.0158         0.0000         0.0000         0.0000
         2.9600         0.4749         0.0163         0.0000         0.0000         0.0000
         3.0000         0.4975         0.0205         0.0000         0.0000         0.0000
         3.0400         0.5124         0.0206         0.0000         0.0000         0.0000
         3.0800         0.5239         0.0225         0.0000         0.0000         0.0000
         3.1200         0.5361         0.0230         0.0000         0.0000         0.0000
         3.1600         0.5515         0.0247         0.0000         0.0000         0.0000
         3.2000         0.5684         0.0243         0.0000         0.0000         0.0000
         3.2400         0.5899         0.0256         0.0000         0.0000         0.0000
         3.2800         0.6111         0.0243         0.0000         0.0000         0.0000
         3.3200         0.6288         0.0230         0.0000         0.0000         0.0000
         3.3600         0.6575         0.0228         0.0000         0.0000         0.0000
         3.4000         0.6800         0.0235         0.0000         0.0000         0.0000
         3.4400         0.7000         0.0210         0.0000         0.0000         0.0000
         3.4800         0.7158         0.0225         0.0000         0.0000         0.0000
         3.5200         0.7308         0.0237         0.0000         0.0000         0.0000
         3.5600         0.7534         0.0221         0.0000         0.0000         0.0000
         3.6000         0.7594         0.0235         0.0000         0.0000         0.0000
         3.6400         0.7844         0.0237         0.0000         0.0000         0.0000
         3.6800         0.8006         0.0250         0.0000         0.0000         0.0000
         3.7200         0.8258         0.0254         0.0000         0.0000         0.0000
         3.7600         0.8612         0.0248         0.0000         0.0000         0.0000
         3.8000         0.8852         0.0247         0.0000         0.0000         0.0000
         3.8400         0.9019         0.0226         0.0000         0.0000         0.0000
         3.8800         0.9281         0.0234         0.0000         0.0000         0.0000
         3.9200         0.9412         0.0215         0.0000         0.0000         0.0000
         3.9600         0.9692         0.0226         0.0000         0.0000         0.0000
         4.0000         0.9903         0.0241         0.0000         0.0000         0.0000
         4.0400         1.0082         0.0204         0.0000         0.0000         0.0000
         4.0800         1.0366         0.0206         0.0000         0.0000         0.0000
         4.1200         1.0579         0.0219         0.0000         0.0000         0.0000
         4.1600         1.0745         0.0220         0.0000         0.0000         0.0000
         4.2000         1.0920         0.0192         0.0000         0.0000         0.0000
         4.2400         1.1210         0.0226         0.0000         0.0000         0.0000
         4.2800         1.1487         0.0244         0.0000         0.0000         0.0000
         4.3200         1.1714         0.0262         0.0000         0.0000         0.0000
         4.3600         1.1933         0.0245         0.0000         0.0000         0.0000
         4.4000         1.2208         0.0221         0.0000         0.0000         0.0000
         4.4400         1.2491         0.0225         0.0000         0.0000         0.0000
         4.4800         1.2611         0.0303         0.0000         0.0000         0.0000
         4.5200         1.2966         0.0240         0.0000         0.0000         0.0000
         4.5600         1.3267         0.0226         0.0000         0.0000         0.0000
         4.6000         1.3495         0.0219         0.0000         0.0000         0.0000
         4.6400         1.3693         0.0260         0.0000         0.0000         0.0000
         4.6800         1.4045         0.0249         0.0000         0.0000         0.0000
         4.7200         1.4442         0.0307         0.0000         0.0000         0.0000
         4.7600         1.4592         0.0314         0.0000         0.0000         0.0000
         4.8000         1.4903         0.0348         0.0000         0.0000         0.0000
         4.8400         1.5082         0.0296         0.0000         0.0000         0.0000
         4.8800         1.5388         0.0318         0.0000         0.0000         0.0000
         4.9200         1.5508         0.0318         0.0000         0.0000         0.0000
         4.9600         1.5642         0.0311         0.0000         0.0000         0.0000
         5.0000         1.5921         0.0335         0.0000         0.0000         0.0000
         5.0400         1.6293         0.0310         0.0000         0.0000         0.0000
         5.0800         1.6630         0.0305         0.0000         0.0000         0.0000
         5.1200         1.6955         0.0310         0.0000         0.0000         0.0000
         5.1600         1.7347         0.0330         0.0000         0.0000         0.0000
         5.2000         1.7646         0.0359         0.0000         0.0000         0.0000
         5.2400         1.8074         0.0355         0.0000         0.0000         0.0000
         5.2800         1.8231         0.0315         0.0000         0.0000         0.0000
         5.3200         1.8594         0.0317         0.0000         0.0000         0.0000
         5.3600         1.8899         0.0336         0.0000         0.0000         0.0000
         5.4000         1.9173         0.0331         0.0000         0.0000         0.0000
         5.4400         1.9315         0.0317         0.0000         0.0000         0.0000
         5.4800         1.9619         0.0351         0.0000         0.0000         0.0000
         5.5200         1.9912         0.0369         0.0000         0.0000         0.0000
         5.5600         2.0233         0.0389         0.0000         0.0000         0.0000
         5.6000         2.0617         0.0347         0.0000         0.0000         0.0000
         5.6400         2.1021         0.0349         0.0000         0.0000         0.0000
         5.6800         2.1475         0.0349         0.0000         0.0000         0.0000
         5.7200         2.1591         0.0318         0.0000         0.0000         0.0000
         5.7600         2.1887         0.0321         0.0000         0.0000         0.0000
         5.8000         2.2266         0.0337         0.0000         0.0000         0.0000
         5.8400         2.2542         0.0417         0.0000         0.0000         0.0000
         5.8800         2.2898         0.0385         0.0000         0.0000         0.0021
         5.9200         2.3458         0.0393         0.0000         0.0000         0.0339
         5.9600         2.3799         0.0471         0.0000         0.0000         0.1937
         6.0000         2.4143         0.0463         0.0000         0.0000         0.5693
         6.0400         2.4386         0.0459         0.0000         0.0000         1.1036
         6.0800         2.4646         0.0470         0.0000         0.0000         1.6517
         6.1200         2.5086         0.0438         0.0000         0.0000         2.1073
         6.1600         2.5494         0.0465         0.0000         0.0000         2.4386
         6.2000         2.5689         0.0453         0.0000         0.0000         2.6595
         6.2400         2.5898         0.0525         0.0000         0.0000         2.7989
         6.2800         2.6298         0.0523         0.0000         0.0000         2.8836
         6.3200         2.6761         0.0548         0.0000         0.0000         2.9337
         6.3600         2.6960         0.0571         0.0000         0.0000         2.9628
         6.4000         2.7456         0.0523         0.0000         0.0000         2.9794
         6.4400         2.7706         0.0576         0.0000         0.0000         2.9887
         6.4800         2.8280         0.0546         0.0000         0.0000         2.9939
         6.5200         2.8597         0.0544         0.0000         0.0000         2.9967
         6.5600         2.8930         0.0527         0.0000         0.0000         2.9983
         6.6000         2.9124         0.0538         0.0000         0.0000         2.9991
         6.6400         2.9617         0.0568         0.0000         0.0000         2.9995
         6.6800         3.0083         0.0539         0.0000         0.0000         2.9998
         6.7200         3.0769         0.0531         0.0000         0.0000         2.9999
         6.7600         3.1238         0.0578         0.0000         0.0000         2.9999
         6.8000         3.1523         0.0607         0.0000         0.0000         3.0000
         6.8400         3.1833         0.0597         0.0000         0.0000         3.0000
         6.8800         3.2280         0.0535         0.0000         0.0000         3.0000
         6.9200         3.2840         0.0408         0.0000         0.0000         3.0000
         6.9600         3.3022         0.0489         0.0000         0.0000         3.0000
         7.0000         3.3415         0.0433         0.0000         0.0000         3.0000
         7.0400         3.3735         0.0443         0.0000         0.0000         3.0000
         7.0800         3.4293         0.0481         0.0000         0.0000         3.0000
         7.1200         3.4656         0.0502         0.0000         0.0000         3.0000
         7.1600         3.5058         0.0518         0.0000         0.0000         3.0000
         7.2000         3.5671         0.0450         0.0000         0.0000         3.0000
         7.2400         3.5875         0.0452         0.0000         0.0000         3.0000
         7.2800         3.6277         0.0450         0.0000         0.0000         3.0000
         7.3200         3.6501         0.0445         0.0000         0.0000         3.0000
         7.3600         3.7154         0.0455         0.0000         0.0000         3.0000
         7.4000         3.7617         0.0438         0.0000         0.0000         3.0000
         7.4400         3.8188         0.0501         0.0000         0.0000         3.0000
         7.4800         3.8686         0.0544         0.0000         0.0000         3.0000
         7.5200         3.9153         0.0598         0.0000         0.0000         3.0000
         7.5600         3.9677         0.0574         0.0000         0.0000         3.0000
         7.6000         4.0198         0.0634         0.0000         0.0000         3.0000
         7.6400         4.0723         0.0567         0.0000         0.0000         3.0000
         7.6800         4.1108         0.0501         0.0000         0.0000         3.0000
         7.7200         4.1790         0.0530         0.0000         0.0000         3.0000
         7.7600         4.2573         0.0485         0.0000         0.0000         3.0000
         7.8000         4.3125         0.0489         0.0000         0.0000         3.0000
         7.8400         4.3593         0.0475         0.0000         0.0000         3.0000
         7.8800         4.4086         0.0512         0.0000         0.0000         3.0000
         7.9200         4.4748         0.0512         0.0000         0.0000         3.0000
         7.9600         4.5086         0.0435         0.0000         0.0000         3.0000
         8.0000         4.5639         0.0466         0.0000         0.0000         3.0000
         8.0400         4.6077         0.0550         0.0000         0.0000         3.0000
         8.0800         4.6480         0.0608         0.0000         0.0000         3.0000
         8.1200         4.6816         0.0500         0.0000         0.0000         3.0000
         8.1600         4.7436         0.0470         0.0000         0.0000         3.0000
         8.2000         4.7964         0.0444         0.0000         0.0000         3.0000
         8.2400         4.8207         0.0481         0.0000         0.0000         3.0000
         8.2800         4.8661         0.0512         0.0000         0.0000         3.0000
         8.3200         4.9178         0.0513         0.0000         0.0000         3.0000
         8.3600         5.0006         0.0560         0.0000         0.0000         3.0000
         8.4000         5.0846         0.0682         0.0000         0.0000         3.0000
         8.4400         5.1521         0.0562         0.0000         0.0000         3.0000
         8.4800         5.2058         0.0585         0.0000         0.0000         3.0000
         8.5200         5.2489         0.0562         0.0000         0.0000         3.0000
         8.5600         5.2747         0.0635         0.0000         0.0000         3.0000
         8.6000         5.3388         0.0657         0.0000         0.0000         3.0000
         8.6400         5.3846         0.0664         0.0000         0.0000         3.0000
         8.6800         5.4242         0.0634         0.0000         0.0000         3.0000
         8.7200         5.4902         0.0510         0.0000         0.0000         3.0000
         8.7600         5.5272         0.0505         0.0000         0.0000         3.0000
         8.8000         5.5784         0.0491         0.0000         0.0000         3.0000
         8.8400         5.6381         0.0498         0.0000         0.0000         3.0000
         8.8800         5.6806         0.0504         0.0000         0.0000         3.0000
         8.9200         5.7538         0.0519         0.0000         0.0000         3.0000
         8.9600         5.7887         0.0534         0.0000         0.0000         3.0000
         9.0000         5.8399         0.0563         0.0000         0.0000         3.0000
         9.0400         5.9183         0.0559         0.0000         0.0000         3.0000
         9.0800         5.9506         0.0547         0.0000         0.0000         3.0000
         9.1200         5.9703         0.0493         0.0000         0.0000         3.0000
         9.1600         6.0236         0.0504         0.0000         0.0000         3.0000
         9.2000         6.0649         0.0537         0.0000         0.0000         3.0000
         9.2400         6.1370         0.0539         0.0000         0.0000         3.0000
         9.2800         6.1990         0.0552         0.0000         0.0000         3.0000
         9.3200         6.2550         0.0549         0.0000         0.0000         3.0000
         9.3600         6.2992         0.0564         0.0000         0.0000         3.0000
         9.4000         6.3613         0.0538         0.0000         0.0000         3.0000
         9.4400         6.4121         0.0545         0.0000         0.0000         3.0000
         9.4800         6.4759         0.0561         0.0000         0.0000         3.0000
         9.5200         6.5303         0.0530         0.0000         0.0000         3.0000
         9.5600         6.5549         0.0549         0.0000         0.0000         3.0000
         9.6000         6.6140         0.0591         0.0000         0.0000         3.0000
         9.6400         6.6766         0.0599         0.0000         0.0000         3.0000
         9.6800         6.7551         0.0647         0.0000         0.0000         3.0000
         9.7200         6.7941         0.0584         0.0000         0.0000         3.0000
         9.7600         6.8266         0.0624         0.0000         0.0000         3.0000
         9.8000         6.9154         0.0527         0.0000         0.0000         3.0000
         9.8400         6.9705         0.0619         0.0000         0.0000         3.0000
         9.8800         7.0651         0.0616         0.0000         0.0000         3.0000
         9.9200         7.1299         0.0624         0.0000         0.0000         3.0000
         9.9600         7.1837         0.0636         0.0000         0.0000         3.0000
        10.0000         7.2216         0.0640         0.0000         0.0000         3.0000
        10.0400         7.2737         0.0696         0.0000         0.0000         3.0000
        10.0800         7.3343         0.0667         0.0000         0.0000         3.0000
        10.1200         7.3928         0.0719         0.0000         0.0000         3.0000
        10.1600         7.4405         0.0684         0.0000         0.0000         3.0000
        10.2000         7.4674         0.0678         0.0000         0.0000         3.0000
        10.2400         7.5281         0.0675         0.0000         0.0000         3.0000
        10.2800         7.6081         0.0654         0.0000         0.0000         3.0000
        10.3200         7.6403         0.0615         0.0000         0.0000         2.9999
        10.3600         7.7238         0.0594         0.0000         0.0000         2.9999
        10.4000         7.7948         0.0576         0.0000         0.0000         2.9998
        10.4400         7.8642         0.0575         0.0000         0.0000         2.9995
        10.4800         7.9260         0.0555         0.0000         0.0000         2.9991
        10.5200         7.9713         0.0591         0.0000         0.0000         2.9983
        10.5600         8.0472         0.0685         0.0000         0.0000         2.9967
        10.6000         8.1168         0.0630         0.0000         0.0000         2.9939
        10.6400         8.2050         0.0662         0.0000         0.0000         2.9887
        10.6800         8.2426         0.0655         0.0000         0.0000         2.9794
        10.7200         8.3080         0.0678         0.0000         0.0000         2.9628
        10.7600         8.3844         0.0656         0.0000         0.0000         2.9337
        10.8000         8.4363         0.0682         0.0000         0.0000         2.8836
        10.8400         8.4973         0.0705         0.0000         0.0000         2.7989
        10.8800         8.5272         0.0732         0.0000         0.0000         2.6595
        10.9200         8.5879         0.0730         0.0000         0.0000         2.4386
        10.9600         8.6775         0.0703         0.0000         0.0000         2.1073
        11.0000         8.7598         0.0759         0.0000         0.0000         1.6517
        11.0400         8.8190         0.0810        11.3343         0.1013         1.1036
        11.0800         8.8725         0.0804        11.3906         0.0988         0.5693
        11.1200         8.9010         0.0784        11.4624         0.0913         0.1937
        11.1600         8.9665         0.0843        11.5796         0.0852         0.0339
        11.2000         9.0375         0.0833        11.6730         0.0835         0.0021
        11.2400         9.0725         0.0863        11.7744         0.0768         0.0000
        11.2800         9.1347         0.0838        11.8812         0.0726         0.0000
        11.3200         9.1982         0.0828        11.9906         0.0736         0.0000
        11.3600         9.2463         0.0748        12.0756         0.0784         0.0000
        11.4000         9.2917         0.0707        12.1625         0.0764         0.0000
        11.4400         9.3454         0.0709        12.3104         0.1004         0.0000
        11.4800         9.4078         0.0715        12.3681         0.1235         0.0000
        11.5200         9.4797         0.0707        12.4187         0.1204         0.0000
        11.5600         9.5335         0.0693        12.4773         0.1089         0.0000
        11.6000         9.6088         0.0684        12.5626         0.1098         0.0000
        11.6400         9.7275         0.0693        12.6729         0.1068         0.0000
        11.6800         9.7868         0.0687        12.7736         0.1188         0.0000
        11.7200         9.8720         0.0763        12.8732         0.1239         0.0000
        11.7600         9.9479         0.0739        12.9907         0.1263         0.0000
        11.8000        10.0425         0.0719        13.0849         0.1250         0.0000
        11.8400        10.1380         0.0668        13.1776         0.1285         0.0000
        11.8800        10.1974         0.0668        13.2782         0.1227         0.0000
        11.9200        10.2732         0.0676        13.3706         0.1104         0.0000
        11.9600        10.3583         0.0740        13.4552         0.1228         0.0000
        12.0000        10.4331         0.0787        13.5323         0.1099         0.0000
        12.0400        10.5121         0.0767        13.6185         0.1070         0.0000
        12.0800        10.6072         0.0706        13.7533         0.1094         0.0000
        12.1200        10.6925         0.0649        13.8372         0.1006         0.0000
        12.1600        10.7435         0.0645        13.9375         0.1023         0.0000
        12.2000        10.7862         0.0798        14.0962         0.0892         0.0000
        12.2400        10.8291         0.0879        14.1961         0.0843         0.0000
        12.2800        10.9003         0.0807        14.2561         0.0863         0.0000
        12.3200        10.9777         0.0797        14.3477         0.0946         0.0000
        12.3600        11.0343         0.0851        14.4558         0.0982         0.0000
        12.4000        11.1135         0.0801        14.5261         0.0950         0.0000
        12.4400        11.1677         0.0829        14.5914         0.0890         0.0000
        12.4800        11.2640         0.0735        14.6692         0.0780         0.0000
        12.5200        11.3753         0.0695        14.7269         0.0796         0.0000
        12.5600        11.4658         0.0701        14.8207         0.0769         0.0000
        12.6000        11.5587         0.0762        14.9573         0.0834         0.0000
        12.6400        11.6175         0.0781        15.0489         0.0793         0.0000
        12.6800        11.6829         0.0797        15.1290         0.0793         0.0000
        12.7200        11.7556         0.0847        15.2251         0.0767         0.0000
        12.7600        11.8252         0.0814        15.3773         0.0760         0.0000
        12.8000        11.8824         0.0775        15.4659         0.0633         0.0000
        12.8400        11.9748         0.0739        15.5268         0.0630         0.0000
        12.8800        12.0691         0.0759        15.6131         0.0629         0.0000
        12.9200        12.1488         0.0734        15.6963         0.0674         0.0000
        12.9600        12.2519         0.0672        15.8125         0.0735         0.0000
        13.0000        12.3100         0.0584        15.8912         0.0735         0.0000
        13.0400        12.3725         0.0624        16.0116         0.0722         0.0000
        13.0800        12.4636         0.0696        16.1070         0.0801         0.0000
        13.1200        12.5132         0.0758        16.1977         0.0860         0.0000
        13.1600        12.5976         0.0800        16.2828         0.0921         0.0000
        13.2000        12.6954         0.0820        16.3898         0.1005         0.0000
        13.2400        12.7739         0.0823        16.5019         0.0998         0.0000
        13.2800        12.8566         0.0867        16.5812         0.1033         0.0000
        13.3200        12.9311         0.0912        16.7010         0.1080         0.0000
        13.3600        13.0101         0.0890        16.7807         0.1122         0.0000
        13.4000        13.0622         0.0897        16.9148         0.1141         0.0000
        13.4400        13.1566         0.0908        17.0196         0.1095         0.0000
        13.4800        13.2428         0.1051        17.0930         0.0983         0.0000
        13.5200        13.3151         0.1009        17.2064         0.0975         0.0000
        13.5600        13.3969         0.1003        17.3215         0.1047         0.0000
        13.6000        13.4950         0.0917        17.3738         0.1148         0.0000
        13.6400        13.5993         0.0867        17.4534         0.1013         0.0000
        13.6800        13.6726         0.0724        17.5346         0.1294         0.0000
        13.7200        13.7288         0.0875        17.6241         0.1023         0.0000
        13.7600        13.8277         0.0759        17.7188         0.1030         0.0000
        13.8000        13.8983         0.0832        17.8000         0.1076         0.0000
        13.8400        13.9557         0.0870        17.8991         0.1125         0.0000
        13.8800        14.0020         0.0925        18.0190         0.1308         0.0000
        13.9200        14.0745         0.0957        18.1137         0.1272         0.0000
        13.9600        14.1733         0.1065        18.1559         0.1337         0.0000
        14.0000        14.2213         0.0994        18.2432         0.1335         0.0000
        14.0400        14.3278         0.1096        18.3332         0.1265         0.0000
        14.0800        14.3741         0.0955        18.4332         0.1144         0.0000
        14.1200        14.4343         0.0875        18.5817         0.1156         0.0000
        14.1600        14.4889         0.1023        18.6544         0.1164         0.0000
        14.2000        14.5614         0.1042        18.7389         0.0989         0.0000
        14.2400        14.5914         0.0942        18.7629         0.0856         0.0000
        14.2800        14.6671         0.0893        18.8897         0.1014         0.0000
        14.3200        14.7500         0.0909        19.0116         0.1085         0.0000
        14.3600        14.8488         0.0915        19.0601         0.1093         0.0000
        14.4000        14.9220         0.0906        19.2216         0.1075         0.0000
        14.4400        15.0587         0.0998        19.3282         0.1169         0.0000
        14.4800        15.1595         0.1019        19.4161         0.1091         0.0000
        14.5200        15.2454         0.1074        19.5240         0.1035         0.0000
        14.5600        15.2951         0.1148        19.6491         0.0906         0.0000
        14.6000        15.3646         0.1155        19.7597         0.1033         0.0000
        14.6400        15.4693         0.1140        19.9070         0.0938         0.0000
        14.6800        15.5145         0.1237        20.0099         0.1022         0.0000
        14.7200        15.6259         0.1222        20.1322         0.1115         0.0000
        14.7600        15.7267         0.1240        20.2317         0.1121         0.0000
        14.8000        15.7620         0.1316        20.3457         0.1078         0.0000
        14.8400        15.8673         0.1170        20.4353         0.1016         0.0000
        14.8800        16.0203         0.1206        20.4959         0.1085         0.0000
        14.9200        16.0950         0.1172        20.6137         0.1092         0.0000
        14.9600        16.1266         0.1285        20.7077         0.1048         0.0000
        15.0000        16.1964         0.0890        20.8738         0.0944         0.0000
        15.0400        16.2316         0.0932        21.0073         0.0875         0.0000
        15.0800        16.3097         0.1131        21.1728         0.0935         0.0000
        15.1200        16.3899         0.1197        21.2838         0.0872         0.0000
        15.1600        16.4647         0.1211        21.4122         0.0859         0.0000
        15.2000        16.5520         0.1352        21.4953         0.0806         0.0000
        15.2400        16.6535         0.1275        21.6669         0.0916         0.0000
        15.2800        16.7386         0.1501        21.7552         0.0834         0.0000
        15.3200        16.8107         0.1271        21.8691         0.0894         0.0000
        15.3600        16.9215         0.1300        21.9673         0.0876         0.0000
        15.4000        16.9956         0.1261        22.0668         0.0854         0.0000
        15.4400        17.0880         0.1267        22.2171         0.0806         0.0000
        15.4800        17.2521         0.1067        22.3366         0.0796         0.0000
        15.5200        17.3605         0.1213        22.4838         0.0762         0.0000
        15.5600        17.4660         0.1244        22.6084         0.0737         0.0000
        15.6000        17.5869         0.1313        22.7189         0.0873         0.0000
        15.6400        17.6835         0.1258        22.8434         0.0841         0.0000
        15.6800        17.7134         0.1488        23.0322         0.0877         0.0000
        15.7200        17.8707         0.1523        23.1615         0.0917         0.0000
        15.7600        17.9415         0.1609        23.2570         0.0981         0.0000
        15.8000        18.0364         0.1493        23.3851         0.0952         0.0000
        15.8400        18.1704         0.1405        23.4887         0.1289         0.0000
        15.8800        18.2827         0.1451        23.6035         0.1388         0.0000
        15.9200        18.4293         0.1517        23.7008         0.1271         0.0000
        15.9600        18.5130         0.1544        23.7890         0.1396         0.0000
        16.0000        18.5799         0.1553        23.9189         0.1505         0.0000
        16.0400        18.7015         0.1477        24.0256         0.1689         0.0000
        16.0800        18.7973         0.1552        24.1192         0.1706         0.0000
        16.1200        18.9015         0.1561        24.1597         0.1579         0.0000
        16.1600        18.9373         0.1696        24.2715         0.1598         0.0000
        16.2000        19.0594         0.1757        24.3730         0.1551         0.0000
        16.2400        19.1851         0.2173        24.5250         0.1596         0.0000
        16.2800        19.2429         0.2296        24.6126         0.1494         0.0000
        16.3200        19.3894         0.2401        24.7290         0.1640         0.0000
        16.3600        19.4814         0.2541        24.8434         0.1716         0.0000
        16.4000        19.5983         0.2421        24.9780         0.1860         0.0000
        16.4400        19.6080         0.2448        25.0759         0.1592         0.0000
        16.4800        19.6693         0.2302        25.2497         0.1682         0.0000
        16.5200        19.7837         0.2419        25.3794         0.1699         0.0000
        16.5600        19.8957         0.2546        25.4685         0.1745         0.0000
        16.6000        20.0455         0.2747        25.5628         0.1719         0.0000
        16.6400        20.1515         0.2595        25.7044         0.1661         0.0000
        16.6800        20.3321         0.2524        25.8217         0.1704         0.0000
        16.7200        20.4058         0.2287        25.9180         0.1839         0.0000
        16.7600        20.4941         0.2418        26.0205         0.1823         0.0000
        16.8000        20.6445         0.2485        26.1382         0.1833         0.0000
        16.8400        20.7207         0.2408        26.2708         0.1837         0.0000
        16.8800        20.8344         0.2288        26.4066         0.1746         0.0000
        16.9200        20.9583         0.2045        26.5923         0.1811         0.0000
        16.9600        20.9890         0.2196        26.7128         0.1827         0.0000
        17.0000        21.0660         0.1777        26.8315         0.1220         0.0000
        17.0400        21.1597         0.1759        26.9496         0.1318         0.0000
        17.0800        21.2897         0.1722        27.0102         0.1362         0.0000
        17.1200        21.4054         0.1658        27.1656         0.1406         0.0000
        17.1600        21.4939         0.1410        27.3119         0.1845         0.0000
        17.2000        21.5808         0.1719        27.3926         0.1669         0.0000
        17.2400        21.7095         0.2056        27.5493         0.1289         0.0000
        17.2800        21.8561         0.2392        27.6496         0.1528         0.0000
        17.3200        21.9833         0.2036        27.8001         0.1582         0.0000
        17.3600        22.0262         0.1946        28.0240         0.1225         0.0000
        17.4000        22.1440         0.1958        28.1395         0.1282         0.0000
        17.4400        22.2057         0.1537        28.2805         0.1160         0.0000
        17.4800        22.3243         0.1817        28.3823         0.1058         0.0000
        17.5200        22.4062         0.1537        28.4673         0.1057         0.0000
        17.5600        22.5116         0.1401        28.6378         0.1129         0.0000
        17.6000        22.6367         0.1159        28.7589         0.1185         0.0000
        17.6400        22.7628         0.1062        28.8895         0.1070         0.0000
        17.6800        22.8522         0.1000        29.0427         0.1147         0.0000
        17.7200        22.9412         0.0975        29.1849         0.1100         0.0000
        17.7600        22.9986         0.1030        29.3410         0.1110         0.0000
        17.8000        23.0543         0.1072        29.5346         0.1095         0.0000
        17.8400        23.1972         0.1118        29.6124         0.1169         0.0000
        17.8800        23.2863         0.1069        29.6963         0.1272         0.0000
        17.9200        23.4124         0.1170        29.8303         0.1353         0.0000
        17.9600        23.5160         0.1176        29.9519         0.1441         0.0000
        18.0000        23.6511         0.1212        30.0227         0.1389         0.0000
        18.0400        23.8064         0.1188        30.1034         0.1280         0.0000
        18.0800        23.9195         0.1142        30.2988         0.1226         0.0000
        18.1200        24.0313         0.1198        30.4380         0.1342         0.0000
        18.1600        24.1073         0.1203        30.5232         0.1294         0.0000
        18.2000        24.1762         0.1185        30.6235         0.1304         0.0000
        18.2400        24.2632         0.1256        30.7400         0.1289         0.0000
        18.2800        24.3790         0.1145        30.8509         0.1229         0.0000
        18.3200        24.5108         0.1082        31.0039         0.1165         0.0000
        18.3600        24.6815         0.0949        31.0867         0.1216         0.0000
        18.4000        24.7731         0.0935        31.2216         0.1546         0.0000
        18.4400        24.9262         0.1015        31.3675         0.1671         0.0000
        18.4800        25.0208         0.1009        31.5582         0.1708         0.0000
        18.5200        25.1409         0.1043        31.7103         0.1625         0.0000
        18.5600        25.2704         0.0968        31.9259         0.1597         0.0000
        18.6000        25.3980         0.0902        32.0446         0.1512         0.0000
        18.6400        25.4915         0.0919        32.2079         0.1446         0.0000
        18.6800        25.5282         0.0948        32.3319         0.1347         0.0000
        18.7200        25.6283         0.0976        32.4644         0.1391         0.0000
        18.7600        25.7090         0.1053        32.5713         0.1327         0.0000
        18.8000        25.8150         0.1415        32.6519         0.1033         0.0000
        18.8400        25.9496         0.1581        32.7674         0.1009         0.0000
        18.8800        26.0879         0.1665        32.9003         0.1026         0.0000
        18.9200        26.1904         0.1721        32.9973         0.1025         0.0000
        18.9600        26.3304         0.1701        33.1556         0.0963         0.0000
        19.0000        26.4335         0.1649        33.2593         0.1023         0.0000
        19.0400        26.5708         0.1611        33.4041         0.0927         0.0000
        19.0800        26.6037         0.1606        33.5674         0.0978         0.0000
        19.1200        26.6877         0.1581        33.6899         0.0938         0.0000
        19.1600        26.8281         0.1637        33.8612         0.1048         0.0000
        19.2000        26.9432         0.1501        34.0139         0.0974         0.0000
        19.2400        27.0548         0.1468        34.0935         0.0974         0.0000
        19.2800        27.1471         0.1651        34.2118         0.1002         0.0000
        19.3200        27.2197         0.1642        34.3017         0.1189         0.0000
        19.3600        27.3017         0.1721        34.4487         0.1100         0.0000
        19.4000        27.4377         0.1928        34.5343         0.1127         0.0000
        19.4400        27.5482         0.2118        34.6783         0.1229         0.0000
        19.4800        27.7520         0.1921        34.7941         0.1395         0.0000
        19.5200        27.8933         0.1978        34.8671         0.1421         0.0000
        19.5600        27.9795         0.2163        35.0050         0.1381         0.0000
        19.6000        28.0775         0.2235        35.1664         0.1511         0.0000
        19.6400        28.1571         0.2374        35.2620         0.1530         0.0000
        19.6800        28.2979         0.2403        35.3795         0.1522         0.0000
        19.7200        28.4401         0.2302        35.4730         0.1583         0.0000
        19.7600        28.4967         0.2385        35.6391         0.1433         0.0000
        19.8000        28.5743         0.2630        35.7703         0.1502         0.0000
        19.8400        28.7187         0.2764        35.9535         0.1508         0.0000
        19.8800        28.8436         0.2752        36.1066         0.1538         0.0000
        19.9200        28.7938         0.2925        36.0349         0.1504         0.0000
        19.9600        27.0930         0.2798        33.8398         0.1463         0.0000
        20.0000        20.0870         0.2099        25.1599         0.1132         0.0000
