   8.0000004E-002   0.0000000E+000   0.0000000E+000   0.0000000E+000   0.0000000E+000
   1.2000000E-001   0.0000000E+000   0.0000000E+000   0.0000000E+000   0.0000000E+000
   1.6000001E-001   0.0000000E+000   0.0000000E+000   0.0000000E+000   0.0000000E+000
   2.0000000E-001   0.0000000E+000   0.0000000E+000   0.0000000E+000   0.0000000E+000
   2.4000000E-001   0.0000000E+000   0.0000000E+000   0.0000000E+000   0.0000000E+000
   2.8000001E-001   0.0000000E+000   0.0000000E+000   0.0000000E+000   0.0000000E+000
   3.2000002E-001   0.0000000E+000   0.0000000E+000   0.0000000E+000   0.0000000E+000
   3.5999998E-001   0.0000000E+000   0.0000000E+000   0.0000000E+000   0.0000000E+000
   3.9999999E-001   0.0000000E+000   0.0000000E+000   0.0000000E+000   0.0000000E+000
   4.4000000E-001   0.0000000E+000   0.0000000E+000   0.0000000E+000   0.0000000E+000
   4.8000000E-001   0.0000000E+000   0.0000000E+000   0.0000000E+000   0.0000000E+000
   5.2000001E-001   0.0000000E+000   0.0000000E+000   0.0000000E+000   0.0000000E+000
   5.6000002E-001   0.0000000E+000   0.0000000E+000   0.0000000E+000   0.0000000E+000
   5.9999999E-001   0.0000000E+000   0.0000000E+000   0.0000000E+000   0.0000000E+000
   6.4000003E-001   0.0000000E+000   0.0000000E+000   0.0000000E+000   0.0000000E+000
   6.8000004E-001   0.0000000E+000   0.0000000E+000   0.0000000E+000   0.0000000E+000
   7.1999997E-001   0.0000000E+000   0.0000000E+000   0.0000000E+000   0.0000000E+000
   7.5999998E-001   0.0000000E+000   0.0000000E+000   0.0000000E+000   0.0000000E+000
   7.9999998E-001   0.0000000E+000   0.0000000E+000   0.0000000E+000   0.0000000E+000
   8.3999999E-001   0.0000000E+000   0.0000000E+000   0.0000000E+000   0.0000000E+000
   8.8000000E-001   0.0000000E+000   0.0000000E+000   0.0000000E+000   0.0000000E+000
   9.2000000E-001   0.0000000E+000   0.0000000E+000   0.0000000E+000   0.0000000E+000
   9.6000001E-001   0.0000000E+000   0.0000000E+000   0.0000000E+000   0.0000000E+000
   1.0000000E+000   0.0000000E+000   0.0000000E+000   0.0000000E+000   0.0000000E+000
   1.0400000E+000   4.4108215E-006   1.0787178E-007   0.0000000E+000   0.0000000E+000
   1.0800000E+000   1.1249638E-005   2.7756144E-007   0.0000000E+000   0.0000000E+000
   1.1200000E+000   1.8703637E-005   4.4677274E-007   0.0000000E+000   0.0000000E+000
   1.1600000E+000   2.6545263E-005   5.9764655E-007   0.0000000E+000   0.0000000E+000
   1.2000000E+000   3.4597509E-005   8.3399796E-007   0.0000000E+000   0.0000000E+000
   1.2400000E+000   4.3624339E-005   1.0061336E-006   0.0000000E+000   0.0000000E+000
   1.2800001E+000   5.3240727E-005   1.1645934E-006   0.0000000E+000   0.0000000E+000
   1.3200000E+000   6.3929650E-005   1.3764130E-006   0.0000000E+000   0.0000000E+000
   1.3600001E+000   7.5115012E-005   1.5576363E-006   0.0000000E+000   0.0000000E+000
   1.4000000E+000   8.6151991E-005   1.7819561E-006   0.0000000E+000   0.0000000E+000
   1.4399999E+000   9.7654372E-005   2.1223282E-006   0.0000000E+000   0.0000000E+000
   1.4800000E+000   1.0868797E-004   2.2844077E-006   0.0000000E+000   0.0000000E+000
   1.5200000E+000   1.2060317E-004   2.6527507E-006   0.0000000E+000   0.0000000E+000
   1.5600000E+000   1.3330425E-004   2.8629358E-006   0.0000000E+000   0.0000000E+000
   1.6000000E+000   1.4687146E-004   3.1374886E-006   0.0000000E+000   0.0000000E+000
   1.6400000E+000   1.6142612E-004   3.2777274E-006   0.0000000E+000   0.0000000E+000
   1.6800000E+000   1.7722639E-004   3.6644113E-006   0.0000000E+000   0.0000000E+000
   1.7200001E+000   1.9347725E-004   4.0411056E-006   0.0000000E+000   0.0000000E+000
   1.7600000E+000   2.1034298E-004   4.1417419E-006   0.0000000E+000   0.0000000E+000
   1.8000001E+000   2.2813131E-004   4.0557921E-006   0.0000000E+000   0.0000000E+000
   1.8400000E+000   2.4612180E-004   4.2060781E-006   0.0000000E+000   0.0000000E+000
   1.8799999E+000   2.6412321E-004   4.7019363E-006   0.0000000E+000   0.0000000E+000
   1.9200000E+000   2.8217939E-004   5.7456749E-006   0.0000000E+000   0.0000000E+000
   1.9599999E+000   3.0088002E-004   6.3278920E-006   0.0000000E+000   0.0000000E+000
   2.0000000E+000   3.2005669E-004   6.8347652E-006   0.0000000E+000   0.0000000E+000
   2.0400000E+000   3.3877986E-004   6.4753978E-006   0.0000000E+000   0.0000000E+000
   2.0800000E+000   3.5919567E-004   7.1907594E-006   0.0000000E+000   0.0000000E+000
   2.1200000E+000   3.7891011E-004   7.8196522E-006   0.0000000E+000   0.0000000E+000
   2.1600001E+000   4.0061417E-004   8.3861201E-006   0.0000000E+000   0.0000000E+000
   2.2000000E+000   4.2284189E-004   8.9064421E-006   0.0000000E+000   0.0000000E+000
   2.2400001E+000   4.4427951E-004   8.3620176E-006   0.0000000E+000   0.0000000E+000
   2.2800000E+000   4.6740959E-004   9.1473779E-006   0.0000000E+000   0.0000000E+000
   2.3199999E+000   4.9161653E-004   7.9983619E-006   0.0000000E+000   0.0000000E+000
   2.3600000E+000   5.1429837E-004   8.1689089E-006   0.0000000E+000   0.0000000E+000
   2.3999999E+000   5.3644395E-004   8.2750121E-006   0.0000000E+000   0.0000000E+000
   2.4400000E+000   5.6028388E-004   8.1743977E-006   0.0000000E+000   0.0000000E+000
   2.4800000E+000   5.8668298E-004   8.3104952E-006   0.0000000E+000   0.0000000E+000
   2.5200000E+000   6.1197770E-004   1.0540788E-005   0.0000000E+000   0.0000000E+000
   2.5600001E+000   6.3691502E-004   1.0508182E-005   0.0000000E+000   0.0000000E+000
   2.5999999E+000   6.6207901E-004   1.0342900E-005   0.0000000E+000   0.0000000E+000
   2.6400000E+000   6.8673964E-004   1.0626528E-005   0.0000000E+000   0.0000000E+000
   2.6800001E+000   7.1225897E-004   1.0550514E-005   0.0000000E+000   0.0000000E+000
   2.7200001E+000   7.4127166E-004   1.0641761E-005   0.0000000E+000   0.0000000E+000
   2.7599999E+000   7.7035797E-004   1.1700773E-005   0.0000000E+000   0.0000000E+000
   2.8000000E+000   7.9818799E-004   1.2714489E-005   0.0000000E+000   0.0000000E+000
   2.8400001E+000   8.2813826E-004   1.3213478E-005   0.0000000E+000   0.0000000E+000
   2.8799999E+000   8.6007467E-004   1.3867674E-005   0.0000000E+000   0.0000000E+000
   2.9200000E+000   8.9272583E-004   1.4340449E-005   0.0000000E+000   0.0000000E+000
   2.9600000E+000   9.2088033E-004   1.4805910E-005   0.0000000E+000   0.0000000E+000
   3.0000001E+000   9.5214350E-004   1.6706417E-005   0.0000000E+000   0.0000000E+000
   3.0399999E+000   9.8628081E-004   1.7379667E-005   0.0000000E+000   0.0000000E+000
   3.0800000E+000   1.0182252E-003   1.8025534E-005   0.0000000E+000   0.0000000E+000
   3.1200001E+000   1.0510299E-003   1.9141146E-005   0.0000000E+000   0.0000000E+000
   3.1600001E+000   1.0826513E-003   1.9857744E-005   0.0000000E+000   0.0000000E+000
   3.1999999E+000   1.1211492E-003   1.9737798E-005   0.0000000E+000   0.0000000E+000
   3.2400000E+000   1.1587037E-003   2.0540499E-005   0.0000000E+000   0.0000000E+000
   3.2800001E+000   1.1942095E-003   2.0871547E-005   0.0000000E+000   0.0000000E+000
   3.3199999E+000   1.2301755E-003   2.2032071E-005   0.0000000E+000   0.0000000E+000
   3.3600000E+000   1.2635813E-003   2.2444849E-005   0.0000000E+000   0.0000000E+000
   3.4000000E+000   1.2980798E-003   2.3258441E-005   0.0000000E+000   0.0000000E+000
   3.4400001E+000   1.3354716E-003   2.5073578E-005   0.0000000E+000   0.0000000E+000
   3.4799999E+000   1.3736709E-003   2.4177979E-005   0.0000000E+000   0.0000000E+000
   3.5200000E+000   1.4106970E-003   2.3971672E-005   0.0000000E+000   0.0000000E+000
   3.5600001E+000   1.4521909E-003   2.4133211E-005   0.0000000E+000   0.0000000E+000
   3.6000001E+000   1.4938702E-003   2.4517063E-005   0.0000000E+000   0.0000000E+000
   3.6399999E+000   1.5356680E-003   2.3756823E-005   0.0000000E+000   0.0000000E+000
   3.6800000E+000   1.5739931E-003   2.2079651E-005   0.0000000E+000   0.0000000E+000
   3.7200001E+000   1.6126091E-003   2.2323425E-005   0.0000000E+000   0.0000000E+000
   3.7599999E+000   1.6561491E-003   2.2969654E-005   0.0000000E+000   0.0000000E+000
   3.8000000E+000   1.6998055E-003   2.2368059E-005   0.0000000E+000   0.0000000E+000
   3.8400000E+000   1.7391128E-003   2.2318287E-005   0.0000000E+000   0.0000000E+000
   3.8800001E+000   1.7806583E-003   2.3085508E-005   0.0000000E+000   0.0000000E+000
   3.9199999E+000   1.8202804E-003   2.3028580E-005   0.0000000E+000   0.0000000E+000
   3.9600000E+000   1.8641160E-003   2.2643427E-005   0.0000000E+000   0.0000000E+000
   4.0000001E+000   1.9107144E-003   2.4018722E-005   0.0000000E+000   0.0000000E+000
   4.0400001E+000   1.9556940E-003   2.4806285E-005   0.0000000E+000   0.0000000E+000
   4.0799999E+000   1.9986792E-003   2.4919936E-005   0.0000000E+000   0.0000000E+000
   4.1200000E+000   2.0410581E-003   2.5005907E-005   0.0000000E+000   0.0000000E+000
   4.1600001E+000   2.0885798E-003   2.4399023E-005   0.0000000E+000   0.0000000E+000
   4.1999999E+000   2.1394039E-003   2.3635459E-005   0.0000000E+000   0.0000000E+000
   4.2399999E+000   2.1897971E-003   2.3357701E-005   0.0000000E+000   0.0000000E+000
   4.2800000E+000   2.2370205E-003   2.4375781E-005   0.0000000E+000   0.0000000E+000
   4.3200001E+000   2.2849636E-003   2.4873645E-005   0.0000000E+000   0.0000000E+000
   4.3599999E+000   2.3343292E-003   2.5091784E-005   0.0000000E+000   0.0000000E+000
   4.4000000E+000   2.3831981E-003   2.5086970E-005   0.0000000E+000   0.0000000E+000
   4.4400001E+000   2.4369013E-003   2.4791207E-005   0.0000000E+000   0.0000000E+000
   4.4800001E+000   2.4933074E-003   2.5760940E-005   0.0000000E+000   0.0000000E+000
   4.5199999E+000   2.5452633E-003   2.7043575E-005   0.0000000E+000   0.0000000E+000
   4.5600000E+000   2.5974878E-003   2.7221662E-005   0.0000000E+000   0.0000000E+000
   4.6000001E+000   2.6517472E-003   2.8139709E-005   0.0000000E+000   0.0000000E+000
   4.6399999E+000   2.7046188E-003   2.7563742E-005   0.0000000E+000   0.0000000E+000
   4.6799999E+000   2.7559334E-003   2.6964542E-005   0.0000000E+000   0.0000000E+000
   4.7200000E+000   2.8043466E-003   2.6724232E-005   0.0000000E+000   0.0000000E+000
   4.7600001E+000   2.8486507E-003   2.6306412E-005   0.0000000E+000   0.0000000E+000
   4.7999999E+000   2.9009850E-003   2.8307769E-005   0.0000000E+000   0.0000000E+000
   4.8400000E+000   2.9539641E-003   2.9044405E-005   0.0000000E+000   0.0000000E+000
   4.8800001E+000   3.0046159E-003   2.8886919E-005   0.0000000E+000   0.0000000E+000
   4.9200001E+000   3.0581921E-003   2.9660711E-005   0.0000000E+000   0.0000000E+000
   4.9599999E+000   3.1130178E-003   2.9726819E-005   0.0000000E+000   0.0000000E+000
   5.0000000E+000   3.1692614E-003   3.0704872E-005   0.0000000E+000   0.0000000E+000
   5.0400001E+000   3.2246143E-003   2.9772919E-005   0.0000000E+000   0.0000000E+000
   5.0800002E+000   3.2838560E-003   3.1038015E-005   0.0000000E+000   0.0000000E+000
   5.1200002E+000   3.3412636E-003   3.5623171E-005   0.0000000E+000   0.0000000E+000
   5.1599997E+000   3.3993068E-003   3.6790710E-005   0.0000000E+000   0.0000000E+000
   5.1999998E+000   3.4564820E-003   3.7756468E-005   0.0000000E+000   0.0000000E+000
   5.2399999E+000   3.5157926E-003   3.7946961E-005   0.0000000E+000   0.0000000E+000
   5.2800000E+000   3.5826384E-003   3.7835914E-005   0.0000000E+000   0.0000000E+000
   5.3200001E+000   3.6416381E-003   3.6706004E-005   0.0000000E+000   0.0000000E+000
   5.3600001E+000   3.7034309E-003   3.8536270E-005   0.0000000E+000   0.0000000E+000
   5.4000002E+000   3.7690197E-003   3.8478145E-005   0.0000000E+000   0.0000000E+000
   5.4400003E+000   3.8355885E-003   3.9653510E-005   0.0000000E+000   0.0000000E+000
   5.4799998E+000   3.8981362E-003   3.8449063E-005   0.0000000E+000   0.0000000E+000
   5.5199999E+000   3.9607975E-003   3.8491304E-005   0.0000000E+000   0.0000000E+000
   5.5599999E+000   4.0264783E-003   3.7521883E-005   0.0000000E+000   0.0000000E+000
   5.6000000E+000   4.0875399E-003   3.9530676E-005   0.0000000E+000   0.0000000E+000
   5.6400001E+000   4.1547214E-003   3.9360193E-005   0.0000000E+000   0.0000000E+000
   5.6800002E+000   4.2205002E-003   3.9159871E-005   0.0000000E+000   0.0000000E+000
   5.7200003E+000   4.2851454E-003   3.9660366E-005   0.0000000E+000   0.0000000E+000
   5.7599998E+000   4.3482013E-003   4.2203286E-005   0.0000000E+000   0.0000000E+000
   5.7999998E+000   4.4152237E-003   4.3456345E-005   0.0000000E+000   0.0000000E+000
   5.8399999E+000   4.4859398E-003   5.0856576E-005   0.0000000E+000   0.0000000E+000
   5.8800000E+000   4.5560243E-003   5.0371113E-005   0.0000000E+000   0.0000000E+000
   5.9200001E+000   4.6275133E-003   5.1753820E-005   0.0000000E+000   0.0000000E+000
   5.9600002E+000   4.6942889E-003   4.8107524E-005   0.0000000E+000   0.0000000E+000
   6.0000002E+000   4.7532631E-003   4.7775676E-005   0.0000000E+000   0.0000000E+000
   6.0399997E+000   4.8223153E-003   4.7813464E-005   4.6886694E-002   2.6394774E-004
   6.0799998E+000   4.8952805E-003   5.2845514E-005   5.0198868E-002   2.8459976E-004
   6.1199999E+000   4.9700174E-003   5.5227039E-005   5.0844919E-002   2.9292143E-004
   6.1600000E+000   5.0528596E-003   5.1659081E-005   5.1526018E-002   3.0812653E-004
   6.2000000E+000   5.1263055E-003   5.1432852E-005   5.2188968E-002   3.2287494E-004
   6.2400001E+000   5.1987199E-003   5.6325805E-005   5.2842565E-002   3.3636778E-004
   6.2800002E+000   5.2722272E-003   5.7273945E-005   5.3539868E-002   3.8407528E-004
   6.3200003E+000   5.3432204E-003   5.6233189E-005   5.4235634E-002   3.7451875E-004
   6.3599998E+000   5.4154428E-003   5.6050545E-005   5.4930546E-002   3.6240991E-004
   6.3999999E+000   5.4831654E-003   5.7267986E-005   5.5648823E-002   3.5281611E-004
   6.4399999E+000   5.5536476E-003   6.8142432E-005   5.6341351E-002   3.7424869E-004
   6.4800000E+000   5.6209076E-003   6.9150200E-005   5.7058769E-002   3.7942330E-004
   6.5200001E+000   5.6941070E-003   6.8380042E-005   5.7781826E-002   3.8551947E-004
   6.5600002E+000   5.7699568E-003   6.8736941E-005   5.8500749E-002   3.1480275E-004
   6.6000003E+000   5.8432962E-003   6.8147549E-005   5.9203059E-002   3.9809527E-004
   6.6399997E+000   5.9175178E-003   6.4249655E-005   5.9918172E-002   4.0987876E-004
   6.6799998E+000   5.9882761E-003   6.1958875E-005   6.0625819E-002   4.1911581E-004
   6.7199999E+000   6.0658888E-003   6.2517314E-005   6.1348288E-002   4.3241398E-004
   6.7600000E+000   6.1496335E-003   6.2869736E-005   6.2063371E-002   4.3262901E-004
   6.8000001E+000   6.2312285E-003   5.8717031E-005   6.2775504E-002   4.4495894E-004
   6.8400002E+000   6.3107326E-003   5.9543208E-005   6.3510643E-002   4.6005002E-004
   6.8800002E+000   6.3968701E-003   5.9397847E-005   6.4268381E-002   4.7244472E-004
   6.9199997E+000   6.4654764E-003   6.1340977E-005   6.5022566E-002   4.7398546E-004
   6.9599998E+000   6.5473578E-003   6.1227312E-005   6.5824345E-002   4.6257291E-004
   6.9999999E+000   6.6320361E-003   6.0876216E-005   6.6597340E-002   4.6687522E-004
   7.0400000E+000   6.7151900E-003   6.0250052E-005   6.7372837E-002   4.5489459E-004
   7.0800000E+000   6.7976321E-003   6.2137369E-005   6.8113561E-002   4.6964770E-004
   7.1200001E+000   6.8897225E-003   5.9618764E-005   6.8880337E-002   4.9009511E-004
   7.1600002E+000   6.9796611E-003   6.0110965E-005   6.9671060E-002   5.0127628E-004
   7.2000003E+000   7.0663350E-003   6.0408065E-005   7.0451949E-002   5.0108707E-004
   7.2399998E+000   7.1517306E-003   6.2999954E-005   7.1257430E-002   5.1113977E-004
   7.2799999E+000   7.2339453E-003   6.2083091E-005   7.2060531E-002   5.2339145E-004
   7.3199999E+000   7.3209958E-003   6.1969079E-005   7.2852604E-002   5.1867842E-004
   7.3600000E+000   7.4018107E-003   6.2132397E-005   7.3644858E-002   5.1242885E-004
   7.4000001E+000   7.4825338E-003   6.4597829E-005   7.4431308E-002   4.7628141E-004
   7.4400002E+000   7.5618726E-003   6.2834103E-005   7.5239240E-002   5.0705711E-004
   7.4800003E+000   7.6466622E-003   6.5631581E-005   7.6051101E-002   5.1202446E-004
   7.5199997E+000   7.7243493E-003   7.6173983E-005   7.6874129E-002   4.9996757E-004
   7.5599998E+000   7.8053718E-003   7.5364382E-005   7.7689066E-002   5.0520251E-004
   7.5999999E+000   7.9077524E-003   7.2525438E-005   7.8523085E-002   5.1170699E-004
   7.6400000E+000   8.0006586E-003   7.4938727E-005   7.9341860E-002   5.2499850E-004
   7.6800001E+000   8.0911717E-003   7.6851185E-005   8.0185271E-002   5.3138990E-004
   7.7200001E+000   8.1795739E-003   7.9904560E-005   8.1037981E-002   5.4104140E-004
   7.7600002E+000   8.2789567E-003   8.0499723E-005   8.1863874E-002   5.6259652E-004
   7.7999997E+000   8.3785046E-003   8.0641580E-005   8.2714612E-002   5.6933575E-004
   7.8399998E+000   8.4685567E-003   7.7921199E-005   8.3584745E-002   5.7241667E-004
   7.8799999E+000   8.5574817E-003   8.1136921E-005   8.4457093E-002   5.6287910E-004
   7.9200000E+000   8.6556359E-003   7.9042621E-005   8.5339973E-002   5.6457934E-004
   7.9600000E+000   8.7463366E-003   7.5509428E-005   8.6195957E-002   5.7423505E-004
   8.0000001E+000   8.8396523E-003   7.2985553E-005   8.7084070E-002   5.8970418E-004
   8.0400002E+000   8.9338572E-003   7.4795580E-005   8.7945650E-002   6.0021758E-004
   8.0800003E+000   9.0282957E-003   7.7666934E-005   8.8837625E-002   6.0314921E-004
   8.1199998E+000   9.1239423E-003   7.7025205E-005   8.9729590E-002   6.2496194E-004
   8.1599998E+000   9.2277470E-003   7.1500240E-005   9.0615435E-002   6.2086195E-004
   8.1999999E+000   9.3217126E-003   7.1991376E-005   9.1511984E-002   6.3474476E-004
   8.2400000E+000   9.4056414E-003   7.5200045E-005   9.2408407E-002   6.4634068E-004
   8.2800001E+000   9.5092199E-003   5.8743938E-005   9.3317364E-002   6.4143364E-004
   8.3200002E+000   9.6094901E-003   6.0453495E-005   9.4233591E-002   6.5629237E-004
   8.3600003E+000   9.7023601E-003   8.6638359E-005   9.5149838E-002   6.4308263E-004
   8.3999997E+000   9.8079999E-003   9.1838340E-005   9.6055344E-002   6.4179189E-004
   8.4399998E+000   9.9091557E-003   9.3764667E-005   9.6954394E-002   6.4550511E-004
   8.4799999E+000   1.0018329E-002   1.1614821E-004   9.7867936E-002   6.5899621E-004
   8.5200000E+000   1.0124468E-002   1.0385167E-004   9.8801279E-002   6.5282912E-004
   8.5600001E+000   1.0231346E-002   1.1414756E-004   9.9710143E-002   6.5629555E-004
   8.6000001E+000   1.0333251E-002   1.0334488E-004   1.0066391E-001   6.6884644E-004
   8.6400002E+000   1.0434765E-002   1.0459627E-004   1.0161558E-001   6.8003331E-004
   8.6799997E+000   1.0546698E-002   1.0694762E-004   1.0255558E-001   6.7531019E-004
   8.7199998E+000   1.0656212E-002   1.0621446E-004   1.0351003E-001   6.9491444E-004
   8.7599999E+000   1.0758690E-002   1.2101492E-004   1.0444138E-001   7.1012822E-004
   8.8000000E+000   1.0857440E-002   1.2741930E-004   1.0538660E-001   7.3614850E-004
   8.8400000E+000   1.0964517E-002   1.3061418E-004   1.0635599E-001   7.5592690E-004
   8.8800001E+000   1.1055546E-002   1.3511629E-004   1.0733052E-001   7.7576260E-004
   8.9200002E+000   1.1155735E-002   1.3062068E-004   1.0829830E-001   7.8614729E-004
   8.9600003E+000   1.1259693E-002   1.3038566E-004   1.0926961E-001   7.7792455E-004
   8.9999998E+000   1.1361934E-002   1.3639443E-004   1.1022833E-001   7.6611117E-004
   9.0399998E+000   1.1466506E-002   1.4178602E-004   1.1116310E-001   8.0170455E-004
   9.0799999E+000   1.1579085E-002   1.3942122E-004   1.1214240E-001   8.1495872E-004
   9.1200000E+000   1.1690141E-002   1.4250405E-004   1.1312180E-001   8.3389155E-004
   9.1600001E+000   1.1796881E-002   1.4648791E-004   1.1409428E-001   8.5322454E-004
   9.2000002E+000   1.1901217E-002   1.5216513E-004   1.1507347E-001   8.6336370E-004
   9.2400002E+000   1.2006661E-002   1.5843642E-004   1.1607629E-001   8.7771259E-004
   9.2799997E+000   1.2120244E-002   1.6363411E-004   1.1710098E-001   9.0884552E-004
   9.3199998E+000   1.2233863E-002   1.6599843E-004   1.1811849E-001   9.4145573E-004
   9.3599999E+000   1.2345323E-002   1.6515802E-004   1.1913290E-001   9.5183333E-004
   9.4000000E+000   1.2447971E-002   1.7001462E-004   1.2016878E-001   9.7830912E-004
   9.4400001E+000   1.2558622E-002   1.6648764E-004   1.2120359E-001   9.6586318E-004
   9.4800001E+000   1.2667064E-002   1.6981715E-004   1.2226186E-001   9.6823266E-004
   9.5200002E+000   1.2782724E-002   1.7210394E-004   1.2332025E-001   9.7168987E-004
   9.5599997E+000   1.2889318E-002   1.7615977E-004   1.2436771E-001   1.0017189E-003
   9.5999998E+000   1.3003800E-002   1.7300244E-004   1.2540398E-001   1.0192285E-003
   9.6399999E+000   1.3118153E-002   1.7326655E-004   1.2645377E-001   1.0178047E-003
   9.6799999E+000   1.3234495E-002   1.7345134E-004   1.2748054E-001   1.0118072E-003
   9.7200000E+000   1.3354383E-002   1.7121494E-004   1.2852197E-001   1.0256937E-003
   9.7600001E+000   1.3462625E-002   1.7768439E-004   1.2959381E-001   1.0382028E-003
   9.8000002E+000   1.3574325E-002   1.8184789E-004   1.3069915E-001   1.0445639E-003
   9.8400003E+000   1.3689893E-002   1.8789846E-004   1.3180744E-001   1.0478740E-003
   9.8799998E+000   1.3809214E-002   1.8960386E-004   1.3289509E-001   1.0581210E-003
   9.9199998E+000   1.3919036E-002   1.9963045E-004   1.3400783E-001   1.0793559E-003
   9.9599999E+000   1.4030774E-002   2.0058098E-004   1.3507730E-001   1.0987068E-003
   1.0000000E+001   1.4150634E-002   2.0393147E-004   1.3616119E-001   1.1156966E-003
   1.0039999E+001   1.4280060E-002   1.9984801E-004   1.3726346E-001   1.0977122E-003
   1.0080000E+001   1.4399694E-002   1.9674592E-004   1.3836290E-001   1.1014155E-003
   1.0120000E+001   1.4517168E-002   1.9097674E-004   1.3946954E-001   1.1300371E-003
   1.0160000E+001   1.4640386E-002   1.9159349E-004   1.4059168E-001   1.1263855E-003
   1.0200000E+001   1.4757597E-002   1.8948187E-004   1.4170006E-001   1.1493715E-003
   1.0240000E+001   1.4877525E-002   2.0020879E-004   1.4282325E-001   1.1749485E-003
   1.0280000E+001   1.4996847E-002   2.0385926E-004   1.4393634E-001   1.1777819E-003
   1.0319999E+001   1.5116871E-002   2.0595507E-004   1.4504535E-001   1.1972092E-003
   1.0360000E+001   1.5241240E-002   2.3266043E-004   1.4617802E-001   1.2156616E-003
   1.0400000E+001   1.5357196E-002   2.2889498E-004   1.4731757E-001   1.2419480E-003
   1.0440000E+001   1.5478160E-002   2.3063366E-004   1.4844764E-001   1.2369812E-003
   1.0480000E+001   1.5617949E-002   2.4194208E-004   1.4962419E-001   1.2394122E-003
   1.0520000E+001   1.5742984E-002   2.4878070E-004   1.5078986E-001   1.2441998E-003
   1.0560000E+001   1.5866851E-002   2.4127784E-004   1.5189705E-001   1.2386790E-003
   1.0599999E+001   1.5991975E-002   2.3797864E-004   1.5304840E-001   1.2437184E-003
   1.0640000E+001   1.6122101E-002   2.3729898E-004   1.5420432E-001   1.2587254E-003
   1.0680000E+001   1.6252505E-002   2.4169618E-004   1.5537891E-001   1.2605742E-003
   1.0720000E+001   1.6372924E-002   2.3928162E-004   1.5651808E-001   1.2621864E-003
   1.0760000E+001   1.6489088E-002   2.3859323E-004   1.5769342E-001   1.2665693E-003
   1.0800000E+001   1.6610353E-002   2.3591654E-004   1.5890713E-001   1.2495032E-003
   1.0840000E+001   1.6740409E-002   2.3835706E-004   1.6009132E-001   1.2405663E-003
   1.0880001E+001   1.6863992E-002   2.3742008E-004   1.6127901E-001   1.2614627E-003
   1.0920000E+001   1.6980688E-002   2.3808037E-004   1.6248106E-001   1.2721416E-003
   1.0960000E+001   1.7112557E-002   2.3958830E-004   1.6369804E-001   1.2801504E-003
   1.1000000E+001   1.7243543E-002   2.3804697E-004   1.5593295E-001   1.2040228E-003
   1.1040000E+001   1.7362188E-002   2.3531057E-004   2.2554345E-006   7.5131040E-008
   1.1080000E+001   1.7481907E-002   2.3707203E-004   5.7282698E-006   1.9092514E-007
   1.1120000E+001   1.7608764E-002   2.4097954E-004   9.1601146E-006   3.0170433E-007
   1.1160001E+001   1.7738061E-002   2.2122137E-004   1.2370224E-005   4.0503050E-007
   1.1200000E+001   1.7867465E-002   2.1638033E-004   1.5135128E-005   4.7930611E-007
   1.1240000E+001   1.7995106E-002   2.1970181E-004   1.8551577E-005   5.8371600E-007
   1.1280000E+001   1.8122833E-002   2.1198774E-004   2.2315234E-005   6.7037221E-007
   1.1320000E+001   1.8241354E-002   2.0134514E-004   2.5703107E-005   7.5406481E-007
   1.1360000E+001   1.8367841E-002   2.0154046E-004   2.9249225E-005   8.3856596E-007
   1.1400000E+001   1.8508541E-002   2.0284092E-004   3.2911589E-005   9.0599209E-007
   1.1440001E+001   1.8650739E-002   2.2314489E-004   3.6232561E-005   1.2054729E-006
   1.1480000E+001   1.8783919E-002   2.2058562E-004   3.9747355E-005   1.2747131E-006
   1.1520000E+001   1.8911119E-002   2.1951332E-004   4.2926245E-005   1.4098087E-006
   1.1560000E+001   1.9044526E-002   2.2014580E-004   4.6186629E-005   1.5041906E-006
   1.1600000E+001   1.9189086E-002   2.2003542E-004   4.9402183E-005   1.6021165E-006
   1.1640000E+001   1.9329123E-002   2.1186353E-004   5.3502616E-005   1.6928272E-006
   1.1680000E+001   1.9471432E-002   2.0648601E-004   5.7000690E-005   1.7740261E-006
   1.1720001E+001   1.9602866E-002   2.0938222E-004   6.0626998E-005   1.8471593E-006
   1.1760000E+001   1.9747790E-002   2.0674700E-004   6.4954075E-005   1.9594513E-006
   1.1799999E+001   1.9886397E-002   1.9626352E-004   6.9124421E-005   2.1507678E-006
   1.1840000E+001   2.0040706E-002   1.9257079E-004   7.2348708E-005   2.3649933E-006
   1.1880000E+001   2.0190399E-002   1.9442627E-004   7.5926138E-005   2.4247200E-006
   1.1920000E+001   2.0331995E-002   1.8728884E-004   7.9763469E-005   2.5046200E-006
   1.1960000E+001   2.0466919E-002   1.8232544E-004   8.3865357E-005   2.5889386E-006
   1.2000000E+001   2.0606969E-002   1.3558517E-004   8.6918732E-005   2.3694222E-006
   1.2040000E+001   2.0762730E-002   1.3299345E-004   9.1219354E-005   2.4164329E-006
   1.2079999E+001   2.0914234E-002   1.2815224E-004   9.5433814E-005   2.4937805E-006
   1.2120000E+001   2.1053780E-002   1.3160562E-004   9.9256538E-005   2.5070723E-006
   1.2160000E+001   2.1200088E-002   1.2596109E-004   1.0363194E-004   3.0277759E-006
   1.2200000E+001   2.1344648E-002   1.4546738E-004   1.0784629E-004   3.1026362E-006
   1.2240000E+001   2.1499658E-002   1.5628091E-004   1.1086782E-004   3.2042641E-006
   1.2280000E+001   2.1648063E-002   1.8293373E-004   1.1485670E-004   3.1437543E-006
   1.2320000E+001   2.1793423E-002   1.8530891E-004   1.1917932E-004   2.7044222E-006
   1.2359999E+001   2.1955368E-002   1.8587824E-004   1.2348096E-004   2.5171490E-006
   1.2400000E+001   2.2103922E-002   1.8557907E-004   1.2878214E-004   2.6007689E-006
   1.2440000E+001   2.2257277E-002   1.7859068E-004   1.3314932E-004   2.6680903E-006
   1.2480000E+001   2.2393901E-002   1.7717944E-004   1.3717326E-004   2.7207307E-006
   1.2520000E+001   2.2543576E-002   1.7107990E-004   1.4134805E-004   3.0040153E-006
   1.2560000E+001   2.2706277E-002   1.5490115E-004   1.4516828E-004   2.8959359E-006
   1.2600000E+001   2.2851196E-002   1.5051721E-004   1.4943347E-004   3.3290033E-006
   1.2640001E+001   2.3010155E-002   1.4688565E-004   1.5325937E-004   2.9023965E-006
   1.2680000E+001   2.3161858E-002   1.4382868E-004   1.5677369E-004   3.1374370E-006
   1.2720000E+001   2.3309526E-002   1.2420191E-004   1.5991355E-004   3.2749515E-006
   1.2760000E+001   2.3457642E-002   1.4660839E-004   1.6435685E-004   3.3535698E-006
   1.2800000E+001   2.3604466E-002   1.4394896E-004   1.6849299E-004   3.4297566E-006
   1.2840000E+001   2.3746664E-002   1.4350432E-004   1.7377031E-004   3.3203375E-006
   1.2880000E+001   2.3915127E-002   1.1655047E-004   1.7980111E-004   4.0298113E-006
   1.2920001E+001   2.4072051E-002   1.1608655E-004   1.8394267E-004   4.1977830E-006
   1.2960000E+001   2.4236788E-002   9.3606650E-005   1.8868955E-004   4.5147478E-006
   1.3000000E+001   2.4407133E-002   1.2710818E-004   1.9307036E-004   4.5650304E-006
   1.3040000E+001   2.4562372E-002   1.2796159E-004   1.9789472E-004   4.0944317E-006
   1.3080000E+001   2.4726455E-002   1.3142427E-004   2.0154959E-004   3.9374968E-006
   1.3120000E+001   2.4885045E-002   1.3498726E-004   2.0651705E-004   3.8420713E-006
   1.3160000E+001   2.5049087E-002   1.3505858E-004   2.1163681E-004   4.1337067E-006
   1.3200001E+001   2.5216528E-002   1.4021585E-004   2.1640798E-004   3.9997107E-006
   1.3240000E+001   2.5371995E-002   1.3547852E-004   2.2039030E-004   3.9208887E-006
   1.3279999E+001   2.5531099E-002   1.3247502E-004   2.2535256E-004   3.9545218E-006
   1.3320000E+001   2.5679298E-002   1.3408740E-004   2.3136836E-004   3.9163092E-006
   1.3360000E+001   2.5841718E-002   1.3605608E-004   2.3536604E-004   3.8202578E-006
   1.3400000E+001   2.5992150E-002   1.4686997E-004   2.4004337E-004   3.8317993E-006
   1.3440000E+001   2.6144717E-002   1.5091646E-004   2.4363208E-004   3.8077887E-006
   1.3480000E+001   2.6297005E-002   1.5521525E-004   2.4859403E-004   3.8250254E-006
   1.3520000E+001   2.6451062E-002   1.5049515E-004   2.5143266E-004   4.0054178E-006
   1.3559999E+001   2.6611252E-002   1.4132362E-004   2.5529684E-004   4.2262349E-006
   1.3600000E+001   2.6778502E-002   1.3860263E-004   2.6002892E-004   4.3500923E-006
   1.3640000E+001   2.6944553E-002   1.4418018E-004   2.6485340E-004   4.5269070E-006
   1.3680000E+001   2.7104075E-002   1.5629153E-004   2.6885993E-004   4.8897837E-006
   1.3720000E+001   2.7263908E-002   1.6236664E-004   2.7346342E-004   5.0902603E-006
   1.3760000E+001   2.7430128E-002   1.6409319E-004   2.7885318E-004   5.6164800E-006
   1.3800000E+001   2.7583925E-002   1.5876718E-004   2.8449729E-004   5.8003664E-006
   1.3839999E+001   2.7727999E-002   1.5898230E-004   2.9054679E-004   5.4727133E-006
   1.3880000E+001   2.7890327E-002   1.5951876E-004   2.9613480E-004   5.5483981E-006
   1.3920000E+001   2.8055056E-002   1.5099740E-004   3.0203230E-004   5.5541258E-006
   1.3960000E+001   2.8238304E-002   1.6301120E-004   3.0679680E-004   5.5987901E-006
   1.4000000E+001   2.8403422E-002   1.5734786E-004   3.1235403E-004   5.5490080E-006
   1.4040000E+001   2.8567179E-002   1.6419802E-004   3.1743539E-004   5.6744745E-006
   1.4080000E+001   2.8743203E-002   1.6352423E-004   3.2214901E-004   5.6342705E-006
   1.4119999E+001   2.8918377E-002   1.6776922E-004   3.2611458E-004   5.7341392E-006
   1.4160000E+001   2.9101707E-002   1.7690477E-004   3.3187732E-004   6.5399697E-006
   1.4200000E+001   2.9275087E-002   1.8325766E-004   3.3547632E-004   6.2525149E-006
   1.4240000E+001   2.9455551E-002   1.9235199E-004   3.4060897E-004   5.9358211E-006
   1.4280000E+001   2.9626465E-002   2.1217661E-004   3.4675520E-004   6.5677691E-006
   1.4320000E+001   2.9803509E-002   2.0963011E-004   3.5293503E-004   6.6129299E-006
   1.4360000E+001   2.9980441E-002   2.0973223E-004   3.5693716E-004   6.8735081E-006
   1.4400001E+001   3.0158418E-002   2.1243975E-004   3.6161191E-004   6.8707889E-006
   1.4440000E+001   3.0311803E-002   2.0649416E-004   3.6721302E-004   7.2582922E-006
   1.4480000E+001   3.0476798E-002   2.0248930E-004   3.7392352E-004   7.4195417E-006
   1.4520000E+001   3.0640224E-002   2.0609184E-004   3.7878522E-004   7.2913320E-006
   1.4560000E+001   3.0816810E-002   2.0419837E-004   3.8460300E-004   7.2668925E-006
   1.4600000E+001   3.0983396E-002   2.0683173E-004   3.8881410E-004   7.2625419E-006
   1.4640000E+001   3.1145825E-002   2.0067328E-004   3.9421015E-004   7.4316809E-006
   1.4680001E+001   3.1319686E-002   2.0087521E-004   3.9921286E-004   7.6422514E-006
   1.4720000E+001   3.1515284E-002   2.0177500E-004   4.0385761E-004   7.6433492E-006
   1.4760000E+001   3.1692371E-002   2.0684384E-004   4.0867794E-004   7.8596972E-006
   1.4800000E+001   3.1847760E-002   2.1109803E-004   4.1332886E-004   7.8408064E-006
   1.4840000E+001   3.2030199E-002   2.1662739E-004   4.1826950E-004   7.9041271E-006
   1.4880000E+001   3.2203552E-002   2.2182685E-004   4.2442171E-004   6.6133460E-006
   1.4920000E+001   3.2401400E-002   2.2387221E-004   4.3155774E-004   8.2635763E-006
   1.4960001E+001   3.2599125E-002   2.4436293E-004   4.3846635E-004   8.4596397E-006
   1.5000000E+001   3.2789402E-002   2.5033779E-004   4.4308966E-004   8.3344923E-006
   1.5039999E+001   3.2968438E-002   2.6446307E-004   4.4897315E-004   8.3991535E-006
   1.5080000E+001   3.3140224E-002   2.7399801E-004   4.5459396E-004   8.6706406E-006
   1.5120000E+001   3.3322689E-002   2.7781543E-004   4.5800038E-004   7.0640535E-006
   1.5160000E+001   3.3514815E-002   2.8075665E-004   4.6281423E-004   7.9409586E-006
   1.5200000E+001   3.3694447E-002   2.8306024E-004   4.6746974E-004   6.6462537E-006
   1.5240000E+001   3.3876065E-002   2.7725125E-004   4.7399315E-004   6.9969071E-006
   1.5280000E+001   3.4063790E-002   2.8091680E-004   4.7894494E-004   7.0949040E-006
   1.5319999E+001   3.4245433E-002   3.0207571E-004   4.8347371E-004   7.5759954E-006
   1.5360000E+001   3.4417464E-002   3.0947121E-004   4.8793765E-004   7.6397546E-006
   1.5400000E+001   3.4606526E-002   3.0891114E-004   4.9424258E-004   7.5217958E-006
   1.5440000E+001   3.4796249E-002   3.1746093E-004   5.0055043E-004   7.7266439E-006
   1.5480000E+001   3.4990117E-002   3.2180928E-004   5.0499084E-004   7.8262427E-006
   1.5520000E+001   3.5158886E-002   3.2853509E-004   5.0879102E-004   7.9217299E-006
   1.5560000E+001   3.5343149E-002   3.3623445E-004   5.1457964E-004   7.1310280E-006
   1.5599999E+001   3.5541739E-002   3.4653074E-004   5.1946473E-004   6.7688034E-006
   1.5640000E+001   3.5733510E-002   3.4108879E-004   5.2442462E-004   6.6576606E-006
   1.5680000E+001   3.5923987E-002   3.3934585E-004   5.2972756E-004   6.7908816E-006
   1.5720000E+001   3.6110464E-002   3.4421941E-004   5.3547436E-004   6.8299286E-006
   1.5760000E+001   3.6306770E-002   3.4740900E-004   5.4237298E-004   6.7014572E-006
   1.5800000E+001   3.6494483E-002   3.5786365E-004   5.4825785E-004   6.3742939E-006
   1.5840000E+001   3.6674516E-002   3.5238449E-004   5.5365699E-004   6.3104092E-006
   1.5880001E+001   3.6861806E-002   3.4963038E-004   5.5955558E-004   6.4752381E-006
   1.5920000E+001   3.7041349E-002   3.4346897E-004   5.6417335E-004   6.4305174E-006
   1.5960000E+001   3.7239525E-002   3.4214416E-004   5.6943897E-004   6.6107297E-006
   1.6000000E+001   3.7441071E-002   3.4177315E-004   5.7597332E-004   6.8880717E-006
   1.6040000E+001   3.7642229E-002   3.4623432E-004   5.8143671E-004   7.0067789E-006
   1.6080000E+001   3.7845359E-002   3.6983773E-004   5.8772476E-004   7.0555384E-006
   1.6120000E+001   3.8050484E-002   3.8784910E-004   5.9414016E-004   6.9671049E-006
   1.6160001E+001   3.8265034E-002   3.8051352E-004   6.0114065E-004   7.6874960E-006
   1.6200000E+001   3.8463755E-002   3.8333049E-004   6.0954024E-004   7.7166402E-006
   1.6240000E+001   3.8662059E-002   3.7026677E-004   6.1807269E-004   7.7405908E-006
   1.6280000E+001   3.8861064E-002   3.6571291E-004   6.2372633E-004   8.0654514E-006
   1.6320000E+001   3.9059588E-002   3.6235333E-004   6.2857145E-004   8.2121793E-006
   1.6360000E+001   3.9257755E-002   3.5842089E-004   6.3535110E-004   8.0213343E-006
   1.6400000E+001   3.9437029E-002   3.6502068E-004   6.4245318E-004   7.1041645E-006
   1.6440001E+001   3.9621257E-002   3.6113411E-004   6.4986177E-004   6.7788452E-006
   1.6480000E+001   3.9816341E-002   3.6083731E-004   6.5857653E-004   6.8211368E-006
   1.6520000E+001   3.9992409E-002   3.6219863E-004   6.6492844E-004   6.7127799E-006
   1.6560000E+001   4.0200499E-002   3.6588316E-004   6.7294037E-004   6.5617639E-006
   1.6600000E+001   4.0409421E-002   3.5856177E-004   6.8069762E-004   7.0762295E-006
   1.6640000E+001   4.0608452E-002   3.5868449E-004   6.8893646E-004   6.2256752E-006
   1.6680000E+001   4.0811023E-002   3.6478279E-004   6.9566902E-004   7.6361419E-006
   1.6720001E+001   4.1015851E-002   3.7284318E-004   7.0327735E-004   6.7170023E-006
   1.6760000E+001   4.1223360E-002   3.8116703E-004   7.1005670E-004   6.8011905E-006
   1.6799999E+001   4.1439976E-002   3.8559683E-004   7.1922962E-004   6.9328095E-006
   1.6840000E+001   4.1654075E-002   3.9924117E-004   7.2957536E-004   9.0407187E-006
   1.6880000E+001   4.1855857E-002   4.2818555E-004   7.3764816E-004   9.2717583E-006
   1.6920000E+001   4.2045716E-002   4.3054298E-004   7.4371973E-004   9.4417186E-006
   1.6960000E+001   4.2231920E-002   4.1925891E-004   7.5282703E-004   9.4922238E-006
   1.7000000E+001   4.2428888E-002   3.9778307E-004   7.5879841E-004   6.8655690E-006
   1.7040000E+001   4.2631733E-002   3.9598354E-004   7.6582084E-004   6.8758032E-006
   1.7079999E+001   4.2845073E-002   4.2159812E-004   7.7346358E-004   6.9391337E-006
   1.7120000E+001   4.3032268E-002   4.1838407E-004   7.8276930E-004   9.3481550E-006
   1.7160000E+001   4.3236612E-002   4.2447551E-004   7.9053801E-004   9.5828913E-006
   1.7200000E+001   4.3447989E-002   4.1860091E-004   7.9661493E-004   7.9160310E-006
   1.7240000E+001   4.3634356E-002   4.2611263E-004   8.0243443E-004   6.6211777E-006
   1.7280000E+001   4.3850278E-002   4.2464078E-004   8.0799122E-004   6.6131396E-006
   1.7320000E+001   4.4053628E-002   4.3072602E-004   8.1439981E-004   6.4319749E-006
   1.7359999E+001   4.4269435E-002   4.4167160E-004   8.1951747E-004   6.3361442E-006
   1.7400000E+001   4.4496754E-002   4.4748698E-004   8.2614184E-004   6.4788558E-006
   1.7440000E+001   4.4707394E-002   4.3970847E-004   8.3168054E-004   6.3457516E-006
   1.7480000E+001   4.4928063E-002   4.3939256E-004   8.4222628E-004   6.3334087E-006
   1.7520000E+001   4.5138496E-002   4.4240519E-004   8.5198665E-004   6.3694081E-006
   1.7560000E+001   4.5339370E-002   4.5105787E-004   8.6246549E-004   6.4665369E-006
   1.7600000E+001   4.5571738E-002   4.4866010E-004   8.6864486E-004   6.5086338E-006
   1.7640001E+001   4.5787399E-002   4.5036436E-004   8.7541691E-004   6.1815683E-006
   1.7680000E+001   4.6005675E-002   4.5919247E-004   8.8476883E-004   5.9613570E-006
   1.7720000E+001   4.6213242E-002   4.7832928E-004   8.9098247E-004   6.6924435E-006
   1.7760000E+001   4.6431918E-002   4.9224710E-004   8.9790007E-004   6.7414216E-006
   1.7800000E+001   4.6638180E-002   5.0245324E-004   9.0615652E-004   8.4071299E-006
   1.7840000E+001   4.6843259E-002   4.9346893E-004   9.1437093E-004   6.9503174E-006
   1.7880000E+001   4.7049656E-002   4.9508721E-004   9.2307788E-004   5.8586298E-006
   1.7920001E+001   4.7247456E-002   5.0190624E-004   9.3236181E-004   5.8477003E-006
   1.7960000E+001   4.7474584E-002   5.0508508E-004   9.3896860E-004   6.1014879E-006
   1.8000000E+001   4.7699936E-002   4.9424929E-004   9.4239181E-004   6.6282722E-006
   1.8040000E+001   4.7932313E-002   4.9585909E-004   9.4620544E-004   6.9166922E-006
   1.8080000E+001   4.8159181E-002   4.9775041E-004   9.5269401E-004   9.1414419E-006
   1.8120000E+001   4.8361502E-002   4.9928471E-004   9.5821607E-004   7.2362906E-006
   1.8160000E+001   4.8588203E-002   5.0011989E-004   9.6645155E-004   7.4659187E-006
   1.8200001E+001   4.8825359E-002   5.1249382E-004   9.7281843E-004   7.4105210E-006
   1.8240000E+001   4.9036894E-002   4.9912800E-004   9.7931141E-004   9.2573555E-006
   1.8279999E+001   4.9257137E-002   5.1284463E-004   9.8561500E-004   9.4716184E-006
   1.8320000E+001   4.9503961E-002   5.0493287E-004   9.9357060E-004   1.0002222E-005
   1.8360000E+001   4.9732861E-002   5.0379721E-004   9.9999370E-004   9.9118552E-006
   1.8400000E+001   4.9964510E-002   5.0603178E-004   1.0106645E-003   1.0269775E-005
   1.8440000E+001   5.0162729E-002   5.0972630E-004   1.0176767E-003   1.0716673E-005
   1.8480000E+001   5.0385276E-002   5.1696728E-004   1.0230345E-003   1.0818668E-005
   1.8520000E+001   5.0610918E-002   5.1195284E-004   1.0318071E-003   1.0678105E-005
   1.8559999E+001   5.0833853E-002   5.1471271E-004   1.0412219E-003   1.0341778E-005
   1.8600000E+001   5.1062658E-002   5.1995911E-004   1.0499452E-003   1.0410487E-005
   1.8640000E+001   5.1259741E-002   5.2450689E-004   1.0584163E-003   1.0171252E-005
   1.8680000E+001   5.1483198E-002   5.2411834E-004   1.0639849E-003   1.0411550E-005
   1.8720000E+001   5.1724816E-002   5.2819496E-004   1.0729134E-003   9.9546058E-006
   1.8760000E+001   5.1960393E-002   5.2936003E-004   1.0827126E-003   1.0668583E-005
   1.8800000E+001   5.2185916E-002   5.3417676E-004   1.0899432E-003   1.1220269E-005
   1.8839999E+001   5.2404483E-002   5.2789944E-004   1.0991073E-003   1.0963515E-005
   1.8880000E+001   5.2625946E-002   5.2455822E-004   1.1066754E-003   1.0918321E-005
   1.8920000E+001   5.2864427E-002   5.2643170E-004   1.1133220E-003   1.1655365E-005
   1.8960000E+001   5.3080452E-002   5.3733686E-004   1.1199375E-003   1.0358919E-005
   1.9000000E+001   5.3326799E-002   5.5054914E-004   1.1279828E-003   1.0301548E-005
   1.9040000E+001   5.3568088E-002   5.3452882E-004   1.1374206E-003   1.1300591E-005
   1.9080000E+001   5.3811816E-002   5.3411532E-004   1.1461149E-003   1.0838910E-005
   1.9119999E+001   5.4048567E-002   5.3400687E-004   1.1548512E-003   1.1189910E-005
   1.9160000E+001   5.4296144E-002   5.4491379E-004   1.1627836E-003   1.0977607E-005
   1.9200000E+001   5.4531515E-002   5.4460012E-004   1.1706546E-003   1.1068967E-005
   1.9240000E+001   5.4756943E-002   5.4886850E-004   1.1798413E-003   1.1003551E-005
   1.9280000E+001   5.4991879E-002   5.4056698E-004   1.1882487E-003   1.1061546E-005
   1.9320000E+001   5.5234245E-002   5.3908563E-004   1.1975034E-003   1.0610427E-005
   1.9360000E+001   5.5471816E-002   5.3827620E-004   1.2037594E-003   1.1103800E-005
   1.9400001E+001   5.5727894E-002   5.4590701E-004   1.2132675E-003   1.1206674E-005
   1.9440000E+001   5.5960158E-002   5.4729806E-004   1.2212511E-003   1.1339045E-005
   1.9480000E+001   5.6181587E-002   5.5475676E-004   1.2254455E-003   1.0934777E-005
   1.9520000E+001   5.6406543E-002   5.6931550E-004   1.2332525E-003   1.0517418E-005
   1.9560000E+001   5.6606487E-002   5.7051063E-004   1.2429460E-003   1.1019903E-005
   1.9600000E+001   5.6820526E-002   5.8026257E-004   1.2549611E-003   1.1710267E-005
   1.9640000E+001   5.7081446E-002   5.7550779E-004   1.2677243E-003   1.1930566E-005
   1.9680001E+001   5.7307328E-002   5.7517261E-004   1.2772250E-003   1.2137741E-005
   1.9720000E+001   5.7524385E-002   5.7793239E-004   1.2849311E-003   1.2512096E-005
   1.9760000E+001   5.7765081E-002   5.7896837E-004   1.2927820E-003   1.2394098E-005
   1.9800000E+001   5.8004113E-002   5.7856053E-004   1.3009642E-003   1.2858663E-005
   1.9840000E+001   5.8255091E-002   5.9032593E-004   1.3089273E-003   1.3408178E-005
   1.9880000E+001   5.8478681E-002   5.9635991E-004   1.3187940E-003   1.1314024E-005
   1.9920000E+001   5.8706426E-002   5.8247107E-004   1.3295965E-003   1.1416736E-005
   1.9960001E+001   5.8938094E-002   5.8978423E-004   1.3384353E-003   1.1804631E-005
   2.0000000E+001   5.9167362E-002   5.9087955E-004   1.3467401E-003   1.2268658E-005
