         0.0800         0.0000         0.0000         0.0000         0.0000         0.0000
         0.1200         0.0000         0.0000         0.0000         0.0000         0.0000
         0.1600         0.0000         0.0000         0.0000         0.0000         0.0000
         0.2000         0.0000         0.0000         0.0000         0.0000         0.0000
         0.2400         0.0000         0.0000         0.0000         0.0000         0.0000
         0.2800         0.0000         0.0000         0.0000         0.0000         0.0000
         0.3200         0.0000         0.0000         0.0000         0.0000         0.0000
         0.3600         0.0000         0.0000         0.0000         0.0000         0.0000
         0.4000         0.0000         0.0000         0.0000         0.0000         0.0000
         0.4400         0.0000         0.0000         0.0000         0.0000         0.0000
         0.4800         0.0000         0.0000         0.0000         0.0000         0.0000
         0.5200         0.0000         0.0000         0.0000         0.0000         0.0000
         0.5600         0.0000         0.0000         0.0000         0.0000         0.0000
         0.6000         0.0000         0.0000         0.0000         0.0000         0.0000
         0.6400         0.0000         0.0000         0.0000         0.0000         0.0000
         0.6800         0.0000         0.0000         0.0000         0.0000         0.0000
         0.7200         0.0000         0.0000         0.0000         0.0000         0.0000
         0.7600         0.0000         0.0000         0.0000         0.0000         0.0000
         0.8000         0.0000         0.0000         0.0000         0.0000         0.0000
         0.8400         0.0000         0.0000         0.0000         0.0000         0.0000
         0.8800         0.0002         0.0002         0.0000         0.0000         0.0000
         0.9200         0.0072         0.0019         0.0005         0.0003         0.0000
         0.9600         0.0871         0.0351         0.0046         0.0011         0.0000
         1.0000         0.4803         0.2139         0.0283         0.0026         0.0000
         1.0400         1.3949         0.6135         0.0780         0.0081         0.0000
         1.0800         2.7012         1.1628         0.1536         0.0144         0.0000
         1.1200         3.9981         1.6438         0.2374         0.0240         0.0000
         1.1600         5.4179         2.2247         0.3361         0.0405         0.0000
         1.2000         6.9078         2.8271         0.3939         0.0428         0.0000
         1.2400         8.3802         3.3967         0.5127         0.0451         0.0000
         1.2800         9.7494         3.9786         0.6193         0.0446         0.0000
         1.3200        11.3157         4.5379         0.7511         0.0584         0.0000
         1.3600        12.8668         4.9451         0.9057         0.0769         0.0000
         1.4000        14.4337         5.4457         1.0768         0.0953         0.0000
         1.4400        15.8778         6.0572         1.1767         0.1345         0.0000
         1.4800        17.6373         6.5854         1.3185         0.1569         0.0000
         1.5200        19.2228         7.1608         1.4906         0.1406         0.0000
         1.5600        20.8509         7.6008         1.6498         0.1731         0.0000
         1.6000        22.4234         8.0356         1.7938         0.2040         0.0000
         1.6400        24.0874         8.4353         1.9270         0.2203         0.0000
         1.6800        25.7038         8.7410         2.0972         0.2337         0.0000
         1.7200        27.3622         9.0645         2.2648         0.2422         0.0000
         1.7600        28.7691         9.1408         2.3857         0.2616         0.0000
         1.8000        30.1092         9.3038         2.5300         0.2736         0.0000
         1.8400        31.6637         9.5792         2.7367         0.3003         0.0000
         1.8800        33.0118         9.6452         2.8737         0.3706         0.0000
         1.9200        34.6073        10.1658         2.9827         0.4041         0.0000
         1.9600        35.9573        10.4160         3.1354         0.4409         0.0000
         2.0000        37.2350        10.6120         3.3060         0.4489         0.0000
         2.0400        38.8368        10.8890         3.5566         0.5101         0.0000
         2.0800        40.4181        11.1855         3.6433         0.5748         0.0000
         2.1200        41.7177        11.3707         3.9256         0.6345         0.0000
         2.1600        42.9933        11.8081         4.1287         0.6470         0.0000
         2.2000        44.6714        12.1062         4.2600         0.6876         0.0000
         2.2400        46.3277        12.5505         4.4839         0.7266         0.0000
         2.2800        47.5886        12.5151         4.6174         0.7843         0.0000
         2.3200        48.7477        12.9391         4.8466         0.8408         0.0000
         2.3600        50.0687        13.4032         5.0425         0.9118         0.0000
         2.4000        51.3560        13.6989         5.2818         0.9815         0.0000
         2.4400        53.1675        13.8039         5.4085         0.9911         0.0000
         2.4800        54.5434        13.8085         5.5967         0.9549         0.0000
         2.5200        55.9647        13.8957         5.6728         0.9659         0.0000
         2.5600        57.1176        13.7737         5.7746         0.9732         0.0000
         2.6000        58.5170        13.9684         5.9878         1.0413         0.0000
         2.6400        59.9215        14.1469         6.0559         1.0762         0.0000
         2.6800        60.7564        14.0286         6.1104         1.0855         0.0000
         2.7200        61.9952        13.8041         6.2945         1.0611         0.0000
         2.7600        63.0137        13.7313         6.5216         1.1630         0.0000
         2.8000        64.2379        13.8114         6.6015         1.2671         0.0000
         2.8400        65.3968        13.6407         6.7607         1.3214         0.0000
         2.8800        67.0622        13.6802         7.0783         1.2950         0.0000
         2.9200        67.9047        13.4606         7.3084         1.3997         0.0000
         2.9600        69.0199        13.5168         7.3512         1.5494         0.0000
         3.0000        70.2144        13.3955         7.5542         1.5469         0.0000
         3.0400        70.9532        13.3186         7.7218         1.6995         0.0000
         3.0800        71.7062        13.4446         7.9016         1.7701         0.0000
         3.1200        72.3697        13.3428         8.0283         1.7401         0.0000
         3.1600        72.8615        12.8738         8.1882         1.7856         0.0000
         3.2000        73.4976        12.7874         8.4431         1.8205         0.0000
         3.2400        74.1063        12.5718         8.5283         1.8321         0.0000
         3.2800        74.6193        12.3016         8.6073         1.8753         0.0000
         3.3200        75.6527        12.1303         8.5663         1.9119         0.0000
         3.3600        76.6215        11.8055         8.5955         1.9428         0.0000
         3.4000        77.7950        11.8527         8.6414         2.0191         0.0000
         3.4400        78.7900        11.6558         8.7084         2.0317         0.0000
         3.4800        79.9256        11.4983         8.8658         2.0914         0.0000
         3.5200        80.7506        11.1111         9.1219         2.1937         0.0000
         3.5600        81.4906        10.9839         9.2590         2.2811         0.0000
         3.6000        82.2573        10.7265         9.3728         2.3356         0.0000
         3.6400        82.9035        10.2753         9.4587         2.4063         0.0000
         3.6800        84.1599        10.1162         9.6457         2.4204         0.0000
         3.7200        84.4474         9.9319         9.8761         2.5022         0.0000
         3.7600        85.4894         9.4279         9.9782         2.5885         0.0000
         3.8000        86.4253         9.2055        10.0641         2.5972         0.0000
         3.8400        87.1212         8.9173        10.1819         2.6617         0.0000
         3.8800        88.2079         8.9148        10.2067         2.7320         0.0000
         3.9200        89.1944         8.5105        10.3941         2.9163         0.0000
         3.9600        89.9141         8.4974        10.6978         3.0069         0.0000
         4.0000        90.9736         8.4751        10.7890         3.0067         0.0000
         4.0400        91.3368         8.3484        11.0629         3.2067         0.0000
         4.0800        91.7451         8.0845        11.1827         3.1907         0.0000
         4.1200        92.3569         7.7739        11.3968         3.3000         0.0000
         4.1600        92.8917         7.3201        11.7400         3.5016         0.0000
         4.2000        93.9107         7.0585        11.8337         3.5232         0.0000
         4.2400        94.2429         6.8444        12.1097         3.6345         0.0000
         4.2800        94.7715         6.6830        12.4263         3.8226         0.0000
         4.3200        94.8634         6.8777        12.5319         3.9043         0.0000
         4.3600        95.3024         6.8070        12.8205         4.0722         0.0000
         4.4000        95.3241         6.8334        12.9141         4.0909         0.0000
         4.4400        95.5879         6.5038        13.1455         4.2450         0.0000
         4.4800        95.7156         6.1525        13.2955         4.2860         0.0000
         4.5200        95.0895         5.9101        13.4241         4.3125         0.0000
         4.5600        95.5214         5.8611        13.6289         4.4012         0.0000
         4.6000        95.8989         5.9733        13.8053         4.5113         0.0000
         4.6400        96.0641         5.9230        13.9484         4.6003         0.0000
         4.6800        96.1880         5.6761        14.2472         4.6575         0.0000
         4.7200        96.8817         5.4878        14.4071         4.8578         0.0000
         4.7600        97.2614         5.1005        14.6075         4.9377         0.0000
         4.8000        97.4275         4.7718        14.8841         5.0828         0.0000
         4.8400        97.8557         4.6748        15.1445         5.2772         0.0000
         4.8800        98.6363         4.3416        15.5418         5.4520         0.0000
         4.9200        98.9837         4.2892        15.6867         5.4123         0.0000
         4.9600        99.1059         3.9598        15.8771         5.4334         0.0000
         5.0000        99.4664         3.8923        16.3284         5.5568         0.0000
         5.0400        99.5797         3.8380        16.6469         5.7654         0.0000
         5.0800       100.2984         3.9471        16.9059         5.9431         0.0000
         5.1200       100.2328         3.8737        17.1003         6.0744         0.0000
         5.1600       100.3137         3.8195        17.1620         6.0879         0.0000
         5.2000       100.7482         3.7718        17.4390         6.1819         0.0000
         5.2400       100.7924         3.3280        17.8764         6.3746         0.0000
         5.2800       100.5226         3.3631        18.3236         6.6010         0.0000
         5.3200       100.5631         3.1451        18.6572         6.7547         0.0000
         5.3600       100.9489         3.0246        19.0276         6.8908         0.0000
         5.4000       100.6037         3.0071        19.5485         7.0012         0.0000
         5.4400       101.1976         2.8704        19.8120         7.0196         0.0000
         5.4800       101.4472         2.5707        20.1940         7.2679         0.0000
         5.5200       101.6114         2.5471        20.7043         7.3960         0.0000
         5.5600       101.8692         2.3589        21.2192         7.5788         0.0000
         5.6000       101.8920         2.5633        21.6462         7.6808         0.0000
         5.6400       102.0444         2.6137        22.1942         7.6952         0.0000
         5.6800       102.1880         2.5147        23.0689         7.8558         0.0000
         5.7200       102.8725         2.1417        23.7804         7.8978         0.0000
         5.7600       102.5931         1.6509        24.4030         8.0211         0.0000
         5.8000       102.4429         1.5643        25.0639         8.2288         0.0000
         5.8400       102.4398         1.3129        25.7674         8.3520         0.0000
         5.8800       102.5151         1.4746        26.5242         8.4023         0.0021
         5.9200       102.2422         1.7609        27.1416         8.5884         0.0339
         5.9600       102.0396         1.9304        27.9205         8.9990         0.1937
         6.0000       101.9213         2.1539        28.7981         9.2512         0.5693
         6.0400       101.6735         2.2813         0.4294         0.0343         1.1036
         6.0800       101.6510         2.6553         0.7376         0.1069         1.6517
         6.1200       101.1637         2.0738         1.1056         0.1355         2.1073
         6.1600       101.9707         2.4215         1.3752         0.1774         2.4386
         6.2000       102.2508         2.4691         1.6433         0.2590         2.6595
         6.2400       101.6971         2.1910         1.9539         0.2987         2.7989
         6.2800       101.0319         2.3607         2.2964         0.4674         2.8836
         6.3200       100.9897         2.4323         2.6284         0.5245         2.9337
         6.3600       101.2631         2.4913         2.8543         0.6126         2.9628
         6.4000       101.7508         2.5355         3.1078         0.6886         2.9794
         6.4400       101.6313         2.4013         3.4710         0.7846         2.9887
         6.4800       101.3761         2.3083         3.7064         0.7954         2.9939
         6.5200       101.2436         2.4132         4.0007         0.8322         2.9967
         6.5600       100.7948         2.2961         4.3087         0.9038         2.9983
         6.6000       101.2590         1.9970         4.5377         0.9493         2.9991
         6.6400       101.6752         2.3110         4.7220         1.0015         2.9995
         6.6800       101.4976         2.0924         4.9894         1.0314         2.9998
         6.7200       101.0636         1.9940         5.1781         1.0508         2.9999
         6.7600       101.2264         1.7485         5.5408         1.1583         2.9999
         6.8000       100.6119         1.8008         5.6663         1.2044         3.0000
         6.8400       100.6073         1.7942         5.8541         1.2422         3.0000
         6.8800       100.3555         1.8140         6.0182         1.3356         3.0000
         6.9200       100.6392         1.6822         6.1344         1.3619         3.0000
         6.9600       100.3658         1.3977         6.2480         1.4117         3.0000
         7.0000       100.5266         1.7486         6.3817         1.4715         3.0000
         7.0400       100.4520         1.8961         6.5504         1.5004         3.0000
         7.0800        99.9189         1.8037         6.7441         1.5218         3.0000
         7.1200       100.2458         1.6160         6.8243         1.5481         3.0000
         7.1600        99.7900         2.0385         7.0348         1.6006         3.0000
         7.2000        99.6551         1.9453         7.0989         1.5699         3.0000
         7.2400        99.5919         1.8005         7.2681         1.6056         3.0000
         7.2800        99.3673         1.8542         7.3812         1.5746         3.0000
         7.3200        98.8901         1.7362         7.6750         1.6855         3.0000
         7.3600        98.9376         1.7596         7.8629         1.6933         3.0000
         7.4000        99.0564         1.8487         8.0163         1.7259         3.0000
         7.4400        98.5941         2.2108         8.0905         1.7057         3.0000
         7.4800        99.3063         2.2863         8.2861         1.8062         3.0000
         7.5200        98.7403         2.5301         8.3901         1.7907         3.0000
         7.5600        99.0113         2.8321         8.6373         1.8781         3.0000
         7.6000        98.4280         3.0386         8.7549         1.9017         3.0000
         7.6400        98.3409         2.9088         8.8303         1.9127         3.0000
         7.6800        99.2727         2.9050         8.9407         2.0257         3.0000
         7.7200        98.5550         2.7869         8.8509         1.9537         3.0000
         7.7600        97.7962         3.0243         9.0799         1.9701         3.0000
         7.8000        97.2424         2.9911         9.0322         2.0404         3.0000
         7.8400        96.8495         3.0468         9.2007         2.0658         3.0000
         7.8800        96.5691         2.6345         9.1347         2.0718         3.0000
         7.9200        96.2636         2.6468         9.1757         2.1147         3.0000
         7.9600        96.6294         2.8279         9.2883         2.1955         3.0000
         8.0000        96.1827         2.9636         9.3010         2.1126         3.0000
         8.0400        95.5346         3.0187         9.3574         2.0926         3.0000
         8.0800        95.1916         2.9995         9.1539         2.0888         3.0000
         8.1200        94.8161         3.2534         9.1690         2.1244         3.0000
         8.1600        94.1995         3.0737         9.2820         2.1161         3.0000
         8.2000        94.0358         3.0720         9.2753         2.1250         3.0000
         8.2400        93.9258         3.0241         9.4179         2.1265         3.0000
         8.2800        93.7981         2.5920         9.5396         2.1559         3.0000
         8.3200        93.4698         2.5912         9.5319         2.1694         3.0000
         8.3600        93.2336         2.9602         9.6212         2.0934         3.0000
         8.4000        93.2885         3.2213         9.6044         2.1644         3.0000
         8.4400        92.8632         3.4824         9.6323         2.1178         3.0000
         8.4800        92.5029         3.3399         9.6332         2.0715         3.0000
         8.5200        91.6709         3.6835         9.6188         2.1168         3.0000
         8.5600        91.1603         3.3709         9.6786         2.2552         3.0000
         8.6000        90.3881         3.5630         9.7211         2.2251         3.0000
         8.6400        90.0173         3.4552         9.8104         2.1748         3.0000
         8.6800        89.8469         3.6068         9.9645         2.1551         3.0000
         8.7200        89.7093         3.5766        10.2343         2.1837         3.0000
         8.7600        89.4486         3.5130        10.2921         2.2799         3.0000
         8.8000        88.9657         3.6775        10.2304         2.3245         3.0000
         8.8400        88.5415         3.8451        10.3481         2.2854         3.0000
         8.8800        87.5026         3.7901        10.3173         2.2459         3.0000
         8.9200        86.7883         3.6726        10.2784         2.1962         3.0000
         8.9600        86.3044         3.7735        10.3058         2.2259         3.0000
         9.0000        85.6671         3.9820        10.3221         2.1930         3.0000
         9.0400        85.0262         3.7290        10.1443         2.1358         3.0000
         9.0800        84.5943         3.8717        10.1663         1.9573         3.0000
         9.1200        84.0122         3.4462        10.3586         1.9430         3.0000
         9.1600        83.3581         3.1343        10.3325         1.9507         3.0000
         9.2000        83.0907         3.4558        10.3821         1.8892         3.0000
         9.2400        82.5050         3.8117        10.3617         1.7778         3.0000
         9.2800        81.8483         3.7189        10.2516         1.8320         3.0000
         9.3200        81.6601         3.8748        10.0401         1.7263         3.0000
         9.3600        81.7948         4.1207         9.9313         1.6829         3.0000
         9.4000        81.5747         4.1170         9.8248         1.5306         3.0000
         9.4400        81.3000         4.3329         9.7782         1.3935         3.0000
         9.4800        80.6239         4.4977         9.5991         1.2462         3.0000
         9.5200        80.0958         4.3499         9.4349         1.1561         3.0000
         9.5600        79.5828         4.2820         9.3865         1.0612         3.0000
         9.6000        79.1995         4.1775         9.1707         0.9201         3.0000
         9.6400        78.7429         4.1263         9.0629         0.5381         3.0000
         9.6800        78.3735         3.9550         8.9508         0.6852         3.0000
         9.7200        77.3389         3.8596         8.9294         0.6291         3.0000
         9.7600        76.5845         3.5628         8.9093         0.4422         3.0000
         9.8000        76.1596         3.4424         8.8154         0.3959         3.0000
         9.8400        75.2976         3.3801         8.6227         0.3549         3.0000
         9.8800        74.6623         3.1997         8.6195         0.3152         3.0000
         9.9200        73.5715         3.1244         8.5070         0.3153         3.0000
         9.9600        72.8176         3.0409         8.4707         0.3431         3.0000
        10.0000        72.4232         2.7946         8.5120         0.3699         3.0000
        10.0400        71.7902         2.6680         8.5149         0.4389         3.0000
        10.0800        70.8692         2.6435         8.5840         0.4774         3.0000
        10.1200        70.2352         2.3654         8.5166         0.6105         3.0000
        10.1600        69.1824         1.9717         8.4395         0.6772         3.0000
        10.2000        68.2223         1.5352         8.4047         0.6950         3.0000
        10.2400        67.1988         1.3235         8.3394         0.8376         3.0000
        10.2800        65.9554         1.0498         8.1275         0.9332         3.0000
        10.3200        64.6447         0.7856         7.9906         1.1118         2.9999
        10.3600        63.8159         0.6559         7.7993         1.2376         2.9999
        10.4000        63.1589         0.4936         7.6174         1.3695         2.9998
        10.4400        61.9189         0.3863         7.3982         1.4530         2.9995
        10.4800        60.8190         0.4435         7.2360         1.4769         2.9991
        10.5200        59.5684         0.7547         7.1390         1.6453         2.9983
        10.5600        58.5430         1.2962         6.9369         1.7386         2.9967
        10.6000        57.8975         1.6876         6.6791         1.8625         2.9939
        10.6400        56.5910         2.0403         6.3939         1.9593         2.9887
        10.6800        55.4172         2.4798         5.9986         1.9617         2.9794
        10.7200        54.5783         2.9423         5.6059         1.9448         2.9628
        10.7600        53.4400         3.2752         5.1599         1.8524         2.9337
        10.8000        52.2823         3.4722         4.5783         1.6952         2.8836
        10.8400        51.2775         3.7722         3.9126         1.5048         2.7989
        10.8800        50.2645         3.8666         3.3056         1.2940         2.6595
        10.9200        49.3289         4.1690         2.6375         1.1051         2.4386
        10.9600        48.3970         4.3292         1.9033         0.7937         2.1073
        11.0000        47.5175         4.6011         1.0723         0.4365         1.6517
        11.0400        46.5588         4.7775       109.2664        10.4967         1.1036
        11.0800        45.9921         4.9060       108.6632         9.8940         0.5693
        11.1200        45.0454         5.2068       108.5384         9.5481         0.1937
        11.1600        44.3591         5.3966       108.3951         9.5925         0.0339
        11.2000        43.5058         5.3601       108.1695         9.4681         0.0021
        11.2400        42.7530         5.6207       108.0744         9.1500         0.0000
        11.2800        41.8625         5.8744       108.4181         8.8100         0.0000
        11.3200        40.9189         6.0575       108.3293         8.3467         0.0000
        11.3600        39.7160         6.2402       108.7403         8.1283         0.0000
        11.4000        38.9897         6.4645       107.9496         7.7694         0.0000
        11.4400        38.0869         6.6247       107.4849         7.3833         0.0000
        11.4800        37.6661         6.7198       106.9923         7.1240         0.0000
        11.5200        37.0703         6.9756       107.0120         7.0030         0.0000
        11.5600        36.4196         7.1769       107.0485         6.7978         0.0000
        11.6000        35.5386         7.2662       106.7422         6.2855         0.0000
        11.6400        34.7057         7.2048       107.2045         5.8656         0.0000
        11.6800        34.2945         7.2072       107.2052         5.4999         0.0000
        11.7200        33.8809         7.2982       106.9237         5.1832         0.0000
        11.7600        33.5977         7.4808       106.2417         5.1339         0.0000
        11.8000        32.8104         7.2935       105.7547         5.0402         0.0000
        11.8400        32.3601         7.3609       105.6095         4.9100         0.0000
        11.8800        31.8387         7.4415       105.2204         4.8151         0.0000
        11.9200        31.5211         7.4873       105.4347         4.7226         0.0000
        11.9600        31.0780         7.5561       105.5771         4.5366         0.0000
        12.0000        30.4539         7.5515       104.9124         4.7688         0.0000
        12.0400        30.0542         7.6761       104.4470         4.6756         0.0000
        12.0800        29.6815         7.7031       104.6795         4.5694         0.0000
        12.1200        29.0804         7.6201       104.7866         4.5033         0.0000
        12.1600        28.2019         7.4923       104.8130         4.0895         0.0000
        12.2000        27.7408         7.4817       104.9890         4.1638         0.0000
        12.2400        27.4133         7.6165       105.0732         3.6465         0.0000
        12.2800        27.2897         7.6374       105.4969         3.4987         0.0000
        12.3200        26.6500         7.5317       105.3108         3.4398         0.0000
        12.3600        26.0771         7.5037       105.3845         3.4913         0.0000
        12.4000        25.4638         7.4148       105.4073         3.0367         0.0000
        12.4400        24.8737         7.3147       105.6510         2.7403         0.0000
        12.4800        24.6716         7.2666       105.5967         2.4813         0.0000
        12.5200        24.4914         7.1488       105.5281         2.3349         0.0000
        12.5600        23.9969         7.1602       105.7940         2.2752         0.0000
        12.6000        23.7177         7.1574       105.3120         2.4419         0.0000
        12.6400        23.3217         6.8982       105.0034         2.5102         0.0000
        12.6800        22.9993         6.8704       104.6515         2.5847         0.0000
        12.7200        22.6054         6.8349       104.2511         2.2492         0.0000
        12.7600        22.3092         6.8448       103.9551         2.1218         0.0000
        12.8000        21.6599         6.8729       103.5590         2.2378         0.0000
        12.8400        21.0787         6.7656       103.8459         2.1255         0.0000
        12.8800        20.8677         6.8146       103.1483         2.4284         0.0000
        12.9200        20.6567         6.7734       102.8224         2.4713         0.0000
        12.9600        20.2672         6.6278       102.6383         2.1109         0.0000
        13.0000        19.8718         6.6363       102.6769         2.3802         0.0000
        13.0400        19.6483         6.5912       102.5269         2.2768         0.0000
        13.0800        19.4177         6.5520       102.4558         2.1171         0.0000
        13.1200        19.0406         6.4829       102.1519         2.1015         0.0000
        13.1600        18.9822         6.4640       101.8987         2.0993         0.0000
        13.2000        18.8147         6.4722       101.9870         1.9041         0.0000
        13.2400        18.4318         6.2487       101.5134         1.8601         0.0000
        13.2800        18.1397         6.2096       101.4592         2.1748         0.0000
        13.3200        17.8051         6.0486       100.8521         1.3966         0.0000
        13.3600        17.5502         5.8054       100.4719         1.6375         0.0000
        13.4000        17.3327         5.7616       100.0960         1.6495         0.0000
        13.4400        17.1018         5.6731       100.3169         1.8132         0.0000
        13.4800        16.8231         5.6601        99.8617         1.7396         0.0000
        13.5200        16.4083         5.4952        99.3320         1.2745         0.0000
        13.5600        16.2669         5.5286        99.7880         1.4179         0.0000
        13.6000        15.9885         5.5003        99.6287         1.7418         0.0000
        13.6400        15.7240         5.4749        99.3565         1.6411         0.0000
        13.6800        15.5312         5.3944        98.8346         1.4910         0.0000
        13.7200        15.2475         5.3756        98.2468         1.2819         0.0000
        13.7600        15.2139         5.3033        98.5492         1.2572         0.0000
        13.8000        14.9424         5.1604        98.3958         1.7580         0.0000
        13.8400        14.8999         5.1174        98.1779         1.7903         0.0000
        13.8800        14.6829         4.9373        98.5826         1.5801         0.0000
        13.9200        14.5466         4.8220        98.2108         1.7276         0.0000
        13.9600        14.6008         4.8946        98.3373         1.0677         0.0000
        14.0000        14.5214         4.8621        97.8903         1.5421         0.0000
        14.0400        14.4904         4.8163        97.8353         1.2590         0.0000
        14.0800        14.3096         4.6946        98.0065         1.0684         0.0000
        14.1200        14.2036         4.7037        98.4957         0.9357         0.0000
        14.1600        13.9021         4.5610        98.3380         0.8031         0.0000
        14.2000        13.7571         4.5321        98.5715         0.8233         0.0000
        14.2400        13.4671         4.3944        98.2124         1.0904         0.0000
        14.2800        13.4952         4.4698        97.9491         0.7946         0.0000
        14.3200        13.5091         4.4326        97.8807         0.8030         0.0000
        14.3600        13.5725         4.4569        97.6997         0.8383         0.0000
        14.4000        13.5132         4.4059        97.7880         0.7537         0.0000
        14.4400        13.4621         4.3885        97.6243         0.7648         0.0000
        14.4800        13.3581         4.3104        97.2640         0.7306         0.0000
        14.5200        13.4390         4.3006        97.7592         0.8403         0.0000
        14.5600        13.3298         4.2711        97.6613         1.1681         0.0000
        14.6000        13.2230         4.2522        97.5238         1.4620         0.0000
        14.6400        13.2847         4.2035        97.0185         1.4005         0.0000
        14.6800        13.3526         4.1891        97.0711         1.5229         0.0000
        14.7200        13.5295         4.2883        97.1251         1.1844         0.0000
        14.7600        13.4755         4.1945        97.2705         1.3371         0.0000
        14.8000        13.3363         4.0559        97.2648         1.3922         0.0000
        14.8400        13.1964         4.0969        97.0497         1.4041         0.0000
        14.8800        12.9049         3.9463        96.8879         1.6417         0.0000
        14.9200        13.0679         4.0128        97.1059         1.7765         0.0000
        14.9600        12.9366         4.0404        97.2355         1.8403         0.0000
        15.0000        12.6875         3.9645        97.2386         1.8709         0.0000
        15.0400        12.5907         3.8957        97.4791         1.7453         0.0000
        15.0800        12.6157         3.9056        97.2703         2.0032         0.0000
        15.1200        12.7172         3.9926        96.8082         1.9517         0.0000
        15.1600        12.5965         3.9379        96.9117         1.7802         0.0000
        15.2000        12.5602         3.9407        96.5204         1.6518         0.0000
        15.2400        12.3831         3.9186        96.4383         1.0139         0.0000
        15.2800        12.4347         3.9303        96.5869         1.5164         0.0000
        15.3200        12.0934         3.7632        96.2208         1.5065         0.0000
        15.3600        12.0742         3.8028        96.5610         1.6417         0.0000
        15.4000        12.1447         3.8413        96.5487         1.8857         0.0000
        15.4400        12.0096         3.8373        96.1863         1.9306         0.0000
        15.4800        11.9381         3.7570        96.5240         2.1358         0.0000
        15.5200        12.0675         3.7585        96.4150         2.2463         0.0000
        15.5600        12.2012         3.8210        96.1222         2.5040         0.0000
        15.6000        12.1911         3.7909        96.1020         2.6067         0.0000
        15.6400        12.2890         3.8435        96.8106         2.4751         0.0000
        15.6800        12.3783         3.8230        96.6932         2.5648         0.0000
        15.7200        12.3963         3.8456        97.0038         2.4248         0.0000
        15.7600        12.3591         3.8148        97.0079         2.3571         0.0000
        15.8000        12.4467         3.9019        96.7583         2.1520         0.0000
        15.8400        12.6231         3.9751        96.7919         2.1602         0.0000
        15.8800        12.7811         4.0891        96.7033         1.7149         0.0000
        15.9200        12.7220         4.1006        97.1011         1.6190         0.0000
        15.9600        12.6988         4.0129        97.3651         1.9637         0.0000
        16.0000        12.6642         3.9317        97.4054         1.7937         0.0000
        16.0400        12.6618         3.9633        97.9205         2.3377         0.0000
        16.0800        12.6699         4.0304        98.1397         2.1584         0.0000
        16.1200        12.6032         4.1160        98.0293         1.9735         0.0000
        16.1600        12.6795         4.1334        97.7292         1.8319         0.0000
        16.2000        12.8233         4.1379        97.6380         2.0447         0.0000
        16.2400        12.8279         4.1028        97.2840         2.3728         0.0000
        16.2800        12.8519         4.1060        97.2391         2.5823         0.0000
        16.3200        12.8293         4.0864        97.0610         2.4801         0.0000
        16.3600        13.1145         4.1724        97.4263         2.5266         0.0000
        16.4000        13.1551         4.1266        96.8999         2.2675         0.0000
        16.4400        13.2566         4.1868        97.0607         2.2683         0.0000
        16.4800        13.4400         4.2358        96.8008         2.2582         0.0000
        16.5200        13.6025         4.3901        96.7196         2.4941         0.0000
        16.5600        13.7146         4.4923        96.4030         2.3882         0.0000
        16.6000        13.7760         4.4727        96.0466         2.2193         0.0000
        16.6400        13.9258         4.5955        96.6685         2.3419         0.0000
        16.6800        14.1347         4.6021        96.8404         2.2075         0.0000
        16.7200        14.0487         4.6478        97.2002         2.2514         0.0000
        16.7600        13.9894         4.6489        97.4623         2.1896         0.0000
        16.8000        13.9604         4.6268        97.6848         1.8723         0.0000
        16.8400        13.7976         4.5158        97.6061         1.5170         0.0000
        16.8800        13.8077         4.4953        97.3572         1.6321         0.0000
        16.9200        13.8850         4.5189        97.9508         1.1743         0.0000
        16.9600        13.9126         4.5122        98.1291         1.0415         0.0000
        17.0000        14.0247         4.5671        98.5454         1.2233         0.0000
        17.0400        14.1073         4.4773        99.1587         1.2979         0.0000
        17.0800        14.4261         4.5959        98.8495         1.3008         0.0000
        17.1200        14.7302         4.7826        98.7391         1.5264         0.0000
        17.1600        14.8884         4.7536        98.8166         1.3511         0.0000
        17.2000        14.9729         4.7166        98.8265         1.2009         0.0000
        17.2400        15.1788         4.8560        99.2768         0.9125         0.0000
        17.2800        15.5713         5.0864        99.4854         1.1161         0.0000
        17.3200        15.9073         5.0455        99.7528         1.2799         0.0000
        17.3600        16.0334         5.0227        99.8253         0.6937         0.0000
        17.4000        16.3413         5.1326        99.7187         0.6458         0.0000
        17.4400        16.4599         5.2513        99.9217         0.5283         0.0000
        17.4800        16.5929         5.2434       100.6320         0.5503         0.0000
        17.5200        16.7777         5.3145       100.9930         0.5269         0.0000
        17.5600        16.8092         5.3718       100.9325         0.5531         0.0000
        17.6000        16.8488         5.3525       101.7736         0.4816         0.0000
        17.6400        16.7866         5.4535       102.1685         0.4405         0.0000
        17.6800        16.8665         5.4314       101.9434         0.5522         0.0000
        17.7200        17.1265         5.5250       102.1788         0.4551         0.0000
        17.7600        17.1913         5.4517       101.7643         0.5162         0.0000
        17.8000        17.5422         5.5091       101.8358         0.6051         0.0000
        17.8400        17.7974         5.6349       101.6743         0.5898         0.0000
        17.8800        18.0034         5.6432       101.2626         0.6808         0.0000
        17.9200        18.0982         5.6195       101.1896         0.7437         0.0000
        17.9600        18.4345         5.7104       101.5811         0.4929         0.0000
        18.0000        18.5588         5.6577       102.7429         0.5452         0.0000
        18.0400        18.6246         5.7065       102.7696         0.5404         0.0000
        18.0800        18.9626         5.7876       102.9395         0.4947         0.0000
        18.1200        19.2074         5.7951       103.3188         0.4436         0.0000
        18.1600        19.4820         5.7354       103.1663         0.4744         0.0000
        18.2000        20.0771         5.8014       103.7340         0.4755         0.0000
        18.2400        20.2782         5.7387       103.9414         0.4339         0.0000
        18.2800        20.2218         5.6137       104.0864         0.4249         0.0000
        18.3200        20.6731         5.6797       104.8236         0.3669         0.0000
        18.3600        20.9438         5.6284       104.9935         0.3810         0.0000
        18.4000        21.1162         5.6422       106.0288         0.3571         0.0000
        18.4400        21.3291         5.7257       106.7981         0.3978         0.0000
        18.4800        21.6707         5.8172       107.7333         0.4417         0.0000
        18.5200        21.7933         5.7549       108.0593         0.5758         0.0000
        18.5600        22.1726         5.7740       108.5130         0.5207         0.0000
        18.6000        22.5859         5.8174       109.6138         0.4520         0.0000
        18.6400        22.9642         5.7939       110.3111         0.4911         0.0000
        18.6800        23.5482         5.7159       111.0883         0.5250         0.0000
        18.7200        24.1637         5.6752       111.4693         0.5093         0.0000
        18.7600        24.8260         5.7366       112.1104         0.6541         0.0000
        18.8000        25.2633         5.7204       112.5665         0.9246         0.0000
        18.8400        25.5022         5.5872       113.0751         0.8492         0.0000
        18.8800        25.9009         5.7131       113.3120         0.8732         0.0000
        18.9200        26.2326         5.6753       113.4794         0.7813         0.0000
        18.9600        27.0293         5.7891       114.0079         0.9019         0.0000
        19.0000        27.6279         5.8143       114.5149         1.3050         0.0000
        19.0400        27.8903         5.7597       115.0835         1.4437         0.0000
        19.0800        28.5566         5.6588       115.6299         1.1939         0.0000
        19.1200        29.0454         5.5727       116.1191         1.1149         0.0000
        19.1600        29.4537         5.6488       117.4554         1.2330         0.0000
        19.2000        29.7105         5.4795       117.6935         0.8617         0.0000
        19.2400        30.2288         5.5429       117.8826         0.6588         0.0000
        19.2800        30.7976         5.4438       118.7355         0.8769         0.0000
        19.3200        31.4945         5.4843       119.6301         0.8981         0.0000
        19.3600        31.9770         5.3956       120.3176         0.8636         0.0000
        19.4000        32.3610         5.2792       121.3478         0.8840         0.0000
        19.4400        32.8015         5.3448       122.3694         0.8830         0.0000
        19.4800        33.4510         5.5046       122.6877         1.1349         0.0000
        19.5200        33.8610         5.3181       123.7789         1.1354         0.0000
        19.5600        34.4465         5.2078       124.3550         0.9603         0.0000
        19.6000        34.8946         4.8296       125.5482         1.0682         0.0000
        19.6400        35.8245         4.6343       126.9261         1.1543         0.0000
        19.6800        36.4950         4.2344       127.5559         0.8568         0.0000
        19.7200        37.2261         4.0042       129.1243         0.9515         0.0000
        19.7600        38.1942         3.7628       130.1493         1.0711         0.0000
        19.8000        39.1116         3.5723       131.4294         1.1335         0.0000
        19.8400        39.9772         3.2365       131.8296         1.6234         0.0000
        19.8800        40.7686         2.8907       132.9361         1.6925         0.0000
        19.9200        41.2230         2.6276       133.3041         2.3116         0.0000
        19.9600        39.4213         2.4179       125.2314         1.9800         0.0000
        20.0000        29.5298         1.6402        93.8058         1.5344         0.0000
