   8.0000000E-002   0.0000000E+000   0.0000000E+000   0.0000000E+000   0.0000000E+000   0.0000000E+000
   1.2000000E-001   0.0000000E+000   0.0000000E+000   0.0000000E+000   0.0000000E+000   0.0000000E+000
   1.6000000E-001   0.0000000E+000   0.0000000E+000   0.0000000E+000   0.0000000E+000   0.0000000E+000
   2.0000000E-001   0.0000000E+000   0.0000000E+000   0.0000000E+000   0.0000000E+000   0.0000000E+000
   2.4000000E-001   0.0000000E+000   0.0000000E+000   0.0000000E+000   0.0000000E+000   0.0000000E+000
   2.8000000E-001   0.0000000E+000   0.0000000E+000   0.0000000E+000   0.0000000E+000   0.0000000E+000
   3.2000000E-001   0.0000000E+000   0.0000000E+000   0.0000000E+000   0.0000000E+000   0.0000000E+000
   3.6000000E-001   0.0000000E+000   0.0000000E+000   0.0000000E+000   0.0000000E+000   0.0000000E+000
   4.0000000E-001   0.0000000E+000   0.0000000E+000   0.0000000E+000   0.0000000E+000   0.0000000E+000
   4.4000000E-001   0.0000000E+000   0.0000000E+000   0.0000000E+000   0.0000000E+000   0.0000000E+000
   4.8000000E-001   0.0000000E+000   0.0000000E+000   0.0000000E+000   0.0000000E+000   0.0000000E+000
   5.2000000E-001   0.0000000E+000   0.0000000E+000   0.0000000E+000   0.0000000E+000   0.0000000E+000
   5.6000000E-001   0.0000000E+000   0.0000000E+000   0.0000000E+000   0.0000000E+000   0.0000000E+000
   6.0000000E-001   0.0000000E+000   0.0000000E+000   0.0000000E+000   0.0000000E+000   0.0000000E+000
   6.4000000E-001   0.0000000E+000   0.0000000E+000   0.0000000E+000   0.0000000E+000   0.0000000E+000
   6.8000000E-001   0.0000000E+000   0.0000000E+000   0.0000000E+000   0.0000000E+000   0.0000000E+000
   7.2000000E-001   0.0000000E+000   0.0000000E+000   0.0000000E+000   0.0000000E+000   0.0000000E+000
   7.6000000E-001   0.0000000E+000   0.0000000E+000   0.0000000E+000   0.0000000E+000   0.0000000E+000
   8.0000000E-001   0.0000000E+000   0.0000000E+000   0.0000000E+000   0.0000000E+000   0.0000000E+000
   8.4000000E-001   0.0000000E+000   0.0000000E+000   0.0000000E+000   0.0000000E+000   0.0000000E+000
   8.8000000E-001   0.0000000E+000   0.0000000E+000   0.0000000E+000   0.0000000E+000   0.0000000E+000
   9.2000000E-001   0.0000000E+000   0.0000000E+000   0.0000000E+000   0.0000000E+000   0.0000000E+000
   9.6000000E-001   0.0000000E+000   0.0000000E+000   0.0000000E+000   0.0000000E+000   0.0000000E+000
   1.0000000E+000   0.0000000E+000   0.0000000E+000   0.0000000E+000   0.0000000E+000   0.0000000E+000
   1.0400000E+000   0.0000000E+000   0.0000000E+000   0.0000000E+000   0.0000000E+000   0.0000000E+000
   1.0800000E+000   0.0000000E+000   0.0000000E+000   0.0000000E+000   0.0000000E+000   0.0000000E+000
   1.1200000E+000   0.0000000E+000   0.0000000E+000   0.0000000E+000   0.0000000E+000   0.0000000E+000
   1.1600000E+000   0.0000000E+000   0.0000000E+000   0.0000000E+000   0.0000000E+000   0.0000000E+000
   1.2000000E+000   0.0000000E+000   0.0000000E+000   0.0000000E+000   0.0000000E+000   0.0000000E+000
   1.2400000E+000   0.0000000E+000   0.0000000E+000   0.0000000E+000   0.0000000E+000   0.0000000E+000
   1.2800000E+000   0.0000000E+000   0.0000000E+000   0.0000000E+000   0.0000000E+000   0.0000000E+000
   1.3200000E+000   0.0000000E+000   0.0000000E+000   0.0000000E+000   0.0000000E+000   0.0000000E+000
   1.3600000E+000   0.0000000E+000   0.0000000E+000   0.0000000E+000   0.0000000E+000   0.0000000E+000
   1.4000000E+000   0.0000000E+000   0.0000000E+000   0.0000000E+000   0.0000000E+000   0.0000000E+000
   1.4400000E+000   0.0000000E+000   0.0000000E+000   0.0000000E+000   0.0000000E+000   0.0000000E+000
   1.4800000E+000   0.0000000E+000   0.0000000E+000   0.0000000E+000   0.0000000E+000   0.0000000E+000
   1.5200000E+000   0.0000000E+000   0.0000000E+000   0.0000000E+000   0.0000000E+000   0.0000000E+000
   1.5600000E+000   0.0000000E+000   0.0000000E+000   0.0000000E+000   0.0000000E+000   0.0000000E+000
   1.6000000E+000   0.0000000E+000   0.0000000E+000   0.0000000E+000   0.0000000E+000   0.0000000E+000
   1.6400000E+000   0.0000000E+000   0.0000000E+000   0.0000000E+000   0.0000000E+000   0.0000000E+000
   1.6800000E+000   0.0000000E+000   0.0000000E+000   0.0000000E+000   0.0000000E+000   0.0000000E+000
   1.7200000E+000   0.0000000E+000   0.0000000E+000   0.0000000E+000   0.0000000E+000   0.0000000E+000
   1.7600000E+000   0.0000000E+000   0.0000000E+000   0.0000000E+000   0.0000000E+000   0.0000000E+000
   1.8000000E+000   0.0000000E+000   0.0000000E+000   0.0000000E+000   0.0000000E+000   0.0000000E+000
   1.8400000E+000   0.0000000E+000   0.0000000E+000   0.0000000E+000   0.0000000E+000   0.0000000E+000
   1.8800000E+000   0.0000000E+000   0.0000000E+000   0.0000000E+000   0.0000000E+000   0.0000000E+000
   1.9200000E+000   0.0000000E+000   0.0000000E+000   0.0000000E+000   0.0000000E+000   0.0000000E+000
   1.9600000E+000   0.0000000E+000   0.0000000E+000   0.0000000E+000   0.0000000E+000   0.0000000E+000
   2.0000000E+000   0.0000000E+000   0.0000000E+000   0.0000000E+000   0.0000000E+000   0.0000000E+000
   2.0400000E+000   0.0000000E+000   0.0000000E+000   0.0000000E+000   0.0000000E+000   0.0000000E+000
   2.0800000E+000   0.0000000E+000   0.0000000E+000   0.0000000E+000   0.0000000E+000   0.0000000E+000
   2.1200000E+000   0.0000000E+000   0.0000000E+000   0.0000000E+000   0.0000000E+000   0.0000000E+000
   2.1600000E+000   0.0000000E+000   0.0000000E+000   0.0000000E+000   0.0000000E+000   0.0000000E+000
   2.2000000E+000   0.0000000E+000   0.0000000E+000   0.0000000E+000   0.0000000E+000   0.0000000E+000
   2.2400000E+000   0.0000000E+000   0.0000000E+000   0.0000000E+000   0.0000000E+000   0.0000000E+000
   2.2800000E+000   0.0000000E+000   0.0000000E+000   0.0000000E+000   0.0000000E+000   0.0000000E+000
   2.3200000E+000   0.0000000E+000   0.0000000E+000   0.0000000E+000   0.0000000E+000   0.0000000E+000
   2.3600000E+000   0.0000000E+000   0.0000000E+000   0.0000000E+000   0.0000000E+000   0.0000000E+000
   2.4000000E+000   0.0000000E+000   0.0000000E+000   0.0000000E+000   0.0000000E+000   0.0000000E+000
   2.4400000E+000   0.0000000E+000   0.0000000E+000   0.0000000E+000   0.0000000E+000   0.0000000E+000
   2.4800000E+000   0.0000000E+000   0.0000000E+000   0.0000000E+000   0.0000000E+000   0.0000000E+000
   2.5200000E+000   0.0000000E+000   0.0000000E+000   0.0000000E+000   0.0000000E+000   0.0000000E+000
   2.5600000E+000   0.0000000E+000   0.0000000E+000   0.0000000E+000   0.0000000E+000   0.0000000E+000
   2.6000000E+000   0.0000000E+000   0.0000000E+000   0.0000000E+000   0.0000000E+000   0.0000000E+000
   2.6400000E+000   0.0000000E+000   0.0000000E+000   0.0000000E+000   0.0000000E+000   0.0000000E+000
   2.6800000E+000   0.0000000E+000   0.0000000E+000   0.0000000E+000   0.0000000E+000   0.0000000E+000
   2.7200000E+000   0.0000000E+000   0.0000000E+000   0.0000000E+000   0.0000000E+000   0.0000000E+000
   2.7600000E+000   0.0000000E+000   0.0000000E+000   0.0000000E+000   0.0000000E+000   0.0000000E+000
   2.8000000E+000   0.0000000E+000   0.0000000E+000   0.0000000E+000   0.0000000E+000   0.0000000E+000
   2.8400000E+000   0.0000000E+000   0.0000000E+000   0.0000000E+000   0.0000000E+000   0.0000000E+000
   2.8800000E+000   0.0000000E+000   0.0000000E+000   0.0000000E+000   0.0000000E+000   0.0000000E+000
   2.9200000E+000   0.0000000E+000   0.0000000E+000   0.0000000E+000   0.0000000E+000   0.0000000E+000
   2.9600000E+000   0.0000000E+000   0.0000000E+000   0.0000000E+000   0.0000000E+000   0.0000000E+000
   3.0000000E+000   0.0000000E+000   0.0000000E+000   0.0000000E+000   0.0000000E+000   0.0000000E+000
   3.0400000E+000   0.0000000E+000   0.0000000E+000   0.0000000E+000   0.0000000E+000   0.0000000E+000
   3.0800000E+000   0.0000000E+000   0.0000000E+000   0.0000000E+000   0.0000000E+000   0.0000000E+000
   3.1200000E+000   0.0000000E+000   0.0000000E+000   0.0000000E+000   0.0000000E+000   0.0000000E+000
   3.1600000E+000   0.0000000E+000   0.0000000E+000   0.0000000E+000   0.0000000E+000   0.0000000E+000
   3.2000000E+000   0.0000000E+000   0.0000000E+000   0.0000000E+000   0.0000000E+000   0.0000000E+000
   3.2400000E+000   0.0000000E+000   0.0000000E+000   0.0000000E+000   0.0000000E+000   0.0000000E+000
   3.2800000E+000   0.0000000E+000   0.0000000E+000   0.0000000E+000   0.0000000E+000   0.0000000E+000
   3.3200000E+000   0.0000000E+000   0.0000000E+000   0.0000000E+000   0.0000000E+000   0.0000000E+000
   3.3600000E+000   0.0000000E+000   0.0000000E+000   0.0000000E+000   0.0000000E+000   0.0000000E+000
   3.4000000E+000   0.0000000E+000   0.0000000E+000   0.0000000E+000   0.0000000E+000   0.0000000E+000
   3.4400000E+000   0.0000000E+000   0.0000000E+000   0.0000000E+000   0.0000000E+000   0.0000000E+000
   3.4800000E+000   0.0000000E+000   0.0000000E+000   0.0000000E+000   0.0000000E+000   0.0000000E+000
   3.5200000E+000   0.0000000E+000   0.0000000E+000   0.0000000E+000   0.0000000E+000   0.0000000E+000
   3.5600000E+000   0.0000000E+000   0.0000000E+000   0.0000000E+000   0.0000000E+000   0.0000000E+000
   3.6000000E+000   0.0000000E+000   0.0000000E+000   0.0000000E+000   0.0000000E+000   0.0000000E+000
   3.6400000E+000   0.0000000E+000   0.0000000E+000   0.0000000E+000   0.0000000E+000   0.0000000E+000
   3.6800000E+000   0.0000000E+000   0.0000000E+000   0.0000000E+000   0.0000000E+000   0.0000000E+000
   3.7200000E+000   0.0000000E+000   0.0000000E+000   0.0000000E+000   0.0000000E+000   0.0000000E+000
   3.7600000E+000   0.0000000E+000   0.0000000E+000   0.0000000E+000   0.0000000E+000   0.0000000E+000
   3.8000000E+000   0.0000000E+000   0.0000000E+000   0.0000000E+000   0.0000000E+000   0.0000000E+000
   3.8400000E+000   0.0000000E+000   0.0000000E+000   0.0000000E+000   0.0000000E+000   0.0000000E+000
   3.8800000E+000   0.0000000E+000   0.0000000E+000   0.0000000E+000   0.0000000E+000   0.0000000E+000
   3.9200000E+000   0.0000000E+000   0.0000000E+000   0.0000000E+000   0.0000000E+000   0.0000000E+000
   3.9600000E+000   0.0000000E+000   0.0000000E+000   0.0000000E+000   0.0000000E+000   0.0000000E+000
   4.0000000E+000   0.0000000E+000   0.0000000E+000   0.0000000E+000   0.0000000E+000   0.0000000E+000
   4.0400000E+000   0.0000000E+000   0.0000000E+000   0.0000000E+000   0.0000000E+000   0.0000000E+000
   4.0800000E+000   0.0000000E+000   0.0000000E+000   0.0000000E+000   0.0000000E+000   0.0000000E+000
   4.1200000E+000   0.0000000E+000   0.0000000E+000   0.0000000E+000   0.0000000E+000   0.0000000E+000
   4.1600000E+000   0.0000000E+000   0.0000000E+000   0.0000000E+000   0.0000000E+000   0.0000000E+000
   4.2000000E+000   0.0000000E+000   0.0000000E+000   0.0000000E+000   0.0000000E+000   0.0000000E+000
   4.2400000E+000   0.0000000E+000   0.0000000E+000   0.0000000E+000   0.0000000E+000   0.0000000E+000
   4.2800000E+000   0.0000000E+000   0.0000000E+000   0.0000000E+000   0.0000000E+000   0.0000000E+000
   4.3200000E+000   0.0000000E+000   0.0000000E+000   0.0000000E+000   0.0000000E+000   0.0000000E+000
   4.3600000E+000   0.0000000E+000   0.0000000E+000   0.0000000E+000   0.0000000E+000   0.0000000E+000
   4.4000000E+000   0.0000000E+000   0.0000000E+000   0.0000000E+000   0.0000000E+000   0.0000000E+000
   4.4400000E+000   0.0000000E+000   0.0000000E+000   0.0000000E+000   0.0000000E+000   0.0000000E+000
   4.4800000E+000   0.0000000E+000   0.0000000E+000   0.0000000E+000   0.0000000E+000   0.0000000E+000
   4.5200000E+000   0.0000000E+000   0.0000000E+000   0.0000000E+000   0.0000000E+000   0.0000000E+000
   4.5600000E+000   0.0000000E+000   0.0000000E+000   0.0000000E+000   0.0000000E+000   0.0000000E+000
   4.6000000E+000   0.0000000E+000   0.0000000E+000   0.0000000E+000   0.0000000E+000   0.0000000E+000
   4.6400000E+000   0.0000000E+000   0.0000000E+000   0.0000000E+000   0.0000000E+000   0.0000000E+000
   4.6800000E+000   0.0000000E+000   0.0000000E+000   0.0000000E+000   0.0000000E+000   0.0000000E+000
   4.7200000E+000   0.0000000E+000   0.0000000E+000   0.0000000E+000   0.0000000E+000   0.0000000E+000
   4.7600000E+000   0.0000000E+000   0.0000000E+000   0.0000000E+000   0.0000000E+000   0.0000000E+000
   4.8000000E+000   0.0000000E+000   0.0000000E+000   0.0000000E+000   0.0000000E+000   0.0000000E+000
   4.8400000E+000   0.0000000E+000   0.0000000E+000   0.0000000E+000   0.0000000E+000   0.0000000E+000
   4.8800000E+000   0.0000000E+000   0.0000000E+000   0.0000000E+000   0.0000000E+000   0.0000000E+000
   4.9200000E+000   0.0000000E+000   0.0000000E+000   0.0000000E+000   0.0000000E+000   0.0000000E+000
   4.9600000E+000   0.0000000E+000   0.0000000E+000   0.0000000E+000   0.0000000E+000   0.0000000E+000
   5.0000000E+000   0.0000000E+000   0.0000000E+000   0.0000000E+000   0.0000000E+000   0.0000000E+000
   5.0400000E+000   0.0000000E+000   0.0000000E+000   0.0000000E+000   0.0000000E+000   0.0000000E+000
   5.0800000E+000   0.0000000E+000   0.0000000E+000   0.0000000E+000   0.0000000E+000   0.0000000E+000
   5.1200000E+000   0.0000000E+000   0.0000000E+000   0.0000000E+000   0.0000000E+000   0.0000000E+000
   5.1600000E+000   0.0000000E+000   0.0000000E+000   0.0000000E+000   0.0000000E+000   0.0000000E+000
   5.2000000E+000   0.0000000E+000   0.0000000E+000   0.0000000E+000   0.0000000E+000   0.0000000E+000
   5.2400000E+000   0.0000000E+000   0.0000000E+000   0.0000000E+000   0.0000000E+000   0.0000000E+000
   5.2800000E+000   0.0000000E+000   0.0000000E+000   0.0000000E+000   0.0000000E+000   0.0000000E+000
   5.3200000E+000   0.0000000E+000   0.0000000E+000   0.0000000E+000   0.0000000E+000   0.0000000E+000
   5.3600000E+000   0.0000000E+000   0.0000000E+000   0.0000000E+000   0.0000000E+000   0.0000000E+000
   5.4000000E+000   0.0000000E+000   0.0000000E+000   0.0000000E+000   0.0000000E+000   0.0000000E+000
   5.4400000E+000   0.0000000E+000   0.0000000E+000   0.0000000E+000   0.0000000E+000   0.0000000E+000
   5.4800000E+000   0.0000000E+000   0.0000000E+000   0.0000000E+000   0.0000000E+000   3.4909096E-276
   5.5200000E+000   0.0000000E+000   0.0000000E+000   0.0000000E+000   0.0000000E+000   3.2046018E-180
   5.5600000E+000   0.0000000E+000   0.0000000E+000   0.0000000E+000   0.0000000E+000   1.2665885E-116
   5.6000000E+000   0.0000000E+000   0.0000000E+000   0.0000000E+000   0.0000000E+000   9.9035930E-075
   5.6400000E+000   0.0000000E+000   0.0000000E+000   0.0000000E+000   0.0000000E+000   2.5882517E-047
   5.6800000E+000   0.0000000E+000   0.0000000E+000   0.0000000E+000   0.0000000E+000   1.6906510E-029
   5.7200000E+000   0.0000000E+000   0.0000000E+000   0.0000000E+000   0.0000000E+000   5.1240323E-018
   5.7600000E+000   0.0000000E+000   0.0000000E+000   0.0000000E+000   0.0000000E+000   1.0906345E-010
   5.8000000E+000   0.0000000E+000   0.0000000E+000   0.0000000E+000   0.0000000E+000   4.5484066E-006
   5.8400000E+000   0.0000000E+000   0.0000000E+000   0.0000000E+000   0.0000000E+000   3.3351645E-003
   5.8800000E+000   0.0000000E+000   0.0000000E+000   0.0000000E+000   0.0000000E+000   1.8107257E-001
   5.9200000E+000   0.0000000E+000   0.0000000E+000   0.0000000E+000   0.0000000E+000   1.8561938E+000
   5.9600000E+000   0.0000000E+000   0.0000000E+000   0.0000000E+000   0.0000000E+000   6.5831787E+000
   6.0000000E+000   0.0000000E+000   0.0000000E+000   0.0000000E+000   0.0000000E+000   1.1920447E+001
   6.0400000E+000   0.0000000E+000   0.0000000E+000   0.0000000E+000   0.0000000E+000   1.4126571E+001
   6.0800000E+000   0.0000000E+000   0.0000000E+000   0.0000000E+000   0.0000000E+000   1.2822827E+001
   6.1200000E+000   0.0000000E+000   0.0000000E+000   0.0000000E+000   0.0000000E+000   9.8418731E+000
   6.1600000E+000   0.0000000E+000   0.0000000E+000   0.0000000E+000   0.0000000E+000   6.7934806E+000
   6.2000000E+000   0.0000000E+000   0.0000000E+000   0.0000000E+000   0.0000000E+000   4.3809603E+000
   6.2400000E+000   0.0000000E+000   0.0000000E+000   0.0000000E+000   0.0000000E+000   2.7016194E+000
   6.2800000E+000   0.0000000E+000   0.0000000E+000   0.0000000E+000   0.0000000E+000   1.6157218E+000
   6.3200000E+000   0.0000000E+000   0.0000000E+000   0.0000000E+000   0.0000000E+000   9.4499189E-001
   6.3600000E+000   0.0000000E+000   0.0000000E+000   0.0000000E+000   0.0000000E+000   5.4314821E-001
   6.4000000E+000   0.0000000E+000   0.0000000E+000   0.0000000E+000   0.0000000E+000   3.0762324E-001
   6.4400000E+000   0.0000000E+000   0.0000000E+000   0.0000000E+000   0.0000000E+000   1.7192917E-001
   6.4800000E+000   0.0000000E+000   0.0000000E+000   0.0000000E+000   0.0000000E+000   9.4883073E-002
   6.5200000E+000   0.0000000E+000   0.0000000E+000   0.0000000E+000   0.0000000E+000   5.1714260E-002
   6.5600000E+000   0.0000000E+000   0.0000000E+000   0.0000000E+000   0.0000000E+000   2.7833153E-002
   6.6000000E+000   0.0000000E+000   0.0000000E+000   0.0000000E+000   0.0000000E+000   1.4788181E-002
   6.6400000E+000   0.0000000E+000   0.0000000E+000   0.0000000E+000   0.0000000E+000   7.7532883E-003
   6.6800000E+000   0.0000000E+000   0.0000000E+000   0.0000000E+000   0.0000000E+000   4.0092071E-003
   6.7200000E+000   0.0000000E+000   0.0000000E+000   0.0000000E+000   0.0000000E+000   2.0435589E-003
   6.7600000E+000   0.0000000E+000   0.0000000E+000   0.0000000E+000   0.0000000E+000   1.0261309E-003
   6.8000000E+000   0.0000000E+000   0.0000000E+000   0.0000000E+000   0.0000000E+000   5.0724019E-004
   6.8400000E+000   0.0000000E+000   0.0000000E+000   0.0000000E+000   0.0000000E+000   2.4666392E-004
   6.8800000E+000   0.0000000E+000   0.0000000E+000   0.0000000E+000   0.0000000E+000   1.1790733E-004
   6.9200000E+000   0.0000000E+000   0.0000000E+000   0.0000000E+000   0.0000000E+000   5.5354891E-005
   6.9600000E+000   0.0000000E+000   0.0000000E+000   0.0000000E+000   0.0000000E+000   2.5501191E-005
   7.0000000E+000   0.0000000E+000   0.0000000E+000   0.0000000E+000   0.0000000E+000   1.1516837E-005
   7.0400000E+000   0.0000000E+000   0.0000000E+000   0.0000000E+000   0.0000000E+000   5.0935427E-006
   7.0800000E+000   0.0000000E+000   0.0000000E+000   0.0000000E+000   0.0000000E+000   2.2035833E-006
   7.1200000E+000   0.0000000E+000   0.0000000E+000   0.0000000E+000   0.0000000E+000   9.3138583E-007
   7.1600000E+000   0.0000000E+000   0.0000000E+000   0.0000000E+000   0.0000000E+000   3.8409852E-007
   7.2000000E+000   0.0000000E+000   0.0000000E+000   0.0000000E+000   0.0000000E+000   1.5432621E-007
   7.2400000E+000   0.0000000E+000   0.0000000E+000   0.0000000E+000   0.0000000E+000   6.0316326E-008
   7.2800000E+000   0.0000000E+000   0.0000000E+000   0.0000000E+000   0.0000000E+000   2.2891690E-008
   7.3200000E+000   0.0000000E+000   0.0000000E+000   0.0000000E+000   0.0000000E+000   8.4206517E-009
   7.3600000E+000   0.0000000E+000   0.0000000E+000   0.0000000E+000   0.0000000E+000   2.9959405E-009
   7.4000000E+000   0.0000000E+000   0.0000000E+000   0.0000000E+000   0.0000000E+000   1.0285877E-009
   7.4400000E+000   0.0000000E+000   0.0000000E+000   0.0000000E+000   0.0000000E+000   3.3991020E-010
   7.4800000E+000   0.0000000E+000   0.0000000E+000   0.0000000E+000   0.0000000E+000   1.0781341E-010
   7.5200000E+000   0.0000000E+000   0.0000000E+000   0.0000000E+000   0.0000000E+000   3.2718718E-011
   7.5600000E+000   0.0000000E+000   0.0000000E+000   0.0000000E+000   0.0000000E+000   9.4667150E-012
   7.6000000E+000   0.0000000E+000   0.0000000E+000   0.0000000E+000   0.0000000E+000   2.6010842E-012
   7.6400000E+000   0.0000000E+000   0.0000000E+000   0.0000000E+000   0.0000000E+000   6.7562972E-013
   7.6800000E+000   0.0000000E+000   0.0000000E+000   0.0000000E+000   0.0000000E+000   1.6506042E-013
   7.7200000E+000   0.0000000E+000   0.0000000E+000   0.0000000E+000   0.0000000E+000   3.7706861E-014
   7.7600000E+000   0.0000000E+000   0.0000000E+000   0.0000000E+000   0.0000000E+000   8.0006199E-015
   7.8000000E+000   0.0000000E+000   0.0000000E+000   0.0000000E+000   0.0000000E+000   1.5644953E-015
   7.8400000E+000   0.0000000E+000   0.0000000E+000   0.0000000E+000   0.0000000E+000   2.7940244E-016
   7.8800000E+000   0.0000000E+000   0.0000000E+000   0.0000000E+000   0.0000000E+000   4.5087168E-017
   7.9200000E+000   0.0000000E+000   0.0000000E+000   0.0000000E+000   0.0000000E+000   6.4913246E-018
   7.9600000E+000   0.0000000E+000   0.0000000E+000   0.0000000E+000   0.0000000E+000   8.2121856E-019
   8.0000000E+000   0.0000000E+000   0.0000000E+000   0.0000000E+000   0.0000000E+000   8.9618467E-020
   8.0400000E+000   0.0000000E+000   0.0000000E+000   0.0000000E+000   0.0000000E+000   8.2463372E-021
   8.0800000E+000   0.0000000E+000   0.0000000E+000   0.0000000E+000   0.0000000E+000   6.2184728E-022
   8.1200000E+000   0.0000000E+000   0.0000000E+000   0.0000000E+000   0.0000000E+000   3.7061156E-023
   8.1600000E+000   0.0000000E+000   0.0000000E+000   0.0000000E+000   0.0000000E+000   1.6652615E-024
   8.2000000E+000   0.0000000E+000   0.0000000E+000   0.0000000E+000   0.0000000E+000   5.2970904E-026
   8.2400000E+000   0.0000000E+000   0.0000000E+000   0.0000000E+000   0.0000000E+000   1.0938301E-027
   8.2800000E+000   0.0000000E+000   0.0000000E+000   0.0000000E+000   0.0000000E+000   1.2952832E-029
   8.3200000E+000   0.0000000E+000   0.0000000E+000   0.0000000E+000   0.0000000E+000   7.2995159E-032
   8.3600000E+000   0.0000000E+000   0.0000000E+000   0.0000000E+000   0.0000000E+000   1.4509038E-034
   8.4000000E+000   0.0000000E+000   0.0000000E+000   0.0000000E+000   0.0000000E+000   6.0001217E-038
   8.4400000E+000   0.0000000E+000   0.0000000E+000   0.0000000E+000   0.0000000E+000   1.7708874E-042
   8.4800000E+000   0.0000000E+000   0.0000000E+000   0.0000000E+000   0.0000000E+000   2.3489822E-049
   8.5200000E+000   0.0000000E+000   0.0000000E+000   0.0000000E+000   0.0000000E+000   3.8029518E-064
   8.5600000E+000   0.0000000E+000   0.0000000E+000   0.0000000E+000   0.0000000E+000  -3.8029518E-064
   8.6000000E+000   0.0000000E+000   0.0000000E+000   0.0000000E+000   0.0000000E+000  -2.3489822E-049
   8.6400000E+000   0.0000000E+000   0.0000000E+000   0.0000000E+000   0.0000000E+000  -1.7708874E-042
   8.6800000E+000   0.0000000E+000   0.0000000E+000   0.0000000E+000   0.0000000E+000  -6.0001217E-038
   8.7200000E+000   0.0000000E+000   0.0000000E+000   0.0000000E+000   0.0000000E+000  -1.4509038E-034
   8.7600000E+000   0.0000000E+000   0.0000000E+000   0.0000000E+000   0.0000000E+000  -7.2995159E-032
   8.8000000E+000   0.0000000E+000   0.0000000E+000   0.0000000E+000   0.0000000E+000  -1.2952832E-029
   8.8400000E+000   0.0000000E+000   0.0000000E+000   0.0000000E+000   0.0000000E+000  -1.0938301E-027
   8.8800000E+000   0.0000000E+000   0.0000000E+000   0.0000000E+000   0.0000000E+000  -5.2970904E-026
   8.9200000E+000   0.0000000E+000   0.0000000E+000   0.0000000E+000   0.0000000E+000  -1.6652615E-024
   8.9600000E+000   0.0000000E+000   0.0000000E+000   0.0000000E+000   0.0000000E+000  -3.7061156E-023
   9.0000000E+000   0.0000000E+000   0.0000000E+000   0.0000000E+000   0.0000000E+000  -6.2184728E-022
   9.0400000E+000   0.0000000E+000   0.0000000E+000   0.0000000E+000   0.0000000E+000  -8.2463372E-021
   9.0800000E+000   0.0000000E+000   0.0000000E+000   0.0000000E+000   0.0000000E+000  -8.9618467E-020
   9.1200000E+000   0.0000000E+000   0.0000000E+000   0.0000000E+000   0.0000000E+000  -8.2121856E-019
   9.1600000E+000   0.0000000E+000   0.0000000E+000   0.0000000E+000   0.0000000E+000  -6.4913246E-018
   9.2000000E+000   0.0000000E+000   0.0000000E+000   0.0000000E+000   0.0000000E+000  -4.5087168E-017
   9.2400000E+000   0.0000000E+000   0.0000000E+000   0.0000000E+000   0.0000000E+000  -2.7940244E-016
   9.2800000E+000   0.0000000E+000   0.0000000E+000   0.0000000E+000   0.0000000E+000  -1.5644953E-015
   9.3200000E+000   0.0000000E+000   0.0000000E+000   0.0000000E+000   0.0000000E+000  -8.0006199E-015
   9.3600000E+000   0.0000000E+000   0.0000000E+000   0.0000000E+000   0.0000000E+000  -3.7706861E-014
   9.4000000E+000   0.0000000E+000   0.0000000E+000   0.0000000E+000   0.0000000E+000  -1.6506042E-013
   9.4400000E+000   0.0000000E+000   0.0000000E+000   0.0000000E+000   0.0000000E+000  -6.7562972E-013
   9.4800000E+000   0.0000000E+000   0.0000000E+000   0.0000000E+000   0.0000000E+000  -2.6010842E-012
   9.5200000E+000   0.0000000E+000   0.0000000E+000   0.0000000E+000   0.0000000E+000  -9.4667150E-012
   9.5600000E+000   0.0000000E+000   0.0000000E+000   0.0000000E+000   0.0000000E+000  -3.2718718E-011
   9.6000000E+000   0.0000000E+000   0.0000000E+000   0.0000000E+000   0.0000000E+000  -1.0781341E-010
   9.6400000E+000   0.0000000E+000   0.0000000E+000   0.0000000E+000   0.0000000E+000  -3.3991020E-010
   9.6800000E+000   0.0000000E+000   0.0000000E+000   0.0000000E+000   0.0000000E+000  -1.0285877E-009
   9.7200000E+000   0.0000000E+000   0.0000000E+000   0.0000000E+000   0.0000000E+000  -2.9959405E-009
   9.7600000E+000   0.0000000E+000   0.0000000E+000   0.0000000E+000   0.0000000E+000  -8.4206517E-009
   9.8000000E+000   0.0000000E+000   0.0000000E+000   0.0000000E+000   0.0000000E+000  -2.2891690E-008
   9.8400000E+000   0.0000000E+000   0.0000000E+000   0.0000000E+000   0.0000000E+000  -6.0316326E-008
   9.8800000E+000   0.0000000E+000   0.0000000E+000   0.0000000E+000   0.0000000E+000  -1.5432621E-007
   9.9200000E+000   0.0000000E+000   0.0000000E+000   0.0000000E+000   0.0000000E+000  -3.8409852E-007
   9.9600000E+000   0.0000000E+000   0.0000000E+000   0.0000000E+000   0.0000000E+000  -9.3138583E-007
   1.0000000E+001   0.0000000E+000   0.0000000E+000   0.0000000E+000   0.0000000E+000  -2.2035833E-006
   1.0040000E+001   0.0000000E+000   0.0000000E+000   0.0000000E+000   0.0000000E+000  -5.0935427E-006
   1.0080000E+001   0.0000000E+000   0.0000000E+000   0.0000000E+000   0.0000000E+000  -1.1516837E-005
   1.0120000E+001   0.0000000E+000   0.0000000E+000   0.0000000E+000   0.0000000E+000  -2.5501191E-005
   1.0160000E+001   0.0000000E+000   0.0000000E+000   0.0000000E+000   0.0000000E+000  -5.5354891E-005
   1.0200000E+001   0.0000000E+000   0.0000000E+000   0.0000000E+000   0.0000000E+000  -1.1790733E-004
   1.0240000E+001   0.0000000E+000   0.0000000E+000   0.0000000E+000   0.0000000E+000  -2.4666392E-004
   1.0280000E+001   0.0000000E+000   0.0000000E+000   0.0000000E+000   0.0000000E+000  -5.0724019E-004
   1.0320000E+001   0.0000000E+000   0.0000000E+000   0.0000000E+000   0.0000000E+000  -1.0261309E-003
   1.0360000E+001   0.0000000E+000   0.0000000E+000   0.0000000E+000   0.0000000E+000  -2.0435589E-003
   1.0400000E+001   0.0000000E+000   0.0000000E+000   0.0000000E+000   0.0000000E+000  -4.0092071E-003
   1.0440000E+001   0.0000000E+000   0.0000000E+000   0.0000000E+000   0.0000000E+000  -7.7532883E-003
   1.0480000E+001   0.0000000E+000   0.0000000E+000   0.0000000E+000   0.0000000E+000  -1.4788181E-002
   1.0520000E+001   0.0000000E+000   0.0000000E+000   0.0000000E+000   0.0000000E+000  -2.7833153E-002
   1.0560000E+001   0.0000000E+000   0.0000000E+000   0.0000000E+000   0.0000000E+000  -5.1714260E-002
   1.0600000E+001   0.0000000E+000   0.0000000E+000   0.0000000E+000   0.0000000E+000  -9.4883073E-002
   1.0640000E+001   0.0000000E+000   0.0000000E+000   0.0000000E+000   0.0000000E+000  -1.7192917E-001
   1.0680000E+001   0.0000000E+000   0.0000000E+000   0.0000000E+000   0.0000000E+000  -3.0762324E-001
   1.0720000E+001   0.0000000E+000   0.0000000E+000   0.0000000E+000   0.0000000E+000  -5.4314821E-001
   1.0760000E+001   0.0000000E+000   0.0000000E+000   0.0000000E+000   0.0000000E+000  -9.4499189E-001
   1.0800000E+001   0.0000000E+000   0.0000000E+000   0.0000000E+000   0.0000000E+000  -1.6157218E+000
   1.0840000E+001   0.0000000E+000   0.0000000E+000   0.0000000E+000   0.0000000E+000  -2.7016194E+000
   1.0880000E+001   0.0000000E+000   0.0000000E+000   0.0000000E+000   0.0000000E+000  -4.3809603E+000
   1.0920000E+001   0.0000000E+000   0.0000000E+000   0.0000000E+000   0.0000000E+000  -6.7934806E+000
   1.0960000E+001   0.0000000E+000   0.0000000E+000   0.0000000E+000   0.0000000E+000  -9.8418731E+000
   1.1000000E+001   0.0000000E+000   0.0000000E+000   0.0000000E+000   0.0000000E+000  -1.2822827E+001
   1.1040000E+001   0.0000000E+000   0.0000000E+000   0.0000000E+000   0.0000000E+000  -1.4126571E+001
   1.1080000E+001   0.0000000E+000   0.0000000E+000   0.0000000E+000   0.0000000E+000  -1.1920447E+001
   1.1120000E+001   0.0000000E+000   0.0000000E+000   0.0000000E+000   0.0000000E+000  -6.5831787E+000
   1.1160000E+001   0.0000000E+000   0.0000000E+000   0.0000000E+000   0.0000000E+000  -1.8561938E+000
   1.1200000E+001   0.0000000E+000   0.0000000E+000   0.0000000E+000   0.0000000E+000  -1.8107257E-001
   1.1240000E+001   0.0000000E+000   0.0000000E+000   0.0000000E+000   0.0000000E+000  -3.3351645E-003
   1.1280000E+001   0.0000000E+000   0.0000000E+000   0.0000000E+000   0.0000000E+000  -4.5484066E-006
   1.1320000E+001   0.0000000E+000   0.0000000E+000   0.0000000E+000   0.0000000E+000  -1.0906345E-010
   1.1360000E+001   0.0000000E+000   0.0000000E+000   0.0000000E+000   0.0000000E+000  -5.1240323E-018
   1.1400000E+001   0.0000000E+000   0.0000000E+000   0.0000000E+000   0.0000000E+000  -1.6906510E-029
   1.1440000E+001   0.0000000E+000   0.0000000E+000   0.0000000E+000   0.0000000E+000  -2.5882517E-047
   1.1480000E+001   0.0000000E+000   0.0000000E+000   0.0000000E+000   0.0000000E+000  -9.9035930E-075
   1.1520000E+001   0.0000000E+000   0.0000000E+000   0.0000000E+000   0.0000000E+000  -1.2665885E-116
   1.1560000E+001   0.0000000E+000   0.0000000E+000   0.0000000E+000   0.0000000E+000  -3.2046018E-180
   1.1600000E+001   0.0000000E+000   0.0000000E+000   0.0000000E+000   0.0000000E+000  -3.4909096E-276
   1.1640000E+001   0.0000000E+000   0.0000000E+000   0.0000000E+000   0.0000000E+000  -0.0000000E+000
   1.1680000E+001   0.0000000E+000   0.0000000E+000   0.0000000E+000   0.0000000E+000  -0.0000000E+000
   1.1720000E+001   0.0000000E+000   0.0000000E+000   0.0000000E+000   0.0000000E+000  -0.0000000E+000
   1.1760000E+001   0.0000000E+000   0.0000000E+000   0.0000000E+000   0.0000000E+000  -0.0000000E+000
   1.1800000E+001   0.0000000E+000   0.0000000E+000   0.0000000E+000   0.0000000E+000  -0.0000000E+000
   1.1840000E+001   0.0000000E+000   0.0000000E+000   0.0000000E+000   0.0000000E+000  -0.0000000E+000
   1.1880000E+001   0.0000000E+000   0.0000000E+000   0.0000000E+000   0.0000000E+000  -0.0000000E+000
   1.1920000E+001   0.0000000E+000   0.0000000E+000   0.0000000E+000   0.0000000E+000  -0.0000000E+000
   1.1960000E+001   0.0000000E+000   0.0000000E+000   0.0000000E+000   0.0000000E+000  -0.0000000E+000
   1.2000000E+001   0.0000000E+000   0.0000000E+000   0.0000000E+000   0.0000000E+000  -0.0000000E+000
   1.2040000E+001   0.0000000E+000   0.0000000E+000   0.0000000E+000   0.0000000E+000  -0.0000000E+000
   1.2080000E+001   0.0000000E+000   0.0000000E+000   0.0000000E+000   0.0000000E+000  -0.0000000E+000
   1.2120000E+001   0.0000000E+000   0.0000000E+000   0.0000000E+000   0.0000000E+000  -0.0000000E+000
   1.2160000E+001   0.0000000E+000   0.0000000E+000   0.0000000E+000   0.0000000E+000  -0.0000000E+000
   1.2200000E+001   0.0000000E+000   0.0000000E+000   0.0000000E+000   0.0000000E+000  -0.0000000E+000
   1.2240000E+001   0.0000000E+000   0.0000000E+000   0.0000000E+000   0.0000000E+000  -0.0000000E+000
   1.2280000E+001   0.0000000E+000   0.0000000E+000   0.0000000E+000   0.0000000E+000  -0.0000000E+000
   1.2320000E+001   0.0000000E+000   0.0000000E+000   0.0000000E+000   0.0000000E+000  -0.0000000E+000
   1.2360000E+001   0.0000000E+000   0.0000000E+000   0.0000000E+000   0.0000000E+000  -0.0000000E+000
   1.2400000E+001   0.0000000E+000   0.0000000E+000   0.0000000E+000   0.0000000E+000  -0.0000000E+000
   1.2440000E+001   0.0000000E+000   0.0000000E+000   0.0000000E+000   0.0000000E+000  -0.0000000E+000
   1.2480000E+001   0.0000000E+000   0.0000000E+000   0.0000000E+000   0.0000000E+000  -0.0000000E+000
   1.2520000E+001   0.0000000E+000   0.0000000E+000   0.0000000E+000   0.0000000E+000  -0.0000000E+000
   1.2560000E+001   0.0000000E+000   0.0000000E+000   0.0000000E+000   0.0000000E+000  -0.0000000E+000
   1.2600000E+001   0.0000000E+000   0.0000000E+000   0.0000000E+000   0.0000000E+000  -0.0000000E+000
   1.2640000E+001   0.0000000E+000   0.0000000E+000   0.0000000E+000   0.0000000E+000  -0.0000000E+000
   1.2680000E+001   0.0000000E+000   0.0000000E+000   0.0000000E+000   0.0000000E+000  -0.0000000E+000
   1.2720000E+001   0.0000000E+000   0.0000000E+000   0.0000000E+000   0.0000000E+000  -0.0000000E+000
   1.2760000E+001   0.0000000E+000   0.0000000E+000   0.0000000E+000   0.0000000E+000  -0.0000000E+000
   1.2800000E+001   0.0000000E+000   0.0000000E+000   0.0000000E+000   0.0000000E+000  -0.0000000E+000
   1.2840000E+001   0.0000000E+000   0.0000000E+000   0.0000000E+000   0.0000000E+000  -0.0000000E+000
   1.2880000E+001   0.0000000E+000   0.0000000E+000   0.0000000E+000   0.0000000E+000  -0.0000000E+000
   1.2920000E+001   0.0000000E+000   0.0000000E+000   0.0000000E+000   0.0000000E+000  -0.0000000E+000
   1.2960000E+001   0.0000000E+000   0.0000000E+000   0.0000000E+000   0.0000000E+000  -0.0000000E+000
   1.3000000E+001   0.0000000E+000   0.0000000E+000   0.0000000E+000   0.0000000E+000  -0.0000000E+000
   1.3040000E+001   0.0000000E+000   0.0000000E+000   0.0000000E+000   0.0000000E+000  -0.0000000E+000
   1.3080000E+001   0.0000000E+000   0.0000000E+000   0.0000000E+000   0.0000000E+000  -0.0000000E+000
   1.3120000E+001   0.0000000E+000   0.0000000E+000   0.0000000E+000   0.0000000E+000  -0.0000000E+000
   1.3160000E+001   0.0000000E+000   0.0000000E+000   0.0000000E+000   0.0000000E+000  -0.0000000E+000
   1.3200000E+001   0.0000000E+000   0.0000000E+000   0.0000000E+000   0.0000000E+000  -0.0000000E+000
   1.3240000E+001   0.0000000E+000   0.0000000E+000   0.0000000E+000   0.0000000E+000  -0.0000000E+000
   1.3280000E+001   0.0000000E+000   0.0000000E+000   0.0000000E+000   0.0000000E+000  -0.0000000E+000
   1.3320000E+001   0.0000000E+000   0.0000000E+000   0.0000000E+000   0.0000000E+000  -0.0000000E+000
   1.3360000E+001   0.0000000E+000   0.0000000E+000   0.0000000E+000   0.0000000E+000  -0.0000000E+000
   1.3400000E+001   0.0000000E+000   0.0000000E+000   0.0000000E+000   0.0000000E+000  -0.0000000E+000
   1.3440000E+001   0.0000000E+000   0.0000000E+000   0.0000000E+000   0.0000000E+000  -0.0000000E+000
   1.3480000E+001   0.0000000E+000   0.0000000E+000   0.0000000E+000   0.0000000E+000  -0.0000000E+000
   1.3520000E+001   0.0000000E+000   0.0000000E+000   0.0000000E+000   0.0000000E+000  -0.0000000E+000
   1.3560000E+001   0.0000000E+000   0.0000000E+000   0.0000000E+000   0.0000000E+000  -0.0000000E+000
   1.3600000E+001   0.0000000E+000   0.0000000E+000   0.0000000E+000   0.0000000E+000  -0.0000000E+000
   1.3640000E+001   0.0000000E+000   0.0000000E+000   0.0000000E+000   0.0000000E+000  -0.0000000E+000
   1.3680000E+001   0.0000000E+000   0.0000000E+000   0.0000000E+000   0.0000000E+000  -0.0000000E+000
   1.3720000E+001   0.0000000E+000   0.0000000E+000   0.0000000E+000   0.0000000E+000  -0.0000000E+000
   1.3760000E+001   0.0000000E+000   0.0000000E+000   0.0000000E+000   0.0000000E+000  -0.0000000E+000
   1.3800000E+001   0.0000000E+000   0.0000000E+000   0.0000000E+000   0.0000000E+000  -0.0000000E+000
   1.3840000E+001   0.0000000E+000   0.0000000E+000   0.0000000E+000   0.0000000E+000  -0.0000000E+000
   1.3880000E+001   0.0000000E+000   0.0000000E+000   0.0000000E+000   0.0000000E+000  -0.0000000E+000
   1.3920000E+001   0.0000000E+000   0.0000000E+000   0.0000000E+000   0.0000000E+000  -0.0000000E+000
   1.3960000E+001   0.0000000E+000   0.0000000E+000   0.0000000E+000   0.0000000E+000  -0.0000000E+000
   1.4000000E+001   0.0000000E+000   0.0000000E+000   0.0000000E+000   0.0000000E+000  -0.0000000E+000
   1.4040000E+001   0.0000000E+000   0.0000000E+000   0.0000000E+000   0.0000000E+000  -0.0000000E+000
   1.4080000E+001   0.0000000E+000   0.0000000E+000   0.0000000E+000   0.0000000E+000  -0.0000000E+000
   1.4120000E+001   0.0000000E+000   0.0000000E+000   0.0000000E+000   0.0000000E+000  -0.0000000E+000
   1.4160000E+001   0.0000000E+000   0.0000000E+000   0.0000000E+000   0.0000000E+000  -0.0000000E+000
   1.4200000E+001   0.0000000E+000   0.0000000E+000   0.0000000E+000   0.0000000E+000  -0.0000000E+000
   1.4240000E+001   0.0000000E+000   0.0000000E+000   0.0000000E+000   0.0000000E+000  -0.0000000E+000
   1.4280000E+001   0.0000000E+000   0.0000000E+000   0.0000000E+000   0.0000000E+000  -0.0000000E+000
   1.4320000E+001   0.0000000E+000   0.0000000E+000   0.0000000E+000   0.0000000E+000  -0.0000000E+000
   1.4360000E+001   0.0000000E+000   0.0000000E+000   0.0000000E+000   0.0000000E+000  -0.0000000E+000
   1.4400000E+001   0.0000000E+000   0.0000000E+000   0.0000000E+000   0.0000000E+000  -0.0000000E+000
   1.4440000E+001   0.0000000E+000   0.0000000E+000   0.0000000E+000   0.0000000E+000  -0.0000000E+000
   1.4480000E+001   0.0000000E+000   0.0000000E+000   0.0000000E+000   0.0000000E+000  -0.0000000E+000
   1.4520000E+001   0.0000000E+000   0.0000000E+000   0.0000000E+000   0.0000000E+000  -0.0000000E+000
   1.4560000E+001   0.0000000E+000   0.0000000E+000   0.0000000E+000   0.0000000E+000  -0.0000000E+000
   1.4600000E+001   0.0000000E+000   0.0000000E+000   0.0000000E+000   0.0000000E+000  -0.0000000E+000
   1.4640000E+001   0.0000000E+000   0.0000000E+000   0.0000000E+000   0.0000000E+000  -0.0000000E+000
   1.4680000E+001   0.0000000E+000   0.0000000E+000   0.0000000E+000   0.0000000E+000  -0.0000000E+000
   1.4720000E+001   0.0000000E+000   0.0000000E+000   0.0000000E+000   0.0000000E+000  -0.0000000E+000
   1.4760000E+001   0.0000000E+000   0.0000000E+000   0.0000000E+000   0.0000000E+000  -0.0000000E+000
   1.4800000E+001   0.0000000E+000   0.0000000E+000   0.0000000E+000   0.0000000E+000  -0.0000000E+000
   1.4840000E+001   0.0000000E+000   0.0000000E+000   0.0000000E+000   0.0000000E+000  -0.0000000E+000
   1.4880000E+001   0.0000000E+000   0.0000000E+000   0.0000000E+000   0.0000000E+000  -0.0000000E+000
   1.4920000E+001   0.0000000E+000   0.0000000E+000   0.0000000E+000   0.0000000E+000  -0.0000000E+000
   1.4960000E+001   0.0000000E+000   0.0000000E+000   0.0000000E+000   0.0000000E+000  -0.0000000E+000
   1.5000000E+001   0.0000000E+000   0.0000000E+000   0.0000000E+000   0.0000000E+000  -0.0000000E+000
   1.5040000E+001   0.0000000E+000   0.0000000E+000   0.0000000E+000   0.0000000E+000  -0.0000000E+000
   1.5080000E+001   0.0000000E+000   0.0000000E+000   0.0000000E+000   0.0000000E+000  -0.0000000E+000
   1.5120000E+001   0.0000000E+000   0.0000000E+000   0.0000000E+000   0.0000000E+000  -0.0000000E+000
   1.5160000E+001   0.0000000E+000   0.0000000E+000   0.0000000E+000   0.0000000E+000  -0.0000000E+000
   1.5200000E+001   0.0000000E+000   0.0000000E+000   0.0000000E+000   0.0000000E+000  -0.0000000E+000
   1.5240000E+001   0.0000000E+000   0.0000000E+000   0.0000000E+000   0.0000000E+000  -0.0000000E+000
   1.5280000E+001   0.0000000E+000   0.0000000E+000   0.0000000E+000   0.0000000E+000  -0.0000000E+000
   1.5320000E+001   0.0000000E+000   0.0000000E+000   0.0000000E+000   0.0000000E+000  -0.0000000E+000
   1.5360000E+001   0.0000000E+000   0.0000000E+000   0.0000000E+000   0.0000000E+000  -0.0000000E+000
   1.5400000E+001   0.0000000E+000   0.0000000E+000   0.0000000E+000   0.0000000E+000  -0.0000000E+000
   1.5440000E+001   0.0000000E+000   0.0000000E+000   0.0000000E+000   0.0000000E+000  -0.0000000E+000
   1.5480000E+001   0.0000000E+000   0.0000000E+000   0.0000000E+000   0.0000000E+000  -0.0000000E+000
   1.5520000E+001   0.0000000E+000   0.0000000E+000   0.0000000E+000   0.0000000E+000  -0.0000000E+000
   1.5560000E+001   0.0000000E+000   0.0000000E+000   0.0000000E+000   0.0000000E+000  -0.0000000E+000
   1.5600000E+001   0.0000000E+000   0.0000000E+000   0.0000000E+000   0.0000000E+000  -0.0000000E+000
   1.5640000E+001   0.0000000E+000   0.0000000E+000   0.0000000E+000   0.0000000E+000  -0.0000000E+000
   1.5680000E+001   0.0000000E+000   0.0000000E+000   0.0000000E+000   0.0000000E+000  -0.0000000E+000
   1.5720000E+001   0.0000000E+000   0.0000000E+000   0.0000000E+000   0.0000000E+000  -0.0000000E+000
   1.5760000E+001   0.0000000E+000   0.0000000E+000   0.0000000E+000   0.0000000E+000  -0.0000000E+000
   1.5800000E+001   0.0000000E+000   0.0000000E+000   0.0000000E+000   0.0000000E+000  -0.0000000E+000
   1.5840000E+001   0.0000000E+000   0.0000000E+000   0.0000000E+000   0.0000000E+000  -0.0000000E+000
   1.5880000E+001   0.0000000E+000   0.0000000E+000   0.0000000E+000   0.0000000E+000  -0.0000000E+000
   1.5920000E+001   0.0000000E+000   0.0000000E+000   0.0000000E+000   0.0000000E+000  -0.0000000E+000
   1.5960000E+001   0.0000000E+000   0.0000000E+000   0.0000000E+000   0.0000000E+000  -0.0000000E+000
   1.6000000E+001   0.0000000E+000   0.0000000E+000   0.0000000E+000   0.0000000E+000  -0.0000000E+000
   1.6040000E+001   0.0000000E+000   0.0000000E+000   0.0000000E+000   0.0000000E+000  -0.0000000E+000
   1.6080000E+001   0.0000000E+000   0.0000000E+000   0.0000000E+000   0.0000000E+000  -0.0000000E+000
   1.6120000E+001   0.0000000E+000   0.0000000E+000   0.0000000E+000   0.0000000E+000  -0.0000000E+000
   1.6160000E+001   0.0000000E+000   0.0000000E+000   0.0000000E+000   0.0000000E+000  -0.0000000E+000
   1.6200000E+001   0.0000000E+000   0.0000000E+000   0.0000000E+000   0.0000000E+000  -0.0000000E+000
   1.6240000E+001   0.0000000E+000   0.0000000E+000   0.0000000E+000   0.0000000E+000  -0.0000000E+000
   1.6280000E+001   0.0000000E+000   0.0000000E+000   0.0000000E+000   0.0000000E+000  -0.0000000E+000
   1.6320000E+001   0.0000000E+000   0.0000000E+000   0.0000000E+000   0.0000000E+000  -0.0000000E+000
   1.6360000E+001   0.0000000E+000   0.0000000E+000   0.0000000E+000   0.0000000E+000  -0.0000000E+000
   1.6400000E+001   0.0000000E+000   0.0000000E+000   0.0000000E+000   0.0000000E+000  -0.0000000E+000
   1.6440000E+001   0.0000000E+000   0.0000000E+000   0.0000000E+000   0.0000000E+000  -0.0000000E+000
   1.6480000E+001   0.0000000E+000   0.0000000E+000   0.0000000E+000   0.0000000E+000  -0.0000000E+000
   1.6520000E+001   0.0000000E+000   0.0000000E+000   0.0000000E+000   0.0000000E+000  -0.0000000E+000
   1.6560000E+001   0.0000000E+000   0.0000000E+000   0.0000000E+000   0.0000000E+000  -0.0000000E+000
   1.6600000E+001   0.0000000E+000   0.0000000E+000   0.0000000E+000   0.0000000E+000  -0.0000000E+000
   1.6640000E+001   0.0000000E+000   0.0000000E+000   0.0000000E+000   0.0000000E+000  -0.0000000E+000
   1.6680000E+001   0.0000000E+000   0.0000000E+000   0.0000000E+000   0.0000000E+000  -0.0000000E+000
   1.6720000E+001   0.0000000E+000   0.0000000E+000   0.0000000E+000   0.0000000E+000  -0.0000000E+000
   1.6760000E+001   0.0000000E+000   0.0000000E+000   0.0000000E+000   0.0000000E+000  -0.0000000E+000
   1.6800000E+001   0.0000000E+000   0.0000000E+000   0.0000000E+000   0.0000000E+000  -0.0000000E+000
   1.6840000E+001   0.0000000E+000   0.0000000E+000   0.0000000E+000   0.0000000E+000  -0.0000000E+000
   1.6880000E+001   0.0000000E+000   0.0000000E+000   0.0000000E+000   0.0000000E+000  -0.0000000E+000
   1.6920000E+001   0.0000000E+000   0.0000000E+000   0.0000000E+000   0.0000000E+000  -0.0000000E+000
   1.6960000E+001   0.0000000E+000   0.0000000E+000   0.0000000E+000   0.0000000E+000  -0.0000000E+000
   1.7000000E+001   0.0000000E+000   0.0000000E+000   0.0000000E+000   0.0000000E+000  -0.0000000E+000
   1.7040000E+001   0.0000000E+000   0.0000000E+000   0.0000000E+000   0.0000000E+000  -0.0000000E+000
   1.7080000E+001   0.0000000E+000   0.0000000E+000   0.0000000E+000   0.0000000E+000  -0.0000000E+000
   1.7120000E+001   0.0000000E+000   0.0000000E+000   0.0000000E+000   0.0000000E+000  -0.0000000E+000
   1.7160000E+001   0.0000000E+000   0.0000000E+000   0.0000000E+000   0.0000000E+000  -0.0000000E+000
   1.7200000E+001   0.0000000E+000   0.0000000E+000   0.0000000E+000   0.0000000E+000  -0.0000000E+000
   1.7240000E+001   0.0000000E+000   0.0000000E+000   0.0000000E+000   0.0000000E+000  -0.0000000E+000
   1.7280000E+001   0.0000000E+000   0.0000000E+000   0.0000000E+000   0.0000000E+000  -0.0000000E+000
   1.7320000E+001   0.0000000E+000   0.0000000E+000   0.0000000E+000   0.0000000E+000  -0.0000000E+000
   1.7360000E+001   0.0000000E+000   0.0000000E+000   0.0000000E+000   0.0000000E+000  -0.0000000E+000
   1.7400000E+001   0.0000000E+000   0.0000000E+000   0.0000000E+000   0.0000000E+000  -0.0000000E+000
   1.7440000E+001   0.0000000E+000   0.0000000E+000   0.0000000E+000   0.0000000E+000  -0.0000000E+000
   1.7480000E+001   0.0000000E+000   0.0000000E+000   0.0000000E+000   0.0000000E+000  -0.0000000E+000
   1.7520000E+001   0.0000000E+000   0.0000000E+000   0.0000000E+000   0.0000000E+000  -0.0000000E+000
   1.7560000E+001   0.0000000E+000   0.0000000E+000   0.0000000E+000   0.0000000E+000  -0.0000000E+000
   1.7600000E+001   0.0000000E+000   0.0000000E+000   0.0000000E+000   0.0000000E+000  -0.0000000E+000
   1.7640000E+001   0.0000000E+000   0.0000000E+000   0.0000000E+000   0.0000000E+000  -0.0000000E+000
   1.7680000E+001   0.0000000E+000   0.0000000E+000   0.0000000E+000   0.0000000E+000  -0.0000000E+000
   1.7720000E+001   0.0000000E+000   0.0000000E+000   0.0000000E+000   0.0000000E+000  -0.0000000E+000
   1.7760000E+001   0.0000000E+000   0.0000000E+000   0.0000000E+000   0.0000000E+000  -0.0000000E+000
   1.7800000E+001   0.0000000E+000   0.0000000E+000   0.0000000E+000   0.0000000E+000  -0.0000000E+000
   1.7840000E+001   0.0000000E+000   0.0000000E+000   0.0000000E+000   0.0000000E+000  -0.0000000E+000
   1.7880000E+001   0.0000000E+000   0.0000000E+000   0.0000000E+000   0.0000000E+000  -0.0000000E+000
   1.7920000E+001   0.0000000E+000   0.0000000E+000   0.0000000E+000   0.0000000E+000  -0.0000000E+000
   1.7960000E+001   0.0000000E+000   0.0000000E+000   0.0000000E+000   0.0000000E+000  -0.0000000E+000
   1.8000000E+001   0.0000000E+000   0.0000000E+000   0.0000000E+000   0.0000000E+000  -0.0000000E+000
   1.8040000E+001   0.0000000E+000   0.0000000E+000   0.0000000E+000   0.0000000E+000  -0.0000000E+000
   1.8080000E+001   0.0000000E+000   0.0000000E+000   0.0000000E+000   0.0000000E+000  -0.0000000E+000
   1.8120000E+001   0.0000000E+000   0.0000000E+000   0.0000000E+000   0.0000000E+000  -0.0000000E+000
   1.8160000E+001   0.0000000E+000   0.0000000E+000   0.0000000E+000   0.0000000E+000  -0.0000000E+000
   1.8200000E+001   0.0000000E+000   0.0000000E+000   0.0000000E+000   0.0000000E+000  -0.0000000E+000
   1.8240000E+001   0.0000000E+000   0.0000000E+000   0.0000000E+000   0.0000000E+000  -0.0000000E+000
   1.8280000E+001   0.0000000E+000   0.0000000E+000   0.0000000E+000   0.0000000E+000  -0.0000000E+000
   1.8320000E+001   0.0000000E+000   0.0000000E+000   0.0000000E+000   0.0000000E+000  -0.0000000E+000
   1.8360000E+001   0.0000000E+000   0.0000000E+000   0.0000000E+000   0.0000000E+000  -0.0000000E+000
   1.8400000E+001   0.0000000E+000   0.0000000E+000   0.0000000E+000   0.0000000E+000  -0.0000000E+000
   1.8440000E+001   0.0000000E+000   0.0000000E+000   0.0000000E+000   0.0000000E+000  -0.0000000E+000
   1.8480000E+001   0.0000000E+000   0.0000000E+000   0.0000000E+000   0.0000000E+000  -0.0000000E+000
   1.8520000E+001   0.0000000E+000   0.0000000E+000   0.0000000E+000   0.0000000E+000  -0.0000000E+000
   1.8560000E+001   0.0000000E+000   0.0000000E+000   0.0000000E+000   0.0000000E+000  -0.0000000E+000
   1.8600000E+001   0.0000000E+000   0.0000000E+000   0.0000000E+000   0.0000000E+000  -0.0000000E+000
   1.8640000E+001   0.0000000E+000   0.0000000E+000   0.0000000E+000   0.0000000E+000  -0.0000000E+000
   1.8680000E+001   0.0000000E+000   0.0000000E+000   0.0000000E+000   0.0000000E+000  -0.0000000E+000
   1.8720000E+001   0.0000000E+000   0.0000000E+000   0.0000000E+000   0.0000000E+000  -0.0000000E+000
   1.8760000E+001   0.0000000E+000   0.0000000E+000   0.0000000E+000   0.0000000E+000  -0.0000000E+000
   1.8800000E+001   0.0000000E+000   0.0000000E+000   0.0000000E+000   0.0000000E+000  -0.0000000E+000
   1.8840000E+001   0.0000000E+000   0.0000000E+000   0.0000000E+000   0.0000000E+000  -0.0000000E+000
   1.8880000E+001   0.0000000E+000   0.0000000E+000   0.0000000E+000   0.0000000E+000  -0.0000000E+000
   1.8920000E+001   0.0000000E+000   0.0000000E+000   0.0000000E+000   0.0000000E+000  -0.0000000E+000
   1.8960000E+001   0.0000000E+000   0.0000000E+000   0.0000000E+000   0.0000000E+000  -0.0000000E+000
   1.9000000E+001   0.0000000E+000   0.0000000E+000   0.0000000E+000   0.0000000E+000  -0.0000000E+000
   1.9040000E+001   0.0000000E+000   0.0000000E+000   0.0000000E+000   0.0000000E+000  -0.0000000E+000
   1.9080000E+001   0.0000000E+000   0.0000000E+000   0.0000000E+000   0.0000000E+000  -0.0000000E+000
   1.9120000E+001   0.0000000E+000   0.0000000E+000   0.0000000E+000   0.0000000E+000  -0.0000000E+000
   1.9160000E+001   0.0000000E+000   0.0000000E+000   0.0000000E+000   0.0000000E+000  -0.0000000E+000
   1.9200000E+001   0.0000000E+000   0.0000000E+000   0.0000000E+000   0.0000000E+000  -0.0000000E+000
   1.9240000E+001   0.0000000E+000   0.0000000E+000   0.0000000E+000   0.0000000E+000  -0.0000000E+000
   1.9280000E+001   0.0000000E+000   0.0000000E+000   0.0000000E+000   0.0000000E+000  -0.0000000E+000
   1.9320000E+001   0.0000000E+000   0.0000000E+000   0.0000000E+000   0.0000000E+000  -0.0000000E+000
   1.9360000E+001   0.0000000E+000   0.0000000E+000   0.0000000E+000   0.0000000E+000  -0.0000000E+000
   1.9400000E+001   0.0000000E+000   0.0000000E+000   0.0000000E+000   0.0000000E+000  -0.0000000E+000
   1.9440000E+001   0.0000000E+000   0.0000000E+000   0.0000000E+000   0.0000000E+000  -0.0000000E+000
   1.9480000E+001   0.0000000E+000   0.0000000E+000   0.0000000E+000   0.0000000E+000  -0.0000000E+000
   1.9520000E+001   0.0000000E+000   0.0000000E+000   0.0000000E+000   0.0000000E+000  -0.0000000E+000
   1.9560000E+001   0.0000000E+000   0.0000000E+000   0.0000000E+000   0.0000000E+000  -0.0000000E+000
   1.9600000E+001   0.0000000E+000   0.0000000E+000   0.0000000E+000   0.0000000E+000  -0.0000000E+000
   1.9640000E+001   0.0000000E+000   0.0000000E+000   0.0000000E+000   0.0000000E+000  -0.0000000E+000
   1.9680000E+001   0.0000000E+000   0.0000000E+000   0.0000000E+000   0.0000000E+000  -0.0000000E+000
   1.9720000E+001   0.0000000E+000   0.0000000E+000   0.0000000E+000   0.0000000E+000  -0.0000000E+000
   1.9760000E+001   0.0000000E+000   0.0000000E+000   0.0000000E+000   0.0000000E+000  -0.0000000E+000
   1.9800000E+001   0.0000000E+000   0.0000000E+000   0.0000000E+000   0.0000000E+000  -0.0000000E+000
   1.9840000E+001   0.0000000E+000   0.0000000E+000   0.0000000E+000   0.0000000E+000  -0.0000000E+000
   1.9880000E+001   0.0000000E+000   0.0000000E+000   0.0000000E+000   0.0000000E+000  -0.0000000E+000
   1.9920000E+001   0.0000000E+000   0.0000000E+000   0.0000000E+000   0.0000000E+000  -0.0000000E+000
   1.9960000E+001   0.0000000E+000   0.0000000E+000   0.0000000E+000   0.0000000E+000  -0.0000000E+000
   2.0000000E+001   0.0000000E+000   0.0000000E+000   0.0000000E+000   0.0000000E+000  -0.0000000E+000
