         0.4000         0.0000         0.0000         0.0000         0.0000
         0.6000         0.0000         0.0000         0.0000         0.0000
         0.8000         0.0000         0.0000         0.0000         0.0000
         1.0000         0.0000         0.0000         0.0000         0.0000
         1.2000         0.0000         0.0000         0.0000         0.0000
         1.4000         0.0000         0.0000         0.0000         0.0000
         1.6000         0.0000         0.0000         0.0000         0.0000
         1.8000         0.0000         0.0000         0.0000         0.0000
         2.0000         0.0000         0.0000         0.0000         0.0000
         2.2000         0.0000         0.0000         0.0000         0.0000
         2.4000         0.0000         0.0000         0.0000         0.0000
         2.6000         0.0000         0.0000         0.0000         0.0000
         2.8000         0.0000         0.0000         0.0000         0.0000
         3.0000         0.0000         0.0000         0.0000         0.0000
         3.2000         0.0000         0.0000         0.0000         0.0000
         3.4000         0.0000         0.0000         0.0000         0.0000
         3.6000         0.0000         0.0000         0.0000         0.0000
         3.8000         0.0000         0.0000         0.0000         0.0000
         4.0000         0.0000         0.0000         0.0000         0.0000
         4.2000         0.0000         0.0000         0.0000         0.0000
         4.4000         0.0000         0.0000         0.0000         0.0000
         4.6000         0.0000         0.0000         0.0000         0.0000
         4.8000         0.0000         0.0000         0.0000         0.0000
         5.0000         0.0000         0.0000         0.0000         0.0000
         5.2000         0.0000         0.0000         0.0000         0.0000
         5.4000         0.0000         0.0000         0.0000         0.0000
         5.6000         0.0000         0.0000         0.0000         0.0000
         5.8000         0.0000         0.0000         0.0000         0.0000
         6.0000         0.0000         0.0000         0.0000         0.0000
         6.2000         0.0000         0.0000         0.0000         0.0000
         6.4000         0.0000         0.0000         0.0000         0.0000
         6.6000         0.0000         0.0000         0.0000         0.0000
         6.8000         0.0000         0.0000         0.0000         0.0000
         7.0000         0.0000         0.0000         0.0000         0.0000
         7.2000         0.0000         0.0000         0.0000         0.0000
         7.4000         0.0000         0.0000         0.0000         0.0000
         7.6000         0.0000         0.0000         0.0000         0.0000
         7.8000         0.0000         0.0000         0.0000         0.0000
         8.0000         0.0000         0.0000         0.0000         0.0000
         8.2000         0.0000         0.0000         0.0000         0.0000
         8.4000         0.0000         0.0000         0.0000         0.0000
         8.6000         0.0000         0.0000         0.0000         0.0000
         8.8000         0.0000         0.0000         0.0000         0.0000
         9.0000         0.0000         0.0000         0.0000         0.0000
         9.2000         0.0000         0.0000         0.0000         0.0000
         9.4000         0.0000         0.0000         0.0000         0.0000
         9.6000         0.0000         0.0000         0.0000         0.0000
         9.8000         0.0000         0.0000         0.0000         0.0000
        10.0000         0.0000         0.0000         0.0000         0.0000
        10.2000         0.0000         0.0000         0.0000         0.0000
        10.4000         0.0000         0.0000         0.0000         0.0000
        10.6000         0.0000         0.0000         0.0000         0.0000
        10.8000         0.0000         0.0000         0.0000         0.0000
        11.0000         0.1594         0.0007         0.0210         0.0002
        11.2000        16.5638         0.0535        16.0944         0.0524
        11.4000        50.4657         0.1875        50.6921         0.1872
        11.6000        73.6236         0.2716        73.7604         0.2731
        11.8000        89.4824         0.3425        89.6393         0.3435
        12.0000        97.4687         0.3122        97.5607         0.3122
        12.2000       100.7923         0.2344       100.7927         0.2355
        12.4000       104.1251         0.2456       104.1236         0.2453
        12.6000       107.5168         0.2813       107.5171         0.2772
        12.8000       111.0341         0.2713       111.0239         0.2762
        13.0000       114.3537         0.2745       114.3568         0.2728
        13.2000       117.8973         0.2495       117.9023         0.2350
        13.4000       121.6333         0.2048       121.6303         0.2051
        13.6000       125.4277         0.1927       125.4252         0.1926
        13.8000       129.0406         0.2084       129.0475         0.2073
        14.0000       132.7527         0.2013       132.7477         0.2020
        14.2000       136.6794         0.2334       136.6772         0.2331
        14.4000       140.6697         0.1684       140.6784         0.1688
        14.6000       144.6163         0.2031       144.6158         0.2041
        14.8000       148.4903         0.1621       148.4894         0.1622
        15.0000       152.6474         0.2364       152.6401         0.2356
        15.2000       156.8930         0.1913       156.8929         0.2460
        15.4000       161.0625         0.2343       161.0566         0.2325
        15.6000       165.0592         0.1900       165.0711         0.1902
        15.8000       169.2336         0.2290       169.2348         0.2295
        16.0000       173.5594         0.2394       173.5520         0.2390
        16.2000       177.9040         0.2479       177.9073         0.2473
        16.4000       182.3092         0.2704       182.3175         0.2705
        16.6000       186.8015         0.2674       186.7953         0.2685
        16.8000       191.3461         0.2481       191.3394         0.2311
        17.0000       195.8347         0.2081       195.8417         0.2081
        17.2000       200.4690         0.1821       200.4656         0.1812
        17.4000       205.0729         0.1801       205.0867         0.1807
        17.6000       209.9374         0.1639       209.9380         0.1644
        17.8000       214.7243         0.1587       214.7190         0.1591
        18.0000       219.4983         0.2049       219.4995         0.2039
        18.2000       224.3041         0.1976       224.3068         0.1964
        18.4000       229.2823         0.2817       229.2701         0.2863
        18.6000       234.3888         0.2975       234.3850         0.2954
        18.8000       239.6063         0.3758       239.6072         0.3759
        19.0000       244.7240         0.3935       244.7340         0.3953
        19.2000       249.9057         0.4380       249.9037         0.4377
        19.4000       255.0920         0.4481       255.0883         0.4465
        19.6000       260.3543         0.4165       260.3452         0.4171
        19.8000       265.8731         0.4755       265.8918         0.4726
        20.0000       250.1694         0.4330       250.1567         0.4343
