         0.4000         0.0000         0.0000         0.0000         0.0000
         0.6000         0.0000         0.0000         0.0000         0.0000
         0.8000         0.0000         0.0000         0.0000         0.0000
         1.0000         0.0000         0.0000         0.0000         0.0000
         1.2000         0.0000         0.0000         0.0000         0.0000
         1.4000         0.0000         0.0000         0.0000         0.0000
         1.6000         0.0000         0.0000         0.0000         0.0000
         1.8000         0.0000         0.0000         0.0000         0.0000
         2.0000         0.0000         0.0000         0.0000         0.0000
         2.2000         0.0000         0.0000         0.0000         0.0000
         2.4000         0.0000         0.0000         0.0000         0.0000
         2.6000         0.0000         0.0000         0.0000         0.0000
         2.8000         0.0000         0.0000         0.0000         0.0000
         3.0000         0.0000         0.0000         0.0000         0.0000
         3.2000         0.0000         0.0000         0.0000         0.0000
         3.4000         0.0000         0.0000         0.0000         0.0000
         3.6000         0.0000         0.0000         0.0000         0.0000
         3.8000         0.0000         0.0000         0.0000         0.0000
         4.0000         0.0000         0.0000         0.0000         0.0000
         4.2000         0.0000         0.0000         0.0000         0.0000
         4.4000         0.0000         0.0000         0.0000         0.0000
         4.6000         0.0000         0.0000         0.0000         0.0000
         4.8000         0.0000         0.0000         0.0000         0.0000
         5.0000         0.0000         0.0000         0.0000         0.0000
         5.2000         0.0000         0.0000         0.0000         0.0000
         5.4000         0.0000         0.0000         0.0000         0.0000
         5.6000         0.0000         0.0000         0.0000         0.0000
         5.8000         0.0000         0.0000         0.0000         0.0000
         6.0000         0.0000         0.0000         0.0000         0.0000
         6.2000         0.0000         0.0000         0.0000         0.0000
         6.4000         0.0000         0.0000         0.0000         0.0000
         6.6000         0.0000         0.0000         0.0000         0.0000
         6.8000         0.0000         0.0000         0.0000         0.0000
         7.0000         0.0000         0.0000         0.0000         0.0000
         7.2000         0.0000         0.0000         0.0000         0.0000
         7.4000         0.0000         0.0000         0.0000         0.0000
         7.6000         0.0000         0.0000         0.0000         0.0000
         7.8000         0.0000         0.0000         0.0000         0.0000
         8.0000         0.0000         0.0000         0.0000         0.0000
         8.2000         0.0000         0.0000         0.0000         0.0000
         8.4000         0.0000         0.0000         0.0000         0.0000
         8.6000         0.0000         0.0000         0.0000         0.0000
         8.8000         0.0000         0.0000         0.0000         0.0000
         9.0000         0.0000         0.0000         0.0000         0.0000
         9.2000         0.0000         0.0000         0.0000         0.0000
         9.4000         0.0000         0.0000         0.0000         0.0000
         9.6000         0.0000         0.0000         0.0000         0.0000
         9.8000         0.0000         0.0000         0.0000         0.0000
        10.0000         0.0000         0.0000         0.0000         0.0000
        10.2000         0.0000         0.0000         0.0000         0.0000
        10.4000         0.0000         0.0000         0.0000         0.0000
        10.6000         0.0000         0.0000         0.0000         0.0000
        10.8000         0.0000         0.0000         0.0000         0.0000
        11.0000         0.1588         0.0006         0.0212         0.0002
        11.2000        16.5627         0.0512        16.0917         0.0494
        11.4000        50.4410         0.1440        50.6684         0.1452
        11.6000        73.4150         0.1968        73.5522         0.1977
        11.8000        89.1286         0.2706        89.2871         0.2707
        12.0000        97.1121         0.2841        97.1940         0.2840
        12.2000       100.5651         0.2458       100.5690         0.2461
        12.4000       103.9955         0.2364       103.9863         0.2370
        12.6000       107.3058         0.3135       107.3131         0.2321
        12.8000       110.7143         0.2944       110.7190         0.2961
        13.0000       114.1882         0.2741       114.1784         0.2733
        13.2000       117.7037         0.2655       117.7076         0.2657
        13.4000       121.4305         0.2121       121.4302         0.2133
        13.6000       125.2800         0.1951       125.2877         0.1951
        13.8000       129.0818         0.2331       129.0820         0.2336
        14.0000       132.9045         0.2347       132.9030         0.2354
        14.2000       136.7153         0.2410       136.7160         0.2420
        14.4000       140.6514         0.2333       140.6484         0.2318
        14.6000       144.6362         0.2213       144.6311         0.2196
        14.8000       148.5265         0.2367       148.5315         0.2366
        15.0000       152.5351         0.2349       152.5444         0.2350
        15.2000       156.6965         0.2439       156.6814         0.2446
        15.4000       161.0861         0.2217       161.0860         0.2203
        15.6000       165.3833         0.2209       165.3786         0.2231
        15.8000       169.7068         0.2134       169.7103         0.2119
        16.0000       173.8651         0.1984       173.8754         0.1988
        16.2000       178.2244         0.2139       178.2247         0.2138
        16.4000       182.8135         0.1960       182.8017         0.1953
        16.6000       187.2126         0.1929       187.2192         0.1934
        16.8000       191.5865         0.2047       191.5782         0.2027
        17.0000       195.9261         0.1995       195.9311         0.2017
        17.2000       200.5274         0.2815       200.5305         0.2179
        17.4000       205.2635         0.3081       205.2592         0.3115
        17.6000       209.9921         0.3556       209.9987         0.3524
        17.8000       214.8285         0.2808       214.8296         0.2816
        18.0000       219.7205         0.2494       219.7245         0.2507
        18.2000       224.5135         0.2473       224.5084         0.2392
        18.4000       229.4906         0.2914       229.4949         0.2924
        18.6000       234.5565         0.3195       234.5466         0.3195
        18.8000       239.6688         0.3052       239.6683         0.3039
        19.0000       244.6755         0.3414       244.6667         0.3433
        19.2000       249.7219         0.3455       249.7368         0.3444
        19.4000       255.0455         0.3518       255.0505         0.3510
        19.6000       260.2918         0.3828       260.2771         0.3845
        19.8000       265.4873         0.3981       265.4928         0.3967
        20.0000       249.5532         0.4073       249.5486         0.4098
