   4.0000000E-001   0.0000000E+000   0.0000000E+000   0.0000000E+000   0.0000000E+000   0.0000000E+000
   6.0000000E-001   0.0000000E+000   0.0000000E+000   0.0000000E+000   0.0000000E+000   0.0000000E+000
   8.0000000E-001   0.0000000E+000   0.0000000E+000   0.0000000E+000   0.0000000E+000   0.0000000E+000
   1.0000000E+000   0.0000000E+000   0.0000000E+000   0.0000000E+000   0.0000000E+000   0.0000000E+000
   1.2000000E+000   0.0000000E+000   0.0000000E+000   0.0000000E+000   0.0000000E+000   0.0000000E+000
   1.4000000E+000   0.0000000E+000   0.0000000E+000   0.0000000E+000   0.0000000E+000   0.0000000E+000
   1.6000000E+000   0.0000000E+000   0.0000000E+000   0.0000000E+000   0.0000000E+000   0.0000000E+000
   1.8000000E+000   0.0000000E+000   0.0000000E+000   0.0000000E+000   0.0000000E+000   0.0000000E+000
   2.0000000E+000   0.0000000E+000   0.0000000E+000   0.0000000E+000   0.0000000E+000   0.0000000E+000
   2.2000000E+000   0.0000000E+000   0.0000000E+000   0.0000000E+000   0.0000000E+000   0.0000000E+000
   2.4000000E+000   0.0000000E+000   0.0000000E+000   0.0000000E+000   0.0000000E+000   0.0000000E+000
   2.6000000E+000   0.0000000E+000   0.0000000E+000   0.0000000E+000   0.0000000E+000   0.0000000E+000
   2.8000000E+000   0.0000000E+000   0.0000000E+000   0.0000000E+000   0.0000000E+000   0.0000000E+000
   3.0000000E+000   0.0000000E+000   0.0000000E+000   0.0000000E+000   0.0000000E+000   0.0000000E+000
   3.2000000E+000   0.0000000E+000   0.0000000E+000   0.0000000E+000   0.0000000E+000   0.0000000E+000
   3.4000000E+000   0.0000000E+000   0.0000000E+000   0.0000000E+000   0.0000000E+000   0.0000000E+000
   3.6000000E+000   0.0000000E+000   0.0000000E+000   0.0000000E+000   0.0000000E+000   0.0000000E+000
   3.8000000E+000   0.0000000E+000   0.0000000E+000   0.0000000E+000   0.0000000E+000   0.0000000E+000
   4.0000000E+000   0.0000000E+000   0.0000000E+000   0.0000000E+000   0.0000000E+000   0.0000000E+000
   4.2000000E+000   0.0000000E+000   0.0000000E+000   0.0000000E+000   0.0000000E+000   0.0000000E+000
   4.4000000E+000   0.0000000E+000   0.0000000E+000   0.0000000E+000   0.0000000E+000   0.0000000E+000
   4.6000000E+000   0.0000000E+000   0.0000000E+000   0.0000000E+000   0.0000000E+000   0.0000000E+000
   4.8000000E+000   0.0000000E+000   0.0000000E+000   0.0000000E+000   0.0000000E+000   0.0000000E+000
   5.0000000E+000   0.0000000E+000   0.0000000E+000   0.0000000E+000   0.0000000E+000   0.0000000E+000
   5.2000000E+000   0.0000000E+000   0.0000000E+000   0.0000000E+000   0.0000000E+000   0.0000000E+000
   5.4000000E+000   0.0000000E+000   0.0000000E+000   0.0000000E+000   0.0000000E+000   0.0000000E+000
   5.6000000E+000   0.0000000E+000   0.0000000E+000   0.0000000E+000   0.0000000E+000   0.0000000E+000
   5.8000000E+000   0.0000000E+000   0.0000000E+000   0.0000000E+000   0.0000000E+000   0.0000000E+000
   6.0000000E+000   0.0000000E+000   0.0000000E+000   0.0000000E+000   0.0000000E+000   1.4555709E-056
   6.2000000E+000   0.0000000E+000   0.0000000E+000   0.0000000E+000   0.0000000E+000   2.8253141E+001
   6.4000000E+000   0.0000000E+000   0.0000000E+000   0.0000000E+000   0.0000000E+000   3.9985641E-001
   6.6000000E+000   0.0000000E+000   0.0000000E+000   0.0000000E+000   0.0000000E+000   1.3030169E-003
   6.8000000E+000   0.0000000E+000   0.0000000E+000   0.0000000E+000   0.0000000E+000   2.3802223E-006
   7.0000000E+000   0.0000000E+000   0.0000000E+000   0.0000000E+000   0.0000000E+000   2.1548782E-009
   7.2000000E+000   0.0000000E+000   0.0000000E+000   0.0000000E+000   0.0000000E+000   8.1075567E-013
   7.4000000E+000   0.0000000E+000   0.0000000E+000   0.0000000E+000   0.0000000E+000   9.8530768E-017
   7.6000000E+000   0.0000000E+000   0.0000000E+000   0.0000000E+000   0.0000000E+000   2.6477674E-021
   7.8000000E+000   0.0000000E+000   0.0000000E+000   0.0000000E+000   0.0000000E+000   8.5589161E-027
   8.0000000E+000   0.0000000E+000   0.0000000E+000   0.0000000E+000   0.0000000E+000   1.1384585E-033
   8.2000000E+000   0.0000000E+000   0.0000000E+000   0.0000000E+000   0.0000000E+000   7.0835497E-043
   8.4000000E+000   0.0000000E+000   0.0000000E+000   0.0000000E+000   0.0000000E+000   7.4779012E-057
   8.6000000E+000   0.0000000E+000   0.0000000E+000   0.0000000E+000   0.0000000E+000   6.5334214E-087
   8.8000000E+000   0.0000000E+000   0.0000000E+000   0.0000000E+000   0.0000000E+000  -6.5334214E-087
   9.0000000E+000   0.0000000E+000   0.0000000E+000   0.0000000E+000   0.0000000E+000  -7.4779012E-057
   9.2000000E+000   0.0000000E+000   0.0000000E+000   0.0000000E+000   0.0000000E+000  -7.0835497E-043
   9.4000000E+000   0.0000000E+000   0.0000000E+000   0.0000000E+000   0.0000000E+000  -1.1384585E-033
   9.6000000E+000   0.0000000E+000   0.0000000E+000   0.0000000E+000   0.0000000E+000  -8.5589161E-027
   9.8000000E+000   0.0000000E+000   0.0000000E+000   0.0000000E+000   0.0000000E+000  -2.6477674E-021
   1.0000000E+001   0.0000000E+000   0.0000000E+000   0.0000000E+000   0.0000000E+000  -9.8530768E-017
   1.0200000E+001   0.0000000E+000   0.0000000E+000   0.0000000E+000   0.0000000E+000  -8.1075567E-013
   1.0400000E+001   0.0000000E+000   0.0000000E+000   0.0000000E+000   0.0000000E+000  -2.1548782E-009
   1.0600000E+001   0.0000000E+000   0.0000000E+000   0.0000000E+000   0.0000000E+000  -2.3802223E-006
   1.0800000E+001   5.0724473E-008   4.1986721E-008   5.6242339E-008   4.6166047E-008  -1.3030169E-003
   1.1000000E+001   9.3848894E-005   1.0283695E-006   7.0757146E-004   2.6646298E-005  -3.9985641E-001
   1.1200000E+001   7.2086753E-002   2.7154537E-004   7.4293087E-002   3.3262483E-004  -2.8253141E+001
   1.1400000E+001   2.2698527E-001   7.9875174E-004   2.2593677E-001   8.0629371E-004  -1.4555709E-056
   1.1600000E+001   3.2997208E-001   1.3986692E-003   3.2936541E-001   1.3818877E-003   0.0000000E+000
   1.1800000E+001   4.0050551E-001   1.4519251E-003   3.9980500E-001   1.4581099E-003   0.0000000E+000
   1.2000000E+001   4.3572314E-001   1.5170695E-003   4.3532446E-001   1.5217023E-003   0.0000000E+000
   1.2200000E+001   4.5124447E-001   1.5483761E-003   4.5123732E-001   1.5486290E-003   0.0000000E+000
   1.2400000E+001   4.6660223E-001   1.5866001E-003   4.6650377E-001   1.5592293E-003   0.0000000E+000
   1.2600000E+001   4.8192286E-001   1.5551908E-003   4.8192735E-001   1.5879075E-003   0.0000000E+000
   1.2800000E+001   4.9709857E-001   1.2331940E-003   4.9707499E-001   1.2300562E-003   0.0000000E+000
   1.3000000E+001   5.1240377E-001   1.3257885E-003   5.1232893E-001   1.3226044E-003   0.0000000E+000
   1.3200000E+001   5.2797957E-001   1.3572509E-003   5.2823947E-001   1.3708978E-003   0.0000000E+000
   1.3400000E+001   5.4460757E-001   1.2758150E-003   5.4458655E-001   1.2733982E-003   0.0000000E+000
   1.3600000E+001   5.6139440E-001   1.2706285E-003   5.6140501E-001   1.2448027E-003   0.0000000E+000
   1.3800000E+001   5.7786591E-001   1.1712869E-003   5.7780564E-001   1.1866790E-003   0.0000000E+000
   1.4000000E+001   5.9474468E-001   1.0624163E-003   5.9483445E-001   1.0628514E-003   0.0000000E+000
   1.4200000E+001   6.1278162E-001   1.1215078E-003   6.1262276E-001   1.1329082E-003   0.0000000E+000
   1.4400000E+001   6.3013895E-001   1.1610634E-003   6.3008880E-001   1.1584748E-003   0.0000000E+000
   1.4600000E+001   6.4789451E-001   1.1620379E-003   6.4789464E-001   1.1720185E-003   0.0000000E+000
   1.4800000E+001   6.6563100E-001   1.1607198E-003   6.6573002E-001   1.1517208E-003   0.0000000E+000
   1.5000000E+001   6.8389281E-001   1.2607165E-003   6.8377295E-001   1.2707032E-003   0.0000000E+000
   1.5200000E+001   7.0213529E-001   1.0769789E-003   7.0230699E-001   1.1195301E-003   0.0000000E+000
   1.5400000E+001   7.2097912E-001   9.7483597E-004   7.2099883E-001   9.8307276E-004   0.0000000E+000
   1.5600000E+001   7.4028796E-001   1.0791390E-003   7.4019806E-001   1.0883558E-003   0.0000000E+000
   1.5800000E+001   7.5974571E-001   1.1492453E-003   7.5966139E-001   1.1332693E-003   0.0000000E+000
   1.6000000E+001   7.7863747E-001   1.1684293E-003   7.7867311E-001   1.1810986E-003   0.0000000E+000
   1.6200000E+001   7.9882521E-001   1.1113848E-003   7.9880486E-001   1.1113612E-003   0.0000000E+000
   1.6400000E+001   8.1937581E-001   1.0488641E-003   8.1934273E-001   1.0703056E-003   0.0000000E+000
   1.6600000E+001   8.4026433E-001   1.1691758E-003   8.4014399E-001   1.2156062E-003   0.0000000E+000
   1.6800000E+001   8.6128786E-001   1.2480772E-003   8.6116038E-001   1.2214625E-003   0.0000000E+000
   1.7000000E+001   8.8218940E-001   1.2517869E-003   8.8219976E-001   1.2597591E-003   0.0000000E+000
   1.7200000E+001   9.0342750E-001   1.2150023E-003   9.0336658E-001   1.2025227E-003   0.0000000E+000
   1.7400000E+001   9.2587373E-001   1.1626930E-003   9.2576807E-001   1.1876497E-003   0.0000000E+000
   1.7600000E+001   9.4745968E-001   1.2502396E-003   9.4758205E-001   1.2133523E-003   0.0000000E+000
   1.7800000E+001   9.6890956E-001   1.2002746E-003   9.6888796E-001   1.2053719E-003   0.0000000E+000
   1.8000000E+001   9.9060606E-001   1.2011953E-003   9.9074562E-001   1.1991120E-003   0.0000000E+000
   1.8200000E+001   1.0135226E+000   1.2287255E-003   1.0134992E+000   1.2622703E-003   0.0000000E+000
   1.8400000E+001   1.0366233E+000   1.4109913E-003   1.0364680E+000   1.3840843E-003   0.0000000E+000
   1.8600000E+001   1.0599178E+000   1.6181148E-003   1.0598395E+000   1.5981053E-003   0.0000000E+000
   1.8800000E+001   1.0829781E+000   1.4455405E-003   1.0828837E+000   1.4536470E-003   0.0000000E+000
   1.9000000E+001   1.1062468E+000   1.5959744E-003   1.1060714E+000   1.4331331E-003   0.0000000E+000
   1.9200000E+001   1.1295526E+000   1.6111553E-003   1.1295100E+000   1.5886384E-003   0.0000000E+000
   1.9400000E+001   1.1539633E+000   1.5691229E-003   1.1540177E+000   1.5702720E-003   0.0000000E+000
   1.9600000E+001   1.1777804E+000   1.7810696E-003   1.1777723E+000   1.7680293E-003   0.0000000E+000
   1.9800000E+001   1.2020689E+000   2.0298806E-003   1.2020267E+000   2.0312386E-003   0.0000000E+000
   2.0000000E+001   1.2264150E+000   2.1644850E-003   1.2263345E+000   2.1112757E-003   0.0000000E+000
