   8.0000004E-002   0.0000000E+000   0.0000000E+000   0.0000000E+000   0.0000000E+000
   1.2000000E-001   0.0000000E+000   0.0000000E+000   0.0000000E+000   0.0000000E+000
   1.6000001E-001   0.0000000E+000   0.0000000E+000   0.0000000E+000   0.0000000E+000
   2.0000000E-001   0.0000000E+000   0.0000000E+000   0.0000000E+000   0.0000000E+000
   2.4000000E-001   0.0000000E+000   0.0000000E+000   0.0000000E+000   0.0000000E+000
   2.8000001E-001   0.0000000E+000   0.0000000E+000   0.0000000E+000   0.0000000E+000
   3.2000002E-001   0.0000000E+000   0.0000000E+000   0.0000000E+000   0.0000000E+000
   3.5999998E-001   0.0000000E+000   0.0000000E+000   0.0000000E+000   0.0000000E+000
   3.9999999E-001   0.0000000E+000   0.0000000E+000   0.0000000E+000   0.0000000E+000
   4.4000000E-001   0.0000000E+000   0.0000000E+000   0.0000000E+000   0.0000000E+000
   4.8000000E-001   0.0000000E+000   0.0000000E+000   0.0000000E+000   0.0000000E+000
   5.2000001E-001   0.0000000E+000   0.0000000E+000   0.0000000E+000   0.0000000E+000
   5.6000002E-001   0.0000000E+000   0.0000000E+000   0.0000000E+000   0.0000000E+000
   5.9999999E-001   0.0000000E+000   0.0000000E+000   0.0000000E+000   0.0000000E+000
   6.4000003E-001   0.0000000E+000   0.0000000E+000   0.0000000E+000   0.0000000E+000
   6.8000004E-001   0.0000000E+000   0.0000000E+000   0.0000000E+000   0.0000000E+000
   7.1999997E-001   0.0000000E+000   0.0000000E+000   0.0000000E+000   0.0000000E+000
   7.5999998E-001   0.0000000E+000   0.0000000E+000   0.0000000E+000   0.0000000E+000
   7.9999998E-001   0.0000000E+000   0.0000000E+000   0.0000000E+000   0.0000000E+000
   8.3999999E-001   0.0000000E+000   0.0000000E+000   0.0000000E+000   0.0000000E+000
   8.8000000E-001   0.0000000E+000   0.0000000E+000   0.0000000E+000   0.0000000E+000
   9.2000000E-001   0.0000000E+000   0.0000000E+000   0.0000000E+000   0.0000000E+000
   9.6000001E-001   0.0000000E+000   0.0000000E+000   0.0000000E+000   0.0000000E+000
   1.0000000E+000   0.0000000E+000   0.0000000E+000   0.0000000E+000   0.0000000E+000
   1.0400000E+000   1.4071411E-005   1.4822197E-006   1.6696932E-005   1.7249635E-006
   1.0800000E+000   3.1802157E-005   2.9900643E-006   2.8695696E-005   2.5384369E-006
   1.1200000E+000   4.6193977E-005   4.0265378E-006   4.6594384E-005   3.9832579E-006
   1.1600000E+000   6.0380815E-005   4.5355358E-006   6.2591531E-005   4.8323811E-006
   1.2000000E+000   8.2690320E-005   6.9776340E-006   7.9516848E-005   6.2491830E-006
   1.2400000E+000   1.0654137E-004   1.0089797E-005   1.0344452E-004   9.1528263E-006
   1.2800001E+000   1.2895870E-004   1.1050721E-005   1.3299936E-004   1.1375903E-005
   1.3200000E+000   1.5581262E-004   1.4013551E-005   1.5242699E-004   1.3908456E-005
   1.3600001E+000   1.8695310E-004   1.8899168E-005   1.7955942E-004   1.6828049E-005
   1.4000000E+000   2.1871766E-004   2.1012237E-005   2.1237593E-004   1.9313899E-005
   1.4399999E+000   2.4709357E-004   2.2261388E-005   2.4458635E-004   2.1605655E-005
   1.4800000E+000   2.7360516E-004   2.2347088E-005   2.6459390E-004   2.3591911E-005
   1.5200000E+000   2.9560342E-004   2.4355992E-005   3.0153499E-004   2.3872082E-005
   1.5600000E+000   3.3974511E-004   2.6591854E-005   3.3510429E-004   2.9018526E-005
   1.6000000E+000   3.6453153E-004   2.8762119E-005   3.5935779E-004   2.8840616E-005
   1.6400000E+000   3.8689915E-004   3.2512275E-005   4.0384603E-004   3.0979578E-005
   1.6800000E+000   4.2358966E-004   2.9985255E-005   4.1787237E-004   2.9057662E-005
   1.7200001E+000   4.5961417E-004   3.1358878E-005   4.7364895E-004   2.9494031E-005
   1.7600000E+000   4.9935171E-004   3.1616428E-005   4.8901484E-004   3.1726633E-005
   1.8000001E+000   5.3308882E-004   3.3005269E-005   5.4408592E-004   4.2730026E-005
   1.8400000E+000   5.7158005E-004   4.6458357E-005   5.7285210E-004   4.1634370E-005
   1.8799999E+000   6.1270800E-004   4.7115474E-005   6.0389695E-004   4.7077570E-005
   1.9200000E+000   6.5255128E-004   4.6125150E-005   6.4538314E-004   4.9648539E-005
   1.9599999E+000   6.8836650E-004   4.7284580E-005   6.9283882E-004   4.6430039E-005
   2.0000000E+000   7.3190267E-004   4.8554563E-005   7.2226052E-004   4.6707813E-005
   2.0400000E+000   7.8777162E-004   5.0211991E-005   7.6887624E-004   4.6350286E-005
   2.0800000E+000   8.2275211E-004   4.9421994E-005   8.2794268E-004   4.7099083E-005
   2.1200000E+000   8.5845561E-004   4.9387745E-005   8.4228741E-004   5.0194028E-005
   2.1600001E+000   9.0059934E-004   5.2792534E-005   9.1636646E-004   5.1346786E-005
   2.2000000E+000   9.4188518E-004   5.5735019E-005   9.4464126E-004   6.0522494E-005
   2.2400001E+000   9.9514775E-004   5.1341480E-005   1.0133258E-003   5.8192618E-005
   2.2800000E+000   1.0730210E-003   5.5233726E-005   1.0619585E-003   5.1991172E-005
   2.3199999E+000   1.1411263E-003   4.6015251E-005   1.1386584E-003   5.5792398E-005
   2.3600000E+000   1.1925717E-003   5.6759531E-005   1.2080487E-003   5.6170656E-005
   2.3999999E+000   1.2426977E-003   5.0769978E-005   1.2404344E-003   6.1631599E-005
   2.4400000E+000   1.3123731E-003   4.5428118E-005   1.3089711E-003   4.8370453E-005
   2.4800000E+000   1.3719317E-003   4.6438219E-005   1.3716081E-003   5.0360489E-005
   2.5200000E+000   1.4217558E-003   5.1410151E-005   1.4223349E-003   4.8426343E-005
   2.5600001E+000   1.4909760E-003   6.5041808E-005   1.4883079E-003   6.2870676E-005
   2.5999999E+000   1.5603041E-003   6.6415648E-005   1.5543110E-003   7.1871495E-005
   2.6400000E+000   1.6299587E-003   5.1961433E-005   1.6139238E-003   5.2187242E-005
   2.6800001E+000   1.6865341E-003   5.0349348E-005   1.7025514E-003   6.1060144E-005
   2.7200001E+000   1.7676407E-003   5.3951323E-005   1.7613340E-003   6.7481650E-005
   2.7599999E+000   1.8300414E-003   5.2815402E-005   1.8271619E-003   3.5168208E-005
   2.8000000E+000   1.9094946E-003   4.6940877E-005   1.9150720E-003   5.8753191E-005
   2.8400001E+000   2.0246240E-003   4.6445327E-005   1.9856726E-003   4.4304376E-005
   2.8799999E+000   2.0708032E-003   6.0466334E-005   2.0849972E-003   5.5536163E-005
   2.9200000E+000   2.1674469E-003   5.5850209E-005   2.1467160E-003   6.4367162E-005
   2.9600000E+000   2.2137972E-003   5.8706895E-005   2.2450405E-003   4.9819257E-005
   3.0000001E+000   2.3005961E-003   5.7073491E-005   2.3073220E-003   5.9448275E-005
   3.0399999E+000   2.3947355E-003   5.6646496E-005   2.3685418E-003   5.2574773E-005
   3.0800000E+000   2.4587373E-003   5.7410013E-005   2.4422197E-003   5.6008079E-005
   3.1200001E+000   2.5149136E-003   5.6420411E-005   2.5061203E-003   5.5569246E-005
   3.1600001E+000   2.5869533E-003   5.6749106E-005   2.5873104E-003   5.9039117E-005
   3.1999999E+000   2.7009914E-003   5.7970541E-005   2.6849205E-003   5.2038872E-005
   3.2400000E+000   2.7618606E-003   6.1721736E-005   2.7594860E-003   5.3080753E-005
   3.2800001E+000   2.8896561E-003   6.0473275E-005   2.8771330E-003   6.6743673E-005
   3.3199999E+000   2.9013953E-003   6.4138202E-005   2.9517417E-003   6.4692345E-005
   3.3600000E+000   2.9961786E-003   6.5292883E-005   3.0039525E-003   5.8081467E-005
   3.4000000E+000   3.1190045E-003   6.9588844E-005   3.1173121E-003   6.3610109E-005
   3.4400001E+000   3.1878773E-003   5.8687476E-005   3.1781686E-003   6.5880835E-005
   3.4799999E+000   3.2277452E-003   6.7328651E-005   3.2614958E-003   5.9474178E-005
   3.5200000E+000   3.3060715E-003   5.9475750E-005   3.2900963E-003   5.7439755E-005
   3.5600001E+000   3.3601209E-003   6.6820793E-005   3.3556712E-003   5.4330272E-005
   3.6000001E+000   3.4356449E-003   5.4045786E-005   3.4779212E-003   5.9423455E-005
   3.6399999E+000   3.5257248E-003   5.8865807E-005   3.5494821E-003   6.9659777E-005
   3.6800000E+000   3.6121423E-003   5.8839239E-005   3.6029408E-003   5.9197314E-005
   3.7200001E+000   3.6723577E-003   6.7289104E-005   3.6985290E-003   5.8349481E-005
   3.7599999E+000   3.7667753E-003   6.1237332E-005   3.8118244E-003   7.6306479E-005
   3.8000000E+000   3.9026382E-003   6.9431223E-005   3.8885712E-003   6.8431597E-005
   3.8400000E+000   4.0018540E-003   6.1445628E-005   3.9873006E-003   5.9310156E-005
   3.8800001E+000   4.1138988E-003   6.0573729E-005   4.0914894E-003   5.8786523E-005
   3.9199999E+000   4.1920773E-003   5.7734616E-005   4.1979244E-003   5.4145616E-005
   3.9600000E+000   4.3166479E-003   5.9934354E-005   4.3351608E-003   5.9097758E-005
   4.0000001E+000   4.3789458E-003   5.4167296E-005   4.3976498E-003   5.9830334E-005
   4.0400001E+000   4.4831488E-003   5.7063116E-005   4.5258406E-003   6.0072798E-005
   4.0799999E+000   4.6484499E-003   6.3253883E-005   4.6207533E-003   6.1214208E-005
   4.1200000E+000   4.7731832E-003   6.1142207E-005   4.7416501E-003   5.9998530E-005
   4.1600001E+000   4.8296627E-003   6.5624597E-005   4.8232801E-003   6.5217237E-005
   4.1999999E+000   4.9446589E-003   6.8218952E-005   4.9358700E-003   6.6570014E-005
   4.2399999E+000   5.0307603E-003   6.6306716E-005   5.0423380E-003   6.5942188E-005
   4.2800000E+000   5.1844566E-003   6.8849618E-005   5.1533042E-003   6.9343233E-005
   4.3200001E+000   5.3098949E-003   7.7082598E-005   5.2814572E-003   8.7121285E-005
   4.3599999E+000   5.3757860E-003   8.3025905E-005   5.3888326E-003   8.4729850E-005
   4.4000000E+000   5.5198799E-003   8.7580938E-005   5.5125667E-003   8.4810254E-005
   4.4400001E+000   5.6792173E-003   8.3967012E-005   5.6510765E-003   7.4073214E-005
   4.4800001E+000   5.8019460E-003   8.2258044E-005   5.7705877E-003   8.1662352E-005
   4.5199999E+000   5.9301229E-003   7.7630719E-005   5.9321947E-003   9.3817706E-005
   4.5600000E+000   6.0733436E-003   9.2977525E-005   6.0856103E-003   8.4675267E-005
   4.6000001E+000   6.2303557E-003   9.7493248E-005   6.2149775E-003   9.3751966E-005
   4.6399999E+000   6.3655866E-003   7.8371002E-005   6.3744031E-003   8.6163255E-005
   4.6799999E+000   6.4929204E-003   7.8726523E-005   6.4832871E-003   8.2456221E-005
   4.7200000E+000   6.6377465E-003   9.6378724E-005   6.6310265E-003   9.6333401E-005
   4.7600001E+000   6.7350232E-003   1.0864288E-004   6.7736751E-003   1.0171651E-004
   4.7999999E+000   6.8511272E-003   1.0921112E-004   6.8194010E-003   1.0428991E-004
   4.8400000E+000   6.9392214E-003   1.0808208E-004   6.9746920E-003   1.1450129E-004
   4.8800001E+000   7.0774795E-003   1.0999604E-004   7.0153240E-003   1.0991866E-004
   4.9200001E+000   7.2034177E-003   1.1525206E-004   7.1524327E-003   1.2394036E-004
   4.9599999E+000   7.3148546E-003   1.3224305E-004   7.3237657E-003   1.2731045E-004
   5.0000000E+000   7.4732771E-003   1.2955818E-004   7.4619986E-003   1.3903816E-004
   5.0400001E+000   7.5486381E-003   1.2589549E-004   7.5754014E-003   1.2618611E-004
   5.0800002E+000   7.7272495E-003   1.3142626E-004   7.7334658E-003   1.2059064E-004
   5.1200002E+000   7.8385798E-003   1.1796367E-004   7.8623253E-003   1.3458432E-004
   5.1599997E+000   7.9767086E-003   1.3195028E-004   7.9949699E-003   1.2833863E-004
   5.1999998E+000   8.1435668E-003   1.3424014E-004   8.1987733E-003   1.4504735E-004
   5.2399999E+000   8.3075657E-003   2.6771193E-004   8.3151633E-003   2.4994473E-004
   5.2800000E+000   8.4187030E-003   1.8499023E-004   8.3992265E-003   2.7304034E-004
   5.3200001E+000   8.5034727E-003   2.7819172E-004   8.5706223E-003   3.3831488E-004
   5.3600001E+000   8.7780908E-003   3.3881364E-004   8.6929053E-003   2.7524156E-004
   5.4000002E+000   8.8838241E-003   2.8362329E-004   8.8911746E-003   3.3467826E-004
   5.4400003E+000   9.0190667E-003   3.6449136E-004   9.0141362E-003   3.2869663E-004
   5.4799998E+000   9.1528400E-003   3.1387171E-004   9.1482121E-003   3.3147748E-004
   5.5199999E+000   9.3150691E-003   2.9908133E-004   9.3314370E-003   3.2741995E-004
   5.5599999E+000   9.4480386E-003   3.4487934E-004   9.4831850E-003   3.0048204E-004
   5.6000000E+000   9.6479736E-003   3.0389754E-004   9.6608244E-003   3.6018881E-004
   5.6400001E+000   9.8065031E-003   3.9503234E-004   9.8067814E-003   3.2908886E-004
   5.6800002E+000   9.9846113E-003   3.2947703E-004   1.0022179E-002   3.1227322E-004
   5.7200003E+000   1.0195448E-002   3.1999922E-004   1.0172108E-002   3.2901074E-004
   5.7599998E+000   1.0278590E-002   3.0837238E-004   1.0289335E-002   3.1908928E-004
   5.7999998E+000   1.0498509E-002   2.7611862E-004   1.0491381E-002   3.0542627E-004
   5.8399999E+000   1.0667980E-002   2.0385993E-004   1.0686019E-002   2.8832379E-004
   5.8800000E+000   1.0832935E-002   1.9239598E-004   1.0894734E-002   1.8267533E-004
   5.9200001E+000   1.1005379E-002   2.0795001E-004   1.0925194E-002   1.9608306E-004
   5.9600002E+000   1.1284915E-002   1.9522907E-004   1.0424283E-002   2.7254602E-004
   6.0000002E+000   1.2644795E-002   2.2314906E-004   8.8448357E-003   1.3670812E-004
   6.0399997E+000   5.1967730E-003   9.4849286E-005   7.8814607E-003   1.3224849E-004
   6.0799998E+000   6.5850730E-003   9.9003655E-005   6.8186932E-003   1.1323460E-004
   6.1199999E+000   6.7994518E-003   1.0769726E-004   6.7609685E-003   1.1066710E-004
   6.1600000E+000   6.9576379E-003   1.2833281E-004   6.9241384E-003   1.2287268E-004
   6.2000000E+000   7.0793896E-003   1.2150603E-004   7.0772214E-003   1.2530059E-004
   6.2400001E+000   7.1849387E-003   1.5645382E-004   7.1144651E-003   1.5801529E-004
   6.2800002E+000   7.2326245E-003   1.6704578E-004   7.2768872E-003   1.5793514E-004
   6.3200003E+000   7.3798245E-003   1.6891887E-004   7.3898588E-003   1.6569120E-004
   6.3599998E+000   7.4683096E-003   1.7612723E-004   7.4664116E-003   1.6295778E-004
   6.3999999E+000   7.5532138E-003   1.8215685E-004   7.5716472E-003   2.2714056E-004
   6.4399999E+000   7.7557685E-003   1.7343087E-004   7.7166568E-003   1.7413217E-004
   6.4800000E+000   7.8060720E-003   1.8221264E-004   7.8422916E-003   1.6483637E-004
   6.5200001E+000   7.9724286E-003   2.0208648E-004   7.9690391E-003   1.5569352E-004
   6.5600002E+000   8.0305884E-003   1.7648629E-004   8.0725138E-003   1.5038037E-004
   6.6000003E+000   8.1325724E-003   1.5503559E-004   8.1516644E-003   1.9129543E-004
   6.6399997E+000   8.2587380E-003   1.4707036E-004   8.2838495E-003   1.9438222E-004
   6.6799998E+000   8.3432034E-003   2.0391348E-004   8.3383365E-003   2.1005520E-004
   6.7199999E+000   8.4618681E-003   1.7325990E-004   8.4489153E-003   1.3860336E-004
   6.7600000E+000   8.6305427E-003   1.1718147E-004   8.6257322E-003   1.2457769E-004
   6.8000001E+000   8.7112208E-003   1.2386028E-004   8.7126326E-003   1.1680298E-004
   6.8400002E+000   8.8411349E-003   2.2066624E-004   8.8812001E-003   1.2657208E-004
   6.8800002E+000   8.9682972E-003   1.2834493E-004   8.9495991E-003   1.8456419E-004
   6.9199997E+000   9.0979102E-003   1.3569277E-004   9.0202373E-003   1.3975195E-004
   6.9599998E+000   9.1639674E-003   1.4273758E-004   9.2012448E-003   1.4079606E-004
   6.9999999E+000   9.2962942E-003   1.4337111E-004   9.2797879E-003   1.8937601E-004
   7.0400000E+000   9.4359467E-003   1.3609420E-004   9.4314887E-003   1.9572184E-004
   7.0800000E+000   9.5592774E-003   1.8878325E-004   9.5446331E-003   1.8403325E-004
   7.1200001E+000   9.6728461E-003   1.9416828E-004   9.6923709E-003   1.9129252E-004
   7.1600002E+000   9.8041144E-003   1.8221608E-004   9.7736288E-003   1.8238522E-004
   7.2000003E+000   9.8970305E-003   1.8091391E-004   9.9348883E-003   1.9241791E-004
   7.2399998E+000   1.0071936E-002   1.7905125E-004   1.0083251E-002   1.9339297E-004
   7.2799999E+000   1.0213673E-002   1.7875097E-004   1.0183503E-002   1.5938183E-004
   7.3199999E+000   1.0356485E-002   1.7682188E-004   1.0298636E-002   1.7961894E-004
   7.3600000E+000   1.0437392E-002   1.8910017E-004   1.0477120E-002   2.0261406E-004
   7.4000001E+000   1.0536334E-002   1.7656817E-004   1.0563850E-002   1.8061823E-004
   7.4400002E+000   1.0680331E-002   2.1433448E-004   1.0611029E-002   2.0880199E-004
   7.4800003E+000   1.0765208E-002   1.9877239E-004   1.0784913E-002   1.9434805E-004
   7.5199997E+000   1.0878359E-002   2.0912406E-004   1.0890000E-002   2.0621668E-004
   7.5599998E+000   1.1132282E-002   2.2079373E-004   1.1104858E-002   2.2129627E-004
   7.5999999E+000   1.1225255E-002   2.1261685E-004   1.1180915E-002   2.4929551E-004
   7.6400000E+000   1.1337053E-002   2.4476518E-004   1.1415955E-002   2.0496166E-004
   7.6800001E+000   1.1528977E-002   2.3165866E-004   1.1499717E-002   2.5025058E-004
   7.7200001E+000   1.1676969E-002   2.4755918E-004   1.1689542E-002   3.4404803E-004
   7.7600002E+000   1.1778308E-002   2.4908397E-004   1.1830877E-002   2.5117325E-004
   7.7999997E+000   1.1993322E-002   2.3977095E-004   1.1935800E-002   2.5344873E-004
   7.8399998E+000   1.1974676E-002   2.2654645E-004   1.2051631E-002   2.3132696E-004
   7.8799999E+000   1.2146237E-002   2.7700299E-004   1.2147956E-002   2.5363815E-004
   7.9200000E+000   1.2290280E-002   2.4497694E-004   1.2221251E-002   2.6179563E-004
   7.9600000E+000   1.2357602E-002   2.4523919E-004   1.2405210E-002   2.4483299E-004
   8.0000001E+000   1.2511371E-002   2.3158119E-004   1.2511510E-002   2.5458654E-004
   8.0400002E+000   1.2557900E-002   2.5935041E-004   1.2543832E-002   2.3616302E-004
   8.0800003E+000   1.2705421E-002   2.6884043E-004   1.2755093E-002   2.3114855E-004
   8.1199998E+000   1.2859254E-002   2.5306694E-004   1.2838013E-002   2.2856371E-004
   8.1599998E+000   1.2973322E-002   2.3707293E-004   1.2951763E-002   2.4346603E-004
   8.1999999E+000   1.3110933E-002   2.1292196E-004   1.3184774E-002   2.7381389E-004
   8.2400000E+000   1.3319328E-002   2.5912670E-004   1.3250535E-002   2.6618987E-004
   8.2800001E+000   1.3375363E-002   2.1107611E-004   1.3398426E-002   1.4107061E-004
   8.3200002E+000   1.3542759E-002   2.0505076E-004   1.3525216E-002   2.8839933E-004
   8.3600003E+000   1.3600049E-002   1.3144459E-004   1.3616789E-002   1.3599989E-004
   8.3999997E+000   1.3738549E-002   1.4182259E-004   1.3737999E-002   1.4498740E-004
   8.4399998E+000   1.3873966E-002   2.0234458E-004   1.3813723E-002   2.1517967E-004
   8.4799999E+000   1.3935017E-002   2.9339954E-004   1.3971091E-002   2.2007765E-004
   8.5200000E+000   1.4057745E-002   2.4671215E-004   1.4045065E-002   2.1386816E-004
   8.5600001E+000   1.4190747E-002   2.6342915E-004   1.4182719E-002   2.4518245E-004
   8.6000001E+000   1.4306429E-002   2.0799440E-004   1.4219054E-002   2.3345848E-004
   8.6400002E+000   1.4378016E-002   1.8615589E-004   1.4411969E-002   1.8510300E-004
   8.6799997E+000   1.4629092E-002   2.5053576E-004   1.4619740E-002   2.0074442E-004
   8.7199998E+000   1.4767144E-002   2.5180136E-004   1.4795028E-002   2.5920164E-004
   8.7599999E+000   1.4954926E-002   2.8173123E-004   1.4944021E-002   2.6478803E-004
   8.8000000E+000   1.5131145E-002   2.1337095E-004   1.5141085E-002   2.1324957E-004
   8.8400000E+000   1.5245362E-002   1.9895141E-004   1.5286616E-002   2.2185404E-004
   8.8800001E+000   1.5389049E-002   1.6796807E-004   1.5365397E-002   1.4347906E-004
   8.9200002E+000   1.5546207E-002   1.4729592E-004   1.5555800E-002   2.1324359E-004
   8.9600003E+000   1.5631214E-002   2.0458807E-004   1.5712479E-002   1.9479162E-004
   8.9999998E+000   1.5886996E-002   1.9231713E-004   1.5875873E-002   1.9865312E-004
   9.0399998E+000   1.6039643E-002   2.3374523E-004   1.6010824E-002   1.9461429E-004
   9.0799999E+000   1.6202975E-002   1.6926025E-004   1.6186089E-002   2.1356635E-004
   9.1200000E+000   1.6375435E-002   2.1216338E-004   1.6389425E-002   2.1362658E-004
   9.1600001E+000   1.6506819E-002   1.9089182E-004   1.6601425E-002   1.4483700E-004
   9.2000002E+000   1.6692915E-002   1.4779289E-004   1.6688483E-002   1.3122543E-004
   9.2400002E+000   1.6865449E-002   1.5224799E-004   1.6855005E-002   1.3582579E-004
   9.2799997E+000   1.6917523E-002   1.3520491E-004   1.6948080E-002   1.4206877E-004
   9.3199998E+000   1.7009292E-002   1.4589618E-004   1.7044299E-002   1.5941676E-004
   9.3599999E+000   1.7240729E-002   1.5981771E-004   1.7315275E-002   1.4532173E-004
   9.4000000E+000   1.7519596E-002   1.4455266E-004   1.7530979E-002   1.4883523E-004
   9.4400001E+000   1.7742816E-002   1.4910811E-004   1.7721406E-002   1.4432834E-004
   9.4800001E+000   1.7820492E-002   1.6456738E-004   1.7916907E-002   1.7283435E-004
   9.5200002E+000   1.8061158E-002   1.6048411E-004   1.7993700E-002   1.7600104E-004
   9.5599997E+000   1.8282316E-002   1.6113689E-004   1.8256166E-002   1.5460685E-004
   9.5999998E+000   1.8382849E-002   1.5174835E-004   1.8449575E-002   1.5451835E-004
   9.6399999E+000   1.8630961E-002   1.3643677E-004   1.8616701E-002   1.4213731E-004
   9.6799999E+000   1.8824969E-002   1.5624834E-004   1.8845004E-002   1.6169043E-004
   9.7200000E+000   1.8958112E-002   1.5699136E-004   1.8950542E-002   1.5457695E-004
   9.7600001E+000   1.9112563E-002   1.7673776E-004   1.9171994E-002   1.7286176E-004
   9.8000002E+000   1.9326437E-002   1.6000028E-004   1.9348841E-002   1.9464871E-004
   9.8400003E+000   1.9468849E-002   1.7134837E-004   1.9503674E-002   1.6452235E-004
   9.8799998E+000   1.9620614E-002   1.6483796E-004   1.9629779E-002   1.9323012E-004
   9.9199998E+000   1.9739985E-002   1.8079774E-004   1.9711812E-002   2.7738790E-004
   9.9599999E+000   1.9880645E-002   1.7086923E-004   1.9871332E-002   1.8939606E-004
   1.0000000E+001   2.0065341E-002   1.7557757E-004   2.0047019E-002   2.2415869E-004
   1.0039999E+001   2.0349324E-002   2.3922447E-004   2.0320451E-002   2.2744717E-004
   1.0080000E+001   2.0576921E-002   2.2465799E-004   2.0550690E-002   1.8050734E-004
   1.0120000E+001   2.0711055E-002   2.2535050E-004   2.0752378E-002   2.3553614E-004
   1.0160000E+001   2.0840491E-002   1.7892655E-004   2.0822108E-002   1.8176363E-004
   1.0200000E+001   2.0962880E-002   1.7541506E-004   2.1043694E-002   1.6636726E-004
   1.0240000E+001   2.1223519E-002   1.7600028E-004   2.1107539E-002   1.7489992E-004
   1.0280000E+001   2.1323031E-002   1.7821281E-004   2.1323542E-002   1.6408564E-004
   1.0319999E+001   2.1457119E-002   1.7000173E-004   2.1517043E-002   1.8002446E-004
   1.0360000E+001   2.1577676E-002   1.7316194E-004   2.1612613E-002   1.7154653E-004
   1.0400000E+001   2.1767820E-002   1.5989750E-004   2.1853352E-002   1.7712336E-004
   1.0440000E+001   2.1894072E-002   1.6706143E-004   2.1878982E-002   1.6632425E-004
   1.0480000E+001   2.2172651E-002   1.9355495E-004   2.2053022E-002   1.7732450E-004
   1.0520000E+001   2.2267265E-002   1.8049012E-004   2.2335853E-002   1.8080449E-004
   1.0560000E+001   2.2518828E-002   1.8198436E-004   2.2452982E-002   1.9095626E-004
   1.0599999E+001   2.2587920E-002   1.9039256E-004   2.2538286E-002   1.8189372E-004
   1.0640000E+001   2.2802303E-002   1.9374982E-004   2.2760220E-002   1.8197291E-004
   1.0680000E+001   2.2838355E-002   1.6133393E-004   2.2955323E-002   1.8454803E-004
   1.0720000E+001   2.3134408E-002   1.6133568E-004   2.3099793E-002   1.6759115E-004
   1.0760000E+001   2.3336102E-002   1.6965677E-004   2.3305207E-002   1.7069127E-004
   1.0800000E+001   2.3620743E-002   1.8125294E-004   2.3507751E-002   1.6748889E-004
   1.0840000E+001   2.3794002E-002   1.7474559E-004   2.3752091E-002   1.7292981E-004
   1.0880001E+001   2.3936070E-002   1.9608439E-004   2.3837684E-002   2.5616553E-004
   1.0920000E+001   2.4079662E-002   1.7468508E-004   2.3882830E-002   1.5505627E-004
   1.0960000E+001   2.3710308E-002   1.5411869E-004   2.4469617E-002   1.7109767E-004
   1.1000000E+001   1.9139217E-002   1.2666393E-004   2.9022876E-002   1.9359152E-004
   1.1040000E+001   4.7556948E-002   4.5488372E-004   3.3472075E-002   2.0236335E-004
   1.1080000E+001   4.3108669E-002   2.6215810E-004   3.9975016E-002   2.7585062E-004
   1.1120000E+001   4.3020932E-002   2.8393699E-004   4.2933613E-002   2.6607903E-004
   1.1160001E+001   4.3507885E-002   2.8633050E-004   4.3490652E-002   2.6929767E-004
   1.1200000E+001   4.3935643E-002   3.3295618E-004   4.3872817E-002   2.8629561E-004
   1.1240000E+001   4.4170135E-002   2.6962211E-004   4.4256411E-002   2.4625735E-004
   1.1280000E+001   4.4626613E-002   2.4437247E-004   4.4623854E-002   2.8499870E-004
   1.1320000E+001   4.4808543E-002   2.7113265E-004   4.4770748E-002   2.6692245E-004
   1.1360000E+001   4.5178381E-002   2.6358923E-004   4.5274398E-002   2.6076555E-004
   1.1400000E+001   4.5652929E-002   2.7716051E-004   4.5616366E-002   2.7051156E-004
   1.1440001E+001   4.6048702E-002   2.0218652E-004   4.5980885E-002   2.5813679E-004
   1.1480000E+001   4.6230687E-002   2.7578250E-004   4.6381023E-002   2.7591462E-004
   1.1520000E+001   4.6833593E-002   2.7955540E-004   4.6838847E-002   2.3417981E-004
   1.1560000E+001   4.7218292E-002   2.8250747E-004   4.7209710E-002   2.8624032E-004
   1.1600000E+001   4.7636285E-002   3.9303977E-004   4.7460670E-002   4.0991893E-004
   1.1640000E+001   4.7963465E-002   2.3377911E-004   4.7793669E-002   3.8995935E-004
   1.1680000E+001   4.8122478E-002   4.4803132E-004   4.8174705E-002   4.5862186E-004
   1.1720001E+001   4.8438211E-002   4.3044699E-004   4.8502441E-002   3.1036399E-004
   1.1760000E+001   4.8887271E-002   3.7917977E-004   4.8729477E-002   4.6264724E-004
   1.1799999E+001   4.9039658E-002   4.0595853E-004   4.9119228E-002   3.7598195E-004
   1.1840000E+001   4.9491754E-002   3.4292299E-004   4.9473663E-002   3.5429698E-004
   1.1880000E+001   4.9940630E-002   3.6882757E-004   4.9962528E-002   3.3885686E-004
   1.1920000E+001   5.0273619E-002   3.4056693E-004   5.0252794E-002   3.7647400E-004
   1.1960000E+001   5.0595685E-002   3.7420035E-004   5.0638999E-002   3.8609803E-004
   1.2000000E+001   5.1088704E-002   3.7476504E-004   5.0970264E-002   3.6559245E-004
   1.2040000E+001   5.1309314E-002   3.6627549E-004   5.1409342E-002   3.5696519E-004
   1.2079999E+001   5.1820477E-002   3.3961362E-004   5.1713103E-002   3.7084149E-004
   1.2120000E+001   5.2034084E-002   3.5497451E-004   5.2111922E-002   3.6404338E-004
   1.2160000E+001   5.2391431E-002   3.6858075E-004   5.2471619E-002   4.0070396E-004
   1.2200000E+001   5.2845175E-002   3.6700913E-004   5.2638466E-002   3.5135903E-004
   1.2240000E+001   5.2740265E-002   3.3518186E-004   5.2835834E-002   3.3416355E-004
   1.2280000E+001   5.3191569E-002   3.4434304E-004   5.3175927E-002   3.4270473E-004
   1.2320000E+001   5.3366208E-002   4.0926733E-004   5.3570324E-002   3.6692771E-004
   1.2359999E+001   5.3844103E-002   3.7605964E-004   5.3714235E-002   3.8487660E-004
   1.2400000E+001   5.4204448E-002   4.2328630E-004   5.4319834E-002   4.2871855E-004
   1.2440000E+001   5.4720072E-002   4.0342305E-004   5.4583914E-002   4.1514405E-004
   1.2480000E+001   5.4874415E-002   4.4869891E-004   5.5001718E-002   4.3112785E-004
   1.2520000E+001   5.5388615E-002   4.5437525E-004   5.5330200E-002   4.8580622E-004
   1.2560000E+001   5.5703784E-002   4.0614446E-004   5.5662705E-002   4.4544367E-004
   1.2600000E+001   5.5798813E-002   3.9992152E-004   5.5976661E-002   3.8928726E-004
   1.2640001E+001   5.6365562E-002   4.8232063E-004   5.6257776E-002   4.7987262E-004
   1.2680000E+001   5.6791783E-002   4.7464005E-004   5.6572524E-002   4.9428935E-004
   1.2720000E+001   5.7018826E-002   3.6954911E-004   5.6990390E-002   3.8434792E-004
   1.2760000E+001   5.7146888E-002   3.4565776E-004   5.7396834E-002   3.5201185E-004
   1.2800000E+001   5.7597489E-002   3.7733520E-004   5.7529141E-002   3.7681623E-004
   1.2840000E+001   5.8062487E-002   3.7050454E-004   5.8038559E-002   3.8649660E-004
   1.2880000E+001   5.8446639E-002   3.8372190E-004   5.8272326E-002   3.7685464E-004
   1.2920001E+001   5.8926973E-002   4.6902302E-004   5.8696413E-002   3.7368755E-004
   1.2960000E+001   5.9316637E-002   3.3575435E-004   5.9252044E-002   3.3612536E-004
   1.3000000E+001   5.9626765E-002   3.3704554E-004   5.9811349E-002   3.2099492E-004
   1.3040000E+001   6.0031659E-002   4.2243986E-004   6.0043028E-002   3.7740719E-004
   1.3080000E+001   6.0369374E-002   3.5586467E-004   6.0373596E-002   4.3716363E-004
   1.3120000E+001   6.0742618E-002   3.8489470E-004   6.0601766E-002   3.6380641E-004
   1.3160000E+001   6.1049308E-002   3.9310754E-004   6.1082564E-002   3.0716713E-004
   1.3200001E+001   6.1494639E-002   3.1660413E-004   6.1525103E-002   3.2628166E-004
   1.3240000E+001   6.1874302E-002   3.2433793E-004   6.1886946E-002   2.9847545E-004
   1.3279999E+001   6.2312892E-002   2.4424072E-004   6.2374068E-002   2.9850576E-004
   1.3320000E+001   6.2739612E-002   2.7893852E-004   6.2698303E-002   2.7019877E-004
   1.3360000E+001   6.3221973E-002   2.8745266E-004   6.3028855E-002   2.5434341E-004
   1.3400000E+001   6.3323312E-002   2.9162633E-004   6.3462656E-002   2.4548067E-004
   1.3440000E+001   6.3715140E-002   2.5653561E-004   6.3618592E-002   2.7616519E-004
   1.3480000E+001   6.3908951E-002   3.3597016E-004   6.4085318E-002   3.2196861E-004
   1.3520000E+001   6.4221459E-002   3.5080743E-004   6.4352368E-002   2.6866272E-004
   1.3559999E+001   6.4506165E-002   3.0552296E-004   6.4655393E-002   3.0512684E-004
   1.3600000E+001   6.5061019E-002   3.1910918E-004   6.4881774E-002   2.9133348E-004
   1.3640000E+001   6.5180017E-002   3.2631707E-004   6.5356493E-002   2.9964781E-004
   1.3680000E+001   6.5673540E-002   3.1198735E-004   6.5579877E-002   3.1185607E-004
   1.3720000E+001   6.6050374E-002   3.2914973E-004   6.6041305E-002   4.0423859E-004
   1.3760000E+001   6.6488601E-002   2.6547487E-004   6.6506367E-002   4.2027617E-004
   1.3800000E+001   6.6955730E-002   4.6551435E-004   6.6929664E-002   4.3590232E-004
   1.3839999E+001   6.7463696E-002   4.9126003E-004   6.7407090E-002   4.7181584E-004
   1.3880000E+001   6.7772920E-002   4.7330336E-004   6.7913892E-002   4.7367513E-004
   1.3920000E+001   6.8195310E-002   4.7885649E-004   6.8128562E-002   5.3030761E-004
   1.3960000E+001   6.8591577E-002   5.3988473E-004   6.8668532E-002   4.8388734E-004
   1.4000000E+001   6.9114593E-002   4.6968774E-004   6.9065179E-002   5.5228522E-004
   1.4040000E+001   6.9545393E-002   4.5161657E-004   6.9496377E-002   5.1031801E-004
   1.4080000E+001   7.0070953E-002   3.8994663E-004   6.9907870E-002   5.0562601E-004
   1.4119999E+001   7.0470287E-002   3.5900262E-004   7.0427468E-002   2.9511335E-004
   1.4160000E+001   7.0800040E-002   3.5473758E-004   7.0979286E-002   3.4757646E-004
   1.4200000E+001   7.1475897E-002   3.5021470E-004   7.1395775E-002   3.0604894E-004
   1.4240000E+001   7.1948496E-002   3.0939327E-004   7.1816049E-002   3.1474642E-004
   1.4280000E+001   7.2343740E-002   2.6826678E-004   7.2186788E-002   3.2749805E-004
   1.4320000E+001   7.2471676E-002   2.7164656E-004   7.2762862E-002   3.0741797E-004
   1.4360000E+001   7.3260459E-002   3.2472642E-004   7.3131948E-002   3.4862658E-004
   1.4400001E+001   7.3507982E-002   3.3607773E-004   7.3475127E-002   3.2240584E-004
   1.4440000E+001   7.3839443E-002   2.9811853E-004   7.3816016E-002   3.0416112E-004
   1.4480000E+001   7.4375364E-002   3.0801188E-004   7.4403445E-002   3.2279724E-004
   1.4520000E+001   7.4896484E-002   3.3793534E-004   7.4896197E-002   3.0491349E-004
   1.4560000E+001   7.5414828E-002   3.3680208E-004   7.5420149E-002   3.3139913E-004
   1.4600000E+001   7.6035879E-002   3.0596819E-004   7.6115664E-002   3.4453668E-004
   1.4640000E+001   7.6646214E-002   3.4876697E-004   7.6619973E-002   3.4135982E-004
   1.4680001E+001   7.6969421E-002   4.3183895E-004   7.6898349E-002   3.6221480E-004
   1.4720000E+001   7.7540817E-002   3.6427443E-004   7.7656573E-002   3.7565847E-004
   1.4760000E+001   7.8019376E-002   3.7016247E-004   7.7894683E-002   2.6745983E-004
   1.4800000E+001   7.8439438E-002   2.6996085E-004   7.8495057E-002   3.8243970E-004
   1.4840000E+001   7.8836450E-002   2.7507312E-004   7.8786056E-002   3.7202270E-004
   1.4880000E+001   7.9276771E-002   4.2430515E-004   7.9378900E-002   3.6680152E-004
   1.4920000E+001   7.9865082E-002   3.6558504E-004   7.9836350E-002   3.3948839E-004
   1.4960001E+001   8.0460025E-002   3.5065716E-004   8.0216761E-002   4.2413265E-004
   1.5000000E+001   8.0754823E-002   3.3516149E-004   8.0684409E-002   3.4053439E-004
   1.5039999E+001   8.1015880E-002   3.2291971E-004   8.1399134E-002   3.3374876E-004
   1.5080000E+001   8.1718733E-002   3.0470191E-004   8.1713402E-002   3.1774722E-004
   1.5120000E+001   8.2171221E-002   3.2176038E-004   8.2251614E-002   2.9848543E-004
   1.5160000E+001   8.2638877E-002   3.0401484E-004   8.2650386E-002   2.8414637E-004
   1.5200000E+001   8.3131805E-002   2.7791769E-004   8.3313631E-002   2.8113685E-004
   1.5240000E+001   8.3572085E-002   2.8466233E-004   8.3705681E-002   2.7706523E-004
   1.5280000E+001   8.4225253E-002   2.6550550E-004   8.4172890E-002   2.5965531E-004
   1.5319999E+001   8.4637223E-002   2.6140987E-004   8.4594730E-002   2.9149684E-004
   1.5360000E+001   8.4766353E-002   3.2024550E-004   8.4896372E-002   2.9061916E-004
   1.5400000E+001   8.5373902E-002   3.0894957E-004   8.5492595E-002   2.9728085E-004
   1.5440000E+001   8.6002250E-002   3.3808848E-004   8.5887105E-002   3.3233474E-004
   1.5480000E+001   8.6420794E-002   3.2977649E-004   8.6362129E-002   3.4369820E-004
   1.5520000E+001   8.6703044E-002   3.1959701E-004   8.6943528E-002   3.0141836E-004
   1.5560000E+001   8.7302326E-002   3.3008562E-004   8.7179151E-002   2.8400788E-004
   1.5599999E+001   8.7497791E-002   3.4596515E-004   8.7543568E-002   3.3730818E-004
   1.5640000E+001   8.8123418E-002   3.4529594E-004   8.8104303E-002   3.6915172E-004
   1.5680000E+001   8.8678983E-002   3.5083507E-004   8.8650248E-002   3.2540338E-004
   1.5720000E+001   8.9231934E-002   3.5445474E-004   8.9067861E-002   3.8009230E-004
   1.5760000E+001   8.9671558E-002   3.7393715E-004   8.9613239E-002   3.4806543E-004
   1.5800000E+001   9.0225237E-002   3.7085821E-004   9.0123089E-002   4.8219701E-004
   1.5840000E+001   9.0613886E-002   4.6718312E-004   9.0684494E-002   3.6517517E-004
   1.5880001E+001   9.1164055E-002   3.8555650E-004   9.1127482E-002   3.5792992E-004
   1.5920000E+001   9.1596517E-002   3.8488340E-004   9.1742325E-002   3.9786468E-004
   1.5960000E+001   9.2177330E-002   4.1017087E-004   9.2119901E-002   3.7917675E-004
   1.6000000E+001   9.2809164E-002   5.6152199E-004   9.2696535E-002   4.1342252E-004
   1.6040000E+001   9.3225248E-002   4.0826516E-004   9.3290975E-002   5.4673011E-004
   1.6080000E+001   9.3598080E-002   4.8202528E-004   9.3493219E-002   3.3647167E-004
   1.6120000E+001   9.4069103E-002   4.3965554E-004   9.4057047E-002   4.5000693E-004
   1.6160001E+001   9.4463315E-002   3.3115667E-004   9.4527544E-002   4.9090935E-004
   1.6200000E+001   9.5395855E-002   4.8072371E-004   9.5050986E-002   5.1489887E-004
   1.6240000E+001   9.5712063E-002   5.0095341E-004   9.5795333E-002   5.6092059E-004
   1.6280000E+001   9.6415189E-002   5.6454072E-004   9.6456093E-002   5.3506548E-004
   1.6320000E+001   9.7046511E-002   5.2945604E-004   9.7004046E-002   5.5553681E-004
   1.6360000E+001   9.7576304E-002   5.2772699E-004   9.7485654E-002   5.2067215E-004
   1.6400000E+001   9.8241730E-002   5.1709201E-004   9.8269568E-002   3.6739731E-004
   1.6440001E+001   9.8660547E-002   4.7564118E-004   9.8659344E-002   4.9052115E-004
   1.6480000E+001   9.9470624E-002   3.6264943E-004   9.9339530E-002   3.7716423E-004
   1.6520000E+001   9.9819885E-002   3.9689211E-004   9.9882111E-002   4.5972065E-004
   1.6560000E+001   1.0012351E-001   3.9135841E-004   1.0011965E-001   3.8933662E-004
   1.6600000E+001   1.0066046E-001   3.2699117E-004   1.0089028E-001   3.9783203E-004
   1.6640000E+001   1.0123363E-001   3.7568696E-004   1.0114643E-001   3.6080635E-004
   1.6680000E+001   1.0162000E-001   3.8561983E-004   1.0177648E-001   3.9037575E-004
   1.6720001E+001   1.0235856E-001   4.0070952E-004   1.0232264E-001   3.6791565E-004
   1.6760000E+001   1.0271104E-001   4.5807670E-004   1.0278312E-001   4.5089861E-004
   1.6799999E+001   1.0314465E-001   4.4696487E-004   1.0314118E-001   4.7691555E-004
   1.6840000E+001   1.0359797E-001   4.6025716E-004   1.0365226E-001   4.3400571E-004
   1.6880000E+001   1.0420935E-001   3.0282179E-004   1.0410882E-001   3.8996369E-004
   1.6920000E+001   1.0461163E-001   3.1597791E-004   1.0451501E-001   2.8338017E-004
   1.6960000E+001   1.0520946E-001   2.9810876E-004   1.0511173E-001   2.8026341E-004
   1.7000000E+001   1.0557873E-001   3.0565384E-004   1.0560734E-001   3.1762543E-004
   1.7040000E+001   1.0604872E-001   3.2553193E-004   1.0619146E-001   3.4710350E-004
   1.7079999E+001   1.0657110E-001   3.2018465E-004   1.0662482E-001   3.9716067E-004
   1.7120000E+001   1.0706584E-001   3.5534840E-004   1.0705021E-001   3.1847739E-004
   1.7160000E+001   1.0738562E-001   3.3390301E-004   1.0735468E-001   3.2832036E-004
   1.7200000E+001   1.0793978E-001   3.1124958E-004   1.0799873E-001   3.0037458E-004
   1.7240000E+001   1.0861126E-001   2.8557063E-004   1.0837853E-001   2.9254142E-004
   1.7280000E+001   1.0890926E-001   2.8804571E-004   1.0895238E-001   3.3912488E-004
   1.7320000E+001   1.0952898E-001   3.7677072E-004   1.0950974E-001   4.1258600E-004
   1.7359999E+001   1.1002911E-001   3.3833111E-004   1.0984349E-001   3.4533024E-004
   1.7400000E+001   1.1058685E-001   3.3560017E-004   1.1051694E-001   3.6056779E-004
   1.7440000E+001   1.1101543E-001   3.3015420E-004   1.1118396E-001   3.2017649E-004
   1.7480000E+001   1.1149223E-001   3.1978668E-004   1.1151885E-001   3.2953864E-004
   1.7520000E+001   1.1201088E-001   3.3949646E-004   1.1209552E-001   2.5831844E-004
   1.7560000E+001   1.1246536E-001   3.3423447E-004   1.1237129E-001   3.2642273E-004
   1.7600000E+001   1.1311918E-001   3.3191045E-004   1.1308035E-001   3.7334401E-004
   1.7640001E+001   1.1385820E-001   3.2433380E-004   1.1374537E-001   3.1429890E-004
   1.7680000E+001   1.1435113E-001   3.2380719E-004   1.1430631E-001   3.2380328E-004
   1.7720000E+001   1.1486880E-001   3.3039035E-004   1.1495502E-001   3.0474767E-004
   1.7760000E+001   1.1553922E-001   3.8478464E-004   1.1557113E-001   3.6641508E-004
   1.7800000E+001   1.1617573E-001   3.1187930E-004   1.1612972E-001   3.6133789E-004
   1.7840000E+001   1.1675243E-001   3.8897164E-004   1.1666060E-001   3.6776659E-004
   1.7880000E+001   1.1744794E-001   3.1695590E-004   1.1746074E-001   3.7822937E-004
   1.7920001E+001   1.1815792E-001   3.1424120E-004   1.1794603E-001   3.1452793E-004
   1.7960000E+001   1.1853938E-001   3.3860573E-004   1.1826896E-001   3.1638696E-004
   1.8000000E+001   1.1876920E-001   3.1015056E-004   1.1906311E-001   4.0679466E-004
   1.8040000E+001   1.1944653E-001   3.5228859E-004   1.1935045E-001   3.1704713E-004
   1.8080000E+001   1.1987414E-001   2.7214005E-004   1.1966836E-001   3.6731278E-004
   1.8120000E+001   1.2047729E-001   3.1679854E-004   1.2046999E-001   3.2371567E-004
   1.8160000E+001   1.2059210E-001   3.2819051E-004   1.2083498E-001   2.8302825E-004
   1.8200001E+001   1.2120192E-001   3.3827296E-004   1.2127414E-001   3.3499034E-004
   1.8240000E+001   1.2189894E-001   3.9309758E-004   1.2171230E-001   3.6777335E-004
   1.8279999E+001   1.2219210E-001   3.6274116E-004   1.2221753E-001   3.8327542E-004
   1.8320000E+001   1.2255484E-001   3.8552607E-004   1.2279912E-001   4.0024112E-004
   1.8360000E+001   1.2333954E-001   4.2206417E-004   1.2328089E-001   3.6678650E-004
   1.8400000E+001   1.2385101E-001   3.5732773E-004   1.2380155E-001   3.7191773E-004
   1.8440000E+001   1.2430499E-001   3.5753164E-004   1.2435027E-001   3.6881638E-004
   1.8480000E+001   1.2517466E-001   3.5008923E-004   1.2501887E-001   3.4747920E-004
   1.8520000E+001   1.2560031E-001   3.6099955E-004   1.2578921E-001   3.1625728E-004
   1.8559999E+001   1.2624998E-001   3.1370373E-004   1.2628907E-001   3.1991768E-004
   1.8600000E+001   1.2708338E-001   3.1742095E-004   1.2680694E-001   2.9935797E-004
   1.8640000E+001   1.2748957E-001   3.0596540E-004   1.2773038E-001   3.1255540E-004
   1.8680000E+001   1.2821037E-001   2.9797103E-004   1.2830002E-001   2.9938575E-004
   1.8720000E+001   1.2875713E-001   4.0235363E-004   1.2863823E-001   3.3205191E-004
   1.8760000E+001   1.2923843E-001   3.3332044E-004   1.2933342E-001   4.0983079E-004
   1.8800000E+001   1.2969240E-001   3.1758856E-004   1.2986560E-001   3.3290133E-004
   1.8839999E+001   1.3045615E-001   3.5674368E-004   1.3019733E-001   4.0938111E-004
   1.8880000E+001   1.3080983E-001   4.1220341E-004   1.3081212E-001   4.6817513E-004
   1.8920000E+001   1.3141636E-001   4.6458997E-004   1.3133785E-001   4.2728247E-004
   1.8960000E+001   1.3165509E-001   4.5092784E-004   1.3169691E-001   4.8165184E-004
   1.9000000E+001   1.3220227E-001   4.3274794E-004   1.3234115E-001   4.3698960E-004
   1.9040000E+001   1.3278665E-001   4.0979967E-004   1.3294199E-001   4.4189613E-004
   1.9080000E+001   1.3349759E-001   3.6048469E-004   1.3346280E-001   3.7957880E-004
   1.9119999E+001   1.3416429E-001   4.8017389E-004   1.3425339E-001   4.0832220E-004
   1.9160000E+001   1.3487142E-001   3.7787488E-004   1.3472727E-001   4.0059999E-004
   1.9200000E+001   1.3551664E-001   4.2227905E-004   1.3559892E-001   4.4679106E-004
   1.9240000E+001   1.3588218E-001   3.6801488E-004   1.3598670E-001   4.2581461E-004
   1.9280000E+001   1.3668440E-001   4.6998202E-004   1.3673608E-001   4.2704771E-004
   1.9320000E+001   1.3732249E-001   4.6103453E-004   1.3728148E-001   4.1539189E-004
   1.9360000E+001   1.3784959E-001   4.6746565E-004   1.3790849E-001   4.0285014E-004
   1.9400001E+001   1.3871050E-001   5.0092063E-004   1.3856679E-001   4.7986743E-004
   1.9440000E+001   1.3911636E-001   7.0561971E-004   1.3930624E-001   5.8473030E-004
   1.9480000E+001   1.4013993E-001   6.9045935E-004   1.3988210E-001   6.9875399E-004
   1.9520000E+001   1.4045141E-001   6.5262125E-004   1.4055512E-001   7.5714794E-004
   1.9560000E+001   1.4099361E-001   7.4887179E-004   1.4102112E-001   7.3376241E-004
   1.9600000E+001   1.4153024E-001   7.6972184E-004   1.4155480E-001   7.6099033E-004
   1.9640000E+001   1.4190229E-001   7.8429961E-004   1.4198260E-001   7.5567362E-004
   1.9680001E+001   1.4252037E-001   8.0561349E-004   1.4241533E-001   8.0754224E-004
   1.9720000E+001   1.4306127E-001   7.3299642E-004   1.4315572E-001   8.1606615E-004
   1.9760000E+001   1.4349793E-001   6.7394922E-004   1.4333410E-001   8.0442859E-004
   1.9800000E+001   1.4404984E-001   8.6231388E-004   1.4391154E-001   8.5876182E-004
   1.9840000E+001   1.4449546E-001   9.1423801E-004   1.4464021E-001   6.9961303E-004
   1.9880000E+001   1.4477042E-001   7.4421498E-004   1.4497335E-001   7.4375867E-004
   1.9920000E+001   1.4540912E-001   6.9991199E-004   1.4548491E-001   7.3234844E-004
   1.9960001E+001   1.4602497E-001   6.6265217E-004   1.4593739E-001   7.4150279E-004
   2.0000000E+001   1.4639802E-001   7.1110160E-004   1.4640475E-001   7.5017021E-004
