         0.0800         0.0000         0.0000         0.0000         0.0000         0.0000
         0.1200         0.0000         0.0000         0.0000         0.0000         0.0000
         0.1600         0.0000         0.0000         0.0000         0.0000         0.0000
         0.2000         0.0000         0.0000         0.0000         0.0000         0.0000
         0.2400         0.0000         0.0000         0.0000         0.0000         0.0000
         0.2800         0.0000         0.0000         0.0000         0.0000         0.0000
         0.3200         0.0000         0.0000         0.0000         0.0000         0.0000
         0.3600         0.0000         0.0000         0.0000         0.0000         0.0000
         0.4000         0.0000         0.0000         0.0000         0.0000         0.0000
         0.4400         0.0000         0.0000         0.0000         0.0000         0.0000
         0.4800         0.0000         0.0000         0.0000         0.0000         0.0000
         0.5200         0.0000         0.0000         0.0000         0.0000         0.0000
         0.5600         0.0000         0.0000         0.0000         0.0000         0.0000
         0.6000         0.0000         0.0000         0.0000         0.0000         0.0000
         0.6400         0.0000         0.0000         0.0000         0.0000         0.0000
         0.6800         0.0000         0.0000         0.0000         0.0000         0.0000
         0.7200         0.0000         0.0000         0.0000         0.0000         0.0000
         0.7600         0.0000         0.0000         0.0000         0.0000         0.0000
         0.8000         0.0000         0.0000         0.0000         0.0000         0.0000
         0.8400         0.0000         0.0000         0.0000         0.0000         0.0000
         0.8800         0.0000         0.0000         0.0000         0.0000         0.0000
         0.9200         0.0000         0.0000         0.0000         0.0000         0.0000
         0.9600         0.0001         0.0000         0.0000         0.0000         0.0000
         1.0000         0.0007         0.0001         0.0002         0.0001         0.0000
         1.0400         0.0018         0.0004         0.0004         0.0001         0.0000
         1.0800         0.0033         0.0008         0.0009         0.0002         0.0000
         1.1200         0.0060         0.0015         0.0015         0.0003         0.0000
         1.1600         0.0083         0.0020         0.0023         0.0006         0.0000
         1.2000         0.0110         0.0021         0.0037         0.0009         0.0000
         1.2400         0.0130         0.0025         0.0043         0.0011         0.0000
         1.2800         0.0158         0.0032         0.0051         0.0012         0.0000
         1.3200         0.0201         0.0040         0.0048         0.0011         0.0000
         1.3600         0.0235         0.0048         0.0045         0.0011         0.0000
         1.4000         0.0269         0.0055         0.0057         0.0014         0.0000
         1.4400         0.0301         0.0062         0.0072         0.0018         0.0000
         1.4800         0.0335         0.0087         0.0070         0.0018         0.0000
         1.5200         0.0367         0.0129         0.0086         0.0019         0.0000
         1.5600         0.0421         0.0146         0.0108         0.0025         0.0000
         1.6000         0.0477         0.0150         0.0116         0.0027         0.0000
         1.6400         0.0498         0.0165         0.0122         0.0030         0.0000
         1.6800         0.0570         0.0185         0.0130         0.0031         0.0000
         1.7200         0.0602         0.0198         0.0148         0.0032         0.0000
         1.7600         0.0633         0.0210         0.0169         0.0038         0.0000
         1.8000         0.0692         0.0225         0.0175         0.0043         0.0000
         1.8400         0.0740         0.0243         0.0194         0.0053         0.0000
         1.8800         0.0770         0.0276         0.0218         0.0058         0.0000
         1.9200         0.0826         0.0306         0.0243         0.0061         0.0000
         1.9600         0.0861         0.0325         0.0248         0.0063         0.0000
         2.0000         0.0866         0.0320         0.0241         0.0060         0.0000
         2.0400         0.0908         0.0336         0.0254         0.0059         0.0000
         2.0800         0.0961         0.0352         0.0274         0.0086         0.0000
         2.1200         0.0988         0.0369         0.0283         0.0086         0.0000
         2.1600         0.1010         0.0472         0.0301         0.0090         0.0000
         2.2000         0.1011         0.0447         0.0309         0.0090         0.0000
         2.2400         0.1078         0.0483         0.0322         0.0093         0.0000
         2.2800         0.1143         0.0522         0.0343         0.0098         0.0000
         2.3200         0.1240         0.0543         0.0369         0.0134         0.0000
         2.3600         0.1297         0.0573         0.0410         0.0149         0.0000
         2.4000         0.1366         0.0584         0.0431         0.0147         0.0000
         2.4400         0.1449         0.0614         0.0471         0.0197         0.0000
         2.4800         0.1425         0.0593         0.0482         0.0179         0.0000
         2.5200         0.1495         0.0608         0.0471         0.0206         0.0000
         2.5600         0.1562         0.0704         0.0474         0.0202         0.0000
         2.6000         0.1642         0.0663         0.0502         0.0170         0.0000
         2.6400         0.1707         0.0675         0.0501         0.0176         0.0000
         2.6800         0.1771         0.0698         0.0536         0.0185         0.0000
         2.7200         0.1807         0.0784         0.0550         0.0237         0.0000
         2.7600         0.1910         0.0824         0.0553         0.0193         0.0000
         2.8000         0.2031         0.0870         0.0578         0.0200         0.0000
         2.8400         0.2144         0.0918         0.0597         0.0200         0.0000
         2.8800         0.2216         0.0943         0.0642         0.0212         0.0000
         2.9200         0.2299         0.0957         0.0685         0.0207         0.0000
         2.9600         0.2394         0.0996         0.0692         0.0222         0.0000
         3.0000         0.2455         0.1038         0.0717         0.0232         0.0000
         3.0400         0.2524         0.1067         0.0746         0.0239         0.0000
         3.0800         0.2624         0.1037         0.0769         0.0248         0.0000
         3.1200         0.2767         0.1094         0.0792         0.0248         0.0000
         3.1600         0.2840         0.1140         0.0790         0.0329         0.0000
         3.2000         0.2977         0.1275         0.0807         0.0359         0.0000
         3.2400         0.3127         0.1316         0.0821         0.0378         0.0000
         3.2800         0.3179         0.1309         0.0817         0.0383         0.0000
         3.3200         0.3239         0.1358         0.0819         0.0388         0.0000
         3.3600         0.3376         0.1408         0.0854         0.0392         0.0000
         3.4000         0.3508         0.1484         0.0868         0.0393         0.0000
         3.4400         0.3612         0.1521         0.0908         0.0398         0.0000
         3.4800         0.3728         0.1558         0.0900         0.0390         0.0000
         3.5200         0.3916         0.1585         0.0923         0.0403         0.0000
         3.5600         0.4017         0.1643         0.0930         0.0419         0.0000
         3.6000         0.4204         0.1730         0.0968         0.0407         0.0000
         3.6400         0.4339         0.1803         0.0974         0.0449         0.0000
         3.6800         0.4433         0.1813         0.0995         0.0465         0.0000
         3.7200         0.4608         0.1884         0.1034         0.0470         0.0000
         3.7600         0.4718         0.1904         0.1038         0.0475         0.0000
         3.8000         0.4816         0.1985         0.1029         0.0473         0.0000
         3.8400         0.4978         0.1991         0.1047         0.0438         0.0000
         3.8800         0.5054         0.2068         0.1067         0.0505         0.0000
         3.9200         0.5230         0.2139         0.1096         0.0532         0.0000
         3.9600         0.5419         0.2174         0.1137         0.0582         0.0000
         4.0000         0.5631         0.2273         0.1146         0.0589         0.0000
         4.0400         0.5823         0.2315         0.1119         0.0562         0.0000
         4.0800         0.5930         0.2372         0.1138         0.0559         0.0000
         4.1200         0.6064         0.2442         0.1189         0.0590         0.0000
         4.1600         0.6274         0.2493         0.1224         0.0591         0.0000
         4.2000         0.6486         0.2569         0.1215         0.0580         0.0000
         4.2400         0.6677         0.2709         0.1203         0.0582         0.0000
         4.2800         0.6875         0.2795         0.1231         0.0504         0.0000
         4.3200         0.6993         0.2818         0.1249         0.0590         0.0000
         4.3600         0.7191         0.2909         0.1268         0.0499         0.0000
         4.4000         0.7432         0.3014         0.1292         0.0518         0.0000
         4.4400         0.7699         0.3117         0.1260         0.0508         0.0000
         4.4800         0.7989         0.3201         0.1241         0.0592         0.0000
         4.5200         0.8220         0.3332         0.1240         0.0590         0.0000
         4.5600         0.8426         0.3458         0.1264         0.0602         0.0000
         4.6000         0.8765         0.3598         0.1218         0.0573         0.0000
         4.6400         0.9094         0.3788         0.1161         0.0549         0.0000
         4.6800         0.9438         0.3915         0.1168         0.0538         0.0000
         4.7200         0.9635         0.4013         0.1162         0.0538         0.0000
         4.7600         0.9837         0.4060         0.1170         0.0540         0.0000
         4.8000         1.0062         0.4163         0.1149         0.0550         0.0000
         4.8400         1.0349         0.4301         0.1170         0.0414         0.0000
         4.8800         1.0510         0.4305         0.1193         0.0439         0.0000
         4.9200         1.0852         0.4461         0.1156         0.0563         0.0000
         4.9600         1.1129         0.4571         0.1140         0.0421         0.0000
         5.0000         1.1419         0.4670         0.1142         0.0543         0.0000
         5.0400         1.1652         0.4730         0.1142         0.0539         0.0000
         5.0800         1.1879         0.4757         0.1109         0.0531         0.0000
         5.1200         1.2102         0.4872         0.1112         0.0531         0.0000
         5.1600         1.2397         0.4988         0.1111         0.0524         0.0000
         5.2000         1.2599         0.5094         0.1083         0.0511         0.0000
         5.2400         1.2826         0.5210         0.1057         0.0489         0.0000
         5.2800         1.3177         0.5349         0.1007         0.0461         0.0000
         5.3200         1.3388         0.5397         0.0982         0.0443         0.0000
         5.3600         1.3674         0.5541         0.0944         0.0420         0.0000
         5.4000         1.3916         0.5562         0.0914         0.0415         0.0000
         5.4400         1.4166         0.5700         0.0864         0.0398         0.0000
         5.4800         1.4429         0.5798         0.0865         0.0403        -0.0000
         5.5200         1.4867         0.6037         0.0836         0.0328        -0.0000
         5.5600         1.5172         0.6066         0.0820         0.0336        -0.0000
         5.6000         1.5395         0.6133         0.0755         0.0297        -0.0000
         5.6400         1.5641         0.6193         0.0681         0.0280        -0.0000
         5.6800         1.6055         0.6429         0.0641         0.0269        -0.0000
         5.7200         1.6350         0.6563         0.0584         0.0251        -0.0000
         5.7600         1.6698         0.6658         0.0524         0.0222        -0.0000
         5.8000         1.7192         0.6821         0.0473         0.0220        -0.0000
         5.8400         1.7783         0.7095         0.0400         0.0191        -0.0000
         5.8800         1.8201         0.7263         0.0341         0.0150        -0.0021
         5.9200         1.8550         0.7413         0.0266         0.0098        -0.0339
         5.9600         1.9253         0.7628         0.0183         0.0076        -0.1937
         6.0000         1.9686         0.7735         0.0109         0.0043        -0.5693
         6.0400         1.9982         0.7843         3.8969         1.4224        -1.1036
         6.0800         2.0349         0.7972         3.9462         1.4432        -1.6517
         6.1200         2.0580         0.8087         3.9976         1.4588        -2.1073
         6.1600         2.0944         0.8244         4.0454         1.4799        -2.4386
         6.2000         2.1501         0.8472         4.0802         1.4829        -2.6595
         6.2400         2.1944         0.8604         4.1495         1.4996        -2.7989
         6.2800         2.2317         0.8707         4.1883         1.5221        -2.8836
         6.3200         2.2665         0.8800         4.2478         1.5413        -2.9337
         6.3600         2.3366         0.9061         4.3009         1.5548        -2.9628
         6.4000         2.3685         0.9116         4.3660         1.5902        -2.9794
         6.4400         2.4177         0.9244         4.4211         1.6091        -2.9887
         6.4800         2.4642         0.9421         4.4965         1.6345        -2.9939
         6.5200         2.5050         0.9641         4.5633         1.6602        -2.9967
         6.5600         2.5372         0.9680         4.6334         1.6879        -2.9983
         6.6000         2.5890         0.9890         4.6929         1.7242        -2.9991
         6.6400         2.6474         1.0129         4.7640         1.7595        -2.9995
         6.6800         2.7061         1.0292         4.8252         1.7799        -2.9998
         6.7200         2.7352         1.0446         4.8824         1.7894        -2.9999
         6.7600         2.7555         1.0563         4.9348         1.8023        -2.9999
         6.8000         2.7825         1.0651         4.9821         1.8155        -3.0000
         6.8400         2.8385         1.0873         5.0723         1.8393        -3.0000
         6.8800         2.8881         1.1094         5.1255         1.8520        -3.0000
         6.9200         2.9416         1.1175         5.2088         1.8767        -3.0000
         6.9600         2.9744         1.1228         5.2816         1.8949        -3.0000
         7.0000         3.0302         1.1449         5.3515         1.9210        -3.0000
         7.0400         3.0744         1.1509         5.4187         1.9397        -3.0000
         7.0800         3.1249         1.1672         5.4837         1.9576        -3.0000
         7.1200         3.1928         1.1826         5.5207         1.9699        -3.0000
         7.1600         3.2263         1.1885         5.5755         1.9839        -3.0000
         7.2000         3.2856         1.2005         5.6421         1.9962        -3.0000
         7.2400         3.3602         1.2286         5.7058         2.0205        -3.0000
         7.2800         3.4014         1.2381         5.7883         2.0422        -3.0000
         7.3200         3.4575         1.2553         5.8748         2.0734        -3.0000
         7.3600         3.5105         1.2740         5.9412         2.0997        -3.0000
         7.4000         3.5335         1.2878         6.0013         2.1209        -3.0000
         7.4400         3.5825         1.3051         6.0604         2.1313        -3.0000
         7.4800         3.6354         1.3233         6.1427         2.1713        -3.0000
         7.5200         3.6666         1.3239         6.2082         2.1936        -3.0000
         7.5600         3.6949         1.3350         6.2692         2.2082        -3.0000
         7.6000         3.7606         1.3471         6.3312         2.2219        -3.0000
         7.6400         3.8196         1.3734         6.4229         2.2466        -3.0000
         7.6800         3.8722         1.3833         6.5111         2.2542        -3.0000
         7.7200         3.9365         1.3997         6.5857         2.2884        -3.0000
         7.7600         4.0014         1.4178         6.6468         2.3013        -3.0000
         7.8000         4.0461         1.4263         6.7281         2.3242        -3.0000
         7.8400         4.0927         1.4421         6.8286         2.3488        -3.0000
         7.8800         4.1306         1.4651         6.9304         2.3551        -3.0000
         7.9200         4.1811         1.4768         7.0172         2.3951        -3.0000
         7.9600         4.2080         1.4862         7.1142         2.4243        -3.0000
         8.0000         4.2595         1.4828         7.2296         2.4535        -3.0000
         8.0400         4.3067         1.5031         7.3423         2.4828        -3.0000
         8.0800         4.3478         1.5085         7.4598         2.5278        -3.0000
         8.1200         4.4113         1.5354         7.5565         2.5692        -3.0000
         8.1600         4.4601         1.5448         7.6518         2.6188        -3.0000
         8.2000         4.4993         1.5521         7.7552         2.6320        -3.0000
         8.2400         4.5560         1.5663         7.8329         2.6413        -3.0000
         8.2800         4.6229         1.5726         7.9325         2.6812        -3.0000
         8.3200         4.6776         1.5852         8.0581         2.6999        -3.0000
         8.3600         4.7290         1.6013         8.1695         2.7398        -3.0000
         8.4000         4.7606         1.6049         8.2646         2.7720        -3.0000
         8.4400         4.8182         1.6175         8.3892         2.8201        -3.0000
         8.4800         4.8599         1.6305         8.5076         2.8460        -3.0000
         8.5200         4.9078         1.6325         8.6435         2.8758        -3.0000
         8.5600         4.9593         1.6541         8.7802         2.9132        -3.0000
         8.6000         4.9978         1.6609         8.8673         2.9361        -3.0000
         8.6400         5.0330         1.6641         9.0064         2.9647        -3.0000
         8.6800         5.0774         1.6664         9.1152         2.9766        -3.0000
         8.7200         5.1292         1.6803         9.2215         3.0025        -3.0000
         8.7600         5.1575         1.6882         9.3378         3.0177        -3.0000
         8.8000         5.1942         1.6956         9.4962         3.0589        -3.0000
         8.8400         5.2296         1.7080         9.6173         3.0847        -3.0000
         8.8800         5.2456         1.7053         9.7345         3.1068        -3.0000
         8.9200         5.2632         1.6922         9.8651         3.1218        -3.0000
         8.9600         5.3095         1.7154         9.9809         3.1478        -3.0000
         9.0000         5.3566         1.7313        10.1101         3.1837        -3.0000
         9.0400         5.4137         1.7463        10.2608         3.2142        -3.0000
         9.0800         5.4357         1.7561        10.4008         3.2447        -3.0000
         9.1200         5.4943         1.7749        10.5538         3.2837        -3.0000
         9.1600         5.5657         1.7922        10.6818         3.3084        -3.0000
         9.2000         5.6264         1.8077        10.8149         3.3419        -3.0000
         9.2400         5.6911         1.8185        10.9540         3.3772        -3.0000
         9.2800         5.7385         1.8237        11.1038         3.4285        -3.0000
         9.3200         5.7914         1.8450        11.2235         3.4803        -3.0000
         9.3600         5.8176         1.8407        11.3809         3.4951        -3.0000
         9.4000         5.8526         1.8501        11.5287         3.5285        -3.0000
         9.4400         5.9017         1.8836        11.6234         3.5395        -3.0000
         9.4800         5.9613         1.8784        11.8163         3.6017        -3.0000
         9.5200         6.0578         1.8919        12.0104         3.6424        -3.0000
         9.5600         6.1130         1.9046        12.1879         3.6635        -3.0000
         9.6000         6.1584         1.9087        12.3686         3.7259        -3.0000
         9.6400         6.2034         1.9118        12.5030         3.7332        -3.0000
         9.6800         6.2353         1.9021        12.7180         3.7959        -3.0000
         9.7200         6.2769         1.9097        12.8454         3.8175        -3.0000
         9.7600         6.2958         1.9108        13.0014         3.8449        -3.0000
         9.8000         6.3351         1.9225        13.1859         3.8749        -3.0000
         9.8400         6.3908         1.9136        13.3244         3.9110        -3.0000
         9.8800         6.4473         1.9139        13.4907         3.9508        -3.0000
         9.9200         6.4903         1.9197        13.6340         3.9705        -3.0000
         9.9600         6.5545         1.9359        13.8024         3.9955        -3.0000
        10.0000         6.6023         1.9281        13.9814         4.0364        -3.0000
        10.0400         6.6263         1.9207        14.1908         4.0811        -3.0000
        10.0800         6.6674         1.9357        14.4073         4.1434        -3.0000
        10.1200         6.7122         1.9223        14.6201         4.1757        -3.0000
        10.1600         6.7431         1.9046        14.8287         4.2018        -3.0000
        10.2000         6.7730         1.9208        15.0021         4.2169        -3.0000
        10.2400         6.8342         1.9170        15.1854         4.2151        -3.0000
        10.2800         6.8913         1.9335        15.4069         4.2598        -3.0000
        10.3200         6.9536         1.9474        15.6144         4.3053        -2.9999
        10.3600         6.9997         1.9324        15.8032         4.3305        -2.9999
        10.4000         7.0429         1.9355        16.0293         4.3777        -2.9998
        10.4400         7.0756         1.9346        16.2567         4.4168        -2.9995
        10.4800         7.0938         1.9150        16.5251         4.4535        -2.9991
        10.5200         7.1295         1.9276        16.7379         4.4923        -2.9983
        10.5600         7.1688         1.9354        17.0052         4.5215        -2.9967
        10.6000         7.1625         1.9308        17.2471         4.5876        -2.9939
        10.6400         7.1780         1.9191        17.5068         4.6661        -2.9887
        10.6800         7.2405         1.9116        17.7262         4.7202        -2.9794
        10.7200         7.3035         1.9129        17.9673         4.7801        -2.9628
        10.7600         7.3481         1.9186        18.2222         4.7973        -2.9337
        10.8000         7.3710         1.9088        18.4722         4.8506        -2.8836
        10.8400         7.3852         1.8977        18.7008         4.9069        -2.7989
        10.8800         7.4371         1.8784        18.9511         4.9368        -2.6595
        10.9200         7.4575         1.8677        19.1603         4.9877        -2.4386
        10.9600         7.4789         1.8630        19.3827         5.0146        -2.1073
        11.0000         7.4696         1.8410        19.6412         5.0400        -1.6517
        11.0400         7.5143         1.8459         0.1406         0.0151        -1.1036
        11.0800         7.5137         1.8460         0.2538         0.0273        -0.5693
        11.1200         7.5515         1.8386         0.3780         0.0406        -0.1937
        11.1600         7.5620         1.8303         0.5090         0.0551        -0.0339
        11.2000         7.5842         1.7994         0.6136         0.0647        -0.0021
        11.2400         7.5845         1.7823         0.7297         0.0756        -0.0000
        11.2800         7.6228         1.7524         0.8428         0.0873        -0.0000
        11.3200         7.6312         1.7501         0.9570         0.0988        -0.0000
        11.3600         7.6542         1.7218         1.0797         0.1120        -0.0000
        11.4000         7.6744         1.7055         1.1933         0.1250        -0.0000
        11.4400         7.7235         1.6844         1.3048         0.1360        -0.0000
        11.4800         7.7694         1.6886         1.4090         0.1467        -0.0000
        11.5200         7.7914         1.6782         1.5344         0.1567        -0.0000
        11.5600         7.8164         1.6818         1.6583         0.1690        -0.0000
        11.6000         7.8679         1.6848         1.7725         0.1821        -0.0000
        11.6400         7.9136         1.6906         1.9048         0.1962         0.0000
        11.6800         7.9462         1.6718         2.0238         0.2109         0.0000
        11.7200         7.9664         1.6502         2.1551         0.2222         0.0000
        11.7600         8.0165         1.6423         2.2633         0.2337         0.0000
        11.8000         8.0416         1.6222         2.3791         0.2454         0.0000
        11.8400         8.0837         1.6082         2.5073         0.2629         0.0000
        11.8800         8.1358         1.5911         2.6331         0.2755         0.0000
        11.9200         8.1959         1.5846         2.7554         0.2887         0.0000
        11.9600         8.2582         1.5889         2.8795         0.3044         0.0000
        12.0000         8.3010         1.5875         3.0193         0.3168         0.0000
        12.0400         8.3568         1.5827         3.1362         0.3267         0.0000
        12.0800         8.4175         1.5781         3.2621         0.3419         0.0000
        12.1200         8.4685         1.5643         3.3829         0.3596         0.0000
        12.1600         8.4981         1.5408         3.4971         0.3755         0.0000
        12.2000         8.5410         1.5264         3.6245         0.3899         0.0000
        12.2400         8.6042         1.5148         3.7589         0.4049         0.0000
        12.2800         8.6729         1.5133         3.8922         0.4193         0.0000
        12.3200         8.7307         1.5024         4.0153         0.4206         0.0000
        12.3600         8.7801         1.5025         4.1190         0.4246         0.0000
        12.4000         8.8546         1.4775         4.2464         0.4298         0.0000
        12.4400         8.8963         1.4606         4.3528         0.4350         0.0000
        12.4800         8.9592         1.4592         4.4884         0.4509         0.0000
        12.5200         8.9976         1.4403         4.6097         0.4648         0.0000
        12.5600         9.0375         1.4385         4.7143         0.4750         0.0000
        12.6000         9.0675         1.4300         4.8449         0.4846         0.0000
        12.6400         9.1371         1.4221         4.9716         0.5028         0.0000
        12.6800         9.2362         1.4264         5.0929         0.5116         0.0000
        12.7200         9.3248         1.4279         5.2482         0.5254         0.0000
        12.7600         9.3932         1.4259         5.4167         0.5401         0.0000
        12.8000         9.4698         1.4340         5.5243         0.5513         0.0000
        12.8400         9.5458         1.4299         5.6677         0.5732         0.0000
        12.8800         9.6182         1.4191         5.8240         0.5872         0.0000
        12.9200         9.7214         1.4283         5.9218         0.5862         0.0000
        12.9600         9.7841         1.4217         6.0409         0.5943         0.0000
        13.0000         9.8658         1.4214         6.1623         0.6007         0.0000
        13.0400         9.9057         1.4068         6.2940         0.6042         0.0000
        13.0800         9.9560         1.4028         6.4420         0.6152         0.0000
        13.1200        10.0388         1.3990         6.5864         0.6212         0.0000
        13.1600        10.1182         1.3706         6.7393         0.6249         0.0000
        13.2000        10.2404         1.3726         6.8694         0.6337         0.0000
        13.2400        10.2990         1.3736         6.9947         0.6468         0.0000
        13.2800        10.4290         1.3707         7.1554         0.6598         0.0000
        13.3200        10.5149         1.3624         7.3193         0.6685         0.0000
        13.3600        10.5611         1.3727         7.4597         0.6782         0.0000
        13.4000        10.6318         1.3566         7.6142         0.6892         0.0000
        13.4400        10.7415         1.3426         7.7279         0.6863         0.0000
        13.4800        10.8519         1.3202         7.8687         0.6908         0.0000
        13.5200        10.9185         1.3161         7.9908         0.6978         0.0000
        13.5600        11.0180         1.3028         8.0990         0.6997         0.0000
        13.6000        11.0876         1.2729         8.2167         0.7038         0.0000
        13.6400        11.2378         1.2721         8.3516         0.7106         0.0000
        13.6800        11.3414         1.2588         8.4909         0.7213         0.0000
        13.7200        11.4323         1.2484         8.6040         0.7325         0.0000
        13.7600        11.5455         1.2667         8.7091         0.7405         0.0000
        13.8000        11.6672         1.2491         8.8363         0.7466         0.0000
        13.8400        11.8035         1.2351         8.9348         0.7503         0.0000
        13.8800        11.8566         1.2160         9.0741         0.7572         0.0000
        13.9200        11.9811         1.2161         9.1920         0.7640         0.0000
        13.9600        12.0771         1.2023         9.3102         0.7667         0.0000
        14.0000        12.2085         1.2005         9.4751         0.7644         0.0000
        14.0400        12.2741         1.1958         9.6383         0.7857         0.0000
        14.0800        12.3641         1.1789         9.7981         0.7801         0.0000
        14.1200        12.4537         1.1710         9.9306         0.7958         0.0000
        14.1600        12.5345         1.1500        10.0380         0.8019         0.0000
        14.2000        12.6297         1.1161        10.2020         0.8122         0.0000
        14.2400        12.7286         1.0882        10.3355         0.8381         0.0000
        14.2800        12.8515         1.0843        10.4816         0.8374         0.0000
        14.3200        12.9099         1.0718        10.6256         0.8457         0.0000
        14.3600        13.0457         1.0726        10.7620         0.8601         0.0000
        14.4000        13.1622         1.0507        10.9045         0.8635         0.0000
        14.4400        13.2767         1.0542        11.0427         0.8487         0.0000
        14.4800        13.3603         1.0426        11.1331         0.8486         0.0000
        14.5200        13.5003         1.0488        11.3369         0.8490         0.0000
        14.5600        13.6164         1.0261        11.5110         0.8491         0.0000
        14.6000        13.7169         1.0236        11.6530         0.8414         0.0000
        14.6400        13.8472         1.0160        11.7698         0.8290         0.0000
        14.6800        13.9418         1.0114        11.8889         0.8434         0.0000
        14.7200        14.0556         1.0092        12.0780         0.8597         0.0000
        14.7600        14.1961         1.0214        12.2330         0.8640         0.0000
        14.8000        14.3464         1.0125        12.3593         0.8706         0.0000
        14.8400        14.4763         0.9920        12.4743         0.8765         0.0000
        14.8800        14.6286         0.9912        12.6277         0.8836         0.0000
        14.9200        14.7750         0.9967        12.8123         0.8924         0.0000
        14.9600        14.8983         0.9927        12.9502         0.8995         0.0000
        15.0000        14.9916         0.9880        13.1254         0.8937         0.0000
        15.0400        15.0689         0.9842        13.2875         0.8933         0.0000
        15.0800        15.1949         0.9627        13.4449         0.8919         0.0000
        15.1200        15.2765         0.9606        13.6260         0.8996         0.0000
        15.1600        15.4028         0.9621        13.8089         0.9135         0.0000
        15.2000        15.4917         0.9721        13.9546         0.9090         0.0000
        15.2400        15.6240         0.9770        14.1203         0.8990         0.0000
        15.2800        15.7566         0.9721        14.2806         0.9007         0.0000
        15.3200        15.8713         0.9559        14.4504         0.9281         0.0000
        15.3600        16.0146         0.9667        14.5935         0.9235         0.0000
        15.4000        16.1753         0.9602        14.7690         0.9179         0.0000
        15.4400        16.3126         0.9516        14.9156         0.9241         0.0000
        15.4800        16.4922         0.9298        15.0960         0.9168         0.0000
        15.5200        16.6568         0.9290        15.2414         0.9446         0.0000
        15.5600        16.7589         0.9126        15.4182         0.9343         0.0000
        15.6000        16.8833         0.9030        15.5925         0.9363         0.0000
        15.6400        17.0715         0.8896        15.7664         0.9360         0.0000
        15.6800        17.2326         0.8736        15.9259         0.9258         0.0000
        15.7200        17.3558         0.8715        16.0970         0.9292         0.0000
        15.7600        17.4718         0.8709        16.3096         0.9307         0.0000
        15.8000        17.7093         0.8694        16.4867         0.9462         0.0000
        15.8400        17.9174         0.8799        16.6366         0.9657         0.0000
        15.8800        18.1528         0.8634        16.8014         0.9809         0.0000
        15.9200        18.3309         0.8948        16.9840         0.9877         0.0000
        15.9600        18.4656         0.8963        17.1363         0.9790         0.0000
        16.0000        18.5886         0.8960        17.2937         0.9848         0.0000
        16.0400        18.7673         0.9047        17.4687         1.0018         0.0000
        16.0800        18.9041         0.9054        17.6457         1.0043         0.0000
        16.1200        19.0776         0.9018        17.8333         1.0359         0.0000
        16.1600        19.2428         0.9250        18.0376         1.0331         0.0000
        16.2000        19.4004         0.9322        18.2596         1.0738         0.0000
        16.2400        19.5740         0.9351        18.4224         1.0816         0.0000
        16.2800        19.7542         0.9424        18.5871         1.1067         0.0000
        16.3200        19.9049         0.9795        18.7710         1.1235         0.0000
        16.3600        20.0286         0.9973        18.9386         1.1427         0.0000
        16.4000        20.1669         0.9844        19.1214         1.1765         0.0000
        16.4400        20.2793         0.9821        19.3241         1.2088         0.0000
        16.4800        20.4786         1.0470        19.5068         1.1946         0.0000
        16.5200        20.6191         1.0541        19.6707         1.2307         0.0000
        16.5600        20.8129         1.1045        19.8262         1.2343         0.0000
        16.6000        21.0097         1.1321        20.0025         1.3013         0.0000
        16.6400        21.1910         1.1638        20.1909         1.3177         0.0000
        16.6800        21.3447         1.2004        20.3966         1.3498         0.0000
        16.7200        21.5494         1.2333        20.5635         1.3619         0.0000
        16.7600        21.7506         1.2652        20.7150         1.3917         0.0000
        16.8000        21.9168         1.2761        20.9255         1.4597         0.0000
        16.8400        22.0837         1.3024        21.1800         1.5012         0.0000
        16.8800        22.1825         1.3389        21.3634         1.5658         0.0000
        16.9200        22.3578         1.4157        21.5746         1.6192         0.0000
        16.9600        22.4701         1.4612        21.8040         1.6635         0.0000
        17.0000        22.6586         1.5332        21.9794         1.7285         0.0000
        17.0400        22.8455         1.5846        22.1826         1.7960         0.0000
        17.0800        23.0137         1.6015        22.3432         1.8143         0.0000
        17.1200        23.2467         1.6478        22.4749         1.9147         0.0000
        17.1600        23.4203         1.6770        22.6986         1.9559         0.0000
        17.2000        23.6369         1.6898        22.9456         1.9879         0.0000
        17.2400        23.7849         1.8202        23.1647         2.1067         0.0000
        17.2800        23.9566         1.8190        23.4305         2.1368         0.0000
        17.3200        24.1255         1.8778        23.6078         2.2515         0.0000
        17.3600        24.3114         1.9464        23.8388         2.3356         0.0000
        17.4000        24.4889         1.9646        24.0415         2.3839         0.0000
        17.4400        24.7023         2.0095        24.2651         2.4320         0.0000
        17.4800        24.9431         2.0438        24.4301         2.5271         0.0000
        17.5200        25.1947         2.1706        24.6037         2.6020         0.0000
        17.5600        25.4050         2.3005        24.8864         2.6705         0.0000
        17.6000        25.6535         2.3772        25.1514         2.7252         0.0000
        17.6400        25.8770         2.4142        25.4081         2.7738         0.0000
        17.6800        26.0891         2.4892        25.6199         2.8190         0.0000
        17.7200        26.2796         2.5429        25.8228         2.8673         0.0000
        17.7600        26.4804         2.6125        26.0495         2.9685         0.0000
        17.8000        26.6965         2.6921        26.3113         3.0166         0.0000
        17.8400        26.9437         2.7302        26.5621         3.0756         0.0000
        17.8800        27.1707         2.8066        26.7319         3.1534         0.0000
        17.9200        27.3693         2.9084        26.9011         3.2113         0.0000
        17.9600        27.6003         2.9411        27.1293         3.2573         0.0000
        18.0000        27.8534         3.0173        27.3255         3.3354         0.0000
        18.0400        28.0643         3.1131        27.5672         3.3646         0.0000
        18.0800        28.2070         3.1681        27.8145         3.4707         0.0000
        18.1200        28.4573         3.2582        27.9851         3.5482         0.0000
        18.1600        28.6672         3.3742        28.1848         3.6341         0.0000
        18.2000        28.8079         3.4952        28.4320         3.6847         0.0000
        18.2400        29.0098         3.5555        28.6675         3.7891         0.0000
        18.2800        29.2400         3.6014        28.9215         3.8634         0.0000
        18.3200        29.4763         3.6897        29.1543         3.9022         0.0000
        18.3600        29.7045         3.7444        29.3846         3.9758         0.0000
        18.4000        29.9231         3.7867        29.6660         4.0265         0.0000
        18.4400        30.1606         3.8584        29.8767         4.1079         0.0000
        18.4800        30.3950         3.9338        30.1494         4.1881         0.0000
        18.5200        30.5889         4.0467        30.3790         4.2403         0.0000
        18.5600        30.8717         4.1262        30.6985         4.3114         0.0000
        18.6000        31.0808         4.1863        30.8985         4.3801         0.0000
        18.6400        31.3048         4.2783        31.2571         4.4703         0.0000
        18.6800        31.5387         4.3689        31.5138         4.6096         0.0000
        18.7200        31.8506         4.4580        31.7264         4.6547         0.0000
        18.7600        32.1190         4.5958        31.9653         4.7110         0.0000
        18.8000        32.3918         4.6794        32.2510         4.8025         0.0000
        18.8400        32.6336         4.8008        32.5615         4.8799         0.0000
        18.8800        32.8964         4.8654        32.8592         4.9953         0.0000
        18.9200        33.1202         4.9230        33.1431         5.0784         0.0000
        18.9600        33.3463         5.0201        33.3212         5.1531         0.0000
        19.0000        33.5366         5.0989        33.6168         5.2412         0.0000
        19.0400        33.7936         5.2022        33.8108         5.3126         0.0000
        19.0800        33.9942         5.2982        34.0567         5.3940         0.0000
        19.1200        34.1985         5.3786        34.2052         5.4705         0.0000
        19.1600        34.4146         5.4582        34.4534         5.6241         0.0000
        19.2000        34.7002         5.5466        34.7306         5.7463         0.0000
        19.2400        34.9329         5.6079        35.0172         5.8710         0.0000
        19.2800        35.2516         5.6867        35.2695         5.9607         0.0000
        19.3200        35.5346         5.8240        35.5423         6.0602         0.0000
        19.3600        35.7581         5.8983        35.8115         6.1345         0.0000
        19.4000        35.9968         5.9583        36.0517         6.1334         0.0000
        19.4400        36.2717         6.1178        36.3288         6.2312         0.0000
        19.4800        36.5021         6.2010        36.6269         6.3419         0.0000
        19.5200        36.7510         6.2471        36.9306         6.3967         0.0000
        19.5600        37.0418         6.3626        37.2330         6.5056         0.0000
        19.6000        37.3072         6.4029        37.5792         6.7076         0.0000
        19.6400        37.5950         6.5175        37.9004         6.8023         0.0000
        19.6800        37.8759         6.5692        38.1903         6.9313         0.0000
        19.7200        38.1304         6.6723        38.5088         7.0146         0.0000
        19.7600        38.3547         6.7870        38.7663         7.0850         0.0000
        19.8000        38.5905         6.8850        39.0075         7.2091         0.0000
        19.8400        38.8691         6.9874        39.2290         7.2568         0.0000
        19.8800        39.1784         7.1091        39.5446         7.3304         0.0000
        19.9200        39.2298         7.1929        39.5581         7.3622         0.0000
        19.9600        37.0291         6.7264        37.3112         7.0143         0.0000
        20.0000        27.5267         5.0506        27.7790         5.2536         0.0000
