         0.0800         0.0000         0.0000         0.0000         0.0000         0.0000
         0.1200         0.0000         0.0000         0.0000         0.0000         0.0000
         0.1600         0.0000         0.0000         0.0000         0.0000         0.0000
         0.2000         0.0000         0.0000         0.0000         0.0000         0.0000
         0.2400         0.0000         0.0000         0.0000         0.0000         0.0000
         0.2800         0.0000         0.0000         0.0000         0.0000         0.0000
         0.3200         0.0000         0.0000         0.0000         0.0000         0.0000
         0.3600         0.0000         0.0000         0.0000         0.0000         0.0000
         0.4000         0.0000         0.0000         0.0000         0.0000         0.0000
         0.4400         0.0000         0.0000         0.0000         0.0000         0.0000
         0.4800         0.0000         0.0000         0.0000         0.0000         0.0000
         0.5200         0.0000         0.0000         0.0000         0.0000         0.0000
         0.5600         0.0000         0.0000         0.0000         0.0000         0.0000
         0.6000         0.0000         0.0000         0.0000         0.0000         0.0000
         0.6400         0.0000         0.0000         0.0000         0.0000         0.0000
         0.6800         0.0000         0.0000         0.0000         0.0000         0.0000
         0.7200         0.0000         0.0000         0.0000         0.0000         0.0000
         0.7600         0.0000         0.0000         0.0000         0.0000         0.0000
         0.8000         0.0000         0.0000         0.0000         0.0000         0.0000
         0.8400         0.0000         0.0000         0.0000         0.0000         0.0000
         0.8800         0.0000         0.0000         0.0000         0.0000         0.0000
         0.9200         0.0000         0.0000         0.0000         0.0000         0.0000
         0.9600         0.0000         0.0000         0.0001         0.0000         0.0000
         1.0000         0.0005         0.0001         0.0005         0.0001         0.0000
         1.0400         0.0014         0.0003         0.0014         0.0003         0.0000
         1.0800         0.0027         0.0006         0.0026         0.0005         0.0000
         1.1200         0.0048         0.0009         0.0042         0.0008         0.0000
         1.1600         0.0072         0.0014         0.0055         0.0013         0.0000
         1.2000         0.0095         0.0018         0.0075         0.0016         0.0000
         1.2400         0.0117         0.0022         0.0079         0.0017         0.0000
         1.2800         0.0152         0.0027         0.0090         0.0020         0.0000
         1.3200         0.0179         0.0032         0.0105         0.0023         0.0000
         1.3600         0.0203         0.0038         0.0141         0.0030         0.0000
         1.4000         0.0213         0.0037         0.0154         0.0031         0.0000
         1.4400         0.0244         0.0041         0.0172         0.0037         0.0000
         1.4800         0.0260         0.0044         0.0193         0.0037         0.0000
         1.5200         0.0287         0.0046         0.0235         0.0048         0.0000
         1.5600         0.0338         0.0054         0.0264         0.0065         0.0000
         1.6000         0.0351         0.0054         0.0296         0.0074         0.0000
         1.6400         0.0404         0.0067         0.0307         0.0113         0.0000
         1.6800         0.0435         0.0138         0.0329         0.0122         0.0000
         1.7200         0.0472         0.0152         0.0361         0.0114         0.0000
         1.7600         0.0513         0.0163         0.0384         0.0123         0.0000
         1.8000         0.0558         0.0175         0.0431         0.0156         0.0000
         1.8400         0.0609         0.0219         0.0451         0.0151         0.0000
         1.8800         0.0667         0.0228         0.0479         0.0180         0.0000
         1.9200         0.0666         0.0218         0.0527         0.0192         0.0000
         1.9600         0.0737         0.0242         0.0592         0.0236         0.0000
         2.0000         0.0787         0.0275         0.0619         0.0258         0.0000
         2.0400         0.0831         0.0292         0.0663         0.0282         0.0000
         2.0800         0.0889         0.0311         0.0666         0.0285         0.0000
         2.1200         0.0895         0.0306         0.0715         0.0315         0.0000
         2.1600         0.0956         0.0350         0.0767         0.0334         0.0000
         2.2000         0.1007         0.0379         0.0810         0.0352         0.0000
         2.2400         0.1057         0.0371         0.0856         0.0381         0.0000
         2.2800         0.1067         0.0375         0.0923         0.0418         0.0000
         2.3200         0.1107         0.0384         0.0981         0.0450         0.0000
         2.3600         0.1149         0.0403         0.1047         0.0477         0.0000
         2.4000         0.1220         0.0428         0.1085         0.0495         0.0000
         2.4400         0.1288         0.0462         0.1146         0.0522         0.0000
         2.4800         0.1396         0.0517         0.1244         0.0570         0.0000
         2.5200         0.1460         0.0577         0.1314         0.0605         0.0000
         2.5600         0.1511         0.0568         0.1412         0.0630         0.0000
         2.6000         0.1603         0.0595         0.1418         0.0634         0.0000
         2.6400         0.1668         0.0617         0.1497         0.0672         0.0000
         2.6800         0.1773         0.0652         0.1529         0.0685         0.0000
         2.7200         0.1849         0.0666         0.1545         0.0698         0.0000
         2.7600         0.1912         0.0699         0.1632         0.0731         0.0000
         2.8000         0.2031         0.0743         0.1682         0.0756         0.0000
         2.8400         0.2107         0.0844         0.1766         0.0797         0.0000
         2.8800         0.2156         0.0828         0.1840         0.0864         0.0000
         2.9200         0.2234         0.0845         0.1919         0.0889         0.0000
         2.9600         0.2308         0.0906         0.2007         0.0942         0.0000
         3.0000         0.2372         0.0938         0.2091         0.0967         0.0000
         3.0400         0.2456         0.0969         0.2129         0.0999         0.0000
         3.0800         0.2549         0.1025         0.2230         0.1059         0.0000
         3.1200         0.2656         0.1075         0.2287         0.1071         0.0000
         3.1600         0.2781         0.1152         0.2371         0.1107         0.0000
         3.2000         0.2885         0.1207         0.2397         0.1096         0.0000
         3.2400         0.2935         0.1177         0.2485         0.1114         0.0000
         3.2800         0.3025         0.1194         0.2582         0.1145         0.0000
         3.3200         0.3171         0.1250         0.2711         0.1208         0.0000
         3.3600         0.3217         0.1268         0.2841         0.1254         0.0000
         3.4000         0.3377         0.1335         0.2993         0.1335         0.0000
         3.4400         0.3454         0.1359         0.3102         0.1381         0.0000
         3.4800         0.3568         0.1413         0.3209         0.1435         0.0000
         3.5200         0.3705         0.1460         0.3344         0.1492         0.0000
         3.5600         0.3735         0.1454         0.3466         0.1546         0.0000
         3.6000         0.3832         0.1511         0.3505         0.1546         0.0000
         3.6400         0.3964         0.1552         0.3546         0.1564         0.0000
         3.6800         0.4097         0.1608         0.3711         0.1626         0.0000
         3.7200         0.4177         0.1634         0.3762         0.1641         0.0000
         3.7600         0.4300         0.1679         0.3860         0.1703         0.0000
         3.8000         0.4418         0.1700         0.4033         0.1755         0.0000
         3.8400         0.4524         0.1717         0.4150         0.1798         0.0000
         3.8800         0.4610         0.1751         0.4281         0.1840         0.0000
         3.9200         0.4724         0.1833         0.4294         0.1818         0.0000
         3.9600         0.4755         0.1844         0.4380         0.1877         0.0000
         4.0000         0.4919         0.1899         0.4466         0.1891         0.0000
         4.0400         0.5070         0.1954         0.4610         0.1896         0.0000
         4.0800         0.5261         0.2007         0.4623         0.1863         0.0000
         4.1200         0.5406         0.2098         0.4784         0.1925         0.0000
         4.1600         0.5578         0.2171         0.4894         0.1968         0.0000
         4.2000         0.5714         0.2236         0.4998         0.1998         0.0000
         4.2400         0.5902         0.2307         0.5090         0.2033         0.0000
         4.2800         0.6054         0.2361         0.5213         0.2086         0.0000
         4.3200         0.6145         0.2412         0.5326         0.2101         0.0000
         4.3600         0.6310         0.2465         0.5414         0.2093         0.0000
         4.4000         0.6471         0.2520         0.5591         0.2155         0.0000
         4.4400         0.6552         0.2536         0.5693         0.2196         0.0000
         4.4800         0.6651         0.2540         0.5839         0.2237         0.0000
         4.5200         0.6840         0.2619         0.5908         0.2253         0.0000
         4.5600         0.6975         0.2654         0.6047         0.2283         0.0000
         4.6000         0.7072         0.2730         0.6113         0.2302         0.0000
         4.6400         0.7099         0.2729         0.6201         0.2326         0.0000
         4.6800         0.7183         0.2770         0.6304         0.2395         0.0000
         4.7200         0.7203         0.2753         0.6548         0.2499         0.0000
         4.7600         0.7463         0.2824         0.6736         0.2576         0.0000
         4.8000         0.7591         0.2886         0.6842         0.2649         0.0000
         4.8400         0.7834         0.2958         0.6961         0.2702         0.0000
         4.8800         0.7923         0.3012         0.7227         0.2812         0.0000
         4.9200         0.8148         0.3084         0.7288         0.2832         0.0000
         4.9600         0.8263         0.3129         0.7326         0.2834         0.0000
         5.0000         0.8425         0.3178         0.7374         0.2838         0.0000
         5.0400         0.8533         0.3211         0.7570         0.2911         0.0000
         5.0800         0.8753         0.3267         0.7742         0.2969         0.0000
         5.1200         0.8905         0.3336         0.8039         0.3074         0.0000
         5.1600         0.9017         0.3389         0.8358         0.3219         0.0000
         5.2000         0.9136         0.3467         0.8480         0.3252         0.0000
         5.2400         0.9184         0.3479         0.8688         0.3311         0.0000
         5.2800         0.9259         0.3483         0.8860         0.3333         0.0000
         5.3200         0.9487         0.3545         0.8992         0.3376         0.0000
         5.3600         0.9728         0.3634         0.9213         0.3431         0.0000
         5.4000         0.9892         0.3681         0.9385         0.3515         0.0000
         5.4400         1.0133         0.3759         0.9535         0.3597         0.0000
         5.4800         1.0197         0.3842         0.9622         0.3666         0.0000
         5.5200         1.0395         0.3938         0.9717         0.3716         0.0000
         5.5600         1.0613         0.4036         0.9859         0.3732         0.0000
         5.6000         1.0868         0.4120         1.0089         0.3835         0.0000
         5.6400         1.1184         0.4162         1.0260         0.3893         0.0000
         5.6800         1.1349         0.4200         1.0477         0.4066         0.0000
         5.7200         1.1670         0.4264         1.0525         0.4037         0.0000
         5.7600         1.1818         0.4319         1.0691         0.4067         0.0000
         5.8000         1.1956         0.4433         1.0996         0.4134         0.0000
         5.8400         1.2263         0.4504         1.1073         0.4088         0.0000
         5.8800         1.2519         0.4593         1.1278         0.4106         0.0021
         5.9200         1.2661         0.4621         1.1533         0.4248         0.0339
         5.9600         1.2993         0.4645         1.1646         0.4282         0.1937
         6.0000         1.3186         0.4671         1.1788         0.4303         0.5693
         6.0400         1.3450         0.4738         1.1983         0.4417         1.1036
         6.0800         1.3512         0.4792         1.2244         0.4488         1.6517
         6.1200         1.3712         0.4865         1.2512         0.4587         2.1073
         6.1600         1.3854         0.4914         1.2654         0.4665         2.4386
         6.2000         1.4029         0.4964         1.2921         0.4748         2.6595
         6.2400         1.4253         0.5031         1.3193         0.4843         2.7989
         6.2800         1.4471         0.5075         1.3481         0.4966         2.8836
         6.3200         1.4799         0.5140         1.3724         0.5057         2.9337
         6.3600         1.5053         0.5221         1.4008         0.5104         2.9628
         6.4000         1.5356         0.5261         1.4357         0.5197         2.9794
         6.4400         1.5668         0.5345         1.4602         0.5278         2.9887
         6.4800         1.5951         0.5458         1.4860         0.5293         2.9939
         6.5200         1.6121         0.5498         1.5110         0.5440         2.9967
         6.5600         1.6402         0.5583         1.5425         0.5569         2.9983
         6.6000         1.6520         0.5628         1.5668         0.5621         2.9991
         6.6400         1.6851         0.5720         1.5774         0.5654         2.9995
         6.6800         1.7029         0.5825         1.6018         0.5729         2.9998
         6.7200         1.7148         0.5765         1.6400         0.5905         2.9999
         6.7600         1.7273         0.5804         1.6621         0.5989         2.9999
         6.8000         1.7449         0.5872         1.6821         0.6075         3.0000
         6.8400         1.7815         0.5962         1.6959         0.6065         3.0000
         6.8800         1.8059         0.6079         1.7280         0.6155         3.0000
         6.9200         1.8330         0.6280         1.7508         0.6133         3.0000
         6.9600         1.8582         0.6336         1.7881         0.6158         3.0000
         7.0000         1.8581         0.6348         1.8162         0.6135         3.0000
         7.0400         1.9047         0.6543         1.8478         0.6366         3.0000
         7.0800         1.9346         0.6608         1.8805         0.6414         3.0000
         7.1200         1.9580         0.6692         1.9037         0.6435         3.0000
         7.1600         1.9810         0.6752         1.9403         0.6570         3.0000
         7.2000         2.0059         0.6810         1.9617         0.6578         3.0000
         7.2400         2.0267         0.6898         1.9838         0.6673         3.0000
         7.2800         2.0600         0.6989         2.0019         0.6781         3.0000
         7.3200         2.0692         0.7036         2.0253         0.6876         3.0000
         7.3600         2.1160         0.7205         2.0446         0.6887         3.0000
         7.4000         2.1376         0.7146         2.0696         0.6915         3.0000
         7.4400         2.1811         0.7260         2.0921         0.6974         3.0000
         7.4800         2.2125         0.7420         2.1161         0.7042         3.0000
         7.5200         2.2339         0.7456         2.1412         0.7070         3.0000
         7.5600         2.2616         0.7515         2.1804         0.7120         3.0000
         7.6000         2.2886         0.7569         2.2175         0.7211         3.0000
         7.6400         2.2993         0.7622         2.2283         0.7248         3.0000
         7.6800         2.3139         0.7645         2.2607         0.7404         3.0000
         7.7200         2.3555         0.7783         2.2840         0.7460         3.0000
         7.7600         2.3823         0.7829         2.3039         0.7530         3.0000
         7.8000         2.4216         0.7931         2.3372         0.7633         3.0000
         7.8400         2.4493         0.7991         2.3616         0.7667         3.0000
         7.8800         2.4902         0.8116         2.3894         0.7777         3.0000
         7.9200         2.5092         0.8063         2.4498         0.7971         3.0000
         7.9600         2.5457         0.8197         2.4891         0.8064         3.0000
         8.0000         2.5681         0.8296         2.5202         0.8253         3.0000
         8.0400         2.5956         0.8310         2.5228         0.8282         3.0000
         8.0800         2.6349         0.8346         2.5569         0.8351         3.0000
         8.1200         2.6624         0.8450         2.5763         0.8352         3.0000
         8.1600         2.6846         0.8547         2.6039         0.8385         3.0000
         8.2000         2.7136         0.8585         2.6292         0.8500         3.0000
         8.2400         2.7498         0.8606         2.6605         0.8648         3.0000
         8.2800         2.7717         0.8568         2.7001         0.8746         3.0000
         8.3200         2.8124         0.8593         2.7199         0.8848         3.0000
         8.3600         2.8591         0.8715         2.7493         0.8867         3.0000
         8.4000         2.8887         0.8776         2.7880         0.9033         3.0000
         8.4400         2.9356         0.8893         2.8152         0.9062         3.0000
         8.4800         2.9786         0.8918         2.8661         0.9151         3.0000
         8.5200         3.0032         0.8906         2.8977         0.9090         3.0000
         8.5600         3.0446         0.9041         2.9465         0.9091         3.0000
         8.6000         3.0942         0.9155         2.9941         0.9134         3.0000
         8.6400         3.1417         0.9300         3.0421         0.9236         3.0000
         8.6800         3.1701         0.9309         3.0617         0.9332         3.0000
         8.7200         3.2083         0.9415         3.1090         0.9539         3.0000
         8.7600         3.2572         0.9530         3.1541         0.9646         3.0000
         8.8000         3.3028         0.9681         3.1801         0.9725         3.0000
         8.8400         3.3390         0.9758         3.2332         0.9694         3.0000
         8.8800         3.3968         0.9860         3.2833         0.9886         3.0000
         8.9200         3.4299         0.9896         3.3271         0.9956         3.0000
         8.9600         3.4928         0.9994         3.3642         0.9985         3.0000
         9.0000         3.5389         1.0077         3.4036         0.9989         3.0000
         9.0400         3.5861         1.0105         3.4665         1.0246         3.0000
         9.0800         3.6361         1.0231         3.5049         1.0213         3.0000
         9.1200         3.6833         1.0244         3.5684         1.0271         3.0000
         9.1600         3.7384         1.0266         3.6106         1.0326         3.0000
         9.2000         3.7815         1.0415         3.6501         1.0460         3.0000
         9.2400         3.8224         1.0471         3.6970         1.0525         3.0000
         9.2800         3.8765         1.0549         3.7567         1.0533         3.0000
         9.3200         3.9119         1.0522         3.8287         1.0684         3.0000
         9.3600         3.9339         1.0585         3.8831         1.0908         3.0000
         9.4000         3.9751         1.0529         3.9150         1.1026         3.0000
         9.4400         4.0286         1.0675         3.9623         1.1168         3.0000
         9.4800         4.0963         1.0859         3.9977         1.1092         3.0000
         9.5200         4.1389         1.0897         4.0427         1.1019         3.0000
         9.5600         4.1804         1.0875         4.1012         1.1125         3.0000
         9.6000         4.2272         1.1045         4.1865         1.1323         3.0000
         9.6400         4.2524         1.1030         4.2361         1.1300         3.0000
         9.6800         4.2909         1.1030         4.3039         1.1485         3.0000
         9.7200         4.3430         1.1125         4.3446         1.1549         3.0000
         9.7600         4.3978         1.1293         4.4151         1.1756         3.0000
         9.8000         4.4419         1.1367         4.4644         1.1845         3.0000
         9.8400         4.4828         1.1438         4.4961         1.1926         3.0000
         9.8800         4.5263         1.1489         4.5185         1.1921         3.0000
         9.9200         4.6006         1.1586         4.5741         1.1967         3.0000
         9.9600         4.6473         1.1627         4.6429         1.2002         3.0000
        10.0000         4.7208         1.1786         4.6739         1.2077         3.0000
        10.0400         4.7825         1.1828         4.7300         1.2169         3.0000
        10.0800         4.8333         1.1844         4.7871         1.2320         3.0000
        10.1200         4.8870         1.2027         4.8542         1.2469         3.0000
        10.1600         4.9401         1.2044         4.9289         1.2629         3.0000
        10.2000         4.9908         1.2017         4.9814         1.2677         3.0000
        10.2400         5.0743         1.1973         5.0416         1.2796         3.0000
        10.2800         5.1171         1.2112         5.0973         1.2925         3.0000
        10.3200         5.1689         1.2104         5.1665         1.2839         2.9999
        10.3600         5.1959         1.2037         5.2268         1.2920         2.9999
        10.4000         5.2859         1.2259         5.2871         1.3076         2.9998
        10.4400         5.3374         1.2291         5.3625         1.3231         2.9995
        10.4800         5.4068         1.2387         5.3986         1.3276         2.9991
        10.5200         5.4376         1.2350         5.4375         1.3306         2.9983
        10.5600         5.4971         1.2457         5.4801         1.3235         2.9967
        10.6000         5.5596         1.2395         5.5552         1.3296         2.9939
        10.6400         5.5944         1.2433         5.6015         1.3241         2.9887
        10.6800         5.6592         1.2469         5.6598         1.3480         2.9794
        10.7200         5.7210         1.2569         5.7338         1.3488         2.9628
        10.7600         5.7873         1.2690         5.8321         1.3575         2.9337
        10.8000         5.8319         1.2735         5.9232         1.3761         2.8836
        10.8400         5.8951         1.2815         5.9687         1.3868         2.7989
        10.8800         5.9466         1.2774         6.0386         1.3946         2.6595
        10.9200         6.0208         1.2882         6.1005         1.3939         2.4386
        10.9600         6.0981         1.2988         6.1664         1.3935         2.1073
        11.0000         6.1461         1.2999         6.2573         1.3984         1.6517
        11.0400         6.2102         1.3056         6.2967         1.3935         1.1036
        11.0800         6.2682         1.2919         6.3872         1.4085         0.5693
        11.1200         6.3223         1.2918         6.4751         1.4163         0.1937
        11.1600         6.3873         1.3179         6.5569         1.4155         0.0339
        11.2000         6.4457         1.3342         6.5906         1.4302         0.0021
        11.2400         6.4906         1.3274         6.6653         1.4272         0.0000
        11.2800         6.5834         1.3572         6.7598         1.4271         0.0000
        11.3200         6.6824         1.3749         6.8561         1.4275         0.0000
        11.3600         6.7574         1.3737         6.8959         1.4207         0.0000
        11.4000         6.8198         1.3630         6.9924         1.4339         0.0000
        11.4400         6.8530         1.3440         7.0500         1.4237         0.0000
        11.4800         6.9137         1.3397         7.1174         1.4210         0.0000
        11.5200         6.9647         1.3233         7.1925         1.4304         0.0000
        11.5600         7.0183         1.3323         7.2676         1.4341         0.0000
        11.6000         7.0566         1.3301         7.3204         1.4284         0.0000
        11.6400         7.1138         1.3342         7.4098         1.4311         0.0000
        11.6800         7.1766         1.3323         7.5059         1.4378         0.0000
        11.7200         7.2619         1.3466         7.5610         1.4508         0.0000
        11.7600         7.2971         1.3466         7.6463         1.4593         0.0000
        11.8000         7.3857         1.3516         7.7091         1.4520         0.0000
        11.8400         7.4653         1.3608         7.7975         1.4442         0.0000
        11.8800         7.5460         1.3747         7.8762         1.4481         0.0000
        11.9200         7.6219         1.3960         7.9327         1.4512         0.0000
        11.9600         7.7410         1.4012         8.0316         1.4654         0.0000
        12.0000         7.8118         1.4091         8.1076         1.4621         0.0000
        12.0400         7.9087         1.4399         8.1845         1.4545         0.0000
        12.0800         7.9957         1.4266         8.2728         1.4784         0.0000
        12.1200         8.0744         1.4151         8.3580         1.4692         0.0000
        12.1600         8.1718         1.4186         8.4318         1.4714         0.0000
        12.2000         8.2530         1.4203         8.5003         1.4933         0.0000
        12.2400         8.3339         1.4257         8.5997         1.5064         0.0000
        12.2800         8.4142         1.4203         8.7043         1.5156         0.0000
        12.3200         8.5190         1.4140         8.8178         1.5260         0.0000
        12.3600         8.6678         1.4270         8.9115         1.5244         0.0000
        12.4000         8.7724         1.4365         9.0329         1.5517         0.0000
        12.4400         8.8506         1.4441         9.1637         1.5641         0.0000
        12.4800         8.9288         1.4412         9.2447         1.5596         0.0000
        12.5200         9.0032         1.4432         9.3360         1.5559         0.0000
        12.5600         9.0780         1.4403         9.4363         1.5557         0.0000
        12.6000         9.1982         1.4473         9.5235         1.5379         0.0000
        12.6400         9.2858         1.4572         9.5925         1.5415         0.0000
        12.6800         9.3993         1.4560         9.7184         1.5429         0.0000
        12.7200         9.4884         1.4546         9.8406         1.5376         0.0000
        12.7600         9.5709         1.4486         9.9322         1.5359         0.0000
        12.8000         9.7193         1.4458        10.0093         1.5304         0.0000
        12.8400         9.7779         1.4109        10.0697         1.5190         0.0000
        12.8800         9.8600         1.4013        10.1656         1.4965         0.0000
        12.9200         9.9661         1.3946        10.2887         1.5054         0.0000
        12.9600        10.0698         1.3984        10.4056         1.5037         0.0000
        13.0000        10.1305         1.3972        10.5068         1.4950         0.0000
        13.0400        10.2344         1.4006        10.5999         1.4900         0.0000
        13.0800        10.3298         1.4098        10.6788         1.4883         0.0000
        13.1200        10.4679         1.4173        10.7773         1.4891         0.0000
        13.1600        10.5977         1.4182        10.8647         1.4839         0.0000
        13.2000        10.7138         1.4223        10.9526         1.4720         0.0000
        13.2400        10.8103         1.4265        11.0061         1.4679         0.0000
        13.2800        10.9282         1.4313        11.0933         1.4422         0.0000
        13.3200        11.0242         1.4270        11.2142         1.4552         0.0000
        13.3600        11.1377         1.4078        11.3096         1.4398         0.0000
        13.4000        11.2186         1.4000        11.4198         1.4498         0.0000
        13.4400        11.3133         1.4101        11.5600         1.4500         0.0000
        13.4800        11.4606         1.4156        11.6549         1.4419         0.0000
        13.5200        11.6134         1.4212        11.7805         1.4229         0.0000
        13.5600        11.7227         1.4112        11.8670         1.4125         0.0000
        13.6000        11.7974         1.4086        12.0007         1.3979         0.0000
        13.6400        11.9191         1.4024        12.1324         1.3935         0.0000
        13.6800        12.0182         1.3829        12.2616         1.3998         0.0000
        13.7200        12.1512         1.3750        12.3992         1.3878         0.0000
        13.7600        12.2892         1.3842        12.5191         1.3852         0.0000
        13.8000        12.4194         1.3611        12.6587         1.3749         0.0000
        13.8400        12.5333         1.3892        12.7720         1.3657         0.0000
        13.8800        12.6928         1.3877        12.8634         1.3605         0.0000
        13.9200        12.8401         1.3934        12.9642         1.3573         0.0000
        13.9600        12.9076         1.3832        13.0803         1.3476         0.0000
        14.0000        13.0379         1.3825        13.1824         1.3369         0.0000
        14.0400        13.1443         1.3704        13.3001         1.3344         0.0000
        14.0800        13.2643         1.3842        13.3995         1.3196         0.0000
        14.1200        13.3988         1.3792        13.5339         1.3463         0.0000
        14.1600        13.5073         1.3608        13.6851         1.3316         0.0000
        14.2000        13.6386         1.3421        13.8038         1.3083         0.0000
        14.2400        13.7782         1.3369        13.8459         1.2903         0.0000
        14.2800        13.9067         1.3287        13.9354         1.3024         0.0000
        14.3200        13.9987         1.3228        14.0844         1.2791         0.0000
        14.3600        14.0837         1.3082        14.1712         1.2675         0.0000
        14.4000        14.2273         1.3098        14.3425         1.2575         0.0000
        14.4400        14.3087         1.3014        14.4457         1.2472         0.0000
        14.4800        14.4230         1.2987        14.5745         1.2457         0.0000
        14.5200        14.5425         1.2797        14.7234         1.2330         0.0000
        14.5600        14.6638         1.2783        14.8503         1.2142         0.0000
        14.6000        14.8491         1.2687        15.0276         1.2029         0.0000
        14.6400        15.0090         1.2680        15.1217         1.1976         0.0000
        14.6800        15.1736         1.2609        15.3199         1.1799         0.0000
        14.7200        15.2877         1.2388        15.4135         1.1643         0.0000
        14.7600        15.4688         1.2365        15.5485         1.1398         0.0000
        14.8000        15.6046         1.2207        15.7086         1.1343         0.0000
        14.8400        15.7331         1.2136        15.8185         1.1455         0.0000
        14.8800        15.8664         1.1921        15.9875         1.1391         0.0000
        14.9200        15.9946         1.1812        16.0844         1.1204         0.0000
        14.9600        16.1647         1.1803        16.2408         1.1074         0.0000
        15.0000        16.2714         1.1355        16.4066         1.0858         0.0000
        15.0400        16.3855         1.1144        16.5203         1.0740         0.0000
        15.0800        16.5018         1.0998        16.7000         1.0777         0.0000
        15.1200        16.6094         1.0933        16.8546         1.0611         0.0000
        15.1600        16.7676         1.0852        17.0308         1.0533         0.0000
        15.2000        16.9036         1.0783        17.1810         1.0429         0.0000
        15.2400        17.0864         1.0777        17.3111         1.0361         0.0000
        15.2800        17.2667         1.0723        17.4422         1.0283         0.0000
        15.3200        17.3945         1.0554        17.5504         1.0081         0.0000
        15.3600        17.4979         1.0413        17.6943         0.9970         0.0000
        15.4000        17.6727         1.0229        17.8440         0.9822         0.0000
        15.4400        17.7829         1.0015        17.9713         0.9772         0.0000
        15.4800        17.8884         0.9919        18.0910         0.9622         0.0000
        15.5200        18.0216         0.9843        18.2370         0.9525         0.0000
        15.5600        18.2044         0.9818        18.4051         0.9310         0.0000
        15.6000        18.3183         0.9547        18.5614         0.9392         0.0000
        15.6400        18.4645         0.9454        18.7564         0.9195         0.0000
        15.6800        18.6132         0.9468        18.8753         0.9149         0.0000
        15.7200        18.7289         0.9376        19.0735         0.9167         0.0000
        15.7600        18.8761         0.9154        19.2022         0.9170         0.0000
        15.8000        19.0019         0.9064        19.3049         0.8950         0.0000
        15.8400        19.1661         0.8852        19.4740         0.8833         0.0000
        15.8800        19.3283         0.8711        19.6191         0.8592         0.0000
        15.9200        19.5495         0.8646        19.7923         0.8408         0.0000
        15.9600        19.6847         0.8455        19.9721         0.8375         0.0000
        16.0000        19.8581         0.8453        20.1691         0.8355         0.0000
        16.0400        20.0084         0.8457        20.3180         0.8176         0.0000
        16.0800        20.1472         0.8335        20.5198         0.8141         0.0000
        16.1200        20.2835         0.8134        20.6863         0.8107         0.0000
        16.1600        20.4805         0.8037        20.8562         0.8048         0.0000
        16.2000        20.7045         0.8004        21.0136         0.8013         0.0000
        16.2400        20.8906         0.7890        21.1453         0.7846         0.0000
        16.2800        21.0560         0.7829        21.2435         0.7799         0.0000
        16.3200        21.2322         0.7899        21.4469         0.7785         0.0000
        16.3600        21.3464         0.7803        21.6001         0.7724         0.0000
        16.4000        21.5248         0.7746        21.7787         0.7629         0.0000
        16.4400        21.7417         0.7642        21.9742         0.7630         0.0000
        16.4800        21.9054         0.7607        22.1563         0.7513         0.0000
        16.5200        22.0856         0.7681        22.3322         0.7608         0.0000
        16.5600        22.2500         0.7860        22.5009         0.7640         0.0000
        16.6000        22.4008         0.7799        22.6644         0.7626         0.0000
        16.6400        22.5579         0.7819        22.8036         0.7440         0.0000
        16.6800        22.7086         0.7836        22.9133         0.7416         0.0000
        16.7200        22.8650         0.8018        23.1118         0.7390         0.0000
        16.7600        23.0381         0.8170        23.3284         0.7415         0.0000
        16.8000        23.2124         0.8202        23.4731         0.7399         0.0000
        16.8400        23.4286         0.8340        23.6688         0.7586         0.0000
        16.8800        23.6574         0.8392        23.8098         0.7615         0.0000
        16.9200        23.8491         0.8644        23.9743         0.7772         0.0000
        16.9600        24.0053         0.8679        24.1053         0.7939         0.0000
        17.0000        24.1913         0.8830        24.3027         0.8117         0.0000
        17.0400        24.3411         0.8806        24.4733         0.8428         0.0000
        17.0800        24.5849         0.9193        24.6832         0.8838         0.0000
        17.1200        24.7869         0.9237        24.8712         0.9359         0.0000
        17.1600        24.9447         0.9752        25.0024         0.9398         0.0000
        17.2000        25.1146         1.0261        25.2148         1.0051         0.0000
        17.2400        25.2370         1.0924        25.3373         1.0959         0.0000
        17.2800        25.4195         1.1800        25.6278         1.1510         0.0000
        17.3200        25.6200         1.2267        25.8128         1.3336         0.0000
        17.3600        25.8870         1.3237        26.0019         1.4160         0.0000
        17.4000        26.0993         1.3744        26.1718         1.4900         0.0000
        17.4400        26.2954         1.4500        26.3431         1.4810         0.0000
        17.4800        26.5168         1.5041        26.5584         1.5329         0.0000
        17.5200        26.7328         1.5521        26.7269         1.6113         0.0000
        17.5600        26.9523         1.5963        26.9233         1.6832         0.0000
        17.6000        27.1217         1.6724        27.1503         1.7348         0.0000
        17.6400        27.3441         1.7208        27.4310         1.7754         0.0000
        17.6800        27.6102         1.7661        27.6111         1.8141         0.0000
        17.7200        27.8449         1.8302        27.8798         1.8532         0.0000
        17.7600        28.0962         1.9121        28.1382         1.9365         0.0000
        17.8000        28.2767         1.9627        28.3588         2.0355         0.0000
        17.8400        28.5309         2.0166        28.5805         2.1063         0.0000
        17.8800        28.7326         2.1077        28.7975         2.1924         0.0000
        17.9200        28.9909         2.1936        28.9306         2.2799         0.0000
        17.9600        29.2526         2.3119        29.1783         2.3620         0.0000
        18.0000        29.4859         2.4029        29.4327         2.3981         0.0000
        18.0400        29.6696         2.4648        29.6845         2.4887         0.0000
        18.0800        29.9323         2.5219        29.8932         2.5513         0.0000
        18.1200        30.1929         2.6406        30.1377         2.6025         0.0000
        18.1600        30.4398         2.7593        30.3480         2.7133         0.0000
        18.2000        30.6756         2.8293        30.6128         2.7819         0.0000
        18.2400        30.9366         2.9034        30.8139         2.8565         0.0000
        18.2800        31.1863         2.9680        31.0315         2.8976         0.0000
        18.3200        31.4569         3.0739        31.2222         2.9382         0.0000
        18.3600        31.7167         3.1365        31.4219         2.9750         0.0000
        18.4000        31.9317         3.2168        31.6672         3.0275         0.0000
        18.4400        32.0759         3.2896        31.9694         3.1220         0.0000
        18.4800        32.3712         3.3892        32.2006         3.1983         0.0000
        18.5200        32.6119         3.5050        32.4331         3.2637         0.0000
        18.5600        32.8758         3.5696        32.6193         3.3331         0.0000
        18.6000        33.1357         3.6252        32.8482         3.4119         0.0000
        18.6400        33.4512         3.7164        33.1332         3.5622         0.0000
        18.6800        33.6845         3.7856        33.3508         3.6583         0.0000
        18.7200        33.9730         3.8031        33.6656         3.7698         0.0000
        18.7600        34.1196         3.8257        33.8738         3.8173         0.0000
        18.8000        34.3623         3.8995        34.1075         3.9331         0.0000
        18.8400        34.6402         4.0068        34.3499         4.0378         0.0000
        18.8800        34.8744         4.0951        34.6019         4.1241         0.0000
        18.9200        35.1160         4.2011        34.7955         4.2464         0.0000
        18.9600        35.4341         4.2941        35.0615         4.3648         0.0000
        19.0000        35.6719         4.3951        35.2409         4.4611         0.0000
        19.0400        35.9641         4.4266        35.4771         4.5673         0.0000
        19.0800        36.2927         4.5545        35.7820         4.6814         0.0000
        19.1200        36.5693         4.6688        35.9984         4.7405         0.0000
        19.1600        36.8252         4.7652        36.2281         4.8124         0.0000
        19.2000        37.0953         4.8761        36.5352         4.9608         0.0000
        19.2400        37.4080         5.0435        36.8287         5.0847         0.0000
        19.2800        37.7201         5.1074        37.1802         5.1995         0.0000
        19.3200        37.9804         5.2212        37.5063         5.2635         0.0000
        19.3600        38.2466         5.3261        37.7415         5.3557         0.0000
        19.4000        38.5486         5.4618        37.9705         5.4478         0.0000
        19.4400        38.7564         5.4934        38.2537         5.5636         0.0000
        19.4800        39.0056         5.5984        38.5090         5.7207         0.0000
        19.5200        39.2493         5.6771        38.8081         5.8044         0.0000
        19.5600        39.5298         5.7634        39.1001         5.8803         0.0000
        19.6000        39.8992         5.8522        39.4900         6.0287         0.0000
        19.6400        40.2218         5.9985        39.7810         6.1249         0.0000
        19.6800        40.5361         6.0520        40.0571         6.2582         0.0000
        19.7200        40.8440         6.1650        40.3601         6.3088         0.0000
        19.7600        41.0714         6.2359        40.6436         6.4292         0.0000
        19.8000        41.3915         6.3732        40.9414         6.5089         0.0000
        19.8400        41.6878         6.4651        41.1515         6.6193         0.0000
        19.8800        41.9021         6.5870        41.4101         6.6804         0.0000
        19.9200        41.8382         6.6890        41.4000         6.5798         0.0000
        19.9600        39.4913         6.3978        39.1001         6.2335         0.0000
        20.0000        29.3436         4.7470        29.0736         4.6769         0.0000
