   8.0000004E-002   0.0000000E+000   0.0000000E+000   0.0000000E+000   0.0000000E+000
   1.2000000E-001   0.0000000E+000   0.0000000E+000   0.0000000E+000   0.0000000E+000
   1.6000001E-001   0.0000000E+000   0.0000000E+000   0.0000000E+000   0.0000000E+000
   2.0000000E-001   0.0000000E+000   0.0000000E+000   0.0000000E+000   0.0000000E+000
   2.4000000E-001   0.0000000E+000   0.0000000E+000   0.0000000E+000   0.0000000E+000
   2.8000001E-001   0.0000000E+000   0.0000000E+000   0.0000000E+000   0.0000000E+000
   3.2000002E-001   0.0000000E+000   0.0000000E+000   0.0000000E+000   0.0000000E+000
   3.5999998E-001   0.0000000E+000   0.0000000E+000   0.0000000E+000   0.0000000E+000
   3.9999999E-001   0.0000000E+000   0.0000000E+000   0.0000000E+000   0.0000000E+000
   4.4000000E-001   0.0000000E+000   0.0000000E+000   0.0000000E+000   0.0000000E+000
   4.8000000E-001   0.0000000E+000   0.0000000E+000   0.0000000E+000   0.0000000E+000
   5.2000001E-001   0.0000000E+000   0.0000000E+000   0.0000000E+000   0.0000000E+000
   5.6000002E-001   0.0000000E+000   0.0000000E+000   0.0000000E+000   0.0000000E+000
   5.9999999E-001   0.0000000E+000   0.0000000E+000   0.0000000E+000   0.0000000E+000
   6.4000003E-001   0.0000000E+000   0.0000000E+000   0.0000000E+000   0.0000000E+000
   6.8000004E-001   0.0000000E+000   0.0000000E+000   0.0000000E+000   0.0000000E+000
   7.1999997E-001   0.0000000E+000   0.0000000E+000   0.0000000E+000   0.0000000E+000
   7.5999998E-001   0.0000000E+000   0.0000000E+000   0.0000000E+000   0.0000000E+000
   7.9999998E-001   0.0000000E+000   0.0000000E+000   0.0000000E+000   0.0000000E+000
   8.3999999E-001   0.0000000E+000   0.0000000E+000   0.0000000E+000   0.0000000E+000
   8.8000000E-001   0.0000000E+000   0.0000000E+000   0.0000000E+000   0.0000000E+000
   9.2000000E-001   0.0000000E+000   0.0000000E+000   0.0000000E+000   0.0000000E+000
   9.6000001E-001   0.0000000E+000   0.0000000E+000   0.0000000E+000   0.0000000E+000
   1.0000000E+000   0.0000000E+000   0.0000000E+000   0.0000000E+000   0.0000000E+000
   1.0400000E+000   6.0379619E-006   1.2819554E-006   5.5906823E-006   1.1691231E-006
   1.0800000E+000   1.3183164E-005   2.9943866E-006   1.1199682E-005   2.2994284E-006
   1.1200000E+000   2.0511069E-005   4.0153957E-006   1.9006777E-005   3.5313518E-006
   1.1600000E+000   3.3353378E-005   6.5637829E-006   2.4444456E-005   4.3671244E-006
   1.2000000E+000   4.2851016E-005   7.8459820E-006   3.1092868E-005   6.6354116E-006
   1.2400000E+000   5.3470428E-005   1.0080647E-005   3.5156554E-005   6.7730428E-006
   1.2800001E+000   6.8293569E-005   1.2349265E-005   4.1852596E-005   9.4221436E-006
   1.3200000E+000   8.0828507E-005   1.3958825E-005   4.7947702E-005   1.0280971E-005
   1.3600001E+000   9.2101204E-005   1.7406272E-005   6.3269464E-005   1.3232826E-005
   1.4000000E+000   9.7731851E-005   1.6673742E-005   6.9650276E-005   1.4458002E-005
   1.4399999E+000   1.1234782E-004   1.9524585E-005   7.8935482E-005   1.6673878E-005
   1.4800000E+000   1.1727861E-004   1.9303779E-005   8.4459260E-005   1.5998079E-005
   1.5200000E+000   1.2671818E-004   2.0709567E-005   1.0678301E-004   2.1237034E-005
   1.5600000E+000   1.5152154E-004   2.3606760E-005   1.2137906E-004   4.0248731E-005
   1.6000000E+000   1.5513872E-004   2.3662257E-005   1.3486091E-004   3.4426487E-005
   1.6400000E+000   1.8331812E-004   3.0806044E-005   1.3606327E-004   5.0051540E-005
   1.6800000E+000   1.9971502E-004   6.2874068E-005   1.4701374E-004   5.5113804E-005
   1.7200001E+000   2.1819027E-004   6.9855599E-005   1.6285734E-004   5.1324449E-005
   1.7600000E+000   2.3432873E-004   7.4675204E-005   1.7583455E-004   6.4511942E-005
   1.8000001E+000   2.4895806E-004   7.6286011E-005   1.9179780E-004   6.9337207E-005
   1.8400000E+000   2.7721654E-004   1.0394183E-004   1.9766668E-004   6.2557140E-005
   1.8799999E+000   2.9838035E-004   1.0124248E-004   2.1527060E-004   8.1200877E-005
   1.9200000E+000   3.0310704E-004   9.9156734E-005   2.3880382E-004   8.6300122E-005
   1.9599999E+000   3.3144507E-004   1.0839477E-004   2.6380999E-004   9.8800317E-005
   2.0000000E+000   3.5438100E-004   1.2609987E-004   2.7952194E-004   1.1553373E-004
   2.0400000E+000   3.8054863E-004   1.3329157E-004   2.9656625E-004   1.2749519E-004
   2.0800000E+000   3.9969856E-004   1.4163400E-004   2.9916113E-004   1.2684548E-004
   2.1200000E+000   4.0194737E-004   1.3901504E-004   3.1779636E-004   1.3383742E-004
   2.1600001E+000   4.2982009E-004   1.5251897E-004   3.4502684E-004   1.5071529E-004
   2.2000000E+000   4.5157008E-004   1.5789110E-004   3.6795894E-004   1.6056540E-004
   2.2400001E+000   4.7559100E-004   1.7865256E-004   3.8236571E-004   1.7091820E-004
   2.2800000E+000   4.8310259E-004   1.7156366E-004   4.1608220E-004   1.8860716E-004
   2.3199999E+000   5.0454546E-004   1.7543365E-004   4.4341461E-004   2.0325417E-004
   2.3600000E+000   5.1198948E-004   1.7866839E-004   4.6069471E-004   2.0888095E-004
   2.3999999E+000   5.5630759E-004   1.9550788E-004   4.8944158E-004   2.2279478E-004
   2.4400000E+000   5.7699494E-004   2.0588777E-004   5.1722683E-004   2.3543599E-004
   2.4800000E+000   6.1715634E-004   2.2586178E-004   5.5994775E-004   2.5522944E-004
   2.5200000E+000   6.6176512E-004   2.6034843E-004   5.9723401E-004   2.7134028E-004
   2.5600001E+000   6.8361280E-004   2.5424240E-004   6.2753332E-004   2.8103118E-004
   2.5999999E+000   7.2907866E-004   2.7220022E-004   6.3008409E-004   2.8090584E-004
   2.6400000E+000   7.4809710E-004   2.7553873E-004   6.6918468E-004   3.0034201E-004
   2.6800001E+000   7.9965977E-004   2.9345059E-004   6.9405257E-004   3.1171574E-004
   2.7200001E+000   8.3470904E-004   2.9882789E-004   6.9219312E-004   3.1092590E-004
   2.7599999E+000   8.7007961E-004   3.1696401E-004   7.3817101E-004   3.2933221E-004
   2.8000000E+000   9.1254242E-004   3.3633262E-004   7.5465792E-004   3.4030263E-004
   2.8400001E+000   9.4397244E-004   3.6635955E-004   7.9459852E-004   3.5756091E-004
   2.8799999E+000   9.7308834E-004   3.8763611E-004   8.2138104E-004   3.8503805E-004
   2.9200000E+000   1.0032417E-003   3.8080038E-004   8.6478514E-004   4.0258766E-004
   2.9600000E+000   1.0359674E-003   4.0779409E-004   9.0075047E-004   4.2060948E-004
   3.0000001E+000   1.0538667E-003   4.1687159E-004   9.3721836E-004   4.3636573E-004
   3.0399999E+000   1.1070185E-003   4.2615010E-004   9.5684035E-004   4.4983992E-004
   3.0800000E+000   1.1452508E-003   4.7382769E-004   1.0044545E-003   4.7666598E-004
   3.1200001E+000   1.1983465E-003   4.8429105E-004   1.0318006E-003   4.7992457E-004
   3.1600001E+000   1.2466648E-003   4.9982036E-004   1.0580309E-003   4.9824693E-004
   3.1999999E+000   1.3029492E-003   5.4352691E-004   1.0869344E-003   4.9954755E-004
   3.2400000E+000   1.3271475E-003   5.3191629E-004   1.1077573E-003   4.9814873E-004
   3.2800001E+000   1.3594425E-003   5.4927145E-004   1.1538990E-003   5.1237632E-004
   3.3199999E+000   1.4314746E-003   5.5662473E-004   1.2061671E-003   5.3671841E-004
   3.3600000E+000   1.4648848E-003   5.7464673E-004   1.2655683E-003   5.5632242E-004
   3.4000000E+000   1.5202360E-003   6.0188375E-004   1.3390060E-003   5.9841541E-004
   3.4400001E+000   1.5598541E-003   6.2159321E-004   1.3971542E-003   6.2149161E-004
   3.4799999E+000   1.6060814E-003   6.3359869E-004   1.4393317E-003   6.4514821E-004
   3.5200000E+000   1.6709080E-003   6.5878707E-004   1.4991185E-003   6.6863087E-004
   3.5600001E+000   1.6749623E-003   6.5366666E-004   1.5552293E-003   6.9048467E-004
   3.6000001E+000   1.7233767E-003   6.8678099E-004   1.5725364E-003   6.9350685E-004
   3.6399999E+000   1.7701675E-003   6.9454141E-004   1.6093847E-003   7.0767908E-004
   3.6800000E+000   1.8379646E-003   7.2176170E-004   1.6790695E-003   7.3138500E-004
   3.7200001E+000   1.8828221E-003   7.3975056E-004   1.6867685E-003   7.3708888E-004
   3.7599999E+000   1.9337487E-003   7.5735107E-004   1.7458142E-003   7.6563935E-004
   3.8000000E+000   1.9887628E-003   7.6088739E-004   1.8031739E-003   7.8222781E-004
   3.8400000E+000   2.0366897E-003   7.7738987E-004   1.8649236E-003   8.0457606E-004
   3.8800001E+000   2.0730990E-003   7.8679150E-004   1.9205003E-003   8.2698303E-004
   3.9199999E+000   2.1269256E-003   8.2335524E-004   1.9292313E-003   8.2025002E-004
   3.9600000E+000   2.1377265E-003   8.3124348E-004   1.9598526E-003   8.4609114E-004
   4.0000001E+000   2.2144841E-003   8.5325198E-004   2.0153018E-003   8.5748216E-004
   4.0400001E+000   2.2869564E-003   8.7197583E-004   2.0704173E-003   8.5806322E-004
   4.0799999E+000   2.3736405E-003   9.1211967E-004   2.0815704E-003   8.4556276E-004
   4.1200000E+000   2.4434330E-003   9.4223939E-004   2.1507951E-003   8.6709376E-004
   4.1600001E+000   2.5065877E-003   9.7851401E-004   2.2027892E-003   8.8432427E-004
   4.1999999E+000   2.5712317E-003   1.0056785E-003   2.2551309E-003   9.0341286E-004
   4.2399999E+000   2.6432191E-003   1.0360960E-003   2.3004583E-003   9.1968001E-004
   4.2800000E+000   2.7219935E-003   1.0652850E-003   2.3562660E-003   9.3519823E-004
   4.3200001E+000   2.7686695E-003   1.0886713E-003   2.4043517E-003   9.4753784E-004
   4.3599999E+000   2.8356314E-003   1.1033738E-003   2.4334833E-003   9.4752130E-004
   4.4000000E+000   2.9043845E-003   1.1277694E-003   2.5236929E-003   9.7401498E-004
   4.4400001E+000   2.9346794E-003   1.1261629E-003   2.5698247E-003   9.8486895E-004
   4.4800001E+000   2.9988459E-003   1.1450656E-003   2.6333754E-003   1.0056909E-003
   4.5199999E+000   3.0817486E-003   1.1938774E-003   2.6641104E-003   1.0154330E-003
   4.5600000E+000   3.1237292E-003   1.1857894E-003   2.7231529E-003   1.0299573E-003
   4.6000001E+000   3.1807884E-003   1.2231169E-003   2.7467706E-003   1.0316529E-003
   4.6399999E+000   3.2016459E-003   1.2317766E-003   2.7795987E-003   1.0435188E-003
   4.6799999E+000   3.2516617E-003   1.2595418E-003   2.8250950E-003   1.0754668E-003
   4.7200000E+000   3.2581643E-003   1.2491152E-003   2.9515343E-003   1.1278108E-003
   4.7600001E+000   3.3823330E-003   1.2978981E-003   3.0274179E-003   1.1679347E-003
   4.7999999E+000   3.4238396E-003   1.2992255E-003   3.0686578E-003   1.1744139E-003
   4.8400000E+000   3.5170884E-003   1.3249227E-003   3.1178716E-003   1.1982207E-003
   4.8800001E+000   3.5782312E-003   1.3634540E-003   3.2420751E-003   1.2609305E-003
   4.9200001E+000   3.6585056E-003   1.3874774E-003   3.2725249E-003   1.2726826E-003
   4.9599999E+000   3.7059355E-003   1.3992162E-003   3.2963635E-003   1.2774074E-003
   5.0000000E+000   3.7808318E-003   1.4225565E-003   3.3238363E-003   1.2631538E-003
   5.0400001E+000   3.8382614E-003   1.4418493E-003   3.4259397E-003   1.3172919E-003
   5.0800002E+000   3.9440480E-003   1.4693219E-003   3.4635981E-003   1.3310774E-003
   5.1200002E+000   3.9881505E-003   1.4936821E-003   3.6226694E-003   1.3859102E-003
   5.1599997E+000   4.0541474E-003   1.5241230E-003   3.7587229E-003   1.4504295E-003
   5.1999998E+000   4.1203484E-003   1.5584244E-003   3.7960830E-003   1.4525760E-003
   5.2399999E+000   4.1251743E-003   1.5601387E-003   3.8838890E-003   1.4701683E-003
   5.2800000E+000   4.1784394E-003   1.5723150E-003   4.0022851E-003   1.5030553E-003
   5.3200001E+000   4.2628339E-003   1.5979106E-003   4.0515931E-003   1.5210386E-003
   5.3600001E+000   4.3805116E-003   1.6409659E-003   4.1307711E-003   1.5378795E-003
   5.4000002E+000   4.4557874E-003   1.6620158E-003   4.2185184E-003   1.5846449E-003
   5.4400003E+000   4.5806548E-003   1.6972502E-003   4.3000392E-003   1.6239611E-003
   5.4799998E+000   4.5804721E-003   1.7200744E-003   4.3253817E-003   1.6528860E-003
   5.5199999E+000   4.6923532E-003   1.7766912E-003   4.3633885E-003   1.6632312E-003
   5.5599999E+000   4.7847161E-003   1.8209571E-003   4.4391539E-003   1.6979567E-003
   5.6000000E+000   4.8997912E-003   1.8432309E-003   4.5231271E-003   1.7164930E-003
   5.6400001E+000   5.0381741E-003   1.8776786E-003   4.6079771E-003   1.7427034E-003
   5.6800002E+000   5.1024479E-003   1.8844300E-003   4.7153126E-003   1.8291139E-003
   5.7200003E+000   5.2453639E-003   1.9139263E-003   4.7935692E-003   1.8394908E-003
   5.7599998E+000   5.3163139E-003   1.9565668E-003   4.7948161E-003   1.8226756E-003
   5.7999998E+000   5.3814383E-003   1.9983315E-003   4.9336059E-003   1.8546133E-003
   5.8399999E+000   5.5175826E-003   2.0196755E-003   4.9837997E-003   1.8421571E-003
   5.8800000E+000   5.6512318E-003   2.0511464E-003   5.0793573E-003   1.8504855E-003
   5.9200001E+000   5.6866485E-003   2.0723163E-003   5.1753315E-003   1.9070044E-003
   5.9600002E+000   5.8358588E-003   2.0785068E-003   5.2648088E-003   1.9366156E-003
   6.0000002E+000   5.9145067E-003   2.1019914E-003   5.3054956E-003   1.9388280E-003
   6.0399997E+000   6.0582147E-003   2.1365607E-003   5.3906476E-003   1.9928141E-003
   6.0799998E+000   6.0551679E-003   2.1495678E-003   5.5021467E-003   2.0139917E-003
   6.1199999E+000   6.1935723E-003   2.1809856E-003   5.6283177E-003   2.0732261E-003
   6.1600000E+000   6.2416768E-003   2.2162013E-003   5.7202190E-003   2.1006460E-003
   6.2000000E+000   6.3043241E-003   2.2284768E-003   5.8092904E-003   2.1303257E-003
   6.2400001E+000   6.4254336E-003   2.2643465E-003   5.9398913E-003   2.1686778E-003
   6.2800002E+000   6.4996195E-003   2.2691156E-003   6.0649950E-003   2.2339444E-003
   6.3200003E+000   6.6459995E-003   2.3100703E-003   6.1849471E-003   2.2754281E-003
   6.3599998E+000   6.7696737E-003   2.3473820E-003   6.2870969E-003   2.2879224E-003
   6.3999999E+000   6.9304286E-003   2.3701605E-003   6.4501572E-003   2.3330785E-003
   6.4399999E+000   7.0674933E-003   2.4131690E-003   6.5508899E-003   2.3655721E-003
   6.4800000E+000   7.1721486E-003   2.4516843E-003   6.6783260E-003   2.3862494E-003
   6.5200001E+000   7.2380279E-003   2.4810263E-003   6.8252718E-003   2.4546326E-003
   6.5600002E+000   7.3581395E-003   2.4798044E-003   6.9219673E-003   2.4858816E-003
   6.6000003E+000   7.4352358E-003   2.5288470E-003   7.0604249E-003   2.5359678E-003
   6.6399997E+000   7.5798147E-003   2.5611714E-003   7.0891505E-003   2.5257337E-003
   6.6799998E+000   7.6549603E-003   2.6247587E-003   7.2065957E-003   2.5895162E-003
   6.7199999E+000   7.6947271E-003   2.5639476E-003   7.3826005E-003   2.6592668E-003
   6.7600000E+000   7.7831742E-003   2.6150702E-003   7.4417758E-003   2.6823214E-003
   6.8000001E+000   7.8523594E-003   2.6464771E-003   7.5979475E-003   2.7385075E-003
   6.8400002E+000   8.0222481E-003   2.6812180E-003   7.6497133E-003   2.7452697E-003
   6.8800002E+000   8.1343961E-003   2.7436689E-003   7.8049921E-003   2.7638383E-003
   6.9199997E+000   8.2208771E-003   2.8154541E-003   7.8936419E-003   2.7681268E-003
   6.9599998E+000   8.3735178E-003   2.8695946E-003   8.0364350E-003   2.7560544E-003
   6.9999999E+000   8.3533418E-003   2.8567061E-003   8.1743370E-003   2.7678157E-003
   7.0400000E+000   8.5732250E-003   2.9414330E-003   8.3177520E-003   2.8639953E-003
   7.0800000E+000   8.6925872E-003   2.9695297E-003   8.4518909E-003   2.8619929E-003
   7.1200001E+000   8.8461783E-003   3.0311561E-003   8.5690298E-003   2.9010788E-003
   7.1600002E+000   8.9175261E-003   3.0444738E-003   8.7351454E-003   2.9325472E-003
   7.2000003E+000   9.0015968E-003   3.0556420E-003   8.8251031E-003   2.9641208E-003
   7.2399998E+000   9.1399980E-003   3.1088254E-003   8.9373963E-003   2.9858923E-003
   7.2799999E+000   9.2712553E-003   3.1471058E-003   8.9994146E-003   3.0418656E-003
   7.3199999E+000   9.3128923E-003   3.1559834E-003   9.1120335E-003   3.0947174E-003
   7.3600000E+000   9.5245232E-003   3.2220136E-003   9.2070930E-003   3.0947836E-003
   7.4000001E+000   9.6088879E-003   3.2006481E-003   9.2942457E-003   3.1109614E-003
   7.4400002E+000   9.8216162E-003   3.2874603E-003   9.3965303E-003   3.1441465E-003
   7.4800003E+000   9.9646899E-003   3.3504022E-003   9.5395303E-003   3.1790090E-003
   7.5199997E+000   1.0072013E-002   3.3495756E-003   9.5948911E-003   3.1549753E-003
   7.5599998E+000   1.0159566E-002   3.3640672E-003   9.8089949E-003   3.1851945E-003
   7.5999999E+000   1.0300025E-002   3.4029945E-003   9.9883332E-003   3.2553346E-003
   7.6400000E+000   1.0333839E-002   3.4317276E-003   1.0047115E-002   3.2704547E-003
   7.6800001E+000   1.0396536E-002   3.4366742E-003   1.0184986E-002   3.3350289E-003
   7.7200001E+000   1.0592528E-002   3.5036550E-003   1.0315230E-002   3.3727151E-003
   7.7600002E+000   1.0720420E-002   3.5157615E-003   1.0349233E-002   3.3889688E-003
   7.7999997E+000   1.0910633E-002   3.5683040E-003   1.0510874E-002   3.4282318E-003
   7.8399998E+000   1.1034520E-002   3.5814519E-003   1.0660896E-002   3.4515955E-003
   7.8799999E+000   1.1208627E-002   3.6510767E-003   1.0805653E-002   3.5495247E-003
   7.9200000E+000   1.1319117E-002   3.6356572E-003   1.1047070E-002   3.5993632E-003
   7.9600000E+000   1.1442469E-002   3.6781922E-003   1.1192048E-002   3.6219336E-003
   8.0000001E+000   1.1566975E-002   3.7164572E-003   1.1321444E-002   3.7210328E-003
   8.0400002E+000   1.1690662E-002   3.7331418E-003   1.1339530E-002   3.7331582E-003
   8.0800003E+000   1.1897989E-002   3.7976343E-003   1.1488458E-002   3.7480477E-003
   8.1199998E+000   1.1939925E-002   3.7796052E-003   1.1571341E-002   3.7444969E-003
   8.1599998E+000   1.2087184E-002   3.8285831E-003   1.1739067E-002   3.7774174E-003
   8.1999999E+000   1.2211142E-002   3.8664250E-003   1.1813560E-002   3.8131608E-003
   8.2400000E+000   1.2396487E-002   3.8774522E-003   1.1927563E-002   3.8841237E-003
   8.2800001E+000   1.2454871E-002   3.8460399E-003   1.2164497E-002   3.9294546E-003
   8.3200002E+000   1.2659182E-002   3.8802266E-003   1.2228986E-002   3.9837195E-003
   8.3600003E+000   1.2873070E-002   3.9239509E-003   1.2382247E-002   3.9633040E-003
   8.3999997E+000   1.3019361E-002   3.9459674E-003   1.2524691E-002   4.0602517E-003
   8.4399998E+000   1.3184421E-002   3.9957416E-003   1.2686028E-002   4.0910577E-003
   8.4799999E+000   1.3378768E-002   4.0127803E-003   1.2824999E-002   4.0995504E-003
   8.5200000E+000   1.3505237E-002   4.0259682E-003   1.3064519E-002   4.1043602E-003
   8.5600001E+000   1.3725500E-002   4.0752755E-003   1.3277166E-002   4.1070720E-003
   8.6000001E+000   1.3880443E-002   4.1161106E-003   1.3461209E-002   4.1249688E-003
   8.6400002E+000   1.4145121E-002   4.1702889E-003   1.3671744E-002   4.1554464E-003
   8.6799997E+000   1.4241179E-002   4.1764217E-003   1.3779271E-002   4.1875198E-003
   8.7199998E+000   1.4486643E-002   4.2344091E-003   1.3964850E-002   4.2815633E-003
   8.7599999E+000   1.4681767E-002   4.2952722E-003   1.4171316E-002   4.3296286E-003
   8.8000000E+000   1.4848828E-002   4.3520188E-003   1.4309285E-002   4.3620301E-003
   8.8400000E+000   1.5014719E-002   4.4008839E-003   1.4554547E-002   4.3604781E-003
   8.8800001E+000   1.5324889E-002   4.4344991E-003   1.4761014E-002   4.4528482E-003
   8.9200002E+000   1.5434889E-002   4.4544844E-003   1.4980141E-002   4.4981898E-003
   8.9600003E+000   1.5689062E-002   4.4988257E-003   1.5122283E-002   4.4910417E-003
   8.9999998E+000   1.5911228E-002   4.5433862E-003   1.5365045E-002   4.5131200E-003
   9.0399998E+000   1.6153698E-002   4.5486214E-003   1.5573519E-002   4.6052863E-003
   9.0799999E+000   1.6349175E-002   4.5908362E-003   1.5776583E-002   4.5999476E-003
   9.1200000E+000   1.6500351E-002   4.5954257E-003   1.6015706E-002   4.6227108E-003
   9.1600001E+000   1.6840273E-002   4.6210670E-003   1.6248769E-002   4.6655438E-003
   9.2000002E+000   1.6953951E-002   4.6735363E-003   1.6448868E-002   4.7326639E-003
   9.2400002E+000   1.7199008E-002   4.7128971E-003   1.6652050E-002   4.7338794E-003
   9.2799997E+000   1.7440881E-002   4.7421252E-003   1.6950217E-002   4.7575548E-003
   9.3199998E+000   1.7601719E-002   4.7341227E-003   1.7223029E-002   4.7954483E-003
   9.3599999E+000   1.7706105E-002   4.7628328E-003   1.7451574E-002   4.9063669E-003
   9.4000000E+000   1.7843539E-002   4.7274104E-003   1.7609832E-002   4.9448812E-003
   9.4400001E+000   1.8116742E-002   4.8243548E-003   1.7869438E-002   5.0275094E-003
   9.4800001E+000   1.8422760E-002   4.8989298E-003   1.7982626E-002   4.9820854E-003
   9.5200002E+000   1.8621190E-002   4.8945513E-003   1.8219443E-002   4.9894448E-003
   9.5599997E+000   1.8822649E-002   4.9431003E-003   1.8505845E-002   5.0236978E-003
   9.5999998E+000   1.9051385E-002   4.9749978E-003   1.8819741E-002   5.0945522E-003
   9.6399999E+000   1.9134478E-002   4.9598601E-003   1.9019506E-002   5.0648196E-003
   9.6799999E+000   1.9292299E-002   4.9640541E-003   1.9371156E-002   5.1868165E-003
   9.7200000E+000   1.9555996E-002   5.0209945E-003   1.9515497E-002   5.1810200E-003
   9.7600001E+000   1.9776802E-002   5.0624509E-003   1.9843830E-002   5.2832726E-003
   9.8000002E+000   1.9988346E-002   5.1308811E-003   2.0071223E-002   5.3192667E-003
   9.8400003E+000   2.0131137E-002   5.1411000E-003   2.0256845E-002   5.3724071E-003
   9.8799998E+000   2.0365812E-002   5.1169215E-003   2.0319249E-002   5.3476401E-003
   9.9199998E+000   2.0717361E-002   5.2480623E-003   2.0583762E-002   5.3983492E-003
   9.9599999E+000   2.0895438E-002   5.2285225E-003   2.0864933E-002   5.4272524E-003
   1.0000000E+001   2.1239426E-002   5.3211700E-003   2.1029848E-002   5.4449383E-003
   1.0039999E+001   2.1488444E-002   5.3512298E-003   2.1304536E-002   5.4806963E-003
   1.0080000E+001   2.1753602E-002   5.3325509E-003   2.1554024E-002   5.5496667E-003
   1.0120000E+001   2.1990065E-002   5.4439668E-003   2.1858485E-002   5.6189925E-003
   1.0160000E+001   2.2214682E-002   5.4596030E-003   2.2174935E-002   5.6728508E-003
   1.0200000E+001   2.2420297E-002   5.3997096E-003   2.2434459E-002   5.7134450E-003
   1.0240000E+001   2.2861224E-002   5.3995644E-003   2.2690063E-002   5.7614857E-003
   1.0280000E+001   2.3038380E-002   5.4469750E-003   2.2949293E-002   5.7914319E-003
   1.0319999E+001   2.3317505E-002   5.4647665E-003   2.3272840E-002   5.7917832E-003
   1.0360000E+001   2.3417646E-002   5.4167470E-003   2.3553038E-002   5.8231362E-003
   1.0400000E+001   2.3796175E-002   5.5380803E-003   2.3788427E-002   5.8762940E-003
   1.0440000E+001   2.3998404E-002   5.5238126E-003   2.4064224E-002   5.9339339E-003
   1.0480000E+001   2.4303217E-002   5.5918905E-003   2.4290541E-002   5.9716421E-003
   1.0520000E+001   2.4531942E-002   5.5848435E-003   2.4506091E-002   5.9857084E-003
   1.0560000E+001   2.4744089E-002   5.6174015E-003   2.4683712E-002   5.9684755E-003
   1.0599999E+001   2.5067282E-002   5.5942849E-003   2.4964690E-002   5.9813719E-003
   1.0640000E+001   2.5187814E-002   5.6016294E-003   2.5205100E-002   5.9665305E-003
   1.0680000E+001   2.5511069E-002   5.6275520E-003   2.5461928E-002   6.0674236E-003
   1.0720000E+001   2.5683160E-002   5.6459084E-003   2.5766709E-002   6.0552008E-003
   1.0760000E+001   2.6032184E-002   5.7206125E-003   2.6208896E-002   6.1143005E-003
   1.0800000E+001   2.6264363E-002   5.7410199E-003   2.6596615E-002   6.1740063E-003
   1.0840000E+001   2.6513115E-002   5.7799138E-003   2.6843855E-002   6.2260563E-003
   1.0880001E+001   2.6743285E-002   5.7343770E-003   2.7096868E-002   6.2619721E-003
   1.0920000E+001   2.7106601E-002   5.7885327E-003   2.7502701E-002   6.3030103E-003
   1.0960000E+001   2.7376267E-002   5.8508558E-003   2.7779406E-002   6.2756762E-003
   1.1000000E+001   2.7633026E-002   5.8518693E-003   2.8139769E-002   6.2863228E-003
   1.1040000E+001   2.7971806E-002   5.8436745E-003   2.8391319E-002   6.2868863E-003
   1.1080000E+001   2.8151128E-002   5.8092881E-003   2.8768525E-002   6.3632583E-003
   1.1120000E+001   2.8502077E-002   5.8502063E-003   2.9119771E-002   6.3635396E-003
   1.1160001E+001   2.8730309E-002   5.9233845E-003   2.9516691E-002   6.3860590E-003
   1.1200000E+001   2.8954725E-002   5.9445460E-003   2.9622196E-002   6.4296725E-003
   1.1240000E+001   2.9187286E-002   5.9573637E-003   2.9952471E-002   6.4070905E-003
   1.1280000E+001   2.9631625E-002   6.1050491E-003   3.0380127E-002   6.4211206E-003
   1.1320000E+001   3.0064941E-002   6.1854368E-003   3.0863271E-002   6.4470757E-003
   1.1360000E+001   3.0383271E-002   6.1318435E-003   3.1081347E-002   6.3896081E-003
   1.1400000E+001   3.0655048E-002   6.1065424E-003   3.1484977E-002   6.4516834E-003
   1.1440001E+001   3.0872211E-002   6.1031288E-003   3.1714696E-002   6.4113895E-003
   1.1480000E+001   3.1082563E-002   6.0352193E-003   3.2051446E-002   6.3966111E-003
   1.1520000E+001   3.1307788E-002   6.0057042E-003   3.2378154E-002   6.4431641E-003
   1.1560000E+001   3.1623881E-002   6.0057215E-003   3.2703892E-002   6.4307565E-003
   1.1600000E+001   3.1727926E-002   5.9751408E-003   3.2911639E-002   6.4591581E-003
   1.1640000E+001   3.2012886E-002   6.0177771E-003   3.3316198E-002   6.4792144E-003
   1.1680000E+001   3.2291968E-002   5.9935184E-003   3.3782046E-002   6.4765514E-003
   1.1720001E+001   3.2699499E-002   6.0641829E-003   3.4098391E-002   6.5304618E-003
   1.1760000E+001   3.2791133E-002   6.0353928E-003   3.4481513E-002   6.5973188E-003
   1.1799999E+001   3.3219383E-002   6.0825912E-003   3.4691048E-002   6.5186944E-003
   1.1840000E+001   3.3584558E-002   6.1267742E-003   3.5045939E-002   6.5061172E-003
   1.1880000E+001   3.4005672E-002   6.1960106E-003   3.5461702E-002   6.5240826E-003
   1.1920000E+001   3.4273120E-002   6.2235042E-003   3.5692384E-002   6.4706194E-003
   1.1960000E+001   3.4859227E-002   6.3097146E-003   3.6121726E-002   6.6001936E-003
   1.2000000E+001   3.5146680E-002   6.3247736E-003   3.6485832E-002   6.5856415E-003
   1.2040000E+001   3.5600937E-002   6.4606541E-003   3.6769283E-002   6.5575802E-003
   1.2079999E+001   3.6005635E-002   6.4380249E-003   3.7210494E-002   6.6737407E-003
   1.2120000E+001   3.6377448E-002   6.3710717E-003   3.7625799E-002   6.6180002E-003
   1.2160000E+001   3.6768325E-002   6.4366712E-003   3.7929005E-002   6.6305784E-003
   1.2200000E+001   3.7140318E-002   6.4014490E-003   3.8263684E-002   6.7271461E-003
   1.2240000E+001   3.7539914E-002   6.4237947E-003   3.8743355E-002   6.7687836E-003
   1.2280000E+001   3.7831418E-002   6.3921358E-003   3.9124095E-002   6.8078631E-003
   1.2320000E+001   3.8261887E-002   6.4072577E-003   3.9694029E-002   6.8601415E-003
   1.2359999E+001   3.8944407E-002   6.4263478E-003   4.0035514E-002   6.9053401E-003
   1.2400000E+001   3.9409690E-002   6.4025813E-003   4.0683153E-002   6.9773878E-003
   1.2440000E+001   3.9854000E-002   6.5025930E-003   4.1242949E-002   7.0297145E-003
   1.2480000E+001   4.0166876E-002   6.4768209E-003   4.1612316E-002   7.0094804E-003
   1.2520000E+001   4.0508467E-002   6.4733904E-003   4.2038259E-002   6.9942307E-003
   1.2560000E+001   4.0913150E-002   6.4869448E-003   4.2466793E-002   6.9927323E-003
   1.2600000E+001   4.1401374E-002   6.5340173E-003   4.2795862E-002   6.9494375E-003
   1.2640001E+001   4.1853762E-002   6.5601839E-003   4.3160614E-002   6.9350934E-003
   1.2680000E+001   4.2341454E-002   6.5560041E-003   4.3701957E-002   6.9081883E-003
   1.2720000E+001   4.2685341E-002   6.5360390E-003   4.4258277E-002   6.9790749E-003
   1.2760000E+001   4.3119916E-002   6.5418344E-003   4.4715945E-002   6.9239229E-003
   1.2800000E+001   4.3723484E-002   6.5167520E-003   4.4994179E-002   6.8802866E-003
   1.2840000E+001   4.3938543E-002   6.3345148E-003   4.5302489E-002   6.8293925E-003
   1.2880000E+001   4.4429276E-002   6.3089246E-003   4.5807535E-002   6.7337299E-003
   1.2920001E+001   4.4819368E-002   6.2826966E-003   4.6266922E-002   6.8140698E-003
   1.2960000E+001   4.5211470E-002   6.2598715E-003   4.6799660E-002   6.7656847E-003
   1.3000000E+001   4.5574882E-002   6.2812435E-003   4.7319834E-002   6.7322380E-003
   1.3040000E+001   4.6105598E-002   6.3172498E-003   4.7702827E-002   6.7230401E-003
   1.3080000E+001   4.6528032E-002   6.3200078E-003   4.8017745E-002   6.7443521E-003
   1.3120000E+001   4.7140414E-002   6.3553185E-003   4.8554607E-002   6.7014837E-003
   1.3160000E+001   4.7668215E-002   6.3779674E-003   4.8909034E-002   6.6957118E-003
   1.3200001E+001   4.8207016E-002   6.3831845E-003   4.9286285E-002   6.6274812E-003
   1.3240000E+001   4.8642595E-002   6.4190506E-003   4.9524549E-002   6.6017692E-003
   1.3279999E+001   4.9192887E-002   6.4417041E-003   4.9978733E-002   6.5021722E-003
   1.3320000E+001   4.9567571E-002   6.4039497E-003   5.0479434E-002   6.5127916E-003
   1.3360000E+001   5.0083400E-002   6.3433607E-003   5.0947001E-002   6.4796027E-003
   1.3400000E+001   5.0481462E-002   6.3216106E-003   5.1315092E-002   6.5303941E-003
   1.3440000E+001   5.0885612E-002   6.3256025E-003   5.2126156E-002   6.5297122E-003
   1.3480000E+001   5.1590617E-002   6.3805716E-003   5.2371386E-002   6.4684106E-003
   1.3520000E+001   5.2216471E-002   6.3942892E-003   5.3013602E-002   6.3966873E-003
   1.3559999E+001   5.2793824E-002   6.3635297E-003   5.3299704E-002   6.3378012E-003
   1.3600000E+001   5.3119907E-002   6.3538051E-003   5.3975950E-002   6.3418468E-003
   1.3640000E+001   5.3709373E-002   6.3374395E-003   5.4633185E-002   6.2981579E-003
   1.3680000E+001   5.4063863E-002   6.1998610E-003   5.5286143E-002   6.2599170E-003
   1.3720000E+001   5.4719724E-002   6.1821676E-003   5.5806287E-002   6.2218353E-003
   1.3760000E+001   5.5256753E-002   6.2939055E-003   5.6343423E-002   6.2830151E-003
   1.3800000E+001   5.5890533E-002   6.1229798E-003   5.6926401E-002   6.1830807E-003
   1.3839999E+001   5.6430878E-002   6.2564977E-003   5.7452544E-002   6.1515593E-003
   1.3880000E+001   5.7069260E-002   6.2296706E-003   5.7878915E-002   6.1491887E-003
   1.3920000E+001   5.7748147E-002   6.2493388E-003   5.8325566E-002   6.1485965E-003
   1.3960000E+001   5.8042652E-002   6.2240361E-003   5.8894201E-002   6.0800659E-003
   1.4000000E+001   5.8689318E-002   6.2300971E-003   5.9314593E-002   6.0024760E-003
   1.4040000E+001   5.9136812E-002   6.1771786E-003   5.9802691E-002   6.0277841E-003
   1.4080000E+001   5.9764421E-002   6.2460021E-003   6.0209254E-002   5.9317209E-003
   1.4119999E+001   6.0308613E-002   6.2000037E-003   6.0871682E-002   6.0547784E-003
   1.4160000E+001   6.0785666E-002   6.0745272E-003   6.1555740E-002   6.0583786E-003
   1.4200000E+001   6.1299184E-002   5.9834757E-003   6.2050819E-002   5.8926149E-003
   1.4240000E+001   6.1987080E-002   6.0189370E-003   6.2350827E-002   5.8097141E-003
   1.4280000E+001   6.2570159E-002   5.9869545E-003   6.2690637E-002   5.8559302E-003
   1.4320000E+001   6.3041845E-002   5.9556196E-003   6.3409582E-002   5.8237399E-003
   1.4360000E+001   6.3390007E-002   5.8944684E-003   6.3817726E-002   5.7199691E-003
   1.4400001E+001   6.4012347E-002   5.9001303E-003   6.4520093E-002   5.6752707E-003
   1.4440000E+001   6.4381750E-002   5.8619416E-003   6.5051000E-002   5.6133275E-003
   1.4480000E+001   6.4842392E-002   5.8255232E-003   6.5566753E-002   5.5910219E-003
   1.4520000E+001   6.5458739E-002   5.8192343E-003   6.6258216E-002   5.5334891E-003
   1.4560000E+001   6.5964191E-002   5.7490805E-003   6.6787947E-002   5.4674988E-003
   1.4600000E+001   6.6884003E-002   5.7042654E-003   6.7550022E-002   5.4063123E-003
   1.4640000E+001   6.7486014E-002   5.7208718E-003   6.7993512E-002   5.3831831E-003
   1.4680001E+001   6.8303015E-002   5.6813041E-003   6.8826398E-002   5.3563467E-003
   1.4720000E+001   6.8823283E-002   5.5579146E-003   6.9342280E-002   5.2607350E-003
   1.4760000E+001   6.9612398E-002   5.5567479E-003   6.9988145E-002   5.1325087E-003
   1.4800000E+001   7.0090352E-002   5.4818049E-003   7.0546834E-002   5.1356790E-003
   1.4840000E+001   7.0755943E-002   5.4528449E-003   7.1082003E-002   5.1552218E-003
   1.4880000E+001   7.1346704E-002   5.3526270E-003   7.1880877E-002   5.0736283E-003
   1.4920000E+001   7.1873165E-002   5.2502301E-003   7.2413339E-002   5.0173327E-003
   1.4960001E+001   7.2696712E-002   5.2946033E-003   7.3004768E-002   5.0077412E-003
   1.5000000E+001   7.3253864E-002   5.1295617E-003   7.3752626E-002   4.8590804E-003
   1.5039999E+001   7.3714590E-002   5.0072118E-003   7.4261689E-002   4.8335692E-003
   1.5080000E+001   7.4254168E-002   4.9509058E-003   7.5165934E-002   4.8400991E-003
   1.5120000E+001   7.4815933E-002   4.9164224E-003   7.5859173E-002   4.7595926E-003
   1.5160000E+001   7.5348153E-002   4.8652570E-003   7.6634664E-002   4.7413033E-003
   1.5200000E+001   7.6037306E-002   4.8436941E-003   7.7256490E-002   4.6785386E-003
   1.5240000E+001   7.6890394E-002   4.8408933E-003   7.7957080E-002   4.6548640E-003
   1.5280000E+001   7.7615636E-002   4.7789643E-003   7.8482136E-002   4.5943841E-003
   1.5319999E+001   7.8319144E-002   4.7348842E-003   7.9029077E-002   4.5947221E-003
   1.5360000E+001   7.8734399E-002   4.6933442E-003   7.9599720E-002   4.4793014E-003
   1.5400000E+001   7.9538240E-002   4.5972623E-003   8.0290409E-002   4.3937717E-003
   1.5440000E+001   7.9986973E-002   4.5097856E-003   8.0867764E-002   4.4059181E-003
   1.5480000E+001   8.0565285E-002   4.4720665E-003   8.1441442E-002   4.3736236E-003
   1.5520000E+001   8.1104536E-002   4.4255396E-003   8.2098174E-002   4.2883321E-003
   1.5560000E+001   8.1888693E-002   4.4115311E-003   8.2812935E-002   4.1801706E-003
   1.5599999E+001   8.2417904E-002   4.2985158E-003   8.3493011E-002   4.2306438E-003
   1.5640000E+001   8.3077049E-002   4.2517720E-003   8.4422574E-002   4.1290561E-003
   1.5680000E+001   8.3741026E-002   4.2653661E-003   8.4904096E-002   4.1375412E-003
   1.5720000E+001   8.4289792E-002   4.2237221E-003   8.5782220E-002   4.1140650E-003
   1.5760000E+001   8.4953349E-002   4.1255767E-003   8.6430854E-002   4.1145032E-003
   1.5800000E+001   8.5558901E-002   4.0871835E-003   8.6824037E-002   4.0109002E-003
   1.5840000E+001   8.6271355E-002   3.9689843E-003   8.7647978E-002   3.9603009E-003
   1.5880001E+001   8.6984926E-002   3.9297585E-003   8.8355971E-002   3.8588095E-003
   1.5920000E+001   8.7939954E-002   3.8708764E-003   8.9076116E-002   3.7813902E-003
   1.5960000E+001   8.8503661E-002   3.7876700E-003   8.9883206E-002   3.7607637E-003
   1.6000000E+001   8.9314502E-002   3.7997264E-003   9.0723998E-002   3.7609957E-003
   1.6040000E+001   9.0037463E-002   3.8403826E-003   9.1441850E-002   3.6791877E-003
   1.6080000E+001   9.0642449E-002   3.7536846E-003   9.2283987E-002   3.6795133E-003
   1.6120000E+001   9.1266713E-002   3.6780094E-003   9.3135582E-002   3.6462763E-003
   1.6160001E+001   9.2255897E-002   3.6194585E-003   9.3809807E-002   3.6193130E-003
   1.6200000E+001   9.3208739E-002   3.6157731E-003   9.4637531E-002   3.6032637E-003
   1.6240000E+001   9.3937601E-002   3.6023415E-003   9.5216214E-002   3.5252760E-003
   1.6280000E+001   9.4670508E-002   3.5055030E-003   9.5595811E-002   3.5188204E-003
   1.6320000E+001   9.5551418E-002   3.5580382E-003   9.6470572E-002   3.4810457E-003
   1.6360000E+001   9.6011021E-002   3.5042523E-003   9.7361844E-002   3.4655631E-003
   1.6400000E+001   9.6828971E-002   3.4838462E-003   9.8062806E-002   3.4315194E-003
   1.6440001E+001   9.7971128E-002   3.4449521E-003   9.8922829E-002   3.4425728E-003
   1.6480000E+001   9.8540359E-002   3.4260328E-003   9.9624351E-002   3.3738390E-003
   1.6520000E+001   9.9388204E-002   3.4586995E-003   1.0048404E-001   3.4159420E-003
   1.6560000E+001   1.0007162E-001   3.5292387E-003   1.0120724E-001   3.4340221E-003
   1.6600000E+001   1.0082649E-001   3.5212657E-003   1.0195431E-001   3.4246728E-003
   1.6640000E+001   1.0149062E-001   3.5189527E-003   1.0257118E-001   3.3557566E-003
   1.6680000E+001   1.0217892E-001   3.5195908E-003   1.0309035E-001   3.3322129E-003
   1.6720001E+001   1.0278377E-001   3.6238547E-003   1.0402610E-001   3.3314493E-003
   1.6760000E+001   1.0377679E-001   3.6502183E-003   1.0500665E-001   3.3448493E-003
   1.6799999E+001   1.0447953E-001   3.6898663E-003   1.0570499E-001   3.3370046E-003
   1.6840000E+001   1.0536378E-001   3.7396846E-003   1.0661198E-001   3.4117828E-003
   1.6880000E+001   1.0650285E-001   3.7656178E-003   1.0716255E-001   3.4125168E-003
   1.6920000E+001   1.0731209E-001   3.8754691E-003   1.0784537E-001   3.5410986E-003
   1.6960000E+001   1.0806669E-001   3.8937131E-003   1.0853459E-001   3.6041877E-003
   1.7000000E+001   1.0893427E-001   3.9583685E-003   1.0942668E-001   3.6585133E-003
   1.7040000E+001   1.0958940E-001   3.9633394E-003   1.1019676E-001   3.7851017E-003
   1.7079999E+001   1.1065426E-001   4.1102212E-003   1.1111578E-001   3.9926529E-003
   1.7120000E+001   1.1143339E-001   4.2039946E-003   1.1179074E-001   4.2245691E-003
   1.7160000E+001   1.1220753E-001   4.3292569E-003   1.1255318E-001   4.2608993E-003
   1.7200000E+001   1.1305858E-001   4.5583156E-003   1.1342647E-001   4.5031103E-003
   1.7240000E+001   1.1353631E-001   4.8733625E-003   1.1403289E-001   4.9861949E-003
   1.7280000E+001   1.1431938E-001   5.2250712E-003   1.1530493E-001   5.2307444E-003
   1.7320000E+001   1.1540919E-001   5.4918020E-003   1.1606902E-001   6.0460618E-003
   1.7359999E+001   1.1661084E-001   5.9015077E-003   1.1700666E-001   6.3808139E-003
   1.7400000E+001   1.1744020E-001   6.1989671E-003   1.1766586E-001   6.6664326E-003
   1.7440000E+001   1.1827130E-001   6.4585199E-003   1.1860414E-001   6.6354370E-003
   1.7480000E+001   1.1931201E-001   6.7039733E-003   1.1952039E-001   6.8919682E-003
   1.7520000E+001   1.2044521E-001   7.0061875E-003   1.2032334E-001   7.2233093E-003
   1.7560000E+001   1.2121437E-001   7.1852581E-003   1.2116058E-001   7.5582305E-003
   1.7600000E+001   1.2194873E-001   7.4890386E-003   1.2220852E-001   7.7345075E-003
   1.7640001E+001   1.2302607E-001   7.7094875E-003   1.2353244E-001   8.0065740E-003
   1.7680000E+001   1.2421208E-001   7.9538295E-003   1.2431535E-001   8.1440745E-003
   1.7720000E+001   1.2536780E-001   8.3031074E-003   1.2550178E-001   8.3539139E-003
   1.7760000E+001   1.2647501E-001   8.5662332E-003   1.2667067E-001   8.6993980E-003
   1.7800000E+001   1.2737795E-001   8.8306547E-003   1.2752122E-001   9.2007726E-003
   1.7840000E+001   1.2840009E-001   9.1148321E-003   1.2862835E-001   9.5184303E-003
   1.7880000E+001   1.2936348E-001   9.5658421E-003   1.2958909E-001   9.9099056E-003
   1.7920001E+001   1.3052960E-001   9.8709878E-003   1.3015400E-001   1.0241961E-002
   1.7960000E+001   1.3165045E-001   1.0314719E-002   1.3117557E-001   1.0536091E-002
   1.8000000E+001   1.3264779E-001   1.0728186E-002   1.3248955E-001   1.0884581E-002
   1.8040000E+001   1.3354078E-001   1.1169546E-002   1.3351970E-001   1.1199828E-002
   1.8080000E+001   1.3464891E-001   1.1412400E-002   1.3450310E-001   1.1463288E-002
   1.8120000E+001   1.3587745E-001   1.1805305E-002   1.3567141E-001   1.1809469E-002
   1.8160000E+001   1.3692438E-001   1.2417487E-002   1.3659828E-001   1.2132453E-002
   1.8200001E+001   1.3811887E-001   1.2752795E-002   1.3793947E-001   1.2296397E-002
   1.8240000E+001   1.3912565E-001   1.3054739E-002   1.3866721E-001   1.2642302E-002
   1.8279999E+001   1.4040625E-001   1.3356348E-002   1.3961989E-001   1.3043470E-002
   1.8320000E+001   1.4165328E-001   1.3678078E-002   1.4046596E-001   1.3161138E-002
   1.8360000E+001   1.4267137E-001   1.4102900E-002   1.4140159E-001   1.3346583E-002
   1.8400000E+001   1.4362632E-001   1.4474982E-002   1.4249842E-001   1.3713633E-002
   1.8440000E+001   1.4448510E-001   1.4883606E-002   1.4386131E-001   1.3996569E-002
   1.8480000E+001   1.4574239E-001   1.5292802E-002   1.4490704E-001   1.4355054E-002
   1.8520000E+001   1.4671992E-001   1.5739380E-002   1.4598135E-001   1.4670128E-002
   1.8559999E+001   1.4809394E-001   1.6068947E-002   1.4694298E-001   1.5021762E-002
   1.8600000E+001   1.4906030E-001   1.6356592E-002   1.4783032E-001   1.5370181E-002
   1.8640000E+001   1.5059989E-001   1.6724383E-002   1.4913765E-001   1.6050246E-002
   1.8680000E+001   1.5157911E-001   1.6844077E-002   1.5002639E-001   1.6515175E-002
   1.8720000E+001   1.5280877E-001   1.7101454E-002   1.5147139E-001   1.6988469E-002
   1.8760000E+001   1.5349624E-001   1.7211022E-002   1.5237908E-001   1.7215576E-002
   1.8800000E+001   1.5463471E-001   1.7571274E-002   1.5349688E-001   1.7723177E-002
   1.8839999E+001   1.5581626E-001   1.7965365E-002   1.5450317E-001   1.8106154E-002
   1.8880000E+001   1.5693298E-001   1.8335325E-002   1.5572731E-001   1.8587917E-002
   1.8920000E+001   1.5791511E-001   1.8909189E-002   1.5654174E-001   1.8939464E-002
   1.8960000E+001   1.5941314E-001   1.9322028E-002   1.5765449E-001   1.9534574E-002
   1.9000000E+001   1.6060464E-001   1.9762797E-002   1.5873872E-001   2.0013028E-002
   1.9040000E+001   1.6185107E-001   2.0114284E-002   1.5971158E-001   2.0586258E-002
   1.9080000E+001   1.6314952E-001   2.0451551E-002   1.6099388E-001   2.1074989E-002
   1.9119999E+001   1.6444383E-001   2.0952449E-002   1.6218712E-001   2.1311525E-002
   1.9160000E+001   1.6557970E-001   2.1413057E-002   1.6305702E-001   2.1728910E-002
   1.9200000E+001   1.6699408E-001   2.1984856E-002   1.6436964E-001   2.2173495E-002
   1.9240000E+001   1.6837002E-001   2.2558085E-002   1.6567892E-001   2.2804501E-002
   1.9280000E+001   1.6971827E-001   2.2951394E-002   1.6720989E-001   2.3325644E-002
   1.9320000E+001   1.7099289E-001   2.3478002E-002   1.6867232E-001   2.3704975E-002
   1.9360000E+001   1.7216752E-001   2.3936610E-002   1.6992564E-001   2.4073029E-002
   1.9400001E+001   1.7356624E-001   2.4490927E-002   1.7086407E-001   2.4507181E-002
   1.9440000E+001   1.7436652E-001   2.4726276E-002   1.7203741E-001   2.5047156E-002
   1.9480000E+001   1.7551363E-001   2.5265699E-002   1.7327511E-001   2.5717835E-002
   1.9520000E+001   1.7662478E-001   2.5489300E-002   1.7471266E-001   2.6195496E-002
   1.9560000E+001   1.7805322E-001   2.5951101E-002   1.7594010E-001   2.6394124E-002
   1.9600000E+001   1.7946131E-001   2.6300471E-002   1.7782095E-001   2.7132344E-002
   1.9640000E+001   1.8100005E-001   2.6752653E-002   1.7902995E-001   2.7570204E-002
   1.9680001E+001   1.8235555E-001   2.7252059E-002   1.8023292E-001   2.8168871E-002
   1.9720000E+001   1.8368618E-001   2.7757927E-002   1.8148593E-001   2.8570253E-002
   1.9760000E+001   1.8476443E-001   2.8263833E-002   1.8286339E-001   2.8655352E-002
   1.9800000E+001   1.8626970E-001   2.8606162E-002   1.8418185E-001   2.9287899E-002
   1.9840000E+001   1.8764723E-001   2.9103389E-002   1.8522646E-001   2.9759165E-002
   1.9880000E+001   1.8855920E-001   2.9654738E-002   1.8647005E-001   3.0073067E-002
   1.9920000E+001   1.8956213E-001   3.0330893E-002   1.8762827E-001   2.9818537E-002
   1.9960001E+001   1.9100784E-001   3.0989606E-002   1.8920527E-001   3.0239445E-002
   2.0000000E+001   1.9182146E-001   3.1146265E-002   1.9001294E-001   3.0652758E-002
