         0.4000         0.0000         0.0000         0.0000         0.0000
         0.6000         0.0000         0.0000         0.0000         0.0000
         0.8000         0.0000         0.0000         0.0000         0.0000
         1.0000         0.0000         0.0000         0.0000         0.0000
         1.2000         0.0355         0.0005         0.0000         0.0000
         1.4000         0.0570         0.0003         0.0000         0.0000
         1.6000         0.0612         0.0001         0.0000         0.0000
         1.8000         0.0618         0.0000         0.0000         0.0000
         2.0000         0.0618         0.0000         0.0000         0.0000
         2.2000         0.0618         0.0000         0.0000         0.0000
         2.4000         0.0618         0.0000         0.0000         0.0000
         2.6000         0.0618         0.0000         0.0000         0.0000
         2.8000         0.0618         0.0000         0.0000         0.0000
         3.0000         0.0618         0.0000         0.0000         0.0000
         3.2000         0.0618         0.0000         0.0000         0.0000
         3.4000         0.0618         0.0000         0.0000         0.0000
         3.6000         0.0618         0.0000         0.0000         0.0000
         3.8000         0.0618         0.0000         0.0000         0.0000
         4.0000         0.0618         0.0000         0.0000         0.0000
         4.2000         0.0618         0.0000         0.0000         0.0000
         4.4000         0.0618         0.0000         0.0000         0.0000
         4.6000         0.0618         0.0000         0.0000         0.0000
         4.8000         0.0618         0.0000         0.0000         0.0000
         5.0000         0.0618         0.0000         0.0000         0.0000
         5.2000         0.0618         0.0000         0.0000         0.0000
         5.4000         0.0618         0.0000         0.0000         0.0000
         5.6000         0.0618         0.0000         0.0000         0.0000
         5.8000         0.0618         0.0000         0.0000         0.0000
         6.0000         0.0618         0.0000         0.0000         0.0000
         6.2000         0.0618         0.0000         0.0607         0.0000
         6.4000         0.0618         0.0000         0.0618         0.0000
         6.6000         0.0618         0.0000         0.0618         0.0000
         6.8000         0.0618         0.0000         0.0618         0.0000
         7.0000         0.0618         0.0000         0.0618         0.0000
         7.2000         0.0618         0.0000         0.0618         0.0000
         7.4000         0.0618         0.0000         0.0618         0.0000
         7.6000         0.0618         0.0000         0.0618         0.0000
         7.8000         0.0618         0.0000         0.0618         0.0000
         8.0000         0.0618         0.0000         0.0618         0.0000
         8.2000         0.0618         0.0000         0.0618         0.0000
         8.4000         0.0618         0.0000         0.0618         0.0000
         8.6000         0.0618         0.0000         0.0618         0.0000
         8.8000         0.0618         0.0000         0.0618         0.0000
         9.0000         0.0618         0.0000         0.0618         0.0000
         9.2000         0.0618         0.0000         0.0618         0.0000
         9.4000         0.0618         0.0000         0.0618         0.0000
         9.6000         0.0618         0.0000         0.0618         0.0000
         9.8000         0.0618         0.0000         0.0618         0.0000
        10.0000         0.0618         0.0000         0.0618         0.0000
        10.2000         0.0618         0.0000         0.0618         0.0000
        10.4000         0.0618         0.0000         0.0618         0.0000
        10.6000         0.0618         0.0000         0.0618         0.0000
        10.8000         0.0618         0.0000         0.0618         0.0000
        11.0000         0.0618         0.0000         0.0606         0.0000
        11.2000         0.0618         0.0000         0.0100         0.0031
        11.4000         0.0618         0.0000         0.0221         0.0063
        11.6000         0.0618         0.0000         0.0310         0.0075
        11.8000         0.0618         0.0000         0.0375         0.0080
        12.0000         0.0618         0.0000         0.0416         0.0078
        12.2000         0.0618         0.0000         0.0443         0.0072
        12.4000         0.0618         0.0000         0.0469         0.0067
        12.6000         0.0618         0.0000         0.0491         0.0065
        12.8000         0.0618         0.0000         0.0509         0.0061
        13.0000         0.0618         0.0000         0.0526         0.0054
        13.2000         0.0618         0.0000         0.0537         0.0050
        13.4000         0.0618         0.0000         0.0548         0.0043
        13.6000         0.0618         0.0000         0.0555         0.0042
        13.8000         0.0618         0.0000         0.0558         0.0041
        14.0000         0.0618         0.0000         0.0565         0.0037
        14.2000         0.0618         0.0000         0.0573         0.0032
        14.4000         0.0618         0.0000         0.0583         0.0024
        14.6000         0.0618         0.0000         0.0592         0.0018
        14.8000         0.0618         0.0000         0.0594         0.0017
        15.0000         0.0618         0.0000         0.0598         0.0014
        15.2000         0.0618         0.0000         0.0598         0.0014
        15.4000         0.0618         0.0000         0.0601         0.0012
        15.6000         0.0618         0.0000         0.0603         0.0011
        15.8000         0.0618         0.0000         0.0606         0.0008
        16.0000         0.0618         0.0000         0.0608         0.0007
        16.2000         0.0618         0.0000         0.0610         0.0006
        16.4000         0.0618         0.0000         0.0611         0.0005
        16.6000         0.0618         0.0000         0.0613         0.0003
        16.8000         0.0618         0.0000         0.0613         0.0003
        17.0000         0.0618         0.0000         0.0613         0.0004
        17.2000         0.0618         0.0000         0.0614         0.0003
        17.4000         0.0618         0.0000         0.0614         0.0003
        17.6000         0.0618         0.0000         0.0614         0.0003
        17.8000         0.0618         0.0000         0.0614         0.0003
        18.0000         0.0618         0.0000         0.0615         0.0002
        18.2000         0.0618         0.0000         0.0616         0.0001
        18.4000         0.0618         0.0000         0.0616         0.0001
        18.6000         0.0618         0.0000         0.0617         0.0000
        18.8000         0.0618         0.0000         0.0617         0.0001
        19.0000         0.0618         0.0000         0.0616         0.0001
        19.2000         0.0618         0.0000         0.0617         0.0001
        19.4000         0.0618         0.0000         0.0617         0.0001
        19.6000         0.0618         0.0000         0.0617         0.0000
        19.8000         0.0618         0.0000         0.0616         0.0000
        20.0000         2.1057         0.0006         2.0965         0.0105
