         0.4000         0.0000         0.0000         0.0000         0.0000
         0.6000         0.0000         0.0000         0.0000         0.0000
         0.8000         0.0000         0.0000         0.0000         0.0000
         1.0000         0.0000         0.0000         0.0000         0.0000
         1.2000         1.2320         0.0342         0.3480         0.0244
         1.4000         3.7407         0.1230         1.0512         0.0659
         1.6000         7.2601         0.2070         2.0142         0.1044
         1.8000        11.4575         0.2439         3.1097         0.1295
         2.0000        16.2231         0.2743         4.3685         0.1480
         2.2000        21.6311         0.3157         5.7880         0.1700
         2.4000        27.8840         0.3496         7.4310         0.2225
         2.6000        35.2703         0.3728         9.0218         0.3878
         2.8000        43.5151         0.3899        10.8501         0.4357
         3.0000        52.8728         0.6556        12.9751         0.5115
         3.2000        62.5524         0.5573        14.8062         0.6780
         3.4000        73.3574         0.5754        16.4507         0.7604
         3.6000        85.2495         0.6513        18.5037         0.6615
         3.8000        98.8809         0.4952        20.3671         0.7681
         4.0000       112.6735         0.5795        21.6743         0.7999
         4.2000       126.9528         0.5244        22.6901         0.7623
         4.4000       144.0248         0.6374        23.6375         0.7095
         4.6000       162.6203         0.6466        23.9522         0.3387
         4.8000       182.5204         1.0042        23.8755         0.3887
         5.0000       203.8006         1.0461        22.8162         0.4130
         5.2000       225.2648         1.7336        21.0088         0.3222
         5.4000       249.9609         1.3296        18.5366         0.2675
         5.6000       276.8676         1.4382        15.1704         0.2288
         5.8000       304.5688         1.2594        10.4302         0.1740
         6.0000       334.2346         1.1523         4.4499         0.0815
         6.2000       366.2342         1.1747       688.4018         2.1151
         6.4000       400.0128         1.3645       726.1631         2.5307
         6.6000       435.0850         1.2097       767.0330         2.7832
         6.8000       469.0508         1.2547       812.0286         2.4446
         7.0000       502.6578         1.5132       855.5871         2.5953
         7.2000       536.9900         1.7133       901.2287         2.1395
         7.4000       571.3132         1.6364       953.5337         2.3645
         7.6000       603.3897         1.6968      1008.2137         2.7293
         7.8000       637.1343         1.6424      1065.2080         2.6639
         8.0000       670.3687         1.8771      1122.5886         2.6383
         8.2000       701.1301         1.6182      1182.9905         1.9495
         8.4000       733.1889         3.0861      1248.0248         2.1792
         8.6000       765.5479         4.2898      1318.1325         2.2765
         8.8000       795.5405         4.4236      1393.3444         2.7586
         9.0000       823.2139         3.0849      1472.8786         2.1990
         9.2000       849.3317         3.8974      1551.6711         3.0324
         9.4000       873.4296         3.7321      1633.6650         3.8945
         9.6000       894.4373         4.4832      1726.0707         5.1999
         9.8000       913.9485         3.0838      1824.4197         6.1968
        10.0000       932.7313         2.6391      1924.6572         7.7379
        10.2000       947.4436         2.3439      2030.7342         7.0715
        10.4000       954.7861         2.1047      2140.4576         5.9229
        10.6000       958.8697         2.0843      2257.4576         5.1363
        10.8000       960.0301         2.2713      2381.2502         4.4661
        11.0000       956.0694         2.7615      2515.1903         5.0556
        11.2000       946.8725         2.8472        29.8808         0.1939
        11.4000       936.9546         3.2994        76.9782         0.4774
        11.6000       931.1714         2.2038       122.9948         0.5611
        11.8000       927.4445         1.9868       167.0222         1.0044
        12.0000       924.8515         2.6877       209.1506         1.1159
        12.2000       924.3231         1.9591       250.5736         1.1390
        12.4000       925.9459         2.8581       291.6420         1.7469
        12.6000       928.3955         2.7305       332.9599         2.2707
        12.8000       932.6375         3.0807       373.1705         1.9875
        13.0000       938.6675         3.5595       413.4006         2.0865
        13.2000       944.4609         2.8187       452.6050         2.0318
        13.4000       954.1940         3.2790       490.6226         2.9356
        13.6000       966.1213         3.6671       528.5330         2.1210
        13.8000       976.0115         2.5798       565.3174         1.6867
        14.0000       986.3093         1.8242       603.0816         2.2770
        14.2000      1000.1232         1.8109       640.9122         1.4841
        14.4000      1013.6758         2.1745       675.2784         2.5554
        14.6000      1029.8919         2.5235       710.0550         2.8334
        14.8000      1046.4775         2.9191       746.2860         2.6039
        15.0000      1061.7457         2.6970       782.2912         2.7397
        15.2000      1078.2799         2.6552       817.5430         2.6178
        15.4000      1097.2377         2.8919       851.7319         4.1775
        15.6000      1117.1733         3.0524       886.4878         4.2291
        15.8000      1135.8513         3.2935       920.8961         4.0732
        16.0000      1156.7817         3.6084       954.2535         4.4940
        16.2000      1180.4426         3.7865       990.4088         2.8274
        16.4000      1207.1875         3.3487      1024.0513         2.5645
        16.6000      1232.8358         3.2163      1060.3914         2.5567
        16.8000      1259.8634         2.9886      1094.0294         2.7785
        17.0000      1285.4601         2.1618      1126.7157         2.7738
        17.2000      1314.3302         2.7896      1161.5399         3.5246
        17.4000      1343.0353         2.6810      1193.4107         5.6333
        17.6000      1371.8856         2.7880      1226.7686         5.9019
        17.8000      1399.9931         2.1830      1260.1421         3.0152
        18.0000      1428.9243         2.1980      1293.4535         1.8326
        18.2000      1459.3120         2.0492      1325.7117         1.7603
        18.4000      1489.5982         2.4944      1359.4866         1.9356
        18.6000      1518.4666         2.6519      1390.1208         2.0853
        18.8000      1550.3515         3.0494      1422.8864         2.1417
        19.0000      1582.9379         3.2402      1458.2321         2.0771
        19.2000      1618.5231         2.9630      1491.3673         3.5208
        19.4000      1652.7341         3.7273      1526.3716         3.5249
        19.6000      1688.1699         4.7983      1561.6134         2.8961
        19.8000      1727.2087         5.9364      1598.3983         3.0382
        20.0000      1761.4470         4.9718      1634.0978         4.0140
