         0.4000         0.0000         0.0000         0.0000         0.0000
         0.6000         0.0000         0.0000         0.0000         0.0000
         0.8000         0.0000         0.0000         0.0000         0.0000
         1.0000         0.0000         0.0000         0.0000         0.0000
         1.2000         1.3125         0.0403         0.3609         0.0200
         1.4000         3.9523         0.1117         1.0877         0.0611
         1.6000         7.3951         0.1494         1.9874         0.0889
         1.8000        11.5569         0.1863         3.1151         0.1309
         2.0000        16.2881         0.2542         4.3357         0.1737
         2.2000        21.9492         0.3021         5.7799         0.2101
         2.4000        28.9558         0.3418         7.2687         0.2991
         2.6000        36.6127         0.4105         8.8761         0.2971
         2.8000        45.0369         0.6322        10.6418         0.2478
         3.0000        54.1727         0.4385        12.5870         0.2723
         3.2000        64.5694         0.4399        14.1934         0.5106
         3.4000        74.8926         0.4681        15.9398         0.5634
         3.6000        86.8931         0.5041        17.9040         0.4195
         3.8000       100.3383         0.5012        19.7807         0.6084
         4.0000       114.3446         0.5663        21.2151         0.6039
         4.2000       129.0981         0.7434        22.3710         0.6335
         4.4000       146.2702         0.6713        22.7040         0.4103
         4.6000       164.0142         0.9209        23.0262         0.4077
         4.8000       183.2940         1.0976        22.8424         0.3439
         5.0000       204.0570         0.8862        22.0961         0.3689
         5.2000       227.4065         1.5727        20.9768         0.3546
         5.4000       251.7400         1.3748        18.5398         0.3157
         5.6000       277.9787         1.8596        14.9808         0.2278
         5.8000       306.7735         1.5731        10.3951         0.1475
         6.0000       338.8973         1.8447         4.4541         0.0765
         6.2000       373.9681         1.3448       696.8253         2.4843
         6.4000       407.7088         1.4988       735.9413         2.1959
         6.6000       442.9766         1.3766       776.7667         2.4254
         6.8000       481.0409         1.7091       821.3273         2.0793
         7.0000       516.6691         1.6746       867.0218         2.0781
         7.2000       550.9439         1.2649       916.1884         2.2801
         7.4000       585.8204         1.3940       966.6992         2.8741
         7.6000       619.3365         1.6195      1017.8252         3.4014
         7.8000       653.8734         2.0402      1076.0958         3.9694
         8.0000       686.5018         2.2746      1135.9196         3.1572
         8.2000       716.4694         2.5324      1199.6849         3.4144
         8.4000       746.8256         3.2969      1265.5669         3.3035
         8.6000       778.3707         2.5136      1335.3720         3.4596
         8.8000       810.7665         2.6683      1406.0680         3.5171
         9.0000       840.6887         2.5497      1480.8504         2.8222
         9.2000       866.1450         2.2753      1560.7345         2.9868
         9.4000       888.8558         1.4578      1646.9099         2.4499
         9.6000       910.8813         1.7708      1736.2224         3.1687
         9.8000       930.6071         1.7759      1828.1610         3.5748
        10.0000       949.2601         1.7289      1931.0546         3.8013
        10.2000       962.2544         1.8719      2036.3403         4.6781
        10.4000       973.3808         2.0397      2147.1634         5.9667
        10.6000       982.5140         2.4121      2266.0079         6.2140
        10.8000       980.4808         1.7608      2393.9257         6.0037
        11.0000       972.2028         1.8351      2528.7193         5.4219
        11.2000       960.4394         2.0144        30.2212         0.2001
        11.4000       951.7874         2.0388        77.4167         0.4786
        11.6000       942.2351         1.8184       122.5882         0.6788
        11.8000       936.8491         2.6641       167.3685         1.0439
        12.0000       934.2564         2.7701       211.2173         1.1196
        12.2000       931.4826         2.9011       252.9491         1.3638
        12.4000       931.4511         1.8556       293.9794         1.5625
        12.6000       933.1785         1.7247       334.8109         1.6082
        12.8000       934.1266         1.5794       375.6119         1.6098
        13.0000       939.2252         1.4410       415.1069         1.7008
        13.2000       946.3428         1.5013       453.7597         1.9135
        13.4000       956.3131         1.4875       490.9965         1.8154
        13.6000       964.8675         1.5974       528.8291         1.5875
        13.8000       973.0690         1.5360       567.0405         1.1409
        14.0000       983.6324         1.4112       602.5435         1.5883
        14.2000       994.7788         2.0788       639.1577         2.8426
        14.4000      1005.1515         2.3679       675.9579         3.2078
        14.6000      1020.5507         2.0471       711.5176         2.7659
        14.8000      1036.4037         1.9231       747.9053         1.9228
        15.0000      1054.0949         1.8499       781.7027         1.7494
        15.2000      1071.3488         1.9095       816.9231         1.9956
        15.4000      1088.7563         1.9982       849.7486         1.9267
        15.6000      1108.5989         1.9069       886.1956         2.4176
        15.8000      1128.3872         2.0577       922.0689         2.6069
        16.0000      1149.7470         2.0500       954.1146         3.3895
        16.2000      1173.5714         1.8642       986.4122         3.2283
        16.4000      1195.2659         2.1654      1018.9875         3.2331
        16.6000      1218.2078         2.4172      1052.2712         3.4006
        16.8000      1241.6153         2.1396      1084.7349         1.9792
        17.0000      1267.1448         2.1399      1117.9715         1.7840
        17.2000      1294.5432         3.0603      1151.9865         1.9925
        17.4000      1321.6089         3.0742      1186.3980         1.8910
        17.6000      1348.9792         2.7814      1217.0816         1.7927
        17.8000      1376.4450         2.6311      1248.4128         2.2525
        18.0000      1403.2557         2.3544      1281.2275         4.5447
        18.2000      1434.6288         2.7706      1313.6924         3.4931
        18.4000      1461.7374         3.2387      1347.2491         3.0102
        18.6000      1493.8819         3.7123      1380.9699         2.7619
        18.8000      1527.0778         3.8114      1416.0503         2.8780
        19.0000      1559.7276         2.5604      1449.0688         2.3775
        19.2000      1590.2015         2.0958      1481.1209         2.6956
        19.4000      1622.3875         2.2153      1510.7801         4.0793
        19.6000      1657.5188         2.3151      1545.2711         2.5924
        19.8000      1695.3544         2.5820      1576.4613         3.3149
        20.0000      1728.8697         3.7156      1607.8116         3.4105
