         0.4000         0.0000         0.0000         0.0000         0.0000
         0.6000         0.0000         0.0000         0.0000         0.0000
         0.8000         0.0000         0.0000         0.0000         0.0000
         1.0000         0.0000         0.0000         0.0000         0.0000
         1.2000         1.3136         0.0328         0.3814         0.0196
         1.4000         3.8456         0.0811         1.1231         0.0479
         1.6000         7.1698         0.1783         1.9657         0.0754
         1.8000        11.4047         0.2552         3.0052         0.0956
         2.0000        16.3291         0.2581         4.2141         0.1032
         2.2000        21.8172         0.2817         5.6331         0.1391
         2.4000        28.4902         0.3714         7.3099         0.1255
         2.6000        35.8955         0.3938         9.1173         0.1691
         2.8000        43.8515         0.3892        10.9119         0.1213
         3.0000        52.6977         0.5954        12.7537         0.1745
         3.2000        62.5020         0.5015        14.5297         0.3210
         3.4000        73.5174         0.5398        16.7644         0.3756
         3.6000        85.8470         0.9591        18.6023         0.3508
         3.8000        98.8912         1.0445        20.1340         0.2453
         4.0000       112.4645         0.8907        21.5624         0.3232
         4.2000       128.1137         0.7694        22.7011         0.3377
         4.4000       144.0001         0.6997        23.7975         0.3393
         4.6000       161.1404         0.7710        23.8450         0.4204
         4.8000       180.1212         0.9162        23.6311         0.4269
         5.0000       202.2236         0.9046        22.5377         0.2767
         5.2000       226.7935         0.8002        20.7199         0.3430
         5.4000       252.8778         0.9279        18.2591         0.2989
         5.6000       280.8128         1.2543        15.0575         0.2380
         5.8000       309.3118         1.0848        10.5355         0.1754
         6.0000       340.7242         1.1390         4.4611         0.0729
         6.2000       373.2345         1.2352       696.8702         2.0351
         6.4000       407.6279         1.1935       736.6008         1.9779
         6.6000       442.1011         1.1071       777.8575         1.4357
         6.8000       477.1160         1.6795       822.1496         1.1783
         7.0000       511.7547         2.3608       869.7162         1.5920
         7.2000       546.7438         3.2049       918.8047         2.1853
         7.4000       582.9146         3.8238       970.0963         2.6208
         7.6000       616.3921         3.7377      1025.4246         2.4398
         7.8000       650.2705         3.6179      1081.3146         3.5198
         8.0000       683.7472         3.5986      1139.7039         3.7198
         8.2000       716.0717         3.3256      1203.4829         4.5559
         8.4000       747.8324         4.2654      1267.7663         3.2697
         8.6000       777.5386         4.6463      1336.0891         2.3075
         8.8000       805.2698         4.5093      1409.4187         2.4545
         9.0000       831.4078         5.2399      1486.9429         2.1932
         9.2000       857.1240         5.0457      1566.1152         2.0581
         9.4000       882.1569         4.9008      1647.0418         2.3209
         9.6000       903.5309         3.6630      1735.9916         2.9040
         9.8000       922.1710         5.1188      1829.9964         3.6137
        10.0000       937.5630         3.7882      1932.8776         3.3371
        10.2000       949.1903         2.7421      2039.7495         3.6279
        10.4000       959.0808         4.1493      2155.0506         2.9735
        10.6000       966.5313         1.8820      2273.5074         3.9724
        10.8000       967.4128         2.3783      2395.8722         2.9005
        11.0000       962.9429         2.7587      2530.7402         3.9010
        11.2000       954.5988         2.4890        30.1244         0.2165
        11.4000       946.0183         2.0380        76.8671         0.5244
        11.6000       942.0015         1.9829       122.1100         0.7248
        11.8000       937.1680         2.8852       166.9188         1.1583
        12.0000       933.9999         2.7391       211.4698         1.0007
        12.2000       933.2244         2.0672       254.2813         1.0372
        12.4000       935.1149         2.2147       295.3034         1.1542
        12.6000       935.6924         1.7990       336.6025         1.2802
        12.8000       940.2026         2.9175       376.4502         1.6659
        13.0000       947.1927         3.2917       415.8201         1.5819
        13.2000       950.2188         3.5561       454.8335         1.2150
        13.4000       957.1667         2.9271       492.0875         1.6747
        13.6000       966.3080         2.7668       529.8208         1.6914
        13.8000       976.3957         2.3561       567.5119         1.6549
        14.0000       986.5933         1.7553       606.4107         1.8240
        14.2000       996.4925         2.1923       641.8534         2.0703
        14.4000      1005.8242         2.5273       676.5835         1.7982
        14.6000      1020.2644         3.0433       710.6897         1.6313
        14.8000      1035.8458         2.4064       745.2344         1.4828
        15.0000      1053.5504         2.1370       778.6194         1.7281
        15.2000      1070.2681         2.2508       811.8697         2.4964
        15.4000      1089.8388         1.9396       843.8526         2.3501
        15.6000      1110.9772         2.1889       878.4552         2.0282
        15.8000      1130.6565         1.5681       909.9946         1.6570
        16.0000      1149.3976         2.3706       942.5617         1.8194
        16.2000      1170.8755         2.3926       977.1940         2.3362
        16.4000      1194.9863         2.4776      1011.2352         3.3820
        16.6000      1220.0055         4.1335      1044.9166         3.2166
        16.8000      1244.5291         7.9087      1081.7057         2.4161
        17.0000      1269.7753         7.7128      1114.9428         2.0675
        17.2000      1297.1362         8.8264      1150.3674         1.9850
        17.4000      1324.8090        10.5243      1183.7030         2.3434
        17.6000      1352.8719         9.8397      1214.9457         2.3271
        17.8000      1381.1329         7.7048      1248.6757         2.8050
        18.0000      1411.3690         7.0093      1283.7364         2.8022
        18.2000      1441.0493         7.2948      1317.6662         3.2660
        18.4000      1470.2428         7.2811      1349.7654         2.4120
        18.6000      1496.6519         6.8758      1381.6376         2.2823
        18.8000      1526.9823         4.3677      1415.4682         2.1853
        19.0000      1560.6827         4.6820      1449.8174         2.3587
        19.2000      1597.9553         4.4587      1483.8344         1.8691
        19.4000      1632.0322         4.2082      1517.5118         2.2796
        19.6000      1666.7101         4.2952      1551.2975         3.1981
        19.8000      1704.1759         4.6798      1581.9248         3.8127
        20.0000      1737.6356         4.3926      1614.0708         5.5778
