         0.0800         0.0000         0.0000         0.0000         0.0000         0.0000
         0.1200         0.0000         0.0000         0.0000         0.0000         0.0000
         0.1600         0.0000         0.0000         0.0000         0.0000         0.0000
         0.2000         0.0000         0.0000         0.0000         0.0000         0.0000
         0.2400         0.0000         0.0000         0.0000         0.0000         0.0000
         0.2800         0.0000         0.0000         0.0000         0.0000         0.0000
         0.3200         0.0000         0.0000         0.0000         0.0000         0.0000
         0.3600         0.0000         0.0000         0.0000         0.0000         0.0000
         0.4000         0.0000         0.0000         0.0000         0.0000         0.0000
         0.4400         0.0000         0.0000         0.0000         0.0000         0.0000
         0.4800         0.0000         0.0000         0.0000         0.0000         0.0000
         0.5200         0.0000         0.0000         0.0000         0.0000         0.0000
         0.5600         0.0000         0.0000         0.0000         0.0000         0.0000
         0.6000         0.0000         0.0000         0.0000         0.0000         0.0000
         0.6400         0.0000         0.0000         0.0000         0.0000         0.0000
         0.6800         0.0000         0.0000         0.0000         0.0000         0.0000
         0.7200         0.0000         0.0000         0.0000         0.0000         0.0000
         0.7600         0.0000         0.0000         0.0000         0.0000         0.0000
         0.8000         0.0000         0.0000         0.0000         0.0000         0.0000
         0.8400         0.0000         0.0000         0.0000         0.0000         0.0000
         0.8800         0.0000         0.0000         0.0000         0.0000         0.0000
         0.9200         0.0000         0.0000         0.0000         0.0000         0.0000
         0.9600         0.0000         0.0000         0.0000         0.0000         0.0000
         1.0000         0.0007         0.0000         0.0003         0.0000         0.0000
         1.0400         0.0099         0.0003         0.0039         0.0001         0.0000
         1.0800         0.0251         0.0008         0.0097         0.0004         0.0000
         1.1200         0.0416         0.0013         0.0160         0.0006         0.0000
         1.1600         0.0589         0.0017         0.0228         0.0008         0.0000
         1.2000         0.0782         0.0022         0.0306         0.0010         0.0000
         1.2400         0.0969         0.0024         0.0387         0.0014         0.0000
         1.2800         0.1174         0.0025         0.0472         0.0017         0.0000
         1.3200         0.1381         0.0027         0.0567         0.0019         0.0000
         1.3600         0.1620         0.0031         0.0647         0.0020         0.0000
         1.4000         0.1876         0.0036         0.0750         0.0021         0.0000
         1.4400         0.2120         0.0049         0.0848         0.0022         0.0000
         1.4800         0.2389         0.0056         0.0946         0.0025         0.0000
         1.5200         0.2663         0.0063         0.1058         0.0028         0.0000
         1.5600         0.2955         0.0068         0.1156         0.0031         0.0000
         1.6000         0.3246         0.0071         0.1271         0.0033         0.0000
         1.6400         0.3558         0.0074         0.1385         0.0034         0.0000
         1.6800         0.3870         0.0078         0.1498         0.0036         0.0000
         1.7200         0.4210         0.0084         0.1606         0.0037         0.0000
         1.7600         0.4574         0.0088         0.1722         0.0039         0.0000
         1.8000         0.4946         0.0097         0.1865         0.0042         0.0000
         1.8400         0.5325         0.0112         0.2021         0.0044         0.0000
         1.8800         0.5694         0.0123         0.2171         0.0046         0.0000
         1.9200         0.6071         0.0131         0.2320         0.0047         0.0000
         1.9600         0.6456         0.0122         0.2485         0.0050         0.0000
         2.0000         0.6860         0.0113         0.2668         0.0052         0.0000
         2.0400         0.7288         0.0118         0.2826         0.0054         0.0000
         2.0800         0.7719         0.0123         0.3001         0.0059         0.0000
         2.1200         0.8167         0.0124         0.3206         0.0062         0.0000
         2.1600         0.8615         0.0141         0.3387         0.0064         0.0000
         2.2000         0.9069         0.0149         0.3567         0.0067         0.0000
         2.2400         0.9528         0.0152         0.3753         0.0071         0.0000
         2.2800         0.9984         0.0145         0.3956         0.0073         0.0000
         2.3200         1.0467         0.0163         0.4156         0.0078         0.0000
         2.3600         1.0944         0.0172         0.4349         0.0082         0.0000
         2.4000         1.1493         0.0169         0.4527         0.0081         0.0000
         2.4400         1.2016         0.0165         0.4729         0.0080         0.0000
         2.4800         1.2573         0.0166         0.4919         0.0085         0.0000
         2.5200         1.3109         0.0163         0.5115         0.0092         0.0000
         2.5600         1.3646         0.0172         0.5341         0.0095         0.0000
         2.6000         1.4219         0.0171         0.5564         0.0098         0.0000
         2.6400         1.4787         0.0178         0.5773         0.0102         0.0000
         2.6800         1.5358         0.0182         0.5967         0.0098         0.0000
         2.7200         1.5944         0.0189         0.6179         0.0107         0.0000
         2.7600         1.6559         0.0194         0.6419         0.0106         0.0000
         2.8000         1.7195         0.0199         0.6708         0.0113         0.0000
         2.8400         1.7880         0.0197         0.6968         0.0129         0.0000
         2.8800         1.8518         0.0201         0.7203         0.0134         0.0000
         2.9200         1.9182         0.0192         0.7505         0.0139         0.0000
         2.9600         1.9819         0.0182         0.7753         0.0151         0.0000
         3.0000         2.0454         0.0194         0.8017         0.0151         0.0000
         3.0400         2.1129         0.0211         0.8294         0.0154         0.0000
         3.0800         2.1853         0.0207         0.8571         0.0157         0.0000
         3.1200         2.2572         0.0228         0.8866         0.0161         0.0000
         3.1600         2.3267         0.0238         0.9171         0.0151         0.0000
         3.2000         2.4032         0.0243         0.9458         0.0151         0.0000
         3.2400         2.4806         0.0236         0.9759         0.0151         0.0000
         3.2800         2.5537         0.0242         1.0075         0.0162         0.0000
         3.3200         2.6253         0.0249         1.0381         0.0165         0.0000
         3.3600         2.6947         0.0255         1.0669         0.0165         0.0000
         3.4000         2.7732         0.0292         1.0999         0.0172         0.0000
         3.4400         2.8572         0.0290         1.1339         0.0180         0.0000
         3.4800         2.9443         0.0312         1.1703         0.0187         0.0000
         3.5200         3.0280         0.0307         1.2038         0.0186         0.0000
         3.5600         3.1131         0.0313         1.2392         0.0187         0.0000
         3.6000         3.1940         0.0348         1.2731         0.0186         0.0000
         3.6400         3.2913         0.0357         1.3090         0.0192         0.0000
         3.6800         3.3819         0.0365         1.3442         0.0199         0.0000
         3.7200         3.4710         0.0374         1.3817         0.0201         0.0000
         3.7600         3.5640         0.0395         1.4233         0.0206         0.0000
         3.8000         3.6551         0.0400         1.4707         0.0200         0.0000
         3.8400         3.7493         0.0411         1.5090         0.0201         0.0000
         3.8800         3.8442         0.0389         1.5437         0.0210         0.0000
         3.9200         3.9365         0.0383         1.5787         0.0214         0.0000
         3.9600         4.0324         0.0399         1.6179         0.0216         0.0000
         4.0000         4.1306         0.0415         1.6572         0.0214         0.0000
         4.0400         4.2364         0.0404         1.6930         0.0217         0.0000
         4.0800         4.3331         0.0420         1.7323         0.0213         0.0000
         4.1200         4.4303         0.0433         1.7743         0.0209         0.0000
         4.1600         4.5230         0.0427         1.8154         0.0200         0.0000
         4.2000         4.6318         0.0441         1.8557         0.0204         0.0000
         4.2400         4.7381         0.0465         1.9004         0.0210         0.0000
         4.2800         4.8505         0.0483         1.9452         0.0217         0.0000
         4.3200         4.9690         0.0483         1.9850         0.0223         0.0000
         4.3600         5.0838         0.0499         2.0336         0.0219         0.0000
         4.4000         5.2037         0.0541         2.0847         0.0214         0.0000
         4.4400         5.3064         0.0604         2.1310         0.0218         0.0000
         4.4800         5.4152         0.0591         2.1770         0.0208         0.0000
         4.5200         5.5391         0.0600         2.2202         0.0211         0.0000
         4.5600         5.6542         0.0580         2.2678         0.0214         0.0000
         4.6000         5.7747         0.0589         2.3201         0.0218         0.0000
         4.6400         5.8765         0.0596         2.3660         0.0224         0.0000
         4.6800         5.9924         0.0641         2.4104         0.0231         0.0000
         4.7200         6.1086         0.0660         2.4572         0.0236         0.0000
         4.7600         6.2286         0.0667         2.5099         0.0236         0.0000
         4.8000         6.3509         0.0667         2.5686         0.0237         0.0000
         4.8400         6.4708         0.0658         2.6138         0.0234         0.0000
         4.8800         6.5939         0.0624         2.6699         0.0238         0.0000
         4.9200         6.7062         0.0601         2.7300         0.0236         0.0000
         4.9600         6.8339         0.0624         2.7828         0.0224         0.0000
         5.0000         6.9709         0.0619         2.8321         0.0241         0.0000
         5.0400         7.1056         0.0600         2.8796         0.0238         0.0000
         5.0800         7.2342         0.0601         2.9310         0.0239         0.0000
         5.1200         7.3642         0.0515         2.9868         0.0249         0.0000
         5.1600         7.4899         0.0606         3.0393         0.0279         0.0000
         5.2000         7.6135         0.0553         3.0965         0.0286         0.0000
         5.2400         7.7500         0.0557         3.1527         0.0288         0.0000
         5.2800         7.8781         0.0564         3.2067         0.0266         0.0000
         5.3200         8.0111         0.0606         3.2583         0.0263         0.0000
         5.3600         8.1377         0.0640         3.3071         0.0288         0.0000
         5.4000         8.2809         0.0545         3.3609         0.0285         0.0000
         5.4400         8.4204         0.0548         3.4129         0.0252         0.0000
         5.4800         8.5548         0.0541         3.4628         0.0263        -0.0000
         5.5200         8.6979         0.0658         3.5123         0.0278        -0.0000
         5.5600         8.8475         0.0684         3.5643         0.0241        -0.0000
         5.6000         8.9849         0.0729         3.6221         0.0234        -0.0000
         5.6400         9.1299         0.0752         3.6767         0.0220        -0.0000
         5.6800         9.2657         0.0627         3.7397         0.0188        -0.0000
         5.7200         9.4031         0.0652         3.8015         0.0168        -0.0000
         5.7600         9.5485         0.0652         3.8604         0.0170        -0.0000
         5.8000         9.6894         0.0688         3.9189         0.0202        -0.0000
         5.8400         9.8377         0.0705         3.9813         0.0187        -0.0000
         5.8800         9.9844         0.0724         4.0980         0.0151        -0.0021
         5.9200        10.1381         0.0675         4.5464         0.0132        -0.0339
         5.9600        10.2776         0.0645         6.0706         0.0167        -0.1937
         6.0000        10.4258         0.0662         9.8603         0.0280        -0.5693
         6.0400        10.5895         0.0682        17.3231         0.0498        -1.1036
         6.0800        10.7362         0.0669        28.9748         0.0808        -1.6517
         6.1200        10.8814         0.0681        43.2832         0.2184        -2.1073
         6.1600        11.0345         0.0664        57.5138         0.2721        -2.4386
         6.2000        11.2041         0.0635        69.5536         0.2604        -2.6595
         6.2400        11.3685         0.0644        78.6443         0.2510        -2.7989
         6.2800        11.5410         0.0616        85.0617         0.3090        -2.8836
         6.3200        11.7050         0.0615        89.6040         0.3202        -2.9337
         6.3600        11.8711         0.0649        92.8531         0.4088        -2.9628
         6.4000        12.0321         0.0668        95.2442         0.4094        -2.9794
         6.4400        12.1780         0.0674        97.1248         0.4143        -2.9887
         6.4800        12.3316         0.0694        98.6976         0.3426        -2.9939
         6.5200        12.5007         0.0703       100.1132         0.3418        -2.9967
         6.5600        12.6840         0.0717       101.4549         0.4421        -2.9983
         6.6000        12.8488         0.0686       102.7644         0.4420        -2.9991
         6.6400        13.0367         0.0700       104.0643         0.4456        -2.9995
         6.6800        13.2274         0.0746       105.3431         0.5216        -2.9998
         6.7200        13.4034         0.0714       106.6283         0.5372        -2.9999
         6.7600        13.5649         0.0797       107.8726         0.5502        -2.9999
         6.8000        13.7409         0.0832       109.1232         0.5442        -3.0000
         6.8400        13.9096         0.0888       110.4036         0.5246        -3.0000
         6.8800        14.0776         0.0925       111.7232         0.4986        -3.0000
         6.9200        14.2610         0.0911       113.0357         0.5702        -3.0000
         6.9600        14.4506         0.0683       114.3867         0.5426        -3.0000
         7.0000        14.6315         0.0664       115.7821         0.5527        -3.0000
         7.0400        14.8053         0.0922       117.1713         0.4759        -3.0000
         7.0800        14.9907         0.0948       118.5154         0.4541        -3.0000
         7.1200        15.1850         0.0616       119.8362         0.4539        -3.0000
         7.1600        15.3923         0.0955       121.2086         0.4611        -3.0000
         7.2000        15.5817         0.0919       122.5363         0.5693        -3.0000
         7.2400        15.7873         0.1014       123.8709         0.5774        -3.0000
         7.2800        15.9925         0.1026       125.2534         0.5889        -3.0000
         7.3200        16.1960         0.1035       126.6658         0.5593        -3.0000
         7.3600        16.3787         0.1061       128.1088         0.6361        -3.0000
         7.4000        16.5637         0.0901       129.5524         0.6328        -3.0000
         7.4400        16.7713         0.0999       131.0416         0.6325        -3.0000
         7.4800        16.9726         0.0921       132.4914         0.6547        -3.0000
         7.5200        17.1644         0.0919       133.9174         0.6707        -3.0000
         7.5600        17.3603         0.1051       135.3452         0.6796        -3.0000
         7.6000        17.5709         0.0944       136.7991         0.6869        -3.0000
         7.6400        17.7740         0.1085       138.2310         0.6753        -3.0000
         7.6800        17.9602         0.0885       139.6834         0.6089        -3.0000
         7.7200        18.1704         0.0841       141.1830         0.6092        -3.0000
         7.7600        18.3695         0.0855       142.6257         0.6162        -3.0000
         7.8000        18.5825         0.0826       144.1367         0.6178        -3.0000
         7.8400        18.8113         0.0824       145.6795         0.6253        -3.0000
         7.8800        19.0213         0.0822       147.1650         0.6383        -3.0000
         7.9200        19.2120         0.0831       148.6456         0.6377        -3.0000
         7.9600        19.4104         0.0836       150.0705         0.6345        -3.0000
         8.0000        19.6165         0.0811       151.5949         0.6363        -3.0000
         8.0400        19.8306         0.0723       153.0622         0.6354        -3.0000
         8.0800        20.0466         0.0805       154.5873         0.6260        -3.0000
         8.1200        20.2606         0.0803       156.1385         0.5482        -3.0000
         8.1600        20.4643         0.0780       157.6501         0.5579        -3.0000
         8.2000        20.6651         0.0832       159.2549         0.5479        -3.0000
         8.2400        20.8654         0.1130       160.8580         0.6825        -3.0000
         8.2800        21.0802         0.1139       162.4329         0.7315        -3.0000
         8.3200        21.3140         0.0978       164.0443         0.7286        -3.0000
         8.3600        21.5477         0.0994       165.6379         0.7259        -3.0000
         8.4000        21.7632         0.1214       167.2186         0.7516        -3.0000
         8.4400        21.9952         0.1036       168.8094         0.7411        -3.0000
         8.4800        22.2388         0.1064       170.3534         0.7421        -3.0000
         8.5200        22.4792         0.1098       171.9904         0.7369        -3.0000
         8.5600        22.7127         0.1096       173.6597         0.7380        -3.0000
         8.6000        22.9561         0.1379       175.3289         0.7226        -3.0000
         8.6400        23.1683         0.1517       176.9880         0.7109        -3.0000
         8.6800        23.3858         0.1555       178.6502         0.7259        -3.0000
         8.7200        23.6303         0.1511       180.2742         0.6883        -3.0000
         8.7600        23.8617         0.1472       181.9090         0.6578        -3.0000
         8.8000        24.0703         0.1387       183.5834         0.6513        -3.0000
         8.8400        24.3062         0.1376       185.3186         0.6524        -3.0000
         8.8800        24.5622         0.1355       186.9457         0.6197        -3.0000
         8.9200        24.8022         0.1369       188.5821         0.6134        -3.0000
         8.9600        25.0298         0.1286       190.2787         0.6372        -3.0000
         9.0000        25.2520         0.1257       191.9170         0.6263        -3.0000
         9.0400        25.5046         0.1243       193.6054         0.6450        -3.0000
         9.0800        25.7301         0.1309       195.2625         0.7433        -3.0000
         9.1200        25.9715         0.1331       196.9964         0.7138        -3.0000
         9.1600        26.2056         0.1413       198.7029         0.7770        -3.0000
         9.2000        26.4781         0.1432       200.4442         0.7896        -3.0000
         9.2400        26.7112         0.1432       202.2420         0.7897        -3.0000
         9.2800        26.9676         0.1331       204.0273         0.7652        -3.0000
         9.3200        27.2393         0.1267       205.7638         0.7184        -3.0000
         9.3600        27.4952         0.1299       207.5868         0.7143        -3.0000
         9.4000        27.7264         0.1280       209.3719         0.7018        -3.0000
         9.4400        27.9853         0.1205       211.1366         0.7060        -3.0000
         9.4800        28.2598         0.1257       212.8854         0.7065        -3.0000
         9.5200        28.5210         0.0883       214.5983         0.7306        -3.0000
         9.5600        28.7679         0.0848       216.4565         0.7348        -3.0000
         9.6000        29.0202         0.0839       218.2811         0.7216        -3.0000
         9.6400        29.2884         0.0961       220.1439         0.7139        -3.0000
         9.6800        29.5538         0.0994       222.0020         0.7041        -3.0000
         9.7200        29.8243         0.1022       223.9013         0.7243        -3.0000
         9.7600        30.0848         0.0995       225.7823         0.7373        -3.0000
         9.8000        30.3367         0.0921       227.6553         0.7094        -3.0000
         9.8400        30.5882         0.0916       229.5800         0.7187        -3.0000
         9.8800        30.8510         0.0969       231.4488         0.7594        -3.0000
         9.9200        31.1410         0.0998       233.3502         0.7595        -3.0000
         9.9600        31.4063         0.0980       235.2353         0.7029        -3.0000
        10.0000        31.6604         0.0849       237.1569         0.7281        -3.0000
        10.0400        31.9400         0.1136       239.1403         0.7540        -3.0000
        10.0800        32.2014         0.1268       241.0747         0.7828        -3.0000
        10.1200        32.4722         0.1331       242.9907         0.7937        -3.0000
        10.1600        32.7212         0.1072       244.9772         0.7932        -3.0000
        10.2000        33.0113         0.1072       246.9366         0.8192        -3.0000
        10.2400        33.2802         0.1142       248.9119         0.8266        -3.0000
        10.2800        33.5595         0.1204       250.8500         0.8252        -3.0000
        10.3200        33.8286         0.1850       252.8153         0.8385        -2.9999
        10.3600        34.0881         0.1860       254.7767         0.8024        -2.9999
        10.4000        34.3704         0.1849       256.7866         0.8573        -2.9998
        10.4400        34.6659         0.1135       258.7754         0.8602        -2.9995
        10.4800        34.9367         0.1155       260.6180         0.8882        -2.9991
        10.5200        35.1868         0.1487       262.3991         0.8352        -2.9983
        10.5600        35.4937         0.1416       263.8445         0.8268        -2.9967
        10.6000        35.7824         0.1424       264.8017         0.7968        -2.9939
        10.6400        36.0876         0.1429       264.9980         0.7873        -2.9887
        10.6800        36.3663         0.1439       263.6387         0.7487        -2.9794
        10.7200        36.6298         0.1476       259.7597         0.7295        -2.9628
        10.7600        36.9066         0.1469       251.7380         0.7657        -2.9337
        10.8000        37.2044         0.1445       237.4194         0.7023        -2.8836
        10.8400        37.4931         0.1558       214.2433         0.5703        -2.7989
        10.8800        37.8001         0.1712       180.8370         0.4855        -2.6595
        10.9200        38.1003         0.1768       138.8817         0.3742        -2.4386
        10.9600        38.4010         0.1661        94.8772         0.2692        -2.1073
        11.0000        38.7125         0.1624        57.8988         0.1672        -1.6517
        11.0400        39.0206         0.1611        33.6203         0.0789        -1.1036
        11.0800        39.3243         0.1702        21.1529         0.0566        -0.5693
        11.1200        39.6500         0.1790        16.2186         0.0457        -0.1937
        11.1600        39.9612         0.1830        14.9355         0.0330        -0.0339
        11.2000        40.2819         0.1853        14.8395         0.0361        -0.0021
        11.2400        40.5785         0.1916        14.9525         0.0534        -0.0000
        11.2800        40.8791         0.1946        15.0666         0.0584        -0.0000
        11.3200        41.2115         0.2147        15.1814         0.0414        -0.0000
        11.3600        41.5156         0.2178        15.2985         0.0479        -0.0000
        11.4000        41.8099         0.2154        15.4088         0.0428        -0.0000
        11.4400        42.1066         0.2206        15.5268         0.0505        -0.0000
        11.4800        42.4317         0.2363        15.6429         0.0654        -0.0000
        11.5200        42.7594         0.3100        15.7407         0.0432        -0.0000
        11.5600        43.1104         0.2161        15.8520         0.0439        -0.0000
        11.6000        43.4390         0.2152        15.9806         0.0453        -0.0000
        11.6400        43.7448         0.2166        16.0913         0.0587         0.0000
        11.6800        44.0494         0.2093        16.2096         0.0634         0.0000
        11.7200        44.3678         0.1815        16.3160         0.0690         0.0000
        11.7600        44.6922         0.2105        16.4373         0.0730         0.0000
        11.8000        44.9990         0.1992        16.5589         0.0730         0.0000
        11.8400        45.3408         0.2055        16.6761         0.0729         0.0000
        11.8800        45.6465         0.2060        16.7902         0.0751         0.0000
        11.9200        45.9722         0.2235        16.8949         0.0769         0.0000
        11.9600        46.3062         0.2367        17.0282         0.0725         0.0000
        12.0000        46.6315         0.2555        17.1555         0.0635         0.0000
        12.0400        46.9753         0.2684        17.2789         0.0655         0.0000
        12.0800        47.2967         0.2677        17.4022         0.0677         0.0000
        12.1200        47.6007         0.2666        17.5213         0.0677         0.0000
        12.1600        47.9168         0.2740        17.6320         0.0683         0.0000
        12.2000        48.2397         0.2896        17.7530         0.0684         0.0000
        12.2400        48.5765         0.2653        17.8674         0.0680         0.0000
        12.2800        48.8863         0.2596        17.9845         0.0709         0.0000
        12.3200        49.2484         0.2476        18.1102         0.0696         0.0000
        12.3600        49.5814         0.2237        18.2414         0.0705         0.0000
        12.4000        49.9122         0.2381        18.3739         0.0735         0.0000
        12.4400        50.2607         0.2424        18.4918         0.0744         0.0000
        12.4800        50.6132         0.2407        18.6006         0.0764         0.0000
        12.5200        50.9369         0.2669        18.7240         0.0875         0.0000
        12.5600        51.2767         0.2333        18.8405         0.0876         0.0000
        12.6000        51.6050         0.2610        18.9611         0.0908         0.0000
        12.6400        51.9402         0.2732        19.1037         0.0882         0.0000
        12.6800        52.2482         0.2672        19.2365         0.0859         0.0000
        12.7200        52.6025         0.2747        19.3769         0.0862         0.0000
        12.7600        52.9186         0.2814        19.5326         0.0860         0.0000
        12.8000        53.2465         0.2871        19.6750         0.0874         0.0000
        12.8400        53.5988         0.2884        19.8124         0.0902         0.0000
        12.8800        53.9680         0.2857        19.9572         0.0825         0.0000
        12.9200        54.3339         0.2838        20.1022         0.0803         0.0000
        12.9600        54.6851         0.3025        20.2485         0.0812         0.0000
        13.0000        55.0456         0.2994        20.3842         0.0804         0.0000
        13.0400        55.4051         0.2902        20.5297         0.0841         0.0000
        13.0800        55.7810         0.2814        20.6799         0.0919         0.0000
        13.1200        56.1588         0.2795        20.8163         0.0873         0.0000
        13.1600        56.5173         0.2681        20.9423         0.0859         0.0000
        13.2000        56.8782         0.2668        21.0604         0.0855         0.0000
        13.2400        57.2579         0.2737        21.2034         0.0818         0.0000
        13.2800        57.6495         0.2226        21.3480         0.0791         0.0000
        13.3200        58.0380         0.2807        21.4652         0.0727         0.0000
        13.3600        58.4228         0.2955        21.6059         0.0740         0.0000
        13.4000        58.7755         0.3017        21.7290         0.0754         0.0000
        13.4400        59.1445         0.3132        21.8707         0.0766         0.0000
        13.4800        59.5401         0.3089        22.0047         0.0777         0.0000
        13.5200        59.8956         0.3185        22.1365         0.0762         0.0000
        13.5600        60.2198         0.3104        22.2856         0.0839         0.0000
        13.6000        60.5984         0.2935        22.4496         0.0842         0.0000
        13.6400        60.9847         0.2832        22.6045         0.0878         0.0000
        13.6800        61.3515         0.2760        22.7663         0.0836         0.0000
        13.7200        61.6817         0.2923        22.9329         0.0815         0.0000
        13.7600        62.0986         0.2811        23.0956         0.0812         0.0000
        13.8000        62.4526         0.3107        23.2407         0.0785         0.0000
        13.8400        62.8115         0.3289        23.3805         0.0760         0.0000
        13.8800        63.2483         0.3439        23.5355         0.0748         0.0000
        13.9200        63.6237         0.3590        23.7003         0.0741         0.0000
        13.9600        63.9860         0.3774        23.8698         0.0682         0.0000
        14.0000        64.3894         0.3855        24.0236         0.0664         0.0000
        14.0400        64.7329         0.4514        24.1754         0.0707         0.0000
        14.0800        65.0937         0.4561        24.3168         0.0766         0.0000
        14.1200        65.4612         0.4706        24.4787         0.0768         0.0000
        14.1600        65.8447         0.4122        24.6235         0.0775         0.0000
        14.2000        66.2562         0.4161        24.7854         0.0767         0.0000
        14.2400        66.6404         0.4310        24.9418         0.0757         0.0000
        14.2800        67.0560         0.4297        25.0826         0.0751         0.0000
        14.3200        67.4397         0.4269        25.2282         0.0715         0.0000
        14.3600        67.8127         0.4755        25.3947         0.0775         0.0000
        14.4000        68.2073         0.5036        25.5317         0.0791         0.0000
        14.4400        68.5892         0.4619        25.6694         0.0813         0.0000
        14.4800        68.9504         0.4625        25.8253         0.0863         0.0000
        14.5200        69.3132         0.4339        25.9544         0.0850         0.0000
        14.5600        69.7089         0.4367        26.1138         0.0743         0.0000
        14.6000        70.1185         0.4612        26.2672         0.0839         0.0000
        14.6400        70.5068         0.4700        26.4083         0.0858         0.0000
        14.6800        70.9210         0.5071        26.5444         0.0813         0.0000
        14.7200        71.3348         0.5250        26.6764         0.0843         0.0000
        14.7600        71.7650         0.5344        26.8322         0.0848         0.0000
        14.8000        72.1577         0.5377        26.9936         0.0866         0.0000
        14.8400        72.5369         0.5359        27.1842         0.0876         0.0000
        14.8800        72.9375         0.5450        27.3520         0.0873         0.0000
        14.9200        73.3571         0.5269        27.4989         0.0889         0.0000
        14.9600        73.7333         0.5049        27.6478         0.0847         0.0000
        15.0000        74.1199         0.4920        27.7967         0.0861         0.0000
        15.0400        74.5486         0.4815        27.9405         0.1043         0.0000
        15.0800        74.9929         0.4635        28.0942         0.0998         0.0000
        15.1200        75.3680         0.4856        28.2553         0.0929         0.0000
        15.1600        75.8021         0.4941        28.3876         0.1006         0.0000
        15.2000        76.2128         0.5060        28.5339         0.1114         0.0000
        15.2400        76.6073         0.5080        28.6800         0.1116         0.0000
        15.2800        76.9849         0.5281        28.8290         0.1175         0.0000
        15.3200        77.4065         0.5077        28.9938         0.1190         0.0000
        15.3600        77.8650         0.4948        29.1847         0.1805         0.0000
        15.4000        78.3372         0.5047        29.3483         0.1874         0.0000
        15.4400        78.7736         0.5046        29.5147         0.1890         0.0000
        15.4800        79.1907         0.5274        29.6566         0.2119         0.0000
        15.5200        79.6018         0.5421        29.8330         0.2108         0.0000
        15.5600        80.0525         0.5747        29.9820         0.1515         0.0000
        15.6000        80.4889         0.6050        30.1289         0.1520         0.0000
        15.6400        80.9449         0.6184        30.2713         0.1632         0.0000
        15.6800        81.3492         0.5973        30.4329         0.2079         0.0000
        15.7200        81.7640         0.5725        30.6160         0.2042         0.0000
        15.7600        82.1959         0.5781        30.7806         0.2184         0.0000
        15.8000        82.6037         0.5792        30.9376         0.2309         0.0000
        15.8400        83.0510         0.5582        31.0920         0.2171         0.0000
        15.8800        83.5113         0.5148        31.2662         0.2129         0.0000
        15.9200        83.9265         0.5066        31.4480         0.2132         0.0000
        15.9600        84.3853         0.5131        31.6253         0.2146         0.0000
        16.0000        84.8511         0.5375        31.7954         0.2368         0.0000
        16.0400        85.2946         0.5234        31.9735         0.2426         0.0000
        16.0800        85.7244         0.5194        32.1512         0.2468         0.0000
        16.1200        86.1605         0.5623        32.3247         0.2534         0.0000
        16.1600        86.5956         0.5469        32.5052         0.2836         0.0000
        16.2000        87.0281         0.4848        32.6871         0.2858         0.0000
        16.2400        87.4796         0.3765        32.8615         0.2908         0.0000
        16.2800        87.9281         0.5329        32.9987         0.2833         0.0000
        16.3200        88.3891         0.5278        33.1660         0.2713         0.0000
        16.3600        88.7963         0.3583        33.3560         0.2733         0.0000
        16.4000        89.2699         0.5136        33.5306         0.2723         0.0000
        16.4400        89.7326         0.5388        33.6987         0.2586         0.0000
        16.4800        90.1954         0.5383        33.8754         0.2535         0.0000
        16.5200        90.6399         0.5348        34.0507         0.2586         0.0000
        16.5600        91.0971         0.5309        34.2508         0.2595         0.0000
        16.6000        91.5334         0.5328        34.4382         0.2709         0.0000
        16.6400        92.0270         0.4771        34.6050         0.2743         0.0000
        16.6800        92.4816         0.5001        34.7736         0.2629         0.0000
        16.7200        92.9022         0.4992        34.9458         0.2649         0.0000
        16.7600        93.3643         0.5384        35.1011         0.2656         0.0000
        16.8000        93.8600         0.5746        35.2539         0.2705         0.0000
        16.8400        94.3133         0.5589        35.4351         0.2831         0.0000
        16.8800        94.7759         0.5394        35.6394         0.2676         0.0000
        16.9200        95.1801         0.5328        35.8014         0.2753         0.0000
        16.9600        95.6460         0.5399        35.9763         0.2602         0.0000
        17.0000        96.0864         0.5766        36.1761         0.2600         0.0000
        17.0400        96.5389         0.5698        36.3770         0.2575         0.0000
        17.0800        96.9667         0.5691        36.5803         0.2716         0.0000
        17.1200        97.3969         0.5594        36.7810         0.2814         0.0000
        17.1600        97.9154         0.5429        36.9561         0.2907         0.0000
        17.2000        98.4335         0.5328        37.1349         0.2914         0.0000
        17.2400        98.9126         0.5622        37.3272         0.3165         0.0000
        17.2800        99.4009         0.5723        37.4958         0.3017         0.0000
        17.3200        99.8466         0.5382        37.6655         0.3074         0.0000
        17.3600       100.3050         0.5486        37.8320         0.3435         0.0000
        17.4000       100.7333         0.5427        38.0206         0.3182         0.0000
        17.4400       101.1600         0.5288        38.1888         0.3329         0.0000
        17.4800       101.6361         0.5429        38.3808         0.3512         0.0000
        17.5200       102.0718         0.5676        38.5517         0.3474         0.0000
        17.5600       102.5278         0.5963        38.7359         0.3709         0.0000
        17.6000       102.9848         0.6244        38.9122         0.3854         0.0000
        17.6400       103.5184         0.6183        39.0889         0.3912         0.0000
        17.6800       104.0138         0.5809        39.2649         0.4114         0.0000
        17.7200       104.4924         0.6127        39.4589         0.4090         0.0000
        17.7600       104.9680         0.6122        39.6087         0.4071         0.0000
        17.8000       105.4461         0.5957        39.7896         0.3853         0.0000
        17.8400       105.9798         0.5685        39.9645         0.3677         0.0000
        17.8800       106.4544         0.5498        40.1353         0.3856         0.0000
        17.9200       106.9321         0.5554        40.3266         0.3645         0.0000
        17.9600       107.4405         0.5817        40.5140         0.3737         0.0000
        18.0000       107.9635         0.5536        40.7316         0.3685         0.0000
        18.0400       108.5045         0.5535        40.9444         0.3815         0.0000
        18.0800       109.0092         0.5556        41.1351         0.3751         0.0000
        18.1200       109.5142         0.5005        41.3359         0.3826         0.0000
        18.1600       110.0189         0.5318        41.5434         0.3787         0.0000
        18.2000       110.5231         0.5041        41.7303         0.3802         0.0000
        18.2400       111.0136         0.5050        41.9104         0.3918         0.0000
        18.2800       111.4693         0.5036        42.1032         0.3592         0.0000
        18.3200       111.9369         0.5078        42.3187         0.3736         0.0000
        18.3600       112.4366         0.5807        42.5171         0.3639         0.0000
        18.4000       112.9866         0.5970        42.7136         0.3761         0.0000
        18.4400       113.4467         0.5868        42.8908         0.3700         0.0000
        18.4800       113.9413         0.5806        43.0918         0.3575         0.0000
        18.5200       114.4418         0.5310        43.2906         0.3595         0.0000
        18.5600       115.0100         0.5139        43.4701         0.3649         0.0000
        18.6000       115.4936         0.5809        43.6924         0.3734         0.0000
        18.6400       115.9831         0.5685        43.8963         0.3805         0.0000
        18.6800       116.5308         0.5957        44.0807         0.3682         0.0000
        18.7200       117.0347         0.5900        44.2724         0.3725         0.0000
        18.7600       117.6052         0.5610        44.4704         0.3599         0.0000
        18.8000       118.1258         0.5619        44.6796         0.3566         0.0000
        18.8400       118.6081         0.5550        44.8690         0.3629         0.0000
        18.8800       119.1118         0.5340        45.0728         0.3622         0.0000
        18.9200       119.6011         0.5260        45.2853         0.3598         0.0000
        18.9600       120.0988         0.5238        45.4944         0.3608         0.0000
        19.0000       120.5931         0.5293        45.6869         0.3535         0.0000
        19.0400       121.1791         0.5227        45.8966         0.3466         0.0000
        19.0800       121.6715         0.5352        46.0993         0.3471         0.0000
        19.1200       122.1513         0.5534        46.3062         0.3564         0.0000
        19.1600       122.6560         0.5364        46.5216         0.3524         0.0000
        19.2000       123.1870         0.5162        46.7446         0.3534         0.0000
        19.2400       123.7256         0.5311        46.9507         0.3664         0.0000
        19.2800       124.2332         0.5654        47.1486         0.3818         0.0000
        19.3200       124.7981         0.6272        47.3881         0.3833         0.0000
        19.3600       125.3213         0.6067        47.6099         0.3871         0.0000
        19.4000       125.8665         0.6552        47.8591         0.3810         0.0000
        19.4400       126.3810         0.6677        48.0679         0.3773         0.0000
        19.4800       126.8775         0.6843        48.2707         0.3778         0.0000
        19.5200       127.3631         0.6728        48.4829         0.3038         0.0000
        19.5600       127.8539         0.6766        48.7187         0.2928         0.0000
        19.6000       128.3848         0.6987        48.9408         0.3176         0.0000
        19.6400       128.9428         0.7275        49.1636         0.3186         0.0000
        19.6800       129.4798         0.6043        49.3469         0.3075         0.0000
        19.7200       129.9978         0.6070        49.5641         0.3047         0.0000
        19.7600       130.5244         0.5913        49.7771         0.3048         0.0000
        19.8000       131.1045         0.5924        49.9840         0.3093         0.0000
        19.8400       131.6699         0.5879        50.2337         0.2998         0.0000
        19.8800       132.2235         0.5855        50.4665         0.3021         0.0000
        19.9200       132.7544         0.5926        50.6845         0.2761         0.0000
        19.9600       133.2431         0.5923        50.8665         0.3040         0.0000
        20.0000       117.3873         0.5081        44.8461         0.2687         0.0000
