   8.0000004E-002   0.0000000E+000   0.0000000E+000   0.0000000E+000   0.0000000E+000   0.0000000E+000
   1.2000000E-001   0.0000000E+000   0.0000000E+000   0.0000000E+000   0.0000000E+000   0.0000000E+000
   1.6000001E-001   0.0000000E+000   0.0000000E+000   0.0000000E+000   0.0000000E+000   0.0000000E+000
   2.0000000E-001   0.0000000E+000   0.0000000E+000   0.0000000E+000   0.0000000E+000   0.0000000E+000
   2.4000000E-001   0.0000000E+000   0.0000000E+000   0.0000000E+000   0.0000000E+000   0.0000000E+000
   2.8000001E-001   0.0000000E+000   0.0000000E+000   0.0000000E+000   0.0000000E+000   0.0000000E+000
   3.2000002E-001   0.0000000E+000   0.0000000E+000   0.0000000E+000   0.0000000E+000   0.0000000E+000
   3.5999998E-001   0.0000000E+000   0.0000000E+000   0.0000000E+000   0.0000000E+000   0.0000000E+000
   3.9999999E-001   0.0000000E+000   0.0000000E+000   0.0000000E+000   0.0000000E+000   0.0000000E+000
   4.4000000E-001   0.0000000E+000   0.0000000E+000   0.0000000E+000   0.0000000E+000   0.0000000E+000
   4.8000000E-001   0.0000000E+000   0.0000000E+000   0.0000000E+000   0.0000000E+000   0.0000000E+000
   5.2000001E-001   0.0000000E+000   0.0000000E+000   0.0000000E+000   0.0000000E+000   0.0000000E+000
   5.6000002E-001   0.0000000E+000   0.0000000E+000   0.0000000E+000   0.0000000E+000   0.0000000E+000
   5.9999999E-001   0.0000000E+000   0.0000000E+000   0.0000000E+000   0.0000000E+000   0.0000000E+000
   6.4000003E-001   0.0000000E+000   0.0000000E+000   0.0000000E+000   0.0000000E+000   0.0000000E+000
   6.8000004E-001   0.0000000E+000   0.0000000E+000   0.0000000E+000   0.0000000E+000   0.0000000E+000
   7.1999997E-001   0.0000000E+000   0.0000000E+000   0.0000000E+000   0.0000000E+000   0.0000000E+000
   7.5999998E-001   0.0000000E+000   0.0000000E+000   0.0000000E+000   0.0000000E+000   0.0000000E+000
   7.9999998E-001   0.0000000E+000   0.0000000E+000   0.0000000E+000   0.0000000E+000   0.0000000E+000
   8.3999999E-001   0.0000000E+000   0.0000000E+000   0.0000000E+000   0.0000000E+000   0.0000000E+000
   8.8000000E-001   0.0000000E+000   0.0000000E+000   0.0000000E+000   0.0000000E+000   0.0000000E+000
   9.2000000E-001   0.0000000E+000   0.0000000E+000   0.0000000E+000   0.0000000E+000   0.0000000E+000
   9.6000001E-001   0.0000000E+000   0.0000000E+000   0.0000000E+000   0.0000000E+000   0.0000000E+000
   1.0000000E+000   0.0000000E+000   0.0000000E+000   0.0000000E+000   0.0000000E+000   0.0000000E+000
   1.0400000E+000   0.0000000E+000   0.0000000E+000   0.0000000E+000   0.0000000E+000   0.0000000E+000
   1.0800000E+000   0.0000000E+000   0.0000000E+000   0.0000000E+000   0.0000000E+000   0.0000000E+000
   1.1200000E+000   0.0000000E+000   0.0000000E+000   0.0000000E+000   0.0000000E+000   0.0000000E+000
   1.1600000E+000   0.0000000E+000   0.0000000E+000   0.0000000E+000   0.0000000E+000   0.0000000E+000
   1.2000000E+000   0.0000000E+000   0.0000000E+000   0.0000000E+000   0.0000000E+000   0.0000000E+000
   1.2400000E+000   0.0000000E+000   0.0000000E+000   0.0000000E+000   0.0000000E+000   0.0000000E+000
   1.2800001E+000   0.0000000E+000   0.0000000E+000   0.0000000E+000   0.0000000E+000   0.0000000E+000
   1.3200000E+000   0.0000000E+000   0.0000000E+000   0.0000000E+000   0.0000000E+000   0.0000000E+000
   1.3600001E+000   0.0000000E+000   0.0000000E+000   0.0000000E+000   0.0000000E+000   0.0000000E+000
   1.4000000E+000   0.0000000E+000   0.0000000E+000   0.0000000E+000   0.0000000E+000   0.0000000E+000
   1.4399999E+000   0.0000000E+000   0.0000000E+000   0.0000000E+000   0.0000000E+000   0.0000000E+000
   1.4800000E+000   0.0000000E+000   0.0000000E+000   0.0000000E+000   0.0000000E+000   0.0000000E+000
   1.5200000E+000   0.0000000E+000   0.0000000E+000   0.0000000E+000   0.0000000E+000   0.0000000E+000
   1.5600000E+000   0.0000000E+000   0.0000000E+000   0.0000000E+000   0.0000000E+000   0.0000000E+000
   1.6000000E+000   0.0000000E+000   0.0000000E+000   0.0000000E+000   0.0000000E+000   0.0000000E+000
   1.6400000E+000   0.0000000E+000   0.0000000E+000   0.0000000E+000   0.0000000E+000   0.0000000E+000
   1.6800000E+000   0.0000000E+000   0.0000000E+000   0.0000000E+000   0.0000000E+000   0.0000000E+000
   1.7200001E+000   0.0000000E+000   0.0000000E+000   0.0000000E+000   0.0000000E+000   0.0000000E+000
   1.7600000E+000   0.0000000E+000   0.0000000E+000   0.0000000E+000   0.0000000E+000   0.0000000E+000
   1.8000001E+000   0.0000000E+000   0.0000000E+000   0.0000000E+000   0.0000000E+000   0.0000000E+000
   1.8400000E+000   0.0000000E+000   0.0000000E+000   0.0000000E+000   0.0000000E+000   0.0000000E+000
   1.8799999E+000   0.0000000E+000   0.0000000E+000   0.0000000E+000   0.0000000E+000   0.0000000E+000
   1.9200000E+000   0.0000000E+000   0.0000000E+000   0.0000000E+000   0.0000000E+000   0.0000000E+000
   1.9599999E+000   0.0000000E+000   0.0000000E+000   0.0000000E+000   0.0000000E+000   0.0000000E+000
   2.0000000E+000   0.0000000E+000   0.0000000E+000   0.0000000E+000   0.0000000E+000   0.0000000E+000
   2.0400000E+000   0.0000000E+000   0.0000000E+000   0.0000000E+000   0.0000000E+000   0.0000000E+000
   2.0800000E+000   0.0000000E+000   0.0000000E+000   0.0000000E+000   0.0000000E+000   0.0000000E+000
   2.1200000E+000   0.0000000E+000   0.0000000E+000   0.0000000E+000   0.0000000E+000   0.0000000E+000
   2.1600001E+000   0.0000000E+000   0.0000000E+000   0.0000000E+000   0.0000000E+000   0.0000000E+000
   2.2000000E+000   0.0000000E+000   0.0000000E+000   0.0000000E+000   0.0000000E+000   0.0000000E+000
   2.2400001E+000   0.0000000E+000   0.0000000E+000   0.0000000E+000   0.0000000E+000   0.0000000E+000
   2.2800000E+000   0.0000000E+000   0.0000000E+000   0.0000000E+000   0.0000000E+000   0.0000000E+000
   2.3199999E+000   0.0000000E+000   0.0000000E+000   0.0000000E+000   0.0000000E+000   0.0000000E+000
   2.3600000E+000   0.0000000E+000   0.0000000E+000   0.0000000E+000   0.0000000E+000   0.0000000E+000
   2.3999999E+000   0.0000000E+000   0.0000000E+000   0.0000000E+000   0.0000000E+000   0.0000000E+000
   2.4400000E+000   0.0000000E+000   0.0000000E+000   0.0000000E+000   0.0000000E+000   0.0000000E+000
   2.4800000E+000   0.0000000E+000   0.0000000E+000   0.0000000E+000   0.0000000E+000   0.0000000E+000
   2.5200000E+000   0.0000000E+000   0.0000000E+000   0.0000000E+000   0.0000000E+000   0.0000000E+000
   2.5600001E+000   0.0000000E+000   0.0000000E+000   0.0000000E+000   0.0000000E+000   0.0000000E+000
   2.5999999E+000   0.0000000E+000   0.0000000E+000   0.0000000E+000   0.0000000E+000   0.0000000E+000
   2.6400000E+000   0.0000000E+000   0.0000000E+000   0.0000000E+000   0.0000000E+000   0.0000000E+000
   2.6800001E+000   0.0000000E+000   0.0000000E+000   0.0000000E+000   0.0000000E+000   0.0000000E+000
   2.7200001E+000   0.0000000E+000   0.0000000E+000   0.0000000E+000   0.0000000E+000   0.0000000E+000
   2.7599999E+000   0.0000000E+000   0.0000000E+000   0.0000000E+000   0.0000000E+000   0.0000000E+000
   2.8000000E+000   0.0000000E+000   0.0000000E+000   0.0000000E+000   0.0000000E+000   0.0000000E+000
   2.8400001E+000   0.0000000E+000   0.0000000E+000   0.0000000E+000   0.0000000E+000   0.0000000E+000
   2.8799999E+000   0.0000000E+000   0.0000000E+000   0.0000000E+000   0.0000000E+000   0.0000000E+000
   2.9200000E+000   0.0000000E+000   0.0000000E+000   0.0000000E+000   0.0000000E+000   0.0000000E+000
   2.9600000E+000   0.0000000E+000   0.0000000E+000   0.0000000E+000   0.0000000E+000   0.0000000E+000
   3.0000001E+000   0.0000000E+000   0.0000000E+000   0.0000000E+000   0.0000000E+000   0.0000000E+000
   3.0399999E+000   0.0000000E+000   0.0000000E+000   0.0000000E+000   0.0000000E+000   0.0000000E+000
   3.0800000E+000   0.0000000E+000   0.0000000E+000   0.0000000E+000   0.0000000E+000   0.0000000E+000
   3.1200001E+000   0.0000000E+000   0.0000000E+000   0.0000000E+000   0.0000000E+000   0.0000000E+000
   3.1600001E+000   0.0000000E+000   0.0000000E+000   0.0000000E+000   0.0000000E+000   0.0000000E+000
   3.1999999E+000   0.0000000E+000   0.0000000E+000   0.0000000E+000   0.0000000E+000   0.0000000E+000
   3.2400000E+000   0.0000000E+000   0.0000000E+000   0.0000000E+000   0.0000000E+000   0.0000000E+000
   3.2800001E+000   0.0000000E+000   0.0000000E+000   0.0000000E+000   0.0000000E+000   0.0000000E+000
   3.3199999E+000   0.0000000E+000   0.0000000E+000   0.0000000E+000   0.0000000E+000   0.0000000E+000
   3.3600000E+000   0.0000000E+000   0.0000000E+000   0.0000000E+000   0.0000000E+000   0.0000000E+000
   3.4000000E+000   0.0000000E+000   0.0000000E+000   0.0000000E+000   0.0000000E+000   0.0000000E+000
   3.4400001E+000   0.0000000E+000   0.0000000E+000   0.0000000E+000   0.0000000E+000   0.0000000E+000
   3.4799999E+000   0.0000000E+000   0.0000000E+000   0.0000000E+000   0.0000000E+000   0.0000000E+000
   3.5200000E+000   0.0000000E+000   0.0000000E+000   0.0000000E+000   0.0000000E+000   0.0000000E+000
   3.5600001E+000   0.0000000E+000   0.0000000E+000   0.0000000E+000   0.0000000E+000   0.0000000E+000
   3.6000001E+000   0.0000000E+000   0.0000000E+000   0.0000000E+000   0.0000000E+000   0.0000000E+000
   3.6399999E+000   0.0000000E+000   0.0000000E+000   0.0000000E+000   0.0000000E+000   0.0000000E+000
   3.6800000E+000   0.0000000E+000   0.0000000E+000   0.0000000E+000   0.0000000E+000   0.0000000E+000
   3.7200001E+000   0.0000000E+000   0.0000000E+000   0.0000000E+000   0.0000000E+000   0.0000000E+000
   3.7599999E+000   0.0000000E+000   0.0000000E+000   0.0000000E+000   0.0000000E+000   0.0000000E+000
   3.8000000E+000   0.0000000E+000   0.0000000E+000   0.0000000E+000   0.0000000E+000   0.0000000E+000
   3.8400000E+000   0.0000000E+000   0.0000000E+000   0.0000000E+000   0.0000000E+000   0.0000000E+000
   3.8800001E+000   0.0000000E+000   0.0000000E+000   0.0000000E+000   0.0000000E+000   0.0000000E+000
   3.9199999E+000   0.0000000E+000   0.0000000E+000   0.0000000E+000   0.0000000E+000   0.0000000E+000
   3.9600000E+000   0.0000000E+000   0.0000000E+000   0.0000000E+000   0.0000000E+000   0.0000000E+000
   4.0000001E+000   0.0000000E+000   0.0000000E+000   0.0000000E+000   0.0000000E+000   0.0000000E+000
   4.0400001E+000   0.0000000E+000   0.0000000E+000   0.0000000E+000   0.0000000E+000   0.0000000E+000
   4.0799999E+000   0.0000000E+000   0.0000000E+000   0.0000000E+000   0.0000000E+000   0.0000000E+000
   4.1200000E+000   0.0000000E+000   0.0000000E+000   0.0000000E+000   0.0000000E+000   0.0000000E+000
   4.1600001E+000   0.0000000E+000   0.0000000E+000   0.0000000E+000   0.0000000E+000   0.0000000E+000
   4.1999999E+000   0.0000000E+000   0.0000000E+000   0.0000000E+000   0.0000000E+000   0.0000000E+000
   4.2399999E+000   0.0000000E+000   0.0000000E+000   0.0000000E+000   0.0000000E+000   0.0000000E+000
   4.2800000E+000   0.0000000E+000   0.0000000E+000   0.0000000E+000   0.0000000E+000   0.0000000E+000
   4.3200001E+000   0.0000000E+000   0.0000000E+000   0.0000000E+000   0.0000000E+000   0.0000000E+000
   4.3599999E+000   0.0000000E+000   0.0000000E+000   0.0000000E+000   0.0000000E+000   0.0000000E+000
   4.4000000E+000   0.0000000E+000   0.0000000E+000   0.0000000E+000   0.0000000E+000   0.0000000E+000
   4.4400001E+000   0.0000000E+000   0.0000000E+000   0.0000000E+000   0.0000000E+000   0.0000000E+000
   4.4800001E+000   0.0000000E+000   0.0000000E+000   0.0000000E+000   0.0000000E+000   0.0000000E+000
   4.5199999E+000   0.0000000E+000   0.0000000E+000   0.0000000E+000   0.0000000E+000   0.0000000E+000
   4.5600000E+000   0.0000000E+000   0.0000000E+000   0.0000000E+000   0.0000000E+000   0.0000000E+000
   4.6000001E+000   0.0000000E+000   0.0000000E+000   0.0000000E+000   0.0000000E+000   0.0000000E+000
   4.6399999E+000   0.0000000E+000   0.0000000E+000   0.0000000E+000   0.0000000E+000   0.0000000E+000
   4.6799999E+000   0.0000000E+000   0.0000000E+000   0.0000000E+000   0.0000000E+000   0.0000000E+000
   4.7200000E+000   0.0000000E+000   0.0000000E+000   0.0000000E+000   0.0000000E+000   0.0000000E+000
   4.7600001E+000   0.0000000E+000   0.0000000E+000   0.0000000E+000   0.0000000E+000   0.0000000E+000
   4.7999999E+000   0.0000000E+000   0.0000000E+000   0.0000000E+000   0.0000000E+000   0.0000000E+000
   4.8400000E+000   0.0000000E+000   0.0000000E+000   0.0000000E+000   0.0000000E+000   0.0000000E+000
   4.8800001E+000   0.0000000E+000   0.0000000E+000   0.0000000E+000   0.0000000E+000   0.0000000E+000
   4.9200001E+000   0.0000000E+000   0.0000000E+000   0.0000000E+000   0.0000000E+000   0.0000000E+000
   4.9599999E+000   0.0000000E+000   0.0000000E+000   0.0000000E+000   0.0000000E+000   0.0000000E+000
   5.0000000E+000   0.0000000E+000   0.0000000E+000   0.0000000E+000   0.0000000E+000   0.0000000E+000
   5.0400001E+000   0.0000000E+000   0.0000000E+000   0.0000000E+000   0.0000000E+000   0.0000000E+000
   5.0800002E+000   0.0000000E+000   0.0000000E+000   0.0000000E+000   0.0000000E+000   0.0000000E+000
   5.1200002E+000   0.0000000E+000   0.0000000E+000   0.0000000E+000   0.0000000E+000   0.0000000E+000
   5.1599997E+000   0.0000000E+000   0.0000000E+000   0.0000000E+000   0.0000000E+000   0.0000000E+000
   5.1999998E+000   0.0000000E+000   0.0000000E+000   0.0000000E+000   0.0000000E+000   0.0000000E+000
   5.2399999E+000   0.0000000E+000   0.0000000E+000   0.0000000E+000   0.0000000E+000   0.0000000E+000
   5.2800000E+000   0.0000000E+000   0.0000000E+000   0.0000000E+000   0.0000000E+000   0.0000000E+000
   5.3200001E+000   0.0000000E+000   0.0000000E+000   0.0000000E+000   0.0000000E+000   0.0000000E+000
   5.3600001E+000   0.0000000E+000   0.0000000E+000   0.0000000E+000   0.0000000E+000   0.0000000E+000
   5.4000002E+000   0.0000000E+000   0.0000000E+000   0.0000000E+000   0.0000000E+000   0.0000000E+000
   5.4400003E+000   0.0000000E+000   0.0000000E+000   0.0000000E+000   0.0000000E+000   0.0000000E+000
   5.4799998E+000   0.0000000E+000   0.0000000E+000   0.0000000E+000   0.0000000E+000  -3.4909096E-276
   5.5199999E+000   0.0000000E+000   0.0000000E+000   2.5909410E-120   8.3878553E-123  -3.2046018E-180
   5.5599999E+000   0.0000000E+000   0.0000000E+000   3.1024415E-078   6.6593793E-081  -1.2665885E-116
   5.6000000E+000   0.0000000E+000   0.0000000E+000   1.2372605E-050   2.2660181E-053  -9.9035930E-075
   5.6400001E+000   0.0000000E+000   0.0000000E+000   1.2392929E-032   1.8651303E-035  -2.5882517E-047
   5.6800002E+000   0.0000000E+000   0.0000000E+000   5.8403586E-021   8.6726985E-024  -1.6906510E-029
   5.7200003E+000   0.0000000E+000   0.0000000E+000   1.9392240E-013   2.0960877E-016  -5.1240323E-018
   5.7599998E+000   0.0000000E+000   0.0000000E+000   1.2672529E-008   1.1308872E-011  -1.0906345E-010
   5.7999998E+000   0.0000000E+000   0.0000000E+000   1.4653363E-005   1.0413053E-008  -4.5484066E-006
   5.8399999E+000   0.0000000E+000   0.0000000E+000   1.2528354E-003   7.8795631E-007  -3.3351645E-003
   5.8800000E+000   0.0000000E+000   0.0000000E+000   1.9621618E-002   8.1342906E-006  -1.8107257E-001
   5.9200001E+000   0.0000000E+000   0.0000000E+000   1.0021224E-001   2.7775280E-005  -1.8561938E+000
   5.9600002E+000   0.0000000E+000   0.0000000E+000   2.3840012E-001   2.0975061E-005  -6.5831787E+000
   6.0000002E+000   0.0000000E+000   0.0000000E+000   3.3635952E-001   6.1690589E-006  -1.1920447E+001
   6.0399997E+000   0.0000000E+000   0.0000000E+000   3.4094714E-001   2.5815307E-006  -1.4126571E+001
   6.0799998E+000   0.0000000E+000   0.0000000E+000   2.8186952E-001   4.5805428E-006  -1.2822827E+001
   6.1199999E+000   0.0000000E+000   0.0000000E+000   2.0485922E-001   3.8436534E-006  -9.8418731E+000
   6.1600000E+000   0.0000000E+000   0.0000000E+000   1.3693297E-001   2.2040290E-006  -6.7934806E+000
   6.2000000E+000   0.0000000E+000   0.0000000E+000   8.6582752E-002   1.4824273E-006  -4.3809603E+000
   6.2400001E+000   0.0000000E+000   0.0000000E+000   5.2700750E-002   9.6436386E-007  -2.7016194E+000
   6.2800002E+000   0.0000000E+000   0.0000000E+000   3.1226383E-002   5.3586249E-007  -1.6157218E+000
   6.3200003E+000   0.0000000E+000   0.0000000E+000   1.8129460E-002   3.0957034E-007  -9.4499189E-001
   6.3599998E+000   0.0000000E+000   0.0000000E+000   1.0355093E-002   1.9792842E-007  -5.4314821E-001
   6.3999999E+000   0.0000000E+000   0.0000000E+000   5.8309368E-003   1.1090300E-007  -3.0762324E-001
   6.4399999E+000   0.0000000E+000   0.0000000E+000   3.2408863E-003   5.9892172E-008  -1.7192917E-001
   6.4800000E+000   0.0000000E+000   0.0000000E+000   1.7787021E-003   3.3923100E-008  -9.4883073E-002
   6.5200001E+000   0.0000000E+000   0.0000000E+000   9.6403502E-004   1.8893596E-008  -5.1714260E-002
   6.5600002E+000   0.0000000E+000   0.0000000E+000   5.1590385E-004   1.0017781E-008  -2.7833153E-002
   6.6000003E+000   0.0000000E+000   0.0000000E+000   2.7249221E-004   5.1340243E-009  -1.4788181E-002
   6.6399997E+000   0.0000000E+000   0.0000000E+000   1.4199255E-004   2.7685213E-009  -7.7532883E-003
   6.6799998E+000   0.0000000E+000   0.0000000E+000   7.2961947E-005   1.4939524E-009  -4.0092071E-003
   6.7199999E+000   0.0000000E+000   0.0000000E+000   3.6943065E-005   7.9192424E-010  -2.0435589E-003
   6.7600000E+000   0.0000000E+000   0.0000000E+000   1.8422854E-005   3.9231425E-010  -1.0261309E-003
   6.8000001E+000   0.0000000E+000   0.0000000E+000   9.0414640E-006   1.7496204E-010  -5.0724019E-004
   6.8400002E+000   0.0000000E+000   0.0000000E+000   4.3640004E-006   9.2360956E-011  -2.4666392E-004
   6.8800002E+000   0.0000000E+000   0.0000000E+000   2.0697887E-006   4.3522449E-011  -1.1790733E-004
   6.9199997E+000   0.0000000E+000   0.0000000E+000   9.6379625E-007   2.4229280E-011  -5.5354891E-005
   6.9599998E+000   0.0000000E+000   0.0000000E+000   4.4021360E-007   9.2360223E-012  -2.5501191E-005
   6.9999999E+000   0.0000000E+000   0.0000000E+000   1.9703072E-007   4.8736410E-012  -1.1516837E-005
   7.0400000E+000   0.0000000E+000   0.0000000E+000   8.6322167E-008   2.0546339E-012  -5.0935427E-006
   7.0800000E+000   0.0000000E+000   0.0000000E+000   3.6974692E-008   9.5676200E-013  -2.2035833E-006
   7.1200001E+000   0.0000000E+000   0.0000000E+000   1.5465880E-008   4.3155605E-013  -9.3138583E-007
   7.1600002E+000   0.0000000E+000   0.0000000E+000   6.3084227E-009   1.6898414E-013  -3.8409852E-007
   7.2000003E+000   0.0000000E+000   0.0000000E+000   2.5054507E-009   6.7385137E-014  -1.5432621E-007
   7.2399998E+000   0.0000000E+000   0.0000000E+000   9.6730397E-010   2.6758755E-014  -6.0316326E-008
   7.2799999E+000   0.0000000E+000   0.0000000E+000   3.6237804E-010   9.5358540E-015  -2.2891690E-008
   7.3199999E+000   0.0000000E+000   0.0000000E+000   1.3147909E-010   3.7379575E-015  -8.4206517E-009
   7.3600000E+000   0.0000000E+000   0.0000000E+000   4.6102299E-011   1.3166512E-015  -2.9959405E-009
   7.4000001E+000   0.0000000E+000   0.0000000E+000   1.5583628E-011   4.3074454E-016  -1.0285877E-009
   7.4400002E+000   0.0000000E+000   0.0000000E+000   5.0658573E-012   1.4485104E-016  -3.3991020E-010
   7.4800003E+000   0.0000000E+000   0.0000000E+000   1.5786048E-012   4.6599237E-017  -1.0781341E-010
   7.5199997E+000   0.0000000E+000   0.0000000E+000   4.7011612E-013   1.6904882E-017  -3.2718718E-011
   7.5599998E+000   0.0000000E+000   0.0000000E+000   1.3329442E-013   4.7161048E-018  -9.4667150E-012
   7.5999999E+000   0.0000000E+000   0.0000000E+000   3.5836913E-014   1.2145848E-018  -2.6010842E-012
   7.6400000E+000   0.0000000E+000   0.0000000E+000   9.0926595E-015   3.1036010E-019  -6.7562972E-013
   7.6800001E+000   0.0000000E+000   0.0000000E+000   2.1658791E-015   7.9261409E-020  -1.6506042E-013
   7.7200001E+000   0.0000000E+000   0.0000000E+000   4.8137360E-016   1.8643036E-020  -3.7706861E-014
   7.7600002E+000   0.0000000E+000   0.0000000E+000   9.9142283E-017   4.1331643E-021  -8.0006199E-015
   7.7999997E+000   0.0000000E+000   0.0000000E+000   1.8766235E-017   7.9448318E-022  -1.5644953E-015
   7.8399998E+000   0.0000000E+000   0.0000000E+000   3.2337869E-018   1.4220026E-022  -2.7940244E-016
   7.8799999E+000   0.0000000E+000   0.0000000E+000   5.0177872E-019   2.4185038E-023  -4.5087168E-017
   7.9200000E+000   0.0000000E+000   0.0000000E+000   6.9181654E-020   3.5371055E-024  -6.4913246E-018
   7.9600000E+000   0.0000000E+000   0.0000000E+000   8.3431101E-021   4.2179939E-025  -8.2121856E-019
   8.0000001E+000   0.0000000E+000   0.0000000E+000   8.6302327E-022   4.7308373E-026  -8.9618467E-020
   8.0400002E+000   0.0000000E+000   0.0000000E+000   7.4810244E-023   4.2315702E-027  -8.2463372E-021
   8.0800003E+000   0.0000000E+000   0.0000000E+000   5.2720042E-024   3.5275502E-028  -6.2184728E-022
   8.1199998E+000   0.0000000E+000   0.0000000E+000   2.9103643E-025   1.8924693E-029  -3.7061156E-023
   8.1599998E+000   0.0000000E+000   0.0000000E+000   1.1979061E-026   8.4253870E-031  -1.6652615E-024
   8.1999999E+000   0.0000000E+000   0.0000000E+000   3.4446933E-028   2.8884831E-032  -5.2970904E-026
   8.2400000E+000   0.0000000E+000   0.0000000E+000   6.3253191E-030   5.4658707E-034  -1.0938301E-027
   8.2800001E+000   0.0000000E+000   0.0000000E+000   6.5266546E-032   6.5521622E-036  -1.2952832E-029
   8.3200002E+000   0.0000000E+000   0.0000000E+000   3.1209474E-034   3.3591830E-038  -7.2995159E-032
   8.3600003E+000   0.0000000E+000   0.0000000E+000   5.0812397E-037   5.4711891E-041  -1.4509038E-034
   8.3999997E+000   0.0000000E+000   0.0000000E+000   1.6345486E-040   2.2898012E-044  -6.0001217E-038
   8.4399998E+000   0.0000000E+000   0.0000000E+000   3.4449963E-045   4.8871279E-049  -1.7708874E-042
   8.4799999E+000   0.0000000E+000   0.0000000E+000   2.7410775E-052   4.4430570E-056  -2.3489822E-049
   8.5200000E+000   0.0000000E+000   0.0000000E+000   2.9715082E-067   4.6190372E-071  -3.8029518E-064
   8.5600001E+000   0.0000000E+000   0.0000000E+000   2.7636630E-052   4.4848178E-056   3.8029518E-064
   8.6000001E+000   0.0000000E+000   0.0000000E+000   3.4727923E-045   4.8068462E-049   2.3489822E-049
   8.6400002E+000   0.0000000E+000   0.0000000E+000   1.6467674E-040   2.1033854E-044   1.7708874E-042
   8.6799997E+000   0.0000000E+000   0.0000000E+000   5.1156594E-037   5.5938919E-041   6.0001217E-038
   8.7199998E+000   0.0000000E+000   0.0000000E+000   3.1412641E-034   3.0011940E-038   1.4509038E-034
   8.7599999E+000   0.0000000E+000   0.0000000E+000   6.5646707E-032   6.1630955E-036   7.2995159E-032
   8.8000000E+000   0.0000000E+000   0.0000000E+000   6.3594968E-030   5.9054098E-034   1.2952832E-029
   8.8400000E+000   0.0000000E+000   0.0000000E+000   3.4614968E-028   2.4811654E-032   1.0938301E-027
   8.8800001E+000   0.0000000E+000   0.0000000E+000   1.2034249E-026   8.1766305E-031   5.2970904E-026
   8.9200002E+000   0.0000000E+000   0.0000000E+000   2.9226082E-025   1.7700062E-029   1.6652615E-024
   8.9600003E+000   0.0000000E+000   0.0000000E+000   5.2928326E-024   2.8924019E-028   3.7061156E-023
   8.9999998E+000   0.0000000E+000   0.0000000E+000   7.5079255E-023   4.2288578E-027   6.2184728E-022
   9.0399998E+000   0.0000000E+000   0.0000000E+000   8.6608141E-022   4.3202717E-026   8.2463372E-021
   9.0799999E+000   0.0000000E+000   0.0000000E+000   8.3707939E-021   3.5550840E-025   8.9618467E-020
   9.1200000E+000   0.0000000E+000   0.0000000E+000   6.9398565E-020   2.8937974E-024   8.2121856E-019
   9.1600001E+000   0.0000000E+000   0.0000000E+000   5.0327394E-019   2.0196926E-023   6.4913246E-018
   9.2000002E+000   0.0000000E+000   0.0000000E+000   3.2429193E-018   1.3723540E-022   4.5087168E-017
   9.2400002E+000   0.0000000E+000   0.0000000E+000   1.8815580E-017   6.7728542E-022   2.7940244E-016
   9.2799997E+000   0.0000000E+000   0.0000000E+000   9.9380724E-017   3.6460239E-021   1.5644953E-015
   9.3199998E+000   0.0000000E+000   0.0000000E+000   4.8255248E-016   1.6015527E-020   8.0006199E-015
   9.3599999E+000   0.0000000E+000   0.0000000E+000   2.1706739E-015   6.7262633E-020   3.7706861E-014
   9.4000000E+000   0.0000000E+000   0.0000000E+000   9.1121969E-015   2.6580084E-019   1.6506042E-013
   9.4400001E+000   0.0000000E+000   0.0000000E+000   3.5911914E-014   9.7595363E-019   6.7562972E-013
   9.4800001E+000   0.0000000E+000   0.0000000E+000   1.3356281E-013   3.9161192E-018   2.6010842E-012
   9.5200002E+000   0.0000000E+000   0.0000000E+000   4.7101966E-013   1.1696058E-017   9.4667150E-012
   9.5599997E+000   0.0000000E+000   0.0000000E+000   1.5815172E-012   3.6492126E-017   3.2718718E-011
   9.5999998E+000   0.0000000E+000   0.0000000E+000   5.0746059E-012   1.2038485E-016   1.0781341E-010
   9.6399999E+000   0.0000000E+000   0.0000000E+000   1.5610889E-011   3.9965821E-016   3.3991020E-010
   9.6799999E+000   0.0000000E+000   0.0000000E+000   4.6176939E-011   9.8451061E-016   1.0285877E-009
   9.7200000E+000   0.0000000E+000   0.0000000E+000   1.3169206E-010   2.8813275E-015   2.9959405E-009
   9.7600001E+000   0.0000000E+000   0.0000000E+000   3.6294592E-010   7.3631488E-015   8.4206517E-009
   9.8000002E+000   0.0000000E+000   0.0000000E+000   9.6876664E-010   2.0067567E-014   2.2891690E-008
   9.8400003E+000   0.0000000E+000   0.0000000E+000   2.5091571E-009   5.2280491E-014   6.0316326E-008
   9.8799998E+000   0.0000000E+000   0.0000000E+000   6.3175547E-009   1.2101901E-013   1.5432621E-007
   9.9199998E+000   0.0000000E+000   0.0000000E+000   1.5488211E-008   2.8414099E-013   3.8409852E-007
   9.9599999E+000   0.0000000E+000   0.0000000E+000   3.7026654E-008   6.5430639E-013   9.3138583E-007
   1.0000000E+001   0.0000000E+000   0.0000000E+000   8.6437116E-008   1.3569811E-012   2.2035833E-006
   1.0039999E+001   0.0000000E+000   0.0000000E+000   1.9728355E-007   3.0024906E-012   5.0935427E-006
   1.0080000E+001   0.0000000E+000   0.0000000E+000   4.4077951E-007   6.9283616E-012   1.1516837E-005
   1.0120000E+001   0.0000000E+000   0.0000000E+000   9.6503181E-007   1.5088749E-011   2.5501191E-005
   1.0160000E+001   0.0000000E+000   0.0000000E+000   2.0723450E-006   3.4777142E-011   5.5354891E-005
   1.0200000E+001   0.0000000E+000   0.0000000E+000   4.3692444E-006   6.2278064E-011   1.1790733E-004
   1.0240000E+001   0.0000000E+000   0.0000000E+000   9.0523004E-006   1.3839407E-010   2.4666392E-004
   1.0280000E+001   0.0000000E+000   0.0000000E+000   1.8444471E-005   2.8034699E-010   5.0724019E-004
   1.0319999E+001   0.0000000E+000   0.0000000E+000   3.6984846E-005   4.8500085E-010   1.0261309E-003
   1.0360000E+001   0.0000000E+000   0.0000000E+000   7.3039466E-005   9.5599114E-010   2.0435589E-003
   1.0400000E+001   0.0000000E+000   0.0000000E+000   1.4214867E-004   2.7534699E-009   4.0092071E-003
   1.0440000E+001   0.0000000E+000   0.0000000E+000   2.7278002E-004   3.4711897E-009   7.7532883E-003
   1.0480000E+001   0.0000000E+000   0.0000000E+000   5.1644000E-004   6.0282608E-009   1.4788181E-002
   1.0520000E+001   0.0000000E+000   0.0000000E+000   9.6501998E-004   1.5706551E-008   2.7833153E-002
   1.0560000E+001   0.0000000E+000   0.0000000E+000   1.7804774E-003   2.1178313E-008   5.1714260E-002
   1.0599999E+001   0.0000000E+000   0.0000000E+000   3.2439754E-003   3.8153941E-008   9.4883073E-002
   1.0640000E+001   0.0000000E+000   0.0000000E+000   5.8365424E-003   8.3804480E-008   1.7192917E-001
   1.0680000E+001   0.0000000E+000   0.0000000E+000   1.0364658E-002   1.1522214E-007   3.0762324E-001
   1.0720000E+001   0.0000000E+000   0.0000000E+000   1.8146365E-002   1.9836736E-007   5.4314821E-001
   1.0760000E+001   0.0000000E+000   0.0000000E+000   3.1254012E-002   3.2134893E-007   9.4499189E-001
   1.0800000E+001   0.0000000E+000   0.0000000E+000   5.2747387E-002   5.1515927E-007   1.6157218E+000
   1.0840000E+001   0.0000000E+000   0.0000000E+000   8.6650836E-002   8.6609275E-007   2.7016194E+000
   1.0880001E+001   0.0000000E+000   0.0000000E+000   1.3703632E-001   1.3911249E-006   4.3809603E+000
   1.0920000E+001   0.0000000E+000   0.0000000E+000   2.0498557E-001   2.1170024E-006   6.7934806E+000
   1.0960000E+001   0.0000000E+000   0.0000000E+000   2.8199545E-001   2.6550000E-006   9.8418731E+000
   1.1000000E+001   0.0000000E+000   0.0000000E+000   3.4101046E-001   1.3201195E-006   1.2822827E+001
   1.1040000E+001   0.0000000E+000   0.0000000E+000   3.3629672E-001   2.8506975E-006   1.4126571E+001
   1.1080000E+001   0.0000000E+000   0.0000000E+000   2.3893576E-001   9.2576142E-006   1.1920447E+001
   1.1120000E+001   0.0000000E+000   0.0000000E+000   1.0141540E-001   9.4427918E-006   6.5831787E+000
   1.1160001E+001   0.0000000E+000   0.0000000E+000   1.9981312E-002   3.3679377E-006   1.8561938E+000
   1.1200000E+001   0.0000000E+000   0.0000000E+000   1.2756015E-003   3.6631318E-007   1.8107257E-001
   1.1240000E+001   0.0000000E+000   0.0000000E+000   1.4936642E-005   4.9008637E-009   3.3351645E-003
   1.1280000E+001   0.0000000E+000   0.0000000E+000   1.2915777E-008   5.3393488E-012   4.5484066E-006
   1.1320000E+001   0.0000000E+000   0.0000000E+000   1.9770696E-013   1.0285222E-016   1.0906345E-010
   1.1360000E+001   0.0000000E+000   0.0000000E+000   5.9582640E-021   3.4165658E-024   5.1240323E-018
   1.1400000E+001   0.0000000E+000   0.0000000E+000   1.2713200E-032   8.7868041E-036   1.6906510E-029
   1.1440001E+001   0.0000000E+000   0.0000000E+000   1.2636043E-050   9.3509111E-054   2.5882517E-047
   1.1480000E+001   0.0000000E+000   0.0000000E+000   3.1587897E-078   2.9429451E-081   9.9035930E-075
   1.1520000E+001   0.0000000E+000   0.0000000E+000   2.6608352E-120   3.4498404E-123   1.2665885E-116
   1.1560000E+001   0.0000000E+000   0.0000000E+000   0.0000000E+000   0.0000000E+000   3.2046018E-180
   1.1600000E+001   0.0000000E+000   0.0000000E+000   0.0000000E+000   0.0000000E+000   3.4909096E-276
   1.1640000E+001   0.0000000E+000   0.0000000E+000   0.0000000E+000   0.0000000E+000   0.0000000E+000
   1.1680000E+001   0.0000000E+000   0.0000000E+000   0.0000000E+000   0.0000000E+000   0.0000000E+000
   1.1720001E+001   0.0000000E+000   0.0000000E+000   0.0000000E+000   0.0000000E+000   0.0000000E+000
   1.1760000E+001   0.0000000E+000   0.0000000E+000   0.0000000E+000   0.0000000E+000   0.0000000E+000
   1.1799999E+001   0.0000000E+000   0.0000000E+000   0.0000000E+000   0.0000000E+000   0.0000000E+000
   1.1840000E+001   0.0000000E+000   0.0000000E+000   0.0000000E+000   0.0000000E+000   0.0000000E+000
   1.1880000E+001   0.0000000E+000   0.0000000E+000   0.0000000E+000   0.0000000E+000   0.0000000E+000
   1.1920000E+001   0.0000000E+000   0.0000000E+000   0.0000000E+000   0.0000000E+000   0.0000000E+000
   1.1960000E+001   0.0000000E+000   0.0000000E+000   0.0000000E+000   0.0000000E+000   0.0000000E+000
   1.2000000E+001   0.0000000E+000   0.0000000E+000   0.0000000E+000   0.0000000E+000   0.0000000E+000
   1.2040000E+001   0.0000000E+000   0.0000000E+000   0.0000000E+000   0.0000000E+000   0.0000000E+000
   1.2079999E+001   0.0000000E+000   0.0000000E+000   0.0000000E+000   0.0000000E+000   0.0000000E+000
   1.2120000E+001   0.0000000E+000   0.0000000E+000   0.0000000E+000   0.0000000E+000   0.0000000E+000
   1.2160000E+001   0.0000000E+000   0.0000000E+000   0.0000000E+000   0.0000000E+000   0.0000000E+000
   1.2200000E+001   0.0000000E+000   0.0000000E+000   0.0000000E+000   0.0000000E+000   0.0000000E+000
   1.2240000E+001   0.0000000E+000   0.0000000E+000   0.0000000E+000   0.0000000E+000   0.0000000E+000
   1.2280000E+001   0.0000000E+000   0.0000000E+000   0.0000000E+000   0.0000000E+000   0.0000000E+000
   1.2320000E+001   0.0000000E+000   0.0000000E+000   0.0000000E+000   0.0000000E+000   0.0000000E+000
   1.2359999E+001   0.0000000E+000   0.0000000E+000   0.0000000E+000   0.0000000E+000   0.0000000E+000
   1.2400000E+001   0.0000000E+000   0.0000000E+000   0.0000000E+000   0.0000000E+000   0.0000000E+000
   1.2440000E+001   0.0000000E+000   0.0000000E+000   0.0000000E+000   0.0000000E+000   0.0000000E+000
   1.2480000E+001   0.0000000E+000   0.0000000E+000   0.0000000E+000   0.0000000E+000   0.0000000E+000
   1.2520000E+001   0.0000000E+000   0.0000000E+000   0.0000000E+000   0.0000000E+000   0.0000000E+000
   1.2560000E+001   0.0000000E+000   0.0000000E+000   0.0000000E+000   0.0000000E+000   0.0000000E+000
   1.2600000E+001   0.0000000E+000   0.0000000E+000   0.0000000E+000   0.0000000E+000   0.0000000E+000
   1.2640001E+001   0.0000000E+000   0.0000000E+000   0.0000000E+000   0.0000000E+000   0.0000000E+000
   1.2680000E+001   0.0000000E+000   0.0000000E+000   0.0000000E+000   0.0000000E+000   0.0000000E+000
   1.2720000E+001   0.0000000E+000   0.0000000E+000   0.0000000E+000   0.0000000E+000   0.0000000E+000
   1.2760000E+001   0.0000000E+000   0.0000000E+000   0.0000000E+000   0.0000000E+000   0.0000000E+000
   1.2800000E+001   0.0000000E+000   0.0000000E+000   0.0000000E+000   0.0000000E+000   0.0000000E+000
   1.2840000E+001   0.0000000E+000   0.0000000E+000   0.0000000E+000   0.0000000E+000   0.0000000E+000
   1.2880000E+001   0.0000000E+000   0.0000000E+000   0.0000000E+000   0.0000000E+000   0.0000000E+000
   1.2920001E+001   0.0000000E+000   0.0000000E+000   0.0000000E+000   0.0000000E+000   0.0000000E+000
   1.2960000E+001   0.0000000E+000   0.0000000E+000   0.0000000E+000   0.0000000E+000   0.0000000E+000
   1.3000000E+001   0.0000000E+000   0.0000000E+000   0.0000000E+000   0.0000000E+000   0.0000000E+000
   1.3040000E+001   0.0000000E+000   0.0000000E+000   0.0000000E+000   0.0000000E+000   0.0000000E+000
   1.3080000E+001   0.0000000E+000   0.0000000E+000   0.0000000E+000   0.0000000E+000   0.0000000E+000
   1.3120000E+001   0.0000000E+000   0.0000000E+000   0.0000000E+000   0.0000000E+000   0.0000000E+000
   1.3160000E+001   0.0000000E+000   0.0000000E+000   0.0000000E+000   0.0000000E+000   0.0000000E+000
   1.3200001E+001   0.0000000E+000   0.0000000E+000   0.0000000E+000   0.0000000E+000   0.0000000E+000
   1.3240000E+001   0.0000000E+000   0.0000000E+000   0.0000000E+000   0.0000000E+000   0.0000000E+000
   1.3279999E+001   0.0000000E+000   0.0000000E+000   0.0000000E+000   0.0000000E+000   0.0000000E+000
   1.3320000E+001   0.0000000E+000   0.0000000E+000   0.0000000E+000   0.0000000E+000   0.0000000E+000
   1.3360000E+001   0.0000000E+000   0.0000000E+000   0.0000000E+000   0.0000000E+000   0.0000000E+000
   1.3400000E+001   0.0000000E+000   0.0000000E+000   0.0000000E+000   0.0000000E+000   0.0000000E+000
   1.3440000E+001   0.0000000E+000   0.0000000E+000   0.0000000E+000   0.0000000E+000   0.0000000E+000
   1.3480000E+001   0.0000000E+000   0.0000000E+000   0.0000000E+000   0.0000000E+000   0.0000000E+000
   1.3520000E+001   0.0000000E+000   0.0000000E+000   0.0000000E+000   0.0000000E+000   0.0000000E+000
   1.3559999E+001   0.0000000E+000   0.0000000E+000   0.0000000E+000   0.0000000E+000   0.0000000E+000
   1.3600000E+001   0.0000000E+000   0.0000000E+000   0.0000000E+000   0.0000000E+000   0.0000000E+000
   1.3640000E+001   0.0000000E+000   0.0000000E+000   0.0000000E+000   0.0000000E+000   0.0000000E+000
   1.3680000E+001   0.0000000E+000   0.0000000E+000   0.0000000E+000   0.0000000E+000   0.0000000E+000
   1.3720000E+001   0.0000000E+000   0.0000000E+000   0.0000000E+000   0.0000000E+000   0.0000000E+000
   1.3760000E+001   0.0000000E+000   0.0000000E+000   0.0000000E+000   0.0000000E+000   0.0000000E+000
   1.3800000E+001   0.0000000E+000   0.0000000E+000   0.0000000E+000   0.0000000E+000   0.0000000E+000
   1.3839999E+001   0.0000000E+000   0.0000000E+000   0.0000000E+000   0.0000000E+000   0.0000000E+000
   1.3880000E+001   0.0000000E+000   0.0000000E+000   0.0000000E+000   0.0000000E+000   0.0000000E+000
   1.3920000E+001   0.0000000E+000   0.0000000E+000   0.0000000E+000   0.0000000E+000   0.0000000E+000
   1.3960000E+001   0.0000000E+000   0.0000000E+000   0.0000000E+000   0.0000000E+000   0.0000000E+000
   1.4000000E+001   0.0000000E+000   0.0000000E+000   0.0000000E+000   0.0000000E+000   0.0000000E+000
   1.4040000E+001   0.0000000E+000   0.0000000E+000   0.0000000E+000   0.0000000E+000   0.0000000E+000
   1.4080000E+001   0.0000000E+000   0.0000000E+000   0.0000000E+000   0.0000000E+000   0.0000000E+000
   1.4119999E+001   0.0000000E+000   0.0000000E+000   0.0000000E+000   0.0000000E+000   0.0000000E+000
   1.4160000E+001   0.0000000E+000   0.0000000E+000   0.0000000E+000   0.0000000E+000   0.0000000E+000
   1.4200000E+001   0.0000000E+000   0.0000000E+000   0.0000000E+000   0.0000000E+000   0.0000000E+000
   1.4240000E+001   0.0000000E+000   0.0000000E+000   0.0000000E+000   0.0000000E+000   0.0000000E+000
   1.4280000E+001   0.0000000E+000   0.0000000E+000   0.0000000E+000   0.0000000E+000   0.0000000E+000
   1.4320000E+001   0.0000000E+000   0.0000000E+000   0.0000000E+000   0.0000000E+000   0.0000000E+000
   1.4360000E+001   0.0000000E+000   0.0000000E+000   0.0000000E+000   0.0000000E+000   0.0000000E+000
   1.4400001E+001   0.0000000E+000   0.0000000E+000   0.0000000E+000   0.0000000E+000   0.0000000E+000
   1.4440000E+001   0.0000000E+000   0.0000000E+000   0.0000000E+000   0.0000000E+000   0.0000000E+000
   1.4480000E+001   0.0000000E+000   0.0000000E+000   0.0000000E+000   0.0000000E+000   0.0000000E+000
   1.4520000E+001   0.0000000E+000   0.0000000E+000   0.0000000E+000   0.0000000E+000   0.0000000E+000
   1.4560000E+001   0.0000000E+000   0.0000000E+000   0.0000000E+000   0.0000000E+000   0.0000000E+000
   1.4600000E+001   0.0000000E+000   0.0000000E+000   0.0000000E+000   0.0000000E+000   0.0000000E+000
   1.4640000E+001   0.0000000E+000   0.0000000E+000   0.0000000E+000   0.0000000E+000   0.0000000E+000
   1.4680001E+001   0.0000000E+000   0.0000000E+000   0.0000000E+000   0.0000000E+000   0.0000000E+000
   1.4720000E+001   0.0000000E+000   0.0000000E+000   0.0000000E+000   0.0000000E+000   0.0000000E+000
   1.4760000E+001   0.0000000E+000   0.0000000E+000   0.0000000E+000   0.0000000E+000   0.0000000E+000
   1.4800000E+001   0.0000000E+000   0.0000000E+000   0.0000000E+000   0.0000000E+000   0.0000000E+000
   1.4840000E+001   0.0000000E+000   0.0000000E+000   0.0000000E+000   0.0000000E+000   0.0000000E+000
   1.4880000E+001   0.0000000E+000   0.0000000E+000   0.0000000E+000   0.0000000E+000   0.0000000E+000
   1.4920000E+001   0.0000000E+000   0.0000000E+000   0.0000000E+000   0.0000000E+000   0.0000000E+000
   1.4960001E+001   0.0000000E+000   0.0000000E+000   0.0000000E+000   0.0000000E+000   0.0000000E+000
   1.5000000E+001   0.0000000E+000   0.0000000E+000   0.0000000E+000   0.0000000E+000   0.0000000E+000
   1.5039999E+001   0.0000000E+000   0.0000000E+000   0.0000000E+000   0.0000000E+000   0.0000000E+000
   1.5080000E+001   0.0000000E+000   0.0000000E+000   0.0000000E+000   0.0000000E+000   0.0000000E+000
   1.5120000E+001   0.0000000E+000   0.0000000E+000   0.0000000E+000   0.0000000E+000   0.0000000E+000
   1.5160000E+001   0.0000000E+000   0.0000000E+000   0.0000000E+000   0.0000000E+000   0.0000000E+000
   1.5200000E+001   0.0000000E+000   0.0000000E+000   0.0000000E+000   0.0000000E+000   0.0000000E+000
   1.5240000E+001   0.0000000E+000   0.0000000E+000   0.0000000E+000   0.0000000E+000   0.0000000E+000
   1.5280000E+001   0.0000000E+000   0.0000000E+000   0.0000000E+000   0.0000000E+000   0.0000000E+000
   1.5319999E+001   0.0000000E+000   0.0000000E+000   0.0000000E+000   0.0000000E+000   0.0000000E+000
   1.5360000E+001   0.0000000E+000   0.0000000E+000   0.0000000E+000   0.0000000E+000   0.0000000E+000
   1.5400000E+001   0.0000000E+000   0.0000000E+000   0.0000000E+000   0.0000000E+000   0.0000000E+000
   1.5440000E+001   0.0000000E+000   0.0000000E+000   0.0000000E+000   0.0000000E+000   0.0000000E+000
   1.5480000E+001   0.0000000E+000   0.0000000E+000   0.0000000E+000   0.0000000E+000   0.0000000E+000
   1.5520000E+001   0.0000000E+000   0.0000000E+000   0.0000000E+000   0.0000000E+000   0.0000000E+000
   1.5560000E+001   0.0000000E+000   0.0000000E+000   0.0000000E+000   0.0000000E+000   0.0000000E+000
   1.5599999E+001   0.0000000E+000   0.0000000E+000   0.0000000E+000   0.0000000E+000   0.0000000E+000
   1.5640000E+001   0.0000000E+000   0.0000000E+000   0.0000000E+000   0.0000000E+000   0.0000000E+000
   1.5680000E+001   0.0000000E+000   0.0000000E+000   0.0000000E+000   0.0000000E+000   0.0000000E+000
   1.5720000E+001   0.0000000E+000   0.0000000E+000   0.0000000E+000   0.0000000E+000   0.0000000E+000
   1.5760000E+001   0.0000000E+000   0.0000000E+000   0.0000000E+000   0.0000000E+000   0.0000000E+000
   1.5800000E+001   0.0000000E+000   0.0000000E+000   0.0000000E+000   0.0000000E+000   0.0000000E+000
   1.5840000E+001   0.0000000E+000   0.0000000E+000   0.0000000E+000   0.0000000E+000   0.0000000E+000
   1.5880001E+001   0.0000000E+000   0.0000000E+000   0.0000000E+000   0.0000000E+000   0.0000000E+000
   1.5920000E+001   0.0000000E+000   0.0000000E+000   0.0000000E+000   0.0000000E+000   0.0000000E+000
   1.5960000E+001   0.0000000E+000   0.0000000E+000   0.0000000E+000   0.0000000E+000   0.0000000E+000
   1.6000000E+001   0.0000000E+000   0.0000000E+000   0.0000000E+000   0.0000000E+000   0.0000000E+000
   1.6040000E+001   0.0000000E+000   0.0000000E+000   0.0000000E+000   0.0000000E+000   0.0000000E+000
   1.6080000E+001   0.0000000E+000   0.0000000E+000   0.0000000E+000   0.0000000E+000   0.0000000E+000
   1.6120000E+001   0.0000000E+000   0.0000000E+000   0.0000000E+000   0.0000000E+000   0.0000000E+000
   1.6160001E+001   0.0000000E+000   0.0000000E+000   0.0000000E+000   0.0000000E+000   0.0000000E+000
   1.6200000E+001   0.0000000E+000   0.0000000E+000   0.0000000E+000   0.0000000E+000   0.0000000E+000
   1.6240000E+001   0.0000000E+000   0.0000000E+000   0.0000000E+000   0.0000000E+000   0.0000000E+000
   1.6280000E+001   0.0000000E+000   0.0000000E+000   0.0000000E+000   0.0000000E+000   0.0000000E+000
   1.6320000E+001   0.0000000E+000   0.0000000E+000   0.0000000E+000   0.0000000E+000   0.0000000E+000
   1.6360000E+001   0.0000000E+000   0.0000000E+000   0.0000000E+000   0.0000000E+000   0.0000000E+000
   1.6400000E+001   0.0000000E+000   0.0000000E+000   0.0000000E+000   0.0000000E+000   0.0000000E+000
   1.6440001E+001   0.0000000E+000   0.0000000E+000   0.0000000E+000   0.0000000E+000   0.0000000E+000
   1.6480000E+001   0.0000000E+000   0.0000000E+000   0.0000000E+000   0.0000000E+000   0.0000000E+000
   1.6520000E+001   0.0000000E+000   0.0000000E+000   0.0000000E+000   0.0000000E+000   0.0000000E+000
   1.6560000E+001   0.0000000E+000   0.0000000E+000   0.0000000E+000   0.0000000E+000   0.0000000E+000
   1.6600000E+001   0.0000000E+000   0.0000000E+000   0.0000000E+000   0.0000000E+000   0.0000000E+000
   1.6640000E+001   0.0000000E+000   0.0000000E+000   0.0000000E+000   0.0000000E+000   0.0000000E+000
   1.6680000E+001   0.0000000E+000   0.0000000E+000   0.0000000E+000   0.0000000E+000   0.0000000E+000
   1.6720001E+001   0.0000000E+000   0.0000000E+000   0.0000000E+000   0.0000000E+000   0.0000000E+000
   1.6760000E+001   0.0000000E+000   0.0000000E+000   0.0000000E+000   0.0000000E+000   0.0000000E+000
   1.6799999E+001   0.0000000E+000   0.0000000E+000   0.0000000E+000   0.0000000E+000   0.0000000E+000
   1.6840000E+001   0.0000000E+000   0.0000000E+000   0.0000000E+000   0.0000000E+000   0.0000000E+000
   1.6880000E+001   0.0000000E+000   0.0000000E+000   0.0000000E+000   0.0000000E+000   0.0000000E+000
   1.6920000E+001   0.0000000E+000   0.0000000E+000   0.0000000E+000   0.0000000E+000   0.0000000E+000
   1.6960000E+001   0.0000000E+000   0.0000000E+000   0.0000000E+000   0.0000000E+000   0.0000000E+000
   1.7000000E+001   0.0000000E+000   0.0000000E+000   0.0000000E+000   0.0000000E+000   0.0000000E+000
   1.7040000E+001   0.0000000E+000   0.0000000E+000   0.0000000E+000   0.0000000E+000   0.0000000E+000
   1.7079999E+001   0.0000000E+000   0.0000000E+000   0.0000000E+000   0.0000000E+000   0.0000000E+000
   1.7120000E+001   0.0000000E+000   0.0000000E+000   0.0000000E+000   0.0000000E+000   0.0000000E+000
   1.7160000E+001   0.0000000E+000   0.0000000E+000   0.0000000E+000   0.0000000E+000   0.0000000E+000
   1.7200000E+001   0.0000000E+000   0.0000000E+000   0.0000000E+000   0.0000000E+000   0.0000000E+000
   1.7240000E+001   0.0000000E+000   0.0000000E+000   0.0000000E+000   0.0000000E+000   0.0000000E+000
   1.7280000E+001   0.0000000E+000   0.0000000E+000   0.0000000E+000   0.0000000E+000   0.0000000E+000
   1.7320000E+001   0.0000000E+000   0.0000000E+000   0.0000000E+000   0.0000000E+000   0.0000000E+000
   1.7359999E+001   0.0000000E+000   0.0000000E+000   0.0000000E+000   0.0000000E+000   0.0000000E+000
   1.7400000E+001   0.0000000E+000   0.0000000E+000   0.0000000E+000   0.0000000E+000   0.0000000E+000
   1.7440000E+001   0.0000000E+000   0.0000000E+000   0.0000000E+000   0.0000000E+000   0.0000000E+000
   1.7480000E+001   0.0000000E+000   0.0000000E+000   0.0000000E+000   0.0000000E+000   0.0000000E+000
   1.7520000E+001   0.0000000E+000   0.0000000E+000   0.0000000E+000   0.0000000E+000   0.0000000E+000
   1.7560000E+001   0.0000000E+000   0.0000000E+000   0.0000000E+000   0.0000000E+000   0.0000000E+000
   1.7600000E+001   0.0000000E+000   0.0000000E+000   0.0000000E+000   0.0000000E+000   0.0000000E+000
   1.7640001E+001   0.0000000E+000   0.0000000E+000   0.0000000E+000   0.0000000E+000   0.0000000E+000
   1.7680000E+001   0.0000000E+000   0.0000000E+000   0.0000000E+000   0.0000000E+000   0.0000000E+000
   1.7720000E+001   0.0000000E+000   0.0000000E+000   0.0000000E+000   0.0000000E+000   0.0000000E+000
   1.7760000E+001   0.0000000E+000   0.0000000E+000   0.0000000E+000   0.0000000E+000   0.0000000E+000
   1.7800000E+001   0.0000000E+000   0.0000000E+000   0.0000000E+000   0.0000000E+000   0.0000000E+000
   1.7840000E+001   0.0000000E+000   0.0000000E+000   0.0000000E+000   0.0000000E+000   0.0000000E+000
   1.7880000E+001   0.0000000E+000   0.0000000E+000   0.0000000E+000   0.0000000E+000   0.0000000E+000
   1.7920001E+001   0.0000000E+000   0.0000000E+000   0.0000000E+000   0.0000000E+000   0.0000000E+000
   1.7960000E+001   0.0000000E+000   0.0000000E+000   0.0000000E+000   0.0000000E+000   0.0000000E+000
   1.8000000E+001   0.0000000E+000   0.0000000E+000   0.0000000E+000   0.0000000E+000   0.0000000E+000
   1.8040000E+001   0.0000000E+000   0.0000000E+000   0.0000000E+000   0.0000000E+000   0.0000000E+000
   1.8080000E+001   0.0000000E+000   0.0000000E+000   0.0000000E+000   0.0000000E+000   0.0000000E+000
   1.8120000E+001   0.0000000E+000   0.0000000E+000   0.0000000E+000   0.0000000E+000   0.0000000E+000
   1.8160000E+001   0.0000000E+000   0.0000000E+000   0.0000000E+000   0.0000000E+000   0.0000000E+000
   1.8200001E+001   0.0000000E+000   0.0000000E+000   0.0000000E+000   0.0000000E+000   0.0000000E+000
   1.8240000E+001   0.0000000E+000   0.0000000E+000   0.0000000E+000   0.0000000E+000   0.0000000E+000
   1.8279999E+001   0.0000000E+000   0.0000000E+000   0.0000000E+000   0.0000000E+000   0.0000000E+000
   1.8320000E+001   0.0000000E+000   0.0000000E+000   0.0000000E+000   0.0000000E+000   0.0000000E+000
   1.8360000E+001   0.0000000E+000   0.0000000E+000   0.0000000E+000   0.0000000E+000   0.0000000E+000
   1.8400000E+001   0.0000000E+000   0.0000000E+000   0.0000000E+000   0.0000000E+000   0.0000000E+000
   1.8440000E+001   0.0000000E+000   0.0000000E+000   0.0000000E+000   0.0000000E+000   0.0000000E+000
   1.8480000E+001   0.0000000E+000   0.0000000E+000   0.0000000E+000   0.0000000E+000   0.0000000E+000
   1.8520000E+001   0.0000000E+000   0.0000000E+000   0.0000000E+000   0.0000000E+000   0.0000000E+000
   1.8559999E+001   0.0000000E+000   0.0000000E+000   0.0000000E+000   0.0000000E+000   0.0000000E+000
   1.8600000E+001   0.0000000E+000   0.0000000E+000   0.0000000E+000   0.0000000E+000   0.0000000E+000
   1.8640000E+001   0.0000000E+000   0.0000000E+000   0.0000000E+000   0.0000000E+000   0.0000000E+000
   1.8680000E+001   0.0000000E+000   0.0000000E+000   0.0000000E+000   0.0000000E+000   0.0000000E+000
   1.8720000E+001   0.0000000E+000   0.0000000E+000   0.0000000E+000   0.0000000E+000   0.0000000E+000
   1.8760000E+001   0.0000000E+000   0.0000000E+000   0.0000000E+000   0.0000000E+000   0.0000000E+000
   1.8800000E+001   0.0000000E+000   0.0000000E+000   0.0000000E+000   0.0000000E+000   0.0000000E+000
   1.8839999E+001   0.0000000E+000   0.0000000E+000   0.0000000E+000   0.0000000E+000   0.0000000E+000
   1.8880000E+001   0.0000000E+000   0.0000000E+000   0.0000000E+000   0.0000000E+000   0.0000000E+000
   1.8920000E+001   0.0000000E+000   0.0000000E+000   0.0000000E+000   0.0000000E+000   0.0000000E+000
   1.8960000E+001   0.0000000E+000   0.0000000E+000   0.0000000E+000   0.0000000E+000   0.0000000E+000
   1.9000000E+001   0.0000000E+000   0.0000000E+000   0.0000000E+000   0.0000000E+000   0.0000000E+000
   1.9040000E+001   0.0000000E+000   0.0000000E+000   0.0000000E+000   0.0000000E+000   0.0000000E+000
   1.9080000E+001   0.0000000E+000   0.0000000E+000   0.0000000E+000   0.0000000E+000   0.0000000E+000
   1.9119999E+001   0.0000000E+000   0.0000000E+000   0.0000000E+000   0.0000000E+000   0.0000000E+000
   1.9160000E+001   0.0000000E+000   0.0000000E+000   0.0000000E+000   0.0000000E+000   0.0000000E+000
   1.9200000E+001   0.0000000E+000   0.0000000E+000   0.0000000E+000   0.0000000E+000   0.0000000E+000
   1.9240000E+001   0.0000000E+000   0.0000000E+000   0.0000000E+000   0.0000000E+000   0.0000000E+000
   1.9280000E+001   0.0000000E+000   0.0000000E+000   0.0000000E+000   0.0000000E+000   0.0000000E+000
   1.9320000E+001   0.0000000E+000   0.0000000E+000   0.0000000E+000   0.0000000E+000   0.0000000E+000
   1.9360000E+001   0.0000000E+000   0.0000000E+000   0.0000000E+000   0.0000000E+000   0.0000000E+000
   1.9400001E+001   0.0000000E+000   0.0000000E+000   0.0000000E+000   0.0000000E+000   0.0000000E+000
   1.9440000E+001   0.0000000E+000   0.0000000E+000   0.0000000E+000   0.0000000E+000   0.0000000E+000
   1.9480000E+001   0.0000000E+000   0.0000000E+000   0.0000000E+000   0.0000000E+000   0.0000000E+000
   1.9520000E+001   0.0000000E+000   0.0000000E+000   0.0000000E+000   0.0000000E+000   0.0000000E+000
   1.9560000E+001   0.0000000E+000   0.0000000E+000   0.0000000E+000   0.0000000E+000   0.0000000E+000
   1.9600000E+001   0.0000000E+000   0.0000000E+000   0.0000000E+000   0.0000000E+000   0.0000000E+000
   1.9640000E+001   0.0000000E+000   0.0000000E+000   0.0000000E+000   0.0000000E+000   0.0000000E+000
   1.9680001E+001   0.0000000E+000   0.0000000E+000   0.0000000E+000   0.0000000E+000   0.0000000E+000
   1.9720000E+001   0.0000000E+000   0.0000000E+000   0.0000000E+000   0.0000000E+000   0.0000000E+000
   1.9760000E+001   0.0000000E+000   0.0000000E+000   0.0000000E+000   0.0000000E+000   0.0000000E+000
   1.9800000E+001   0.0000000E+000   0.0000000E+000   0.0000000E+000   0.0000000E+000   0.0000000E+000
   1.9840000E+001   0.0000000E+000   0.0000000E+000   0.0000000E+000   0.0000000E+000   0.0000000E+000
   1.9880000E+001   0.0000000E+000   0.0000000E+000   0.0000000E+000   0.0000000E+000   0.0000000E+000
   1.9920000E+001   0.0000000E+000   0.0000000E+000   0.0000000E+000   0.0000000E+000   0.0000000E+000
   1.9960001E+001   0.0000000E+000   0.0000000E+000   0.0000000E+000   0.0000000E+000   0.0000000E+000
   2.0000000E+001   0.0000000E+000   0.0000000E+000   0.0000000E+000   0.0000000E+000   0.0000000E+000
