         0.0800         0.0000         0.0000         0.0000         0.0000         0.0000
         0.1200         0.0000         0.0000         0.0000         0.0000         0.0000
         0.1600         0.0000         0.0000         0.0000         0.0000         0.0000
         0.2000         0.0000         0.0000         0.0000         0.0000         0.0000
         0.2400         0.0000         0.0000         0.0000         0.0000         0.0000
         0.2800         0.0000         0.0000         0.0000         0.0000         0.0000
         0.3200         0.0000         0.0000         0.0000         0.0000         0.0000
         0.3600         0.0000         0.0000         0.0000         0.0000         0.0000
         0.4000         0.0000         0.0000         0.0000         0.0000         0.0000
         0.4400         0.0000         0.0000         0.0000         0.0000         0.0000
         0.4800         0.0000         0.0000         0.0000         0.0000         0.0000
         0.5200         0.0000         0.0000         0.0000         0.0000         0.0000
         0.5600         0.0000         0.0000         0.0000         0.0000         0.0000
         0.6000         0.0000         0.0000         0.0000         0.0000         0.0000
         0.6400         0.0000         0.0000         0.0000         0.0000         0.0000
         0.6800         0.0000         0.0000         0.0000         0.0000         0.0000
         0.7200         0.0000         0.0000         0.0000         0.0000         0.0000
         0.7600         0.0000         0.0000         0.0000         0.0000         0.0000
         0.8000         0.0000         0.0000         0.0000         0.0000         0.0000
         0.8400         0.0000         0.0000         0.0000         0.0000         0.0000
         0.8800         0.0000         0.0000         0.0000         0.0000         0.0000
         0.9200         0.0000         0.0000         0.0000         0.0000         0.0000
         0.9600         0.0001         0.0000         0.0001         0.0000         0.0000
         1.0000         0.0005         0.0001         0.0006         0.0001         0.0000
         1.0400         0.0015         0.0003         0.0020         0.0004         0.0000
         1.0800         0.0032         0.0006         0.0041         0.0007         0.0000
         1.1200         0.0049         0.0008         0.0069         0.0015         0.0000
         1.1600         0.0059         0.0012         0.0081         0.0018         0.0000
         1.2000         0.0076         0.0015         0.0099         0.0021         0.0000
         1.2400         0.0099         0.0018         0.0130         0.0040         0.0000
         1.2800         0.0109         0.0020         0.0160         0.0048         0.0000
         1.3200         0.0128         0.0024         0.0182         0.0062         0.0000
         1.3600         0.0161         0.0034         0.0203         0.0058         0.0000
         1.4000         0.0168         0.0037         0.0239         0.0067         0.0000
         1.4400         0.0192         0.0031         0.0260         0.0093         0.0000
         1.4800         0.0206         0.0048         0.0316         0.0092         0.0000
         1.5200         0.0226         0.0052         0.0319         0.0118         0.0000
         1.5600         0.0243         0.0052         0.0329         0.0119         0.0000
         1.6000         0.0250         0.0047         0.0362         0.0165         0.0000
         1.6400         0.0272         0.0049         0.0361         0.0164         0.0000
         1.6800         0.0285         0.0050         0.0395         0.0180         0.0000
         1.7200         0.0306         0.0058         0.0446         0.0206         0.0000
         1.7600         0.0354         0.0072         0.0481         0.0230         0.0000
         1.8000         0.0408         0.0087         0.0500         0.0236         0.0000
         1.8400         0.0462         0.0150         0.0545         0.0254         0.0000
         1.8800         0.0502         0.0188         0.0606         0.0290         0.0000
         1.9200         0.0509         0.0194         0.0629         0.0315         0.0000
         1.9600         0.0561         0.0215         0.0687         0.0345         0.0000
         2.0000         0.0575         0.0233         0.0721         0.0368         0.0000
         2.0400         0.0582         0.0234         0.0748         0.0360         0.0000
         2.0800         0.0610         0.0252         0.0764         0.0367         0.0000
         2.1200         0.0641         0.0264         0.0803         0.0391         0.0000
         2.1600         0.0654         0.0269         0.0870         0.0446         0.0000
         2.2000         0.0651         0.0277         0.0922         0.0439         0.0000
         2.2400         0.0667         0.0308         0.0969         0.0511         0.0000
         2.2800         0.0693         0.0301         0.1024         0.0523         0.0000
         2.3200         0.0756         0.0329         0.1119         0.0567         0.0000
         2.3600         0.0836         0.0362         0.1186         0.0607         0.0000
         2.4000         0.0909         0.0385         0.1275         0.0657         0.0000
         2.4400         0.0945         0.0381         0.1281         0.0654         0.0000
         2.4800         0.0979         0.0395         0.1354         0.0665         0.0000
         2.5200         0.1033         0.0435         0.1427         0.0698         0.0000
         2.5600         0.1076         0.0469         0.1484         0.0711         0.0000
         2.6000         0.1119         0.0471         0.1564         0.0761         0.0000
         2.6400         0.1165         0.0489         0.1597         0.0755         0.0000
         2.6800         0.1223         0.0506         0.1674         0.0814         0.0000
         2.7200         0.1256         0.0517         0.1816         0.0823         0.0000
         2.7600         0.1306         0.0528         0.1905         0.0858         0.0000
         2.8000         0.1357         0.0562         0.2023         0.0952         0.0000
         2.8400         0.1387         0.0570         0.2136         0.0927         0.0000
         2.8800         0.1467         0.0583         0.2201         0.0958         0.0000
         2.9200         0.1507         0.0592         0.2247         0.0954         0.0000
         2.9600         0.1593         0.0630         0.2351         0.1026         0.0000
         3.0000         0.1682         0.0664         0.2448         0.1038         0.0000
         3.0400         0.1717         0.0703         0.2483         0.1066         0.0000
         3.0800         0.1716         0.0711         0.2669         0.1173         0.0000
         3.1200         0.1766         0.0721         0.2757         0.1197         0.0000
         3.1600         0.1796         0.0748         0.2864         0.1196         0.0000
         3.2000         0.1859         0.0762         0.2959         0.1250         0.0000
         3.2400         0.1936         0.0761         0.3034         0.1301         0.0000
         3.2800         0.1989         0.0776         0.3149         0.1325         0.0000
         3.3200         0.2061         0.0754         0.3216         0.1408         0.0000
         3.3600         0.2092         0.0758         0.3280         0.1432         0.0000
         3.4000         0.2155         0.0780         0.3398         0.1533         0.0000
         3.4400         0.2260         0.0828         0.3491         0.1588         0.0000
         3.4800         0.2261         0.0831         0.3539         0.1642         0.0000
         3.5200         0.2327         0.0857         0.3616         0.1698         0.0000
         3.5600         0.2423         0.0904         0.3646         0.1734         0.0000
         3.6000         0.2492         0.0917         0.3743         0.1772         0.0000
         3.6400         0.2642         0.1008         0.3878         0.1832         0.0000
         3.6800         0.2711         0.1036         0.3987         0.1875         0.0000
         3.7200         0.2807         0.1018         0.4071         0.1940         0.0000
         3.7600         0.2831         0.1074         0.4158         0.1989         0.0000
         3.8000         0.2883         0.1103         0.4375         0.2072         0.0000
         3.8400         0.2979         0.1129         0.4543         0.2148         0.0000
         3.8800         0.3016         0.1139         0.4545         0.2133         0.0000
         3.9200         0.3072         0.1168         0.4622         0.2140         0.0000
         3.9600         0.3222         0.1228         0.4742         0.2176         0.0000
         4.0000         0.3288         0.1243         0.4864         0.2257         0.0000
         4.0400         0.3392         0.1267         0.4930         0.2274         0.0000
         4.0800         0.3509         0.1326         0.5044         0.2285         0.0000
         4.1200         0.3633         0.1380         0.5136         0.2326         0.0000
         4.1600         0.3822         0.1434         0.5260         0.2351         0.0000
         4.2000         0.3936         0.1497         0.5455         0.2412         0.0000
         4.2400         0.3966         0.1490         0.5572         0.2472         0.0000
         4.2800         0.4098         0.1527         0.5629         0.2504         0.0000
         4.3200         0.4157         0.1546         0.5909         0.2631         0.0000
         4.3600         0.4305         0.1620         0.6090         0.2746         0.0000
         4.4000         0.4386         0.1661         0.6207         0.2770         0.0000
         4.4400         0.4486         0.1711         0.6311         0.2853         0.0000
         4.4800         0.4493         0.1687         0.6462         0.2893         0.0000
         4.5200         0.4621         0.1717         0.6613         0.2979         0.0000
         4.5600         0.4711         0.1763         0.6785         0.3073         0.0000
         4.6000         0.4800         0.1794         0.7021         0.3176         0.0000
         4.6400         0.4857         0.1812         0.7264         0.3288         0.0000
         4.6800         0.4947         0.1848         0.7449         0.3348         0.0000
         4.7200         0.5025         0.1815         0.7651         0.3420         0.0000
         4.7600         0.5150         0.1868         0.7876         0.3558         0.0000
         4.8000         0.5282         0.1931         0.8080         0.3590         0.0000
         4.8400         0.5355         0.1970         0.8156         0.3599         0.0000
         4.8800         0.5385         0.1955         0.8346         0.3719         0.0000
         4.9200         0.5441         0.1970         0.8492         0.3696         0.0000
         4.9600         0.5563         0.1996         0.8740         0.3806         0.0000
         5.0000         0.5672         0.2010         0.8881         0.3862         0.0000
         5.0400         0.5816         0.2069         0.9184         0.4029         0.0000
         5.0800         0.5972         0.2155         0.9346         0.4089         0.0000
         5.1200         0.6055         0.2118         0.9631         0.4199         0.0000
         5.1600         0.6208         0.2180         0.9824         0.4277         0.0000
         5.2000         0.6396         0.2254         1.0056         0.4416         0.0000
         5.2400         0.6490         0.2253         1.0192         0.4506         0.0000
         5.2800         0.6589         0.2307         1.0451         0.4667         0.0000
         5.3200         0.6671         0.2334         1.0670         0.4756         0.0000
         5.3600         0.6711         0.2369         1.0794         0.4809         0.0000
         5.4000         0.6701         0.2391         1.0949         0.4939         0.0000
         5.4400         0.6789         0.2424         1.1212         0.5058         0.0000
         5.4800         0.6964         0.2466         1.1465         0.5197         0.0000
         5.5200         0.7103         0.2532         1.1839         0.5400         0.0000
         5.5600         0.7244         0.2591         1.2034         0.5525         0.0000
         5.6000         0.7313         0.2637         1.2219         0.5640         0.0000
         5.6400         0.7390         0.2698         1.2460         0.5746         0.0000
         5.6800         0.7529         0.2750         1.2779         0.5845         0.0000
         5.7200         0.7566         0.2750         1.2992         0.5888         0.0000
         5.7600         0.7702         0.2877         1.3260         0.5995         0.0000
         5.8000         0.7744         0.2883         1.3535         0.6091         0.0000
         5.8400         0.7912         0.2957         1.3717         0.6136         0.0000
         5.8800         0.8148         0.3033         1.3830         0.6166         0.0021
         5.9200         0.8309         0.3072         1.4108         0.6276         0.0339
         5.9600         0.8345         0.3143         1.4356         0.6328         0.1937
         6.0000         0.8416         0.3138         1.4652         0.6409         0.5693
         6.0400         0.8515         0.3111         0.0088         0.0015         1.1036
         6.0800         0.8658         0.3167         0.0167         0.0032         1.6517
         6.1200         0.8757         0.3127         0.0244         0.0035         2.1073
         6.1600         0.8713         0.3122         0.0331         0.0066         2.4386
         6.2000         0.8937         0.3181         0.0406         0.0100         2.6595
         6.2400         0.9040         0.3209         0.0489         0.0127         2.7989
         6.2800         0.9110         0.3221         0.0563         0.0133         2.8836
         6.3200         0.9265         0.3248         0.0642         0.0152         2.9337
         6.3600         0.9407         0.3265         0.0700         0.0194         2.9628
         6.4000         0.9544         0.3330         0.0771         0.0202         2.9794
         6.4400         0.9653         0.3406         0.0856         0.0265         2.9887
         6.4800         0.9840         0.3465         0.0954         0.0301         2.9939
         6.5200         0.9976         0.3500         0.1032         0.0321         2.9967
         6.5600         1.0010         0.3495         0.1098         0.0333         2.9983
         6.6000         1.0125         0.3551         0.1182         0.0362         2.9991
         6.6400         1.0237         0.3557         0.1282         0.0399         2.9995
         6.6800         1.0394         0.3577         0.1387         0.0422         2.9998
         6.7200         1.0527         0.3625         0.1466         0.0448         2.9999
         6.7600         1.0667         0.3678         0.1554         0.0471         2.9999
         6.8000         1.0895         0.3715         0.1635         0.0515         3.0000
         6.8400         1.1189         0.3779         0.1765         0.0549         3.0000
         6.8800         1.1379         0.3824         0.1814         0.0547         3.0000
         6.9200         1.1628         0.3879         0.1861         0.0582         3.0000
         6.9600         1.1870         0.4000         0.1935         0.0602         3.0000
         7.0000         1.2040         0.4062         0.1988         0.0631         3.0000
         7.0400         1.2249         0.4184         0.2056         0.0640         3.0000
         7.0800         1.2500         0.4283         0.2131         0.0711         3.0000
         7.1200         1.2693         0.4263         0.2171         0.0702         3.0000
         7.1600         1.2771         0.4259         0.2258         0.0685         3.0000
         7.2000         1.3140         0.4299         0.2296         0.0703         3.0000
         7.2400         1.3147         0.4335         0.2368         0.0675         3.0000
         7.2800         1.3337         0.4416         0.2457         0.0678         3.0000
         7.3200         1.3616         0.4471         0.2544         0.0702         3.0000
         7.3600         1.3807         0.4547         0.2639         0.0773         3.0000
         7.4000         1.3992         0.4574         0.2784         0.0773         3.0000
         7.4400         1.4047         0.4483         0.2918         0.0806         3.0000
         7.4800         1.4211         0.4487         0.2961         0.0819         3.0000
         7.5200         1.4377         0.4523         0.3050         0.0844         3.0000
         7.5600         1.4507         0.4569         0.3072         0.0836         3.0000
         7.6000         1.4738         0.4669         0.3163         0.0854         3.0000
         7.6400         1.5062         0.4827         0.3224         0.0888         3.0000
         7.6800         1.5326         0.4907         0.3286         0.0877         3.0000
         7.7200         1.5567         0.4984         0.3369         0.0902         3.0000
         7.7600         1.5842         0.5127         0.3405         0.0898         3.0000
         7.8000         1.6087         0.5155         0.3464         0.0948         3.0000
         7.8400         1.6250         0.5174         0.3542         0.0974         3.0000
         7.8800         1.6552         0.5294         0.3612         0.1007         3.0000
         7.9200         1.6870         0.5457         0.3709         0.1034         3.0000
         7.9600         1.7213         0.5563         0.3701         0.1038         3.0000
         8.0000         1.7502         0.5658         0.3798         0.1077         3.0000
         8.0400         1.7718         0.5675         0.3849         0.1038         3.0000
         8.0800         1.7841         0.5720         0.3895         0.1023         3.0000
         8.1200         1.8035         0.5769         0.3986         0.1085         3.0000
         8.1600         1.8285         0.5831         0.4042         0.1114         3.0000
         8.2000         1.8583         0.5895         0.4101         0.1146         3.0000
         8.2400         1.8847         0.5959         0.4145         0.1153         3.0000
         8.2800         1.9012         0.5984         0.4228         0.1143         3.0000
         8.3200         1.9329         0.5969         0.4301         0.1148         3.0000
         8.3600         1.9680         0.6047         0.4338         0.1162         3.0000
         8.4000         2.0106         0.6174         0.4311         0.1162         3.0000
         8.4400         2.0269         0.6191         0.4386         0.1194         3.0000
         8.4800         2.0524         0.6191         0.4455         0.1212         3.0000
         8.5200         2.0794         0.6170         0.4594         0.1264         3.0000
         8.5600         2.0992         0.6188         0.4542         0.1271         3.0000
         8.6000         2.1339         0.6252         0.4564         0.1294         3.0000
         8.6400         2.1744         0.6262         0.4624         0.1347         3.0000
         8.6800         2.2072         0.6350         0.4651         0.1319         3.0000
         8.7200         2.2451         0.6438         0.4685         0.1327         3.0000
         8.7600         2.2676         0.6452         0.4704         0.1358         3.0000
         8.8000         2.3189         0.6591         0.4676         0.1359         3.0000
         8.8400         2.3606         0.6642         0.4643         0.1350         3.0000
         8.8800         2.3926         0.6704         0.4668         0.1350         3.0000
         8.9200         2.4323         0.6746         0.4690         0.1334         3.0000
         8.9600         2.4612         0.6815         0.4718         0.1316         3.0000
         9.0000         2.4903         0.6851         0.4749         0.1300         3.0000
         9.0400         2.5301         0.6956         0.4730         0.1281         3.0000
         9.0800         2.5645         0.7030         0.4755         0.1283         3.0000
         9.1200         2.6013         0.7006         0.4724         0.1296         3.0000
         9.1600         2.6579         0.7115         0.4718         0.1278         3.0000
         9.2000         2.7181         0.7303         0.4680         0.1276         3.0000
         9.2400         2.7682         0.7398         0.4645         0.1252         3.0000
         9.2800         2.8168         0.7475         0.4649         0.1279         3.0000
         9.3200         2.8480         0.7574         0.4646         0.1266         3.0000
         9.3600         2.9040         0.7751         0.4727         0.1266         3.0000
         9.4000         2.9480         0.7745         0.4726         0.1325         3.0000
         9.4400         2.9968         0.7819         0.4767         0.1292         3.0000
         9.4800         3.0476         0.7886         0.4813         0.1306         3.0000
         9.5200         3.0959         0.7916         0.4871         0.1332         3.0000
         9.5600         3.1425         0.8042         0.4886         0.1349         3.0000
         9.6000         3.2175         0.8225         0.4824         0.1348         3.0000
         9.6400         3.2707         0.8265         0.4800         0.1350         3.0000
         9.6800         3.3264         0.8373         0.4807         0.1378         3.0000
         9.7200         3.3678         0.8357         0.4863         0.1430         3.0000
         9.7600         3.4494         0.8524         0.4756         0.1428         3.0000
         9.8000         3.4969         0.8610         0.4683         0.1389         3.0000
         9.8400         3.5488         0.8623         0.4594         0.1343         3.0000
         9.8800         3.6111         0.8648         0.4516         0.1323         3.0000
         9.9200         3.6633         0.8710         0.4416         0.1247         3.0000
         9.9600         3.7145         0.8835         0.4320         0.1218         3.0000
        10.0000         3.7774         0.8941         0.4224         0.1215         3.0000
        10.0400         3.8366         0.9045         0.4164         0.1232         3.0000
        10.0800         3.8896         0.9168         0.3991         0.1127         3.0000
        10.1200         3.9568         0.9384         0.3921         0.1125         3.0000
        10.1600         4.0288         0.9440         0.3771         0.1084         3.0000
        10.2000         4.1135         0.9582         0.3697         0.1061         3.0000
        10.2400         4.1825         0.9638         0.3611         0.1070         3.0000
        10.2800         4.2398         0.9686         0.3420         0.1001         3.0000
        10.3200         4.3313         0.9833         0.3283         0.0922         2.9999
        10.3600         4.3859         1.0010         0.3119         0.0888         2.9999
        10.4000         4.4422         1.0051         0.3016         0.0857         2.9998
        10.4400         4.5074         1.0105         0.2876         0.0802         2.9995
        10.4800         4.5847         1.0269         0.2767         0.0759         2.9991
        10.5200         4.6379         1.0428         0.2578         0.0715         2.9983
        10.5600         4.7085         1.0523         0.2411         0.0663         2.9967
        10.6000         4.7795         1.0576         0.2232         0.0608         2.9939
        10.6400         4.8498         1.0637         0.2145         0.0560         2.9887
        10.6800         4.9255         1.0748         0.1974         0.0506         2.9794
        10.7200         5.0199         1.0997         0.1787         0.0462         2.9628
        10.7600         5.1138         1.1271         0.1565         0.0357         2.9337
        10.8000         5.1977         1.1416         0.1377         0.0296         2.8836
        10.8400         5.2553         1.1483         0.1199         0.0270         2.7989
        10.8800         5.3306         1.1523         0.0981         0.0215         2.6595
        10.9200         5.4032         1.1693         0.0745         0.0171         2.4386
        10.9600         5.4995         1.1864         0.0512         0.0115         2.1073
        11.0000         5.5786         1.1955         0.0298         0.0068         1.6517
        11.0400         5.6633         1.2129         9.1900         1.7575         1.1036
        11.0800         5.7353         1.2124         9.2321         1.7668         0.5693
        11.1200         5.8314         1.2233         9.2716         1.7574         0.1937
        11.1600         5.9087         1.2282         9.3097         1.7539         0.0339
        11.2000         5.9823         1.2251         9.3321         1.7584         0.0021
        11.2400         6.0875         1.2392         9.3507         1.7575         0.0000
        11.2800         6.1522         1.2486         9.3893         1.7621         0.0000
        11.3200         6.2852         1.2816         9.3953         1.7640         0.0000
        11.3600         6.3649         1.2739         9.4340         1.7646         0.0000
        11.4000         6.4337         1.2713         9.4474         1.7724         0.0000
        11.4400         6.5104         1.2838         9.4987         1.7774         0.0000
        11.4800         6.6180         1.2825         9.5175         1.7975         0.0000
        11.5200         6.7107         1.2855         9.5827         1.7951         0.0000
        11.5600         6.7881         1.2884         9.6672         1.8055         0.0000
        11.6000         6.8620         1.2900         9.7271         1.8252         0.0000
        11.6400         6.9561         1.2894         9.8108         1.8251         0.0000
        11.6800         7.0384         1.2883         9.8433         1.8322         0.0000
        11.7200         7.1090         1.2936         9.8886         1.8360         0.0000
        11.7600         7.1993         1.2908         9.9485         1.8345         0.0000
        11.8000         7.3108         1.2947         9.9586         1.8358         0.0000
        11.8400         7.3867         1.3024        10.0265         1.8237         0.0000
        11.8800         7.4780         1.2925        10.0900         1.8388         0.0000
        11.9200         7.5788         1.3059        10.1689         1.8476         0.0000
        11.9600         7.6360         1.3119        10.2076         1.8311         0.0000
        12.0000         7.7173         1.3219        10.2818         1.8328         0.0000
        12.0400         7.8126         1.3336        10.3560         1.8419         0.0000
        12.0800         7.9606         1.3703        10.4093         1.8510         0.0000
        12.1200         8.0781         1.3781        10.4988         1.8616         0.0000
        12.1600         8.1680         1.3685        10.5953         1.8741         0.0000
        12.2000         8.2773         1.3822        10.6312         1.8892         0.0000
        12.2400         8.3826         1.3610        10.7534         1.9112         0.0000
        12.2800         8.4783         1.3745        10.8174         1.9066         0.0000
        12.3200         8.5683         1.4007        10.8944         1.9026         0.0000
        12.3600         8.6642         1.4018        10.9740         1.9093         0.0000
        12.4000         8.7539         1.4125        11.0414         1.9020         0.0000
        12.4400         8.8185         1.4175        11.1364         1.9098         0.0000
        12.4800         8.9053         1.4214        11.2052         1.9167         0.0000
        12.5200         9.0213         1.4082        11.2811         1.9232         0.0000
        12.5600         9.1240         1.3921        11.3615         1.9194         0.0000
        12.6000         9.2131         1.3866        11.4146         1.9286         0.0000
        12.6400         9.3191         1.3952        11.4928         1.9261         0.0000
        12.6800         9.4187         1.3967        11.5509         1.9188         0.0000
        12.7200         9.5167         1.3954        11.6078         1.9272         0.0000
        12.7600         9.5929         1.3903        11.7440         1.9215         0.0000
        12.8000         9.7120         1.3912        11.8389         1.9235         0.0000
        12.8400         9.8669         1.3925        11.9048         1.9203         0.0000
        12.8800         9.9707         1.4058        11.9682         1.9035         0.0000
        12.9200        10.0800         1.4025        12.0652         1.9077         0.0000
        12.9600        10.1770         1.4048        12.1465         1.8825         0.0000
        13.0000        10.2859         1.4077        12.2227         1.8840         0.0000
        13.0400        10.4042         1.3970        12.3168         1.9091         0.0000
        13.0800        10.5134         1.3897        12.3719         1.9063         0.0000
        13.1200        10.6538         1.3892        12.4493         1.9012         0.0000
        13.1600        10.7520         1.3943        12.5280         1.8971         0.0000
        13.2000        10.8999         1.3988        12.6211         1.8758         0.0000
        13.2400        11.0363         1.4048        12.6903         1.8653         0.0000
        13.2800        11.1412         1.3915        12.7630         1.8608         0.0000
        13.3200        11.2525         1.4123        12.8304         1.8369         0.0000
        13.3600        11.3895         1.4124        12.9082         1.8553         0.0000
        13.4000        11.5299         1.4288        13.0082         1.8338         0.0000
        13.4400        11.6784         1.4382        13.1039         1.8296         0.0000
        13.4800        11.7905         1.4566        13.2215         1.8297         0.0000
        13.5200        11.9381         1.4607        13.3094         1.8108         0.0000
        13.5600        12.0708         1.4703        13.4297         1.8076         0.0000
        13.6000        12.1868         1.4713        13.5369         1.7959         0.0000
        13.6400        12.3271         1.4625        13.6512         1.7990         0.0000
        13.6800        12.4748         1.4678        13.7633         1.8046         0.0000
        13.7200        12.6556         1.4702        13.8591         1.8090         0.0000
        13.7600        12.7332         1.4646        13.9467         1.7898         0.0000
        13.8000        12.8742         1.4657        14.0853         1.7894         0.0000
        13.8400        13.0038         1.4830        14.2235         1.7822         0.0000
        13.8800        13.1086         1.4764        14.3412         1.7758         0.0000
        13.9200        13.1932         1.4560        14.4824         1.7573         0.0000
        13.9600        13.3371         1.4525        14.6051         1.7504         0.0000
        14.0000        13.4600         1.4772        14.7192         1.7282         0.0000
        14.0400        13.5815         1.4593        14.7943         1.7136         0.0000
        14.0800        13.6859         1.4449        14.8654         1.6789         0.0000
        14.1200        13.8075         1.4364        14.9973         1.6639         0.0000
        14.1600        13.9131         1.4219        15.1187         1.6397         0.0000
        14.2000        14.0783         1.4469        15.2319         1.6280         0.0000
        14.2400        14.2426         1.4522        15.3889         1.6100         0.0000
        14.2800        14.3416         1.4336        15.5065         1.6312         0.0000
        14.3200        14.4414         1.4294        15.6238         1.6083         0.0000
        14.3600        14.5790         1.4019        15.7680         1.6099         0.0000
        14.4000        14.7140         1.4027        15.8537         1.6043         0.0000
        14.4400        14.8204         1.3953        15.9978         1.5836         0.0000
        14.4800        15.0029         1.4017        16.0983         1.5774         0.0000
        14.5200        15.1449         1.3962        16.1571         1.5459         0.0000
        14.5600        15.2824         1.3710        16.2777         1.5456         0.0000
        14.6000        15.4029         1.3842        16.3957         1.5302         0.0000
        14.6400        15.5400         1.3523        16.5343         1.5158         0.0000
        14.6800        15.6660         1.3412        16.5985         1.4974         0.0000
        14.7200        15.8069         1.3212        16.7505         1.4764         0.0000
        14.7600        15.9586         1.3115        16.8825         1.4704         0.0000
        14.8000        16.0893         1.2866        16.9787         1.4619         0.0000
        14.8400        16.2224         1.2801        17.0894         1.4368         0.0000
        14.8800        16.3459         1.2604        17.2109         1.4434         0.0000
        14.9200        16.4871         1.2256        17.3543         1.4480         0.0000
        14.9600        16.6291         1.2199        17.4381         1.4199         0.0000
        15.0000        16.7745         1.2046        17.5159         1.3802         0.0000
        15.0400        16.9161         1.1848        17.6236         1.3792         0.0000
        15.0800        17.0631         1.1748        17.7709         1.3731         0.0000
        15.1200        17.1913         1.1464        17.9193         1.3459         0.0000
        15.1600        17.3208         1.1153        18.0578         1.3277         0.0000
        15.2000        17.4608         1.1132        18.1887         1.3134         0.0000
        15.2400        17.5540         1.1077        18.3407         1.2899         0.0000
        15.2800        17.7034         1.0892        18.4398         1.2648         0.0000
        15.3200        17.8441         1.0741        18.5899         1.2470         0.0000
        15.3600        17.9974         1.0642        18.7439         1.2335         0.0000
        15.4000        18.1530         1.0527        18.8733         1.2239         0.0000
        15.4400        18.3058         1.0345        18.9834         1.2019         0.0000
        15.4800        18.4369         1.0268        19.1155         1.1803         0.0000
        15.5200        18.6586         1.0031        19.2305         1.1678         0.0000
        15.5600        18.7896         0.9944        19.3320         1.1389         0.0000
        15.6000        18.9567         0.9857        19.5320         1.1143         0.0000
        15.6400        19.1314         0.9697        19.6629         1.0917         0.0000
        15.6800        19.2817         0.9759        19.8375         1.0749         0.0000
        15.7200        19.4389         0.9629        19.9688         1.0527         0.0000
        15.7600        19.6244         0.9349        20.0906         1.0413         0.0000
        15.8000        19.7486         0.9280        20.2479         1.0297         0.0000
        15.8400        19.9382         0.9133        20.4012         1.0212         0.0000
        15.8800        20.0932         0.9103        20.6018         1.0052         0.0000
        15.9200        20.2747         0.8886        20.7318         0.9950         0.0000
        15.9600        20.4544         0.8845        20.9238         0.9711         0.0000
        16.0000        20.6581         0.8705        21.0979         0.9666         0.0000
        16.0400        20.8802         0.8526        21.2525         0.9289         0.0000
        16.0800        21.0796         0.8389        21.4151         0.9249         0.0000
        16.1200        21.2677         0.8289        21.5453         0.9010         0.0000
        16.1600        21.4476         0.8157        21.7290         0.8912         0.0000
        16.2000        21.6056         0.7983        21.8905         0.8768         0.0000
        16.2400        21.7708         0.7852        22.0570         0.8494         0.0000
        16.2800        21.9266         0.7848        22.2324         0.8427         0.0000
        16.3200        22.0728         0.7951        22.3756         0.8383         0.0000
        16.3600        22.2404         0.7969        22.5703         0.8067         0.0000
        16.4000        22.4625         0.7946        22.7405         0.7966         0.0000
        16.4400        22.6978         0.7925        22.9028         0.7940         0.0000
        16.4800        22.8544         0.7880        23.0550         0.7795         0.0000
        16.5200        23.0381         0.7738        23.2519         0.7767         0.0000
        16.5600        23.2147         0.7758        23.4014         0.7601         0.0000
        16.6000        23.3836         0.7603        23.5603         0.7533         0.0000
        16.6400        23.5260         0.7448        23.6989         0.7349         0.0000
        16.6800        23.7339         0.7428        23.8819         0.7323         0.0000
        16.7200        23.9943         0.7217        24.0576         0.7289         0.0000
        16.7600        24.2159         0.7181        24.2058         0.7358         0.0000
        16.8000        24.4215         0.7243        24.4100         0.7322         0.0000
        16.8400        24.6075         0.7294        24.6090         0.7412         0.0000
        16.8800        24.8242         0.7426        24.7954         0.7165         0.0000
        16.9200        25.0625         0.7455        24.9819         0.7259         0.0000
        16.9600        25.2589         0.7504        25.1831         0.7154         0.0000
        17.0000        25.4368         0.7706        25.3961         0.7278         0.0000
        17.0400        25.6840         0.7717        25.5765         0.7323         0.0000
        17.0800        25.9078         0.8103        25.7697         0.7359         0.0000
        17.1200        26.1294         0.8187        26.0051         0.7316         0.0000
        17.1600        26.2842         0.8233        26.2497         0.7344         0.0000
        17.2000        26.5242         0.8675        26.4499         0.7268         0.0000
        17.2400        26.7253         0.9402        26.6241         0.7447         0.0000
        17.2800        26.9248         0.9467        26.8471         0.7458         0.0000
        17.3200        27.1221         0.9771        27.0529         0.7582         0.0000
        17.3600        27.3634         1.0210        27.2502         0.8852         0.0000
        17.4000        27.5454         1.0947        27.4407         0.9283         0.0000
        17.4400        27.7210         1.1533        27.6167         0.9743         0.0000
        17.4800        27.9245         1.3001        27.7887         1.0273         0.0000
        17.5200        28.1896         1.3515        28.0336         1.1157         0.0000
        17.5600        28.3679         1.4287        28.3056         1.1937         0.0000
        17.6000        28.5926         1.5078        28.4808         1.2456         0.0000
        17.6400        28.8190         1.5757        28.6298         1.2813         0.0000
        17.6800        29.0039         1.6397        28.9143         1.3492         0.0000
        17.7200        29.1851         1.6618        29.1750         1.4203         0.0000
        17.7600        29.3833         1.7046        29.4188         1.5001         0.0000
        17.8000        29.5924         1.7865        29.6008         1.5802         0.0000
        17.8400        29.7595         1.8729        29.8089         1.6147         0.0000
        17.8800        29.9660         1.9358        30.0167         1.6703         0.0000
        17.9200        30.1623         1.9615        30.2367         1.6999         0.0000
        17.9600        30.3721         1.9757        30.4759         1.6983         0.0000
        18.0000        30.5926         2.0307        30.7321         1.8034         0.0000
        18.0400        30.8507         2.0803        30.9124         1.8784         0.0000
        18.0800        31.1009         2.1214        31.0836         1.9501         0.0000
        18.1200        31.3626         2.1719        31.3183         2.0645         0.0000
        18.1600        31.6567         2.2633        31.5151         2.1298         0.0000
        18.2000        31.8718         2.3278        31.7513         2.2267         0.0000
        18.2400        32.1707         2.3737        31.9799         2.3304         0.0000
        18.2800        32.3932         2.4831        32.2214         2.3777         0.0000
        18.3200        32.6139         2.5652        32.4836         2.3956         0.0000
        18.3600        32.8676         2.6630        32.7345         2.4320         0.0000
        18.4000        33.1195         2.7410        32.9536         2.5280         0.0000
        18.4400        33.3823         2.8289        33.1830         2.6123         0.0000
        18.4800        33.6090         2.8882        33.4734         2.7570         0.0000
        18.5200        33.9115         2.9498        33.7251         2.8145         0.0000
        18.5600        34.1268         3.0533        33.9588         2.8913         0.0000
        18.6000        34.3384         3.1570        34.3364         2.9989         0.0000
        18.6400        34.6310         3.2552        34.5839         3.1009         0.0000
        18.6800        34.8474         3.3456        34.8066         3.1904         0.0000
        18.7200        35.0891         3.4342        35.0903         3.2749         0.0000
        18.7600        35.3122         3.5199        35.3404         3.3420         0.0000
        18.8000        35.5473         3.6011        35.5161         3.4160         0.0000
        18.8400        35.7885         3.7130        35.7447         3.5255         0.0000
        18.8800        36.0197         3.8139        36.0365         3.6663         0.0000
        18.9200        36.2815         3.9275        36.3706         3.7380         0.0000
        18.9600        36.5958         4.0538        36.5778         3.8398         0.0000
        19.0000        36.8525         4.1165        36.8392         3.9359         0.0000
        19.0400        37.0377         4.2047        37.0633         4.0358         0.0000
        19.0800        37.3775         4.2812        37.3565         4.1238         0.0000
        19.1200        37.6469         4.3356        37.6454         4.1892         0.0000
        19.1600        37.9377         4.4137        37.8550         4.2791         0.0000
        19.2000        38.1951         4.5262        38.1622         4.4022         0.0000
        19.2400        38.5460         4.5909        38.3391         4.5257         0.0000
        19.2800        38.8301         4.6720        38.6069         4.6118         0.0000
        19.3200        39.0937         4.7939        38.8874         4.7074         0.0000
        19.3600        39.2711         4.9328        39.1542         4.8111         0.0000
        19.4000        39.5408         5.0302        39.3716         4.8760         0.0000
        19.4400        39.8668         5.0955        39.5887         4.9922         0.0000
        19.4800        40.1557         5.1781        39.7881         5.1226         0.0000
        19.5200        40.3897         5.2695        40.0512         5.1726         0.0000
        19.5600        40.6604         5.3710        40.4194         5.2539         0.0000
        19.6000        40.8889         5.5230        40.6775         5.4037         0.0000
        19.6400        41.1692         5.6209        40.9433         5.5526         0.0000
        19.6800        41.4050         5.7641        41.2442         5.6894         0.0000
        19.7200        41.6609         5.8287        41.5356         5.7713         0.0000
        19.7600        42.0062         6.0036        41.7749         5.8535         0.0000
        19.8000        42.3039         6.0730        42.1316         5.9425         0.0000
        19.8400        42.5711         6.1979        42.3925         6.0647         0.0000
        19.8800        42.8292         6.3254        42.7083         6.1795         0.0000
        19.9200        42.8388         6.3961        42.8016         6.3153         0.0000
        19.9600        40.4248         6.0915        40.3616         6.0165         0.0000
        20.0000        30.0782         4.5823        30.0259         4.4705         0.0000
