         0.0800         0.0000         0.0000         0.0000         0.0000         0.0000
         0.1200         0.0000         0.0000         0.0000         0.0000         0.0000
         0.1600         0.0000         0.0000         0.0000         0.0000         0.0000
         0.2000         0.0000         0.0000         0.0000         0.0000         0.0000
         0.2400         0.0000         0.0000         0.0000         0.0000         0.0000
         0.2800         0.0000         0.0000         0.0000         0.0000         0.0000
         0.3200         0.0000         0.0000         0.0000         0.0000         0.0000
         0.3600         0.0000         0.0000         0.0000         0.0000         0.0000
         0.4000         0.0000         0.0000         0.0000         0.0000         0.0000
         0.4400         0.0000         0.0000         0.0000         0.0000         0.0000
         0.4800         0.0000         0.0000         0.0000         0.0000         0.0000
         0.5200         0.0000         0.0000         0.0000         0.0000         0.0000
         0.5600         0.0000         0.0000         0.0000         0.0000         0.0000
         0.6000         0.0000         0.0000         0.0000         0.0000         0.0000
         0.6400         0.0000         0.0000         0.0000         0.0000         0.0000
         0.6800         0.0000         0.0000         0.0000         0.0000         0.0000
         0.7200         0.0000         0.0000         0.0000         0.0000         0.0000
         0.7600         0.0000         0.0000         0.0000         0.0000         0.0000
         0.8000         0.0000         0.0000         0.0000         0.0000         0.0000
         0.8400         0.0000         0.0000         0.0000         0.0000         0.0000
         0.8800         0.0000         0.0000         0.0000         0.0000         0.0000
         0.9200         0.0000         0.0000         0.0000         0.0000         0.0000
         0.9600         0.0001         0.0000         0.0003         0.0001         0.0000
         1.0000         0.0009         0.0001         0.0018         0.0001         0.0000
         1.0400         0.0024         0.0004         0.0056         0.0005         0.0000
         1.0800         0.0043         0.0006         0.0120         0.0010         0.0000
         1.1200         0.0073         0.0010         0.0172         0.0014         0.0000
         1.1600         0.0101         0.0013         0.0236         0.0022         0.0000
         1.2000         0.0141         0.0017         0.0295         0.0029         0.0000
         1.2400         0.0174         0.0027         0.0358         0.0035         0.0000
         1.2800         0.0210         0.0032         0.0427         0.0042         0.0000
         1.3200         0.0267         0.0035         0.0486         0.0043         0.0000
         1.3600         0.0315         0.0037         0.0555         0.0046         0.0000
         1.4000         0.0345         0.0036         0.0652         0.0053         0.0000
         1.4400         0.0399         0.0041         0.0734         0.0062         0.0000
         1.4800         0.0435         0.0043         0.0810         0.0066         0.0000
         1.5200         0.0473         0.0054         0.0923         0.0071         0.0000
         1.5600         0.0519         0.0055         0.1019         0.0069         0.0000
         1.6000         0.0577         0.0061         0.1117         0.0073         0.0000
         1.6400         0.0626         0.0062         0.1256         0.0085         0.0000
         1.6800         0.0677         0.0074         0.1383         0.0089         0.0000
         1.7200         0.0757         0.0080         0.1484         0.0093         0.0000
         1.7600         0.0794         0.0081         0.1587         0.0094         0.0000
         1.8000         0.0850         0.0086         0.1719         0.0120         0.0000
         1.8400         0.0873         0.0083         0.1856         0.0139         0.0000
         1.8800         0.0930         0.0077         0.2006         0.0155         0.0000
         1.9200         0.0991         0.0081         0.2121         0.0111         0.0000
         1.9600         0.1074         0.0089         0.2257         0.0108         0.0000
         2.0000         0.1199         0.0092         0.2412         0.0153         0.0000
         2.0400         0.1309         0.0091         0.2508         0.0122         0.0000
         2.0800         0.1423         0.0102         0.2661         0.0128         0.0000
         2.1200         0.1521         0.0106         0.2802         0.0121         0.0000
         2.1600         0.1641         0.0099         0.2902         0.0121         0.0000
         2.2000         0.1733         0.0099         0.3105         0.0132         0.0000
         2.2400         0.1778         0.0099         0.3285         0.0170         0.0000
         2.2800         0.1921         0.0121         0.3425         0.0173         0.0000
         2.3200         0.2035         0.0131         0.3593         0.0153         0.0000
         2.3600         0.2123         0.0127         0.3695         0.0153         0.0000
         2.4000         0.2174         0.0126         0.3894         0.0161         0.0000
         2.4400         0.2266         0.0123         0.4079         0.0123         0.0000
         2.4800         0.2407         0.0130         0.4260         0.0123         0.0000
         2.5200         0.2532         0.0115         0.4439         0.0159         0.0000
         2.5600         0.2663         0.0123         0.4564         0.0163         0.0000
         2.6000         0.2779         0.0125         0.4788         0.0163         0.0000
         2.6400         0.2815         0.0115         0.5064         0.0187         0.0000
         2.6800         0.2872         0.0123         0.5307         0.0192         0.0000
         2.7200         0.3001         0.0122         0.5448         0.0194         0.0000
         2.7600         0.3099         0.0137         0.5637         0.0189         0.0000
         2.8000         0.3295         0.0163         0.5779         0.0186         0.0000
         2.8400         0.3393         0.0168         0.6068         0.0222         0.0000
         2.8800         0.3556         0.0179         0.6205         0.0223         0.0000
         2.9200         0.3670         0.0207         0.6422         0.0229         0.0000
         2.9600         0.3820         0.0205         0.6643         0.0293         0.0000
         3.0000         0.3932         0.0197         0.6928         0.0273         0.0000
         3.0400         0.4157         0.0204         0.7125         0.0257         0.0000
         3.0800         0.4345         0.0197         0.7293         0.0247         0.0000
         3.1200         0.4459         0.0170         0.7474         0.0236         0.0000
         3.1600         0.4536         0.0169         0.7671         0.0222         0.0000
         3.2000         0.4633         0.0167         0.7840         0.0218         0.0000
         3.2400         0.4772         0.0176         0.8054         0.0240         0.0000
         3.2800         0.4950         0.0193         0.8363         0.0259         0.0000
         3.3200         0.5136         0.0209         0.8585         0.0240         0.0000
         3.3600         0.5265         0.0156         0.8918         0.0271         0.0000
         3.4000         0.5294         0.0218         0.9236         0.0266         0.0000
         3.4400         0.5440         0.0228         0.9448         0.0285         0.0000
         3.4800         0.5503         0.0223         0.9555         0.0248         0.0000
         3.5200         0.5691         0.0212         0.9662         0.0272         0.0000
         3.5600         0.5840         0.0220         0.9869         0.0261         0.0000
         3.6000         0.6011         0.0195         1.0083         0.0325         0.0000
         3.6400         0.6134         0.0217         1.0305         0.0250         0.0000
         3.6800         0.6202         0.0218         1.0625         0.0255         0.0000
         3.7200         0.6415         0.0270         1.0810         0.0338         0.0000
         3.7600         0.6479         0.0269         1.1040         0.0351         0.0000
         3.8000         0.6654         0.0283         1.1357         0.0350         0.0000
         3.8400         0.6790         0.0291         1.1512         0.0394         0.0000
         3.8800         0.7025         0.0311         1.1773         0.0423         0.0000
         3.9200         0.7280         0.0314         1.2151         0.0487         0.0000
         3.9600         0.7454         0.0200         1.2425         0.0533         0.0000
         4.0000         0.7618         0.0198         1.2708         0.0533         0.0000
         4.0400         0.7822         0.0201         1.3088         0.0558         0.0000
         4.0800         0.7972         0.0299         1.3480         0.0532         0.0000
         4.1200         0.8129         0.0269         1.3677         0.0523         0.0000
         4.1600         0.8342         0.0229         1.3926         0.0551         0.0000
         4.2000         0.8483         0.0320         1.4270         0.0571         0.0000
         4.2400         0.8645         0.0291         1.4496         0.0536         0.0000
         4.2800         0.8792         0.0305         1.4995         0.0553         0.0000
         4.3200         0.8907         0.0322         1.5356         0.0538         0.0000
         4.3600         0.9038         0.0308         1.5884         0.0490         0.0000
         4.4000         0.9130         0.0218         1.6366         0.0447         0.0000
         4.4400         0.9354         0.0391         1.6889         0.0483         0.0000
         4.4800         0.9560         0.0366         1.7359         0.0304         0.0000
         4.5200         0.9721         0.0394         1.7746         0.0463         0.0000
         4.5600         0.9848         0.0376         1.8166         0.0320         0.0000
         4.6000         1.0166         0.0436         1.8511         0.0338         0.0000
         4.6400         1.0239         0.0438         1.9070         0.0302         0.0000
         4.6800         1.0513         0.0427         1.9490         0.0331         0.0000
         4.7200         1.0677         0.0421         1.9846         0.0336         0.0000
         4.7600         1.0897         0.0435         2.0329         0.0330         0.0000
         4.8000         1.1033         0.0411         2.0734         0.0313         0.0000
         4.8400         1.1377         0.0392         2.1113         0.0272         0.0000
         4.8800         1.1516         0.0400         2.1524         0.0269         0.0000
         4.9200         1.1782         0.0319         2.1983         0.0279         0.0000
         4.9600         1.2044         0.0321         2.2285         0.0286         0.0000
         5.0000         1.2307         0.0328         2.2640         0.0277         0.0000
         5.0400         1.2499         0.0312         2.2961         0.0318         0.0000
         5.0800         1.2625         0.0306         2.3442         0.0303         0.0000
         5.1200         1.2868         0.0324         2.4085         0.0303         0.0000
         5.1600         1.3035         0.0285         2.4579         0.0325         0.0000
         5.2000         1.3196         0.0298         2.5007         0.0314         0.0000
         5.2400         1.3290         0.0313         2.5562         0.0331         0.0000
         5.2800         1.3360         0.0304         2.5969         0.0359         0.0000
         5.3200         1.3548         0.0268         2.6397         0.0463         0.0000
         5.3600         1.3797         0.0288         2.6838         0.0515         0.0000
         5.4000         1.3974         0.0279         2.7507         0.0528         0.0000
         5.4400         1.4062         0.0277         2.8038         0.0530         0.0000
         5.4800         1.4289         0.0253         2.8498         0.0569         0.0000
         5.5200         1.4513         0.0256         2.9156         0.0557         0.0000
         5.5600         1.4557         0.0243         2.9598         0.0569         0.0000
         5.6000         1.4789         0.0241         3.0173         0.0573         0.0000
         5.6400         1.5065         0.0249         3.0506         0.0616         0.0000
         5.6800         1.5131         0.0284         3.1069         0.0658         0.0000
         5.7200         1.5309         0.0286         3.1486         0.0677         0.0000
         5.7600         1.5494         0.0366         3.1873         0.0674         0.0000
         5.8000         1.5669         0.0392         3.2225         0.0686         0.0000
         5.8400         1.5764         0.0344         3.2620         0.0704         0.0000
         5.8800         1.6022         0.0361         3.3282         0.0731         0.0021
         5.9200         1.6211         0.0348         3.3953         0.0800         0.0339
         5.9600         1.6339         0.0332         3.4698         0.0823         0.1937
         6.0000         1.6612         0.0368         3.5125         0.0916         0.5693
         6.0400         1.6754         0.0344         0.0165         0.0009         1.1036
         6.0800         1.6843         0.0332         0.0310         0.0019         1.6517
         6.1200         1.6851         0.0385         0.0442         0.0026         2.1073
         6.1600         1.7160         0.0387         0.0594         0.0033         2.4386
         6.2000         1.7453         0.0405         0.0763         0.0040         2.6595
         6.2400         1.7729         0.0404         0.0880         0.0047         2.7989
         6.2800         1.7881         0.0379         0.1017         0.0055         2.8836
         6.3200         1.8108         0.0422         0.1138         0.0060         2.9337
         6.3600         1.8307         0.0425         0.1292         0.0065         2.9628
         6.4000         1.8400         0.0404         0.1421         0.0074         2.9794
         6.4400         1.8713         0.0435         0.1554         0.0093         2.9887
         6.4800         1.8806         0.0419         0.1688         0.0083         2.9939
         6.5200         1.8927         0.0433         0.1785         0.0100         2.9967
         6.5600         1.9145         0.0443         0.1914         0.0079         2.9983
         6.6000         1.9372         0.0471         0.2096         0.0096         2.9991
         6.6400         1.9521         0.0475         0.2277         0.0108         2.9995
         6.6800         1.9803         0.0502         0.2415         0.0147         2.9998
         6.7200         2.0134         0.0527         0.2559         0.0155         2.9999
         6.7600         2.0386         0.0528         0.2715         0.0165         2.9999
         6.8000         2.0656         0.0672         0.2869         0.0166         3.0000
         6.8400         2.0749         0.0563         0.3046         0.0174         3.0000
         6.8800         2.1086         0.0666         0.3125         0.0182         3.0000
         6.9200         2.1330         0.0644         0.3257         0.0181         3.0000
         6.9600         2.1439         0.0506         0.3425         0.0140         3.0000
         7.0000         2.1623         0.0472         0.3610         0.0150         3.0000
         7.0400         2.1964         0.0472         0.3742         0.0208         3.0000
         7.0800         2.2205         0.0464         0.3846         0.0201         3.0000
         7.1200         2.2497         0.0440         0.3983         0.0155         3.0000
         7.1600         2.2642         0.0398         0.4072         0.0163         3.0000
         7.2000         2.2917         0.0434         0.4181         0.0185         3.0000
         7.2400         2.3393         0.0400         0.4276         0.0176         3.0000
         7.2800         2.3341         0.0397         0.4411         0.0188         3.0000
         7.3200         2.3838         0.0349         0.4627         0.0173         3.0000
         7.3600         2.4062         0.0333         0.4689         0.0179         3.0000
         7.4000         2.4483         0.0363         0.4797         0.0195         3.0000
         7.4400         2.4761         0.0384         0.4918         0.0218         3.0000
         7.4800         2.5007         0.0383         0.4983         0.0231         3.0000
         7.5200         2.5275         0.0390         0.5078         0.0239         3.0000
         7.5600         2.5447         0.0384         0.5148         0.0294         3.0000
         7.6000         2.5638         0.0387         0.5325         0.0230         3.0000
         7.6400         2.6011         0.0380         0.5427         0.0250         3.0000
         7.6800         2.6339         0.0389         0.5491         0.0187         3.0000
         7.7200         2.6742         0.0425         0.5676         0.0185         3.0000
         7.7600         2.7190         0.0508         0.5804         0.0200         3.0000
         7.8000         2.7638         0.0562         0.5896         0.0206         3.0000
         7.8400         2.7851         0.0484         0.6086         0.0211         3.0000
         7.8800         2.8331         0.0408         0.6192         0.0204         3.0000
         7.9200         2.8701         0.0417         0.6279         0.0198         3.0000
         7.9600         2.9058         0.0567         0.6358         0.0202         3.0000
         8.0000         2.9292         0.0491         0.6475         0.0190         3.0000
         8.0400         2.9669         0.0428         0.6596         0.0228         3.0000
         8.0800         2.9927         0.0412         0.6749         0.0191         3.0000
         8.1200         3.0287         0.0423         0.6831         0.0183         3.0000
         8.1600         3.0390         0.0412         0.6922         0.0176         3.0000
         8.2000         3.0805         0.0412         0.7052         0.0182         3.0000
         8.2400         3.0917         0.0465         0.7202         0.0194         3.0000
         8.2800         3.1404         0.0524         0.7220         0.0197         3.0000
         8.3200         3.1939         0.0409         0.7346         0.0203         3.0000
         8.3600         3.2247         0.0392         0.7277         0.0199         3.0000
         8.4000         3.2714         0.0478         0.7351         0.0190         3.0000
         8.4400         3.3167         0.0495         0.7322         0.0172         3.0000
         8.4800         3.3549         0.0463         0.7379         0.0157         3.0000
         8.5200         3.3855         0.0359         0.7386         0.0159         3.0000
         8.5600         3.4485         0.0374         0.7453         0.0177         3.0000
         8.6000         3.4820         0.0365         0.7616         0.0167         3.0000
         8.6400         3.5118         0.0511         0.7616         0.0164         3.0000
         8.6800         3.5693         0.0536         0.7616         0.0178         3.0000
         8.7200         3.6041         0.0515         0.7643         0.0174         3.0000
         8.7600         3.6622         0.0497         0.7695         0.0154         3.0000
         8.8000         3.7321         0.0430         0.7704         0.0152         3.0000
         8.8400         3.7827         0.0432         0.7726         0.0151         3.0000
         8.8800         3.8360         0.0441         0.7744         0.0169         3.0000
         8.9200         3.8978         0.0462         0.7773         0.0180         3.0000
         8.9600         3.9625         0.0454         0.7765         0.0181         3.0000
         9.0000         3.9967         0.0450         0.7722         0.0170         3.0000
         9.0400         4.0298         0.0436         0.7609         0.0187         3.0000
         9.0800         4.0822         0.0469         0.7592         0.0182         3.0000
         9.1200         4.1420         0.0472         0.7617         0.0183         3.0000
         9.1600         4.1795         0.0421         0.7550         0.0185         3.0000
         9.2000         4.2142         0.0439         0.7526         0.0192         3.0000
         9.2400         4.2602         0.0435         0.7479         0.0182         3.0000
         9.2800         4.3171         0.0441         0.7491         0.0166         3.0000
         9.3200         4.3718         0.0437         0.7363         0.0171         3.0000
         9.3600         4.4535         0.0443         0.7386         0.0176         3.0000
         9.4000         4.5252         0.0467         0.7331         0.0191         3.0000
         9.4400         4.5941         0.0474         0.7418         0.0207         3.0000
         9.4800         4.6510         0.0563         0.7348         0.0217         3.0000
         9.5200         4.6986         0.0537         0.7283         0.0213         3.0000
         9.5600         4.7672         0.0571         0.7158         0.0207         3.0000
         9.6000         4.8356         0.0529         0.7131         0.0202         3.0000
         9.6400         4.8994         0.0553         0.7119         0.0211         3.0000
         9.6800         4.9533         0.0583         0.7048         0.0194         3.0000
         9.7200         5.0049         0.0603         0.6982         0.0185         3.0000
         9.7600         5.0593         0.0604         0.6908         0.0170         3.0000
         9.8000         5.1117         0.0595         0.6811         0.0169         3.0000
         9.8400         5.1768         0.0597         0.6813         0.0161         3.0000
         9.8800         5.2465         0.0683         0.6657         0.0180         3.0000
         9.9200         5.3221         0.0637         0.6595         0.0181         3.0000
         9.9600         5.3909         0.0664         0.6509         0.0149         3.0000
        10.0000         5.4622         0.0673         0.6417         0.0145         3.0000
        10.0400         5.5536         0.0699         0.6278         0.0136         3.0000
        10.0800         5.6447         0.0644         0.6118         0.0145         3.0000
        10.1200         5.7132         0.0664         0.5894         0.0145         3.0000
        10.1600         5.7733         0.0669         0.5754         0.0154         3.0000
        10.2000         5.8503         0.0665         0.5517         0.0153         3.0000
        10.2400         5.9240         0.0673         0.5328         0.0162         3.0000
        10.2800         6.0110         0.0719         0.5239         0.0158         3.0000
        10.3200         6.1036         0.0757         0.5044         0.0161         2.9999
        10.3600         6.1811         0.0685         0.4840         0.0151         2.9999
        10.4000         6.2497         0.0657         0.4666         0.0149         2.9998
        10.4400         6.3171         0.0674         0.4463         0.0150         2.9995
        10.4800         6.4023         0.0648         0.4296         0.0148         2.9991
        10.5200         6.4879         0.0641         0.4030         0.0139         2.9983
        10.5600         6.5612         0.0677         0.3807         0.0138         2.9967
        10.6000         6.6435         0.0583         0.3547         0.0129         2.9939
        10.6400         6.7185         0.0625         0.3260         0.0104         2.9887
        10.6800         6.8320         0.0638         0.2959         0.0097         2.9794
        10.7200         6.9234         0.0600         0.2671         0.0095         2.9628
        10.7600         7.0120         0.0726         0.2360         0.0080         2.9337
        10.8000         7.1043         0.0699         0.2092         0.0074         2.8836
        10.8400         7.1840         0.0677         0.1752         0.0060         2.7989
        10.8800         7.2802         0.0700         0.1422         0.0049         2.6595
        10.9200         7.3665         0.0653         0.1087         0.0042         2.4386
        10.9600         7.4667         0.0649         0.0786         0.0031         2.1073
        11.0000         7.5811         0.0597         0.0437         0.0018         1.6517
        11.0400         7.7302         0.0610        11.8851         0.1492         1.1036
        11.0800         7.8225         0.0641        11.8875         0.1392         0.5693
        11.1200         7.9271         0.0663        11.9225         0.1421         0.1937
        11.1600         8.0410         0.0604        11.9516         0.1404         0.0339
        11.2000         8.1614         0.0618        11.9665         0.1456         0.0021
        11.2400         8.2488         0.0612        12.0169         0.1493         0.0000
        11.2800         8.3624         0.0672        12.0266         0.1511         0.0000
        11.3200         8.4573         0.0661        12.0563         0.1542         0.0000
        11.3600         8.5663         0.0928        12.0842         0.1518         0.0000
        11.4000         8.6267         0.0916        12.1294         0.1420         0.0000
        11.4400         8.7188         0.0928        12.1560         0.1499         0.0000
        11.4800         8.8513         0.0913        12.1807         0.1423         0.0000
        11.5200         8.9445         0.0897        12.2636         0.1441         0.0000
        11.5600         9.0179         0.0822        12.2946         0.1356         0.0000
        11.6000         9.1452         0.0843        12.3500         0.1275         0.0000
        11.6400         9.2508         0.0757        12.4170         0.1302         0.0000
        11.6800         9.3354         0.0914        12.4095         0.1214         0.0000
        11.7200         9.4456         0.0936        12.4181         0.1371         0.0000
        11.7600         9.5265         0.0855        12.4505         0.1399         0.0000
        11.8000         9.6207         0.0881        12.5528         0.1462         0.0000
        11.8400         9.7525         0.0803        12.6373         0.1526         0.0000
        11.8800         9.8432         0.0743        12.6616         0.1455         0.0000
        11.9200        10.0178         0.0680        12.7557         0.1530         0.0000
        11.9600        10.1230         0.0659        12.8108         0.1453         0.0000
        12.0000        10.2531         0.0709        12.8821         0.1550         0.0000
        12.0400        10.3539         0.0662        12.9456         0.1610         0.0000
        12.0800        10.4398         0.0675        13.0183         0.1375         0.0000
        12.1200        10.5361         0.0697        13.0614         0.1252         0.0000
        12.1600        10.6102         0.0720        13.1291         0.1346         0.0000
        12.2000        10.7610         0.0737        13.2261         0.1377         0.0000
        12.2400        10.8389         0.0716        13.2939         0.1218         0.0000
        12.2800        10.9239         0.0720        13.4010         0.1340         0.0000
        12.3200        11.0417         0.0755        13.4457         0.1138         0.0000
        12.3600        11.1217         0.0722        13.5091         0.1344         0.0000
        12.4000        11.2312         0.0715        13.5866         0.1159         0.0000
        12.4400        11.3129         0.0683        13.6427         0.1145         0.0000
        12.4800        11.4078         0.0727        13.7164         0.1114         0.0000
        12.5200        11.5098         0.0751        13.7768         0.1126         0.0000
        12.5600        11.6109         0.0741        13.8935         0.1098         0.0000
        12.6000        11.7414         0.0737        13.9526         0.0908         0.0000
        12.6400        11.8878         0.0679        14.0618         0.0956         0.0000
        12.6800        11.9975         0.0686        14.1477         0.0959         0.0000
        12.7200        12.1143         0.0686        14.1784         0.0981         0.0000
        12.7600        12.1710         0.0676        14.2598         0.0992         0.0000
        12.8000        12.2850         0.0659        14.3495         0.1046         0.0000
        12.8400        12.3892         0.0644        14.4562         0.1315         0.0000
        12.8800        12.4896         0.0674        14.5894         0.1373         0.0000
        12.9200        12.5386         0.0662        14.6784         0.1179         0.0000
        12.9600        12.6381         0.0673        14.7371         0.1139         0.0000
        13.0000        12.7564         0.0741        14.8014         0.1133         0.0000
        13.0400        12.8856         0.0732        14.8661         0.1526         0.0000
        13.0800        12.9702         0.0738        14.9801         0.1572         0.0000
        13.1200        13.0425         0.0642        15.0837         0.1440         0.0000
        13.1600        13.0945         0.0744        15.1365         0.1790         0.0000
        13.2000        13.1815         0.0758        15.2181         0.0999         0.0000
        13.2400        13.2630         0.0756        15.3133         0.1019         0.0000
        13.2800        13.3842         0.0784        15.3688         0.0999         0.0000
        13.3200        13.4683         0.0777        15.4440         0.0969         0.0000
        13.3600        13.6011         0.0653        15.5500         0.0900         0.0000
        13.4000        13.6902         0.0741        15.6336         0.0886         0.0000
        13.4400        13.7954         0.0778        15.7315         0.0876         0.0000
        13.4800        13.8358         0.0869        15.8309         0.0977         0.0000
        13.5200        13.9327         0.0885        15.9116         0.0897         0.0000
        13.5600        14.0205         0.0971        15.9927         0.0950         0.0000
        13.6000        14.1298         0.0971        16.1131         0.0929         0.0000
        13.6400        14.2059         0.0979        16.2292         0.1009         0.0000
        13.6800        14.2973         0.0968        16.2996         0.0900         0.0000
        13.7200        14.4047         0.0874        16.4389         0.0912         0.0000
        13.7600        14.5514         0.0909        16.5129         0.0843         0.0000
        13.8000        14.6800         0.0973        16.6013         0.0842         0.0000
        13.8400        14.7827         0.0934        16.6531         0.0908         0.0000
        13.8800        14.8824         0.0915        16.7378         0.0950         0.0000
        13.9200        15.0194         0.0949        16.8448         0.0921         0.0000
        13.9600        15.1166         0.0989        16.8879         0.0890         0.0000
        14.0000        15.2251         0.1007        16.9293         0.0896         0.0000
        14.0400        15.3297         0.0950        17.0596         0.0920         0.0000
        14.0800        15.4455         0.0835        17.1605         0.0997         0.0000
        14.1200        15.5944         0.0852        17.2250         0.0951         0.0000
        14.1600        15.6808         0.0814        17.3377         0.0951         0.0000
        14.2000        15.8314         0.0880        17.3874         0.0947         0.0000
        14.2400        15.9712         0.0926        17.4410         0.0999         0.0000
        14.2800        16.0463         0.0865        17.5697         0.0927         0.0000
        14.3200        16.1553         0.0868        17.6509         0.0867         0.0000
        14.3600        16.2655         0.0900        17.7648         0.0777         0.0000
        14.4000        16.4255         0.0959        17.8695         0.0766         0.0000
        14.4400        16.5762         0.0971        17.9630         0.0835         0.0000
        14.4800        16.7075         0.0981        17.9970         0.0797         0.0000
        14.5200        16.7891         0.0977        18.0635         0.0767         0.0000
        14.5600        16.8924         0.0962        18.0779         0.0774         0.0000
        14.6000        16.9912         0.0927        18.1889         0.0851         0.0000
        14.6400        17.0962         0.0895        18.2835         0.0860         0.0000
        14.6800        17.2631         0.0893        18.4261         0.0923         0.0000
        14.7200        17.3732         0.0888        18.5100         0.0937         0.0000
        14.7600        17.4760         0.0863        18.5768         0.0820         0.0000
        14.8000        17.5530         0.0909        18.6730         0.1033         0.0000
        14.8400        17.6321         0.0860        18.7556         0.1008         0.0000
        14.8800        17.7634         0.0970        18.8726         0.0912         0.0000
        14.9200        17.8680         0.1003        18.9139         0.0939         0.0000
        14.9600        18.0223         0.1107        18.9907         0.0934         0.0000
        15.0000        18.1019         0.1261        19.0705         0.1036         0.0000
        15.0400        18.2418         0.1343        19.1740         0.1007         0.0000
        15.0800        18.3940         0.1383        19.2375         0.1083         0.0000
        15.1200        18.5181         0.1378        19.3318         0.1021         0.0000
        15.1600        18.6873         0.1307        19.4335         0.1026         0.0000
        15.2000        18.8307         0.1299        19.4759         0.1054         0.0000
        15.2400        18.9037         0.1200        19.6014         0.0998         0.0000
        15.2800        19.0185         0.1180        19.6540         0.0946         0.0000
        15.3200        19.1709         0.1148        19.7653         0.1050         0.0000
        15.3600        19.3294         0.1245        19.8867         0.1165         0.0000
        15.4000        19.4305         0.1389        19.9906         0.1151         0.0000
        15.4400        19.5597         0.1538        20.1176         0.1151         0.0000
        15.4800        19.6142         0.1533        20.1890         0.1161         0.0000
        15.5200        19.7109         0.1576        20.2883         0.1187         0.0000
        15.5600        19.8446         0.1500        20.3858         0.1138         0.0000
        15.6000        20.0387         0.1552        20.4557         0.1239         0.0000
        15.6400        20.1407         0.1525        20.5848         0.1292         0.0000
        15.6800        20.2725         0.1426        20.6785         0.1267         0.0000
        15.7200        20.3688         0.1379        20.7842         0.1224         0.0000
        15.7600        20.4148         0.1448        20.8888         0.1168         0.0000
        15.8000        20.5786         0.1433        20.9719         0.1178         0.0000
        15.8400        20.6971         0.1383        21.0758         0.0895         0.0000
        15.8800        20.8608         0.1282        21.2182         0.0910         0.0000
        15.9200        20.9005         0.1284        21.3588         0.0874         0.0000
        15.9600        21.0054         0.1434        21.4565         0.0945         0.0000
        16.0000        21.0898         0.1577        21.5353         0.0997         0.0000
        16.0400        21.1718         0.1562        21.6218         0.1079         0.0000
        16.0800        21.2718         0.1460        21.6952         0.1148         0.0000
        16.1200        21.4179         0.1629        21.8154         0.1089         0.0000
        16.1600        21.5646         0.1614        21.9376         0.1261         0.0000
        16.2000        21.6073         0.1646        22.0694         0.1220         0.0000
        16.2400        21.7160         0.1721        22.1432         0.1097         0.0000
        16.2800        21.7455         0.1692        22.2223         0.1068         0.0000
        16.3200        21.8455         0.1582        22.2799         0.1108         0.0000
        16.3600        21.9931         0.1569        22.3699         0.1127         0.0000
        16.4000        22.0579         0.1588        22.5273         0.1267         0.0000
        16.4400        22.1513         0.1664        22.5988         0.1288         0.0000
        16.4800        22.2427         0.1595        22.7446         0.1285         0.0000
        16.5200        22.3446         0.1671        22.8195         0.1319         0.0000
        16.5600        22.4554         0.1563        22.9469         0.1088         0.0000
        16.6000        22.5232         0.1545        23.0276         0.1188         0.0000
        16.6400        22.6470         0.1387        23.1344         0.1504         0.0000
        16.6800        22.7812         0.1145        23.2429         0.1095         0.0000
        16.7200        22.8709         0.1122        23.3875         0.1171         0.0000
        16.7600        23.0469         0.1107        23.5155         0.1078         0.0000
        16.8000        23.1623         0.1183        23.5988         0.1183         0.0000
        16.8400        23.2188         0.1254        23.7675         0.1038         0.0000
        16.8800        23.2811         0.1286        23.9346         0.1134         0.0000
        16.9200        23.4747         0.1315        24.0734         0.1017         0.0000
        16.9600        23.5578         0.1198        24.1706         0.0950         0.0000
        17.0000        23.6536         0.1196        24.2870         0.1258         0.0000
        17.0400        23.7246         0.1174        24.4017         0.1291         0.0000
        17.0800        23.8366         0.1097        24.4716         0.1322         0.0000
        17.1200        23.9849         0.1182        24.5687         0.1392         0.0000
        17.1600        24.0731         0.1165        24.6374         0.1348         0.0000
        17.2000        24.2575         0.1264        24.8167         0.1463         0.0000
        17.2400        24.3476         0.1329        24.9082         0.1446         0.0000
        17.2800        24.4430         0.1321        25.0332         0.1343         0.0000
        17.3200        24.6064         0.1316        25.1040         0.1380         0.0000
        17.3600        24.7733         0.1338        25.2132         0.1076         0.0000
        17.4000        24.8622         0.1332        25.3169         0.1411         0.0000
        17.4400        24.9984         0.1330        25.3805         0.1388         0.0000
        17.4800        25.1645         0.1374        25.5253         0.1437         0.0000
        17.5200        25.2836         0.1381        25.6021         0.1430         0.0000
        17.5600        25.3836         0.1392        25.6920         0.1300         0.0000
        17.6000        25.4957         0.1311        25.7687         0.1370         0.0000
        17.6400        25.6817         0.1345        25.8881         0.1275         0.0000
        17.6800        25.8352         0.1247        25.9997         0.1280         0.0000
        17.7200        26.0099         0.0996        26.1580         0.1155         0.0000
        17.7600        26.1433         0.0973        26.2954         0.1130         0.0000
        17.8000        26.2876         0.0987        26.4438         0.1128         0.0000
        17.8400        26.3738         0.1048        26.5871         0.1123         0.0000
        17.8800        26.4607         0.1133        26.7657         0.1082         0.0000
        17.9200        26.5664         0.1225        26.8353         0.1161         0.0000
        17.9600        26.7211         0.1252        26.8899         0.1234         0.0000
        18.0000        26.8531         0.1352        27.0201         0.1256         0.0000
        18.0400        27.0024         0.1483        27.1249         0.1196         0.0000
        18.0800        27.1067         0.1560        27.1923         0.1104         0.0000
        18.1200        27.2113         0.1478        27.3148         0.1199         0.0000
        18.1600        27.3659         0.1340        27.4441         0.1195         0.0000
        18.2000        27.5040         0.1327        27.5591         0.1194         0.0000
        18.2400        27.6693         0.1341        27.6582         0.1162         0.0000
        18.2800        27.7485         0.1301        27.7833         0.1124         0.0000
        18.3200        27.8693         0.1367        27.9274         0.1136         0.0000
        18.3600        27.9768         0.1595        27.9962         0.1336         0.0000
        18.4000        28.0796         0.1655        28.1160         0.1331         0.0000
        18.4400        28.1922         0.1803        28.2278         0.1337         0.0000
        18.4800        28.3915         0.1821        28.3325         0.1341         0.0000
        18.5200        28.5102         0.1860        28.4195         0.1354         0.0000
        18.5600        28.6842         0.1934        28.5297         0.1320         0.0000
        18.6000        28.8392         0.1972        28.6477         0.1213         0.0000
        18.6400        29.0205         0.1725        28.7612         0.1164         0.0000
        18.6800        29.2095         0.1732        28.9232         0.1254         0.0000
        18.7200        29.3121         0.1632        29.0910         0.1671         0.0000
        18.7600        29.4720         0.1725        29.2412         0.1531         0.0000
        18.8000        29.6577         0.1553        29.3852         0.1509         0.0000
        18.8400        29.8229         0.1701        29.4987         0.1543         0.0000
        18.8800        29.9961         0.2122        29.6625         0.1786         0.0000
        18.9200        30.1609         0.2396        29.8174         0.1764         0.0000
        18.9600        30.2859         0.2448        29.9562         0.1834         0.0000
        19.0000        30.3979         0.2348        30.0873         0.1432         0.0000
        19.0400        30.4890         0.2582        30.2269         0.2035         0.0000
        19.0800        30.6577         0.2638        30.3582         0.1854         0.0000
        19.1200        30.8394         0.2871        30.4684         0.1721         0.0000
        19.1600        31.0032         0.3098        30.6319         0.1704         0.0000
        19.2000        31.0805         0.2850        30.8161         0.1751         0.0000
        19.2400        31.2473         0.2847        31.1048         0.1864         0.0000
        19.2800        31.2892         0.2199        31.2342         0.1736         0.0000
        19.3200        31.4252         0.2095        31.4163         0.1660         0.0000
        19.3600        31.5401         0.2062        31.5851         0.1532         0.0000
        19.4000        31.6625         0.2765        31.7070         0.1596         0.0000
        19.4400        31.8565         0.2973        31.8523         0.1458         0.0000
        19.4800        31.9769         0.2731        31.9349         0.1507         0.0000
        19.5200        32.1166         0.2334        32.0971         0.1486         0.0000
        19.5600        32.2046         0.2064        32.2596         0.1534         0.0000
        19.6000        32.3249         0.2105        32.3236         0.1533         0.0000
        19.6400        32.4348         0.2316        32.4853         0.1468         0.0000
        19.6800        32.5478         0.2333        32.6269         0.1471         0.0000
        19.7200        32.6358         0.2558        32.8165         0.1494         0.0000
        19.7600        32.7936         0.2590        32.9638         0.1519         0.0000
        19.8000        32.9119         0.2673        33.0841         0.1557         0.0000
        19.8400        33.0418         0.2589        33.1744         0.1603         0.0000
        19.8800        33.1551         0.2949        33.3434         0.1694         0.0000
        19.9200        33.0905         0.2989        33.2429         0.1759         0.0000
        19.9600        31.1002         0.2880        31.2530         0.1739         0.0000
        20.0000        23.1077         0.2093        23.2687         0.1336         0.0000
