   8.0000004E-002   0.0000000E+000   0.0000000E+000   0.0000000E+000   0.0000000E+000
   1.2000000E-001   0.0000000E+000   0.0000000E+000   0.0000000E+000   0.0000000E+000
   1.6000001E-001   0.0000000E+000   0.0000000E+000   0.0000000E+000   0.0000000E+000
   2.0000000E-001   0.0000000E+000   0.0000000E+000   0.0000000E+000   0.0000000E+000
   2.4000000E-001   0.0000000E+000   0.0000000E+000   0.0000000E+000   0.0000000E+000
   2.8000001E-001   0.0000000E+000   0.0000000E+000   0.0000000E+000   0.0000000E+000
   3.2000002E-001   0.0000000E+000   0.0000000E+000   0.0000000E+000   0.0000000E+000
   3.5999998E-001   0.0000000E+000   0.0000000E+000   0.0000000E+000   0.0000000E+000
   3.9999999E-001   0.0000000E+000   0.0000000E+000   0.0000000E+000   0.0000000E+000
   4.4000000E-001   0.0000000E+000   0.0000000E+000   0.0000000E+000   0.0000000E+000
   4.8000000E-001   0.0000000E+000   0.0000000E+000   0.0000000E+000   0.0000000E+000
   5.2000001E-001   0.0000000E+000   0.0000000E+000   0.0000000E+000   0.0000000E+000
   5.6000002E-001   0.0000000E+000   0.0000000E+000   0.0000000E+000   0.0000000E+000
   5.9999999E-001   0.0000000E+000   0.0000000E+000   0.0000000E+000   0.0000000E+000
   6.4000003E-001   0.0000000E+000   0.0000000E+000   0.0000000E+000   0.0000000E+000
   6.8000004E-001   0.0000000E+000   0.0000000E+000   0.0000000E+000   0.0000000E+000
   7.1999997E-001   0.0000000E+000   0.0000000E+000   0.0000000E+000   0.0000000E+000
   7.5999998E-001   0.0000000E+000   0.0000000E+000   0.0000000E+000   0.0000000E+000
   7.9999998E-001   0.0000000E+000   0.0000000E+000   0.0000000E+000   0.0000000E+000
   8.3999999E-001   0.0000000E+000   0.0000000E+000   0.0000000E+000   0.0000000E+000
   8.8000000E-001   0.0000000E+000   0.0000000E+000   0.0000000E+000   0.0000000E+000
   9.2000000E-001   0.0000000E+000   0.0000000E+000   0.0000000E+000   0.0000000E+000
   9.6000001E-001   0.0000000E+000   0.0000000E+000   0.0000000E+000   0.0000000E+000
   1.0000000E+000   0.0000000E+000   0.0000000E+000   0.0000000E+000   0.0000000E+000
   1.0400000E+000   6.7319599E-006   1.6009069E-006   8.9269444E-006   1.6976206E-006
   1.0800000E+000   1.3322998E-005   2.5600543E-006   1.9010157E-005   3.2310481E-006
   1.1200000E+000   2.2227426E-005   3.8185054E-006   2.9405039E-005   6.5222870E-006
   1.1600000E+000   2.6722285E-005   5.2654873E-006   3.6781914E-005   8.0625397E-006
   1.2000000E+000   3.3103953E-005   6.3396894E-006   4.4267411E-005   9.4484124E-006
   1.2400000E+000   4.4859934E-005   8.0754402E-006   6.0088997E-005   1.7240668E-005
   1.2800001E+000   4.8555268E-005   9.2532313E-006   7.2866699E-005   2.1596285E-005
   1.3200000E+000   5.7202621E-005   1.1123878E-005   7.9577030E-005   2.3234469E-005
   1.3600001E+000   7.0374948E-005   1.4902921E-005   9.1594614E-005   2.5925076E-005
   1.4000000E+000   7.8317830E-005   1.6924427E-005   1.0853355E-004   3.8922530E-005
   1.4399999E+000   8.7455556E-005   1.4159575E-005   1.1773582E-004   3.3560256E-005
   1.4800000E+000   9.3368048E-005   2.4720770E-005   1.4263710E-004   5.0283783E-005
   1.5200000E+000   1.0243436E-004   2.3244748E-005   1.4115265E-004   5.1971148E-005
   1.5600000E+000   1.0933233E-004   3.1420512E-005   1.4624460E-004   6.3533974E-005
   1.6000000E+000   1.1462162E-004   2.1669817E-005   1.6098163E-004   5.7105700E-005
   1.6400000E+000   1.2425527E-004   3.5893223E-005   1.5919680E-004   7.2697139E-005
   1.6800000E+000   1.2512824E-004   2.2397657E-005   1.7770649E-004   8.0678548E-005
   1.7200001E+000   1.3848040E-004   2.5556014E-005   2.0257536E-004   9.2901892E-005
   1.7600000E+000   1.5746434E-004   2.9225624E-005   2.2134147E-004   1.0459409E-004
   1.8000001E+000   1.8224879E-004   3.8637429E-005   2.2643300E-004   1.0772444E-004
   1.8400000E+000   2.0694306E-004   6.5297630E-005   2.4435133E-004   1.1648102E-004
   1.8799999E+000   2.2353697E-004   8.1183738E-005   2.7015801E-004   1.2926062E-004
   1.9200000E+000   2.3237039E-004   8.9091354E-005   2.8140793E-004   1.3377483E-004
   1.9599999E+000   2.5298397E-004   9.7726783E-005   3.0988131E-004   1.5451424E-004
   2.0000000E+000   2.5926684E-004   1.0445195E-004   3.2325118E-004   1.6347420E-004
   2.0400000E+000   2.6571930E-004   1.0714142E-004   3.4234174E-004   1.6616368E-004
   2.0800000E+000   2.7072332E-004   1.1304175E-004   3.4617077E-004   1.6748224E-004
   2.1200000E+000   2.8636113E-004   1.1683886E-004   3.5932614E-004   1.7720965E-004
   2.1600001E+000   2.8744600E-004   1.1739923E-004   3.8983061E-004   1.9854476E-004
   2.2000000E+000   2.9284984E-004   1.2367233E-004   4.1468651E-004   1.9665299E-004
   2.2400001E+000   3.0011545E-004   1.3302428E-004   4.4054481E-004   2.1204385E-004
   2.2800000E+000   3.0789484E-004   1.3137084E-004   4.5839726E-004   2.3496565E-004
   2.3199999E+000   3.3989199E-004   1.4472167E-004   5.0498286E-004   2.5762533E-004
   2.3600000E+000   3.7675737E-004   1.5864329E-004   5.3601888E-004   2.7597120E-004
   2.3999999E+000   4.0658998E-004   1.7384179E-004   5.6902975E-004   2.8999272E-004
   2.4400000E+000   4.2274604E-004   1.7238256E-004   5.8055208E-004   2.9470026E-004
   2.4800000E+000   4.4186110E-004   1.7958667E-004   6.0744257E-004   2.9705094E-004
   2.5200000E+000   4.6156423E-004   1.9591984E-004   6.3999591E-004   3.1243137E-004
   2.5600001E+000   4.8943089E-004   2.1327014E-004   6.7006652E-004   3.1949107E-004
   2.5999999E+000   5.0625100E-004   2.1569772E-004   7.0038878E-004   3.4469163E-004
   2.6400000E+000   5.2240107E-004   2.1937973E-004   7.1680778E-004   3.3783456E-004
   2.6800001E+000   5.5477661E-004   2.2683114E-004   7.6097192E-004   3.4976621E-004
   2.7200001E+000   5.6684564E-004   2.3597665E-004   8.1013554E-004   3.7107289E-004
   2.7599999E+000   5.8647576E-004   2.3702988E-004   8.6511535E-004   3.8597236E-004
   2.8000000E+000   6.1622705E-004   2.5816203E-004   8.9951987E-004   4.2709357E-004
   2.8400001E+000   6.1838334E-004   2.5367865E-004   9.6313969E-004   4.1572536E-004
   2.8799999E+000   6.6440705E-004   2.6264043E-004   9.9251956E-004   4.3638597E-004
   2.9200000E+000   6.7539336E-004   2.6918054E-004   1.0124546E-003   4.3056030E-004
   2.9600000E+000   7.2353444E-004   2.8634104E-004   1.0502553E-003   4.7367376E-004
   3.0000001E+000   7.5137483E-004   2.9997547E-004   1.0949373E-003   4.6118756E-004
   3.0399999E+000   7.6805661E-004   3.1279007E-004   1.1138297E-003   4.8057786E-004
   3.0800000E+000   7.7707837E-004   3.2749234E-004   1.1926160E-003   5.1384923E-004
   3.1200001E+000   7.9257913E-004   3.2344781E-004   1.2349713E-003   5.3223438E-004
   3.1600001E+000   8.0625537E-004   3.3414986E-004   1.2916078E-003   5.4291753E-004
   3.1999999E+000   8.3376643E-004   3.3987256E-004   1.3309972E-003   5.6276089E-004
   3.2400000E+000   8.7994650E-004   3.4517109E-004   1.3663803E-003   5.8673171E-004
   3.2800001E+000   9.0144277E-004   3.4883594E-004   1.4247425E-003   6.0130632E-004
   3.3199999E+000   9.3357960E-004   3.3830833E-004   1.4535145E-003   6.3742121E-004
   3.3600000E+000   9.3784996E-004   3.4580631E-004   1.4910967E-003   6.4865450E-004
   3.4000000E+000   9.6048268E-004   3.4335034E-004   1.5301852E-003   6.9812732E-004
   3.4400001E+000   1.0212372E-003   3.7117241E-004   1.5669593E-003   7.1938086E-004
   3.4799999E+000   1.0238202E-003   3.7713053E-004   1.6019563E-003   7.3701996E-004
   3.5200000E+000   1.0483848E-003   3.8621145E-004   1.6266078E-003   7.6376592E-004
   3.5600001E+000   1.0982977E-003   4.0809975E-004   1.6367033E-003   7.7791869E-004
   3.6000001E+000   1.1304769E-003   4.1428108E-004   1.6774436E-003   7.9294091E-004
   3.6399999E+000   1.1827508E-003   4.4932828E-004   1.7447134E-003   8.2808523E-004
   3.6800000E+000   1.2178174E-003   4.6106160E-004   1.7972958E-003   8.4559290E-004
   3.7200001E+000   1.2661431E-003   4.5749860E-004   1.8505671E-003   8.7832127E-004
   3.7599999E+000   1.2787393E-003   4.8285251E-004   1.8697236E-003   8.9771551E-004
   3.8000000E+000   1.2952908E-003   4.9216816E-004   1.9739306E-003   9.3654476E-004
   3.8400000E+000   1.3441016E-003   5.0712564E-004   2.0395041E-003   9.6281232E-004
   3.8800001E+000   1.3570528E-003   5.1248060E-004   2.0507497E-003   9.5756159E-004
   3.9199999E+000   1.3885331E-003   5.3113022E-004   2.0970511E-003   9.7779321E-004
   3.9600000E+000   1.4544233E-003   5.5598689E-004   2.1461488E-003   9.8793683E-004
   4.0000001E+000   1.4671343E-003   5.4704875E-004   2.1889735E-003   1.0166936E-003
   4.0400001E+000   1.5276716E-003   5.8184638E-004   2.2102190E-003   1.0168319E-003
   4.0799999E+000   1.5861007E-003   5.9229953E-004   2.2901457E-003   1.0431562E-003
   4.1200000E+000   1.6315524E-003   6.1647877E-004   2.3222571E-003   1.0535972E-003
   4.1600001E+000   1.7167980E-003   6.4535960E-004   2.3612897E-003   1.0585235E-003
   4.1999999E+000   1.7679560E-003   6.8222035E-004   2.4557660E-003   1.0845040E-003
   4.2399999E+000   1.7912790E-003   6.8022355E-004   2.4998726E-003   1.1166991E-003
   4.2800000E+000   1.8450872E-003   6.8561002E-004   2.5503535E-003   1.1408495E-003
   4.3200001E+000   1.8660464E-003   6.9181434E-004   2.6510344E-003   1.1774512E-003
   4.3599999E+000   1.9213536E-003   7.2780570E-004   2.7171995E-003   1.2280077E-003
   4.4000000E+000   1.9719923E-003   7.4341028E-004   2.8134382E-003   1.2497776E-003
   4.4400001E+000   2.0181839E-003   7.7262701E-004   2.8281078E-003   1.2756310E-003
   4.4800001E+000   2.0262631E-003   7.5878343E-004   2.9248049E-003   1.2927712E-003
   4.5199999E+000   2.0939771E-003   7.7912759E-004   3.0006520E-003   1.3512900E-003
   4.5600000E+000   2.1235846E-003   7.9373517E-004   3.0408322E-003   1.3813887E-003
   4.6000001E+000   2.1644527E-003   8.1011293E-004   3.1563967E-003   1.4305915E-003
   4.6399999E+000   2.1866409E-003   8.1304307E-004   3.2633490E-003   1.4790558E-003
   4.6799999E+000   2.2275970E-003   8.3566410E-004   3.3484965E-003   1.5107517E-003
   4.7200000E+000   2.2499104E-003   8.3845891E-004   3.4431260E-003   1.5182168E-003
   4.7600001E+000   2.3153272E-003   8.4534246E-004   3.5304370E-003   1.5919359E-003
   4.7999999E+000   2.3681367E-003   8.7830352E-004   3.6128363E-003   1.6082977E-003
   4.8400000E+000   2.4169195E-003   8.8990493E-004   3.6632017E-003   1.6136663E-003
   4.8800001E+000   2.4362935E-003   8.8662554E-004   3.7501888E-003   1.6727472E-003
   4.9200001E+000   2.4617033E-003   8.9300956E-004   3.8093646E-003   1.6572196E-003
   4.9599999E+000   2.5233205E-003   9.0700578E-004   3.9281695E-003   1.7096858E-003
   5.0000000E+000   2.5484649E-003   9.1024879E-004   3.9917933E-003   1.7346773E-003
   5.0400001E+000   2.6062435E-003   9.3063870E-004   4.1196523E-003   1.7967668E-003
   5.0800002E+000   2.6762143E-003   9.5616936E-004   4.2037178E-003   1.8392949E-003
   5.1200002E+000   2.7165054E-003   9.5507457E-004   4.3583738E-003   1.8984167E-003
   5.1599997E+000   2.7878471E-003   9.8156518E-004   4.4004700E-003   1.9190324E-003
   5.1999998E+000   2.8645826E-003   1.0047620E-003   4.5260604E-003   1.9901982E-003
   5.2399999E+000   2.9255639E-003   1.0118710E-003   4.5806554E-003   2.0274341E-003
   5.2800000E+000   2.9745014E-003   1.0474278E-003   4.7010472E-003   2.0982322E-003
   5.3200001E+000   2.9881323E-003   1.0419263E-003   4.7739918E-003   2.1324620E-003
   5.3600001E+000   3.0160998E-003   1.0558984E-003   4.8705984E-003   2.1691496E-003
   5.4000002E+000   3.0289377E-003   1.0859918E-003   4.9474631E-003   2.2300130E-003
   5.4400003E+000   3.0613532E-003   1.0935940E-003   5.0493402E-003   2.2818321E-003
   5.4799998E+000   3.1192508E-003   1.1122425E-003   5.1724752E-003   2.3467219E-003
   5.5199999E+000   3.2058389E-003   1.1330137E-003   5.2911573E-003   2.4071765E-003
   5.5599999E+000   3.2470298E-003   1.1553058E-003   5.4096913E-003   2.4817825E-003
   5.6000000E+000   3.2998453E-003   1.1942644E-003   5.4870040E-003   2.5327194E-003
   5.6400001E+000   3.3195080E-003   1.2200336E-003   5.6302430E-003   2.5827127E-003
   5.6800002E+000   3.3841314E-003   1.2387431E-003   5.7494044E-003   2.6188617E-003
   5.7200003E+000   3.4205577E-003   1.2525140E-003   5.8446763E-003   2.6616042E-003
   5.7599998E+000   3.4603337E-003   1.2896539E-003   5.9728715E-003   2.6992945E-003
   5.7999998E+000   3.4875448E-003   1.2977755E-003   6.1013051E-003   2.7376366E-003
   5.8399999E+000   3.5649621E-003   1.3406062E-003   6.1493743E-003   2.7515118E-003
   5.8800000E+000   3.6646240E-003   1.3627819E-003   6.2272440E-003   2.7771807E-003
   5.9200001E+000   3.7536227E-003   1.3907326E-003   6.3100400E-003   2.8018355E-003
   5.9600002E+000   3.7625594E-003   1.4124005E-003   6.0853012E-003   2.6906828E-003
   6.0000002E+000   3.7979092E-003   1.4115658E-003   5.8639009E-003   2.5652493E-003
   6.0399997E+000   3.8260032E-003   1.3993071E-003   3.7967741E-005   5.0911651E-006
   6.0799998E+000   3.8957505E-003   1.4289366E-003   7.2874746E-005   1.4088237E-005
   6.1199999E+000   3.9266866E-003   1.3991296E-003   1.0939734E-004   1.5440544E-005
   6.1600000E+000   3.9265863E-003   1.4124400E-003   1.4624767E-004   2.6872237E-005
   6.2000000E+000   4.0258396E-003   1.4337772E-003   1.8148702E-004   4.0584170E-005
   6.2400001E+000   4.0410931E-003   1.4301088E-003   2.1145933E-004   5.1252289E-005
   6.2800002E+000   4.1015123E-003   1.4513802E-003   2.5700318E-004   6.0124038E-005
   6.3200003E+000   4.1554103E-003   1.4556063E-003   2.8452677E-004   6.7674578E-005
   6.3599998E+000   4.2351827E-003   1.4732624E-003   3.1449696E-004   8.7088960E-005
   6.3999999E+000   4.2854820E-003   1.4936208E-003   3.4710708E-004   9.0977019E-005
   6.4399999E+000   4.3521845E-003   1.5406539E-003   3.8666009E-004   1.1947138E-004
   6.4800000E+000   4.4199644E-003   1.5606885E-003   4.3208479E-004   1.3348890E-004
   6.5200001E+000   4.4863891E-003   1.5719816E-003   4.6664111E-004   1.4631110E-004
   6.5600002E+000   4.5162344E-003   1.5773342E-003   4.9570405E-004   1.4968541E-004
   6.6000003E+000   4.5764240E-003   1.5929929E-003   5.3065316E-004   1.6287361E-004
   6.6399997E+000   4.5981150E-003   1.6110278E-003   5.7302063E-004   1.7701958E-004
   6.6799998E+000   4.6719524E-003   1.6017693E-003   6.2403911E-004   1.8972126E-004
   6.7199999E+000   4.7520738E-003   1.6339774E-003   6.6149936E-004   2.0111744E-004
   6.7600000E+000   4.7859877E-003   1.6507080E-003   6.9460042E-004   2.0909864E-004
   6.8000001E+000   4.9089883E-003   1.6735061E-003   7.4585073E-004   2.3332323E-004
   6.8400002E+000   5.0282580E-003   1.7016521E-003   7.8281703E-004   2.4508756E-004
   6.8800002E+000   5.1317294E-003   1.7232671E-003   8.1268926E-004   2.4636579E-004
   6.9199997E+000   5.2243032E-003   1.7486713E-003   8.3684518E-004   2.6154913E-004
   6.9599998E+000   5.3306108E-003   1.7913288E-003   8.7345831E-004   2.8957413E-004
   6.9999999E+000   5.4185535E-003   1.8281257E-003   8.9418699E-004   2.8398243E-004
   7.0400000E+000   5.5172933E-003   1.8918650E-003   9.2399742E-004   2.8722554E-004
   7.0800000E+000   5.5988487E-003   1.9128878E-003   9.5983431E-004   3.1895625E-004
   7.1200001E+000   5.7228098E-003   1.9017791E-003   9.8306289E-004   3.1766611E-004
   7.1600002E+000   5.7427508E-003   1.9095363E-003   1.0099210E-003   3.0380904E-004
   7.2000003E+000   5.9057545E-003   1.9336127E-003   1.0266035E-003   3.2288839E-004
   7.2399998E+000   5.9145314E-003   1.9514258E-003   1.0743454E-003   3.0694103E-004
   7.2799999E+000   6.0078563E-003   1.9809802E-003   1.1024480E-003   3.0793263E-004
   7.3199999E+000   6.1167702E-003   1.9953917E-003   1.1517737E-003   3.2123137E-004
   7.3600000E+000   6.2078207E-003   2.0513701E-003   1.1831249E-003   3.5115033E-004
   7.4000001E+000   6.3233835E-003   2.0521199E-003   1.2407809E-003   3.4897867E-004
   7.4400002E+000   6.3194404E-003   2.0116214E-003   1.3187992E-003   3.6261032E-004
   7.4800003E+000   6.3939139E-003   2.0007082E-003   1.3256768E-003   3.7033067E-004
   7.5199997E+000   6.4940366E-003   2.0419475E-003   1.3658766E-003   3.7645707E-004
   7.5599998E+000   6.5349388E-003   2.0817731E-003   1.3957895E-003   3.7957939E-004
   7.5999999E+000   6.6095315E-003   2.0791891E-003   1.4135938E-003   3.8511338E-004
   7.6400000E+000   6.7576323E-003   2.1553199E-003   1.4549407E-003   4.0341652E-004
   7.6800001E+000   6.8798383E-003   2.2097613E-003   1.4799025E-003   3.9498151E-004
   7.7200001E+000   6.9869747E-003   2.2462155E-003   1.5121309E-003   4.0120183E-004
   7.7600002E+000   7.1119484E-003   2.2972843E-003   1.5241716E-003   3.9793708E-004
   7.7999997E+000   7.2428776E-003   2.3150178E-003   1.5605554E-003   4.3218999E-004
   7.8399998E+000   7.3255845E-003   2.3286345E-003   1.6017393E-003   4.3763417E-004
   7.8799999E+000   7.4432740E-003   2.3785704E-003   1.6228461E-003   4.5357180E-004
   7.9200000E+000   7.5850036E-003   2.4616181E-003   1.6706760E-003   4.6553204E-004
   7.9600000E+000   7.7294313E-003   2.4735392E-003   1.6602631E-003   4.6076017E-004
   8.0000001E+000   7.8700551E-003   2.5465490E-003   1.7182584E-003   4.7835489E-004
   8.0400002E+000   7.9615443E-003   2.5512553E-003   1.7419617E-003   4.6804637E-004
   8.0800003E+000   8.0259918E-003   2.5736133E-003   1.7543353E-003   4.6102461E-004
   8.1199998E+000   8.1307049E-003   2.5778327E-003   1.7902061E-003   4.9146832E-004
   8.1599998E+000   8.2251692E-003   2.6468952E-003   1.8371919E-003   5.1014129E-004
   8.1999999E+000   8.3544860E-003   2.6506499E-003   1.8386768E-003   5.1760576E-004
   8.2400000E+000   8.4850963E-003   2.6793753E-003   1.8569287E-003   5.1315526E-004
   8.2800001E+000   8.5515092E-003   2.6894260E-003   1.9131794E-003   5.2308735E-004
   8.3200002E+000   8.7095539E-003   2.6890593E-003   1.9299244E-003   5.1472547E-004
   8.3600003E+000   8.8319123E-003   2.7058858E-003   1.9417304E-003   5.1923778E-004
   8.3999997E+000   9.0335679E-003   2.7806157E-003   1.9407057E-003   5.2537089E-004
   8.4399998E+000   9.1217578E-003   2.7990841E-003   1.9883743E-003   5.4482571E-004
   8.4799999E+000   9.2580168E-003   2.8002520E-003   1.9963010E-003   5.4232188E-004
   8.5200000E+000   9.3727702E-003   2.7798353E-003   2.0565556E-003   5.8179049E-004
   8.5600001E+000   9.4601138E-003   2.7958412E-003   2.0471409E-003   5.7348850E-004
   8.6000001E+000   9.6051080E-003   2.8218656E-003   2.0467726E-003   5.8103428E-004
   8.6400002E+000   9.7753718E-003   2.8203069E-003   2.0779984E-003   6.0601276E-004
   8.6799997E+000   9.9159710E-003   2.8505956E-003   2.0773499E-003   6.0177755E-004
   8.7199998E+000   1.0083844E-002   2.8888349E-003   2.0931021E-003   5.9566127E-004
   8.7599999E+000   1.0239804E-002   2.9140050E-003   2.1077324E-003   6.1464281E-004
   8.8000000E+000   1.0426962E-002   2.9593204E-003   2.1044913E-003   6.0951623E-004
   8.8400000E+000   1.0607597E-002   2.9801275E-003   2.0923683E-003   6.1065861E-004
   8.8800001E+000   1.0753841E-002   2.9825033E-003   2.1119096E-003   6.1980043E-004
   8.9200002E+000   1.0954573E-002   3.0374234E-003   2.1081867E-003   6.0019516E-004
   8.9600003E+000   1.1091735E-002   3.0713674E-003   2.1233559E-003   5.9427361E-004
   8.9999998E+000   1.1191938E-002   3.0746353E-003   2.1368624E-003   5.8592919E-004
   9.0399998E+000   1.1388386E-002   3.1116107E-003   2.1386753E-003   5.8152136E-004
   9.0799999E+000   1.1543614E-002   3.1653392E-003   2.1276654E-003   5.7311437E-004
   9.1200000E+000   1.1670207E-002   3.1464714E-003   2.1318832E-003   5.7645101E-004
   9.1600001E+000   1.1964680E-002   3.2081223E-003   2.1465701E-003   5.8066672E-004
   9.2000002E+000   1.2190287E-002   3.2645917E-003   2.0991775E-003   5.7742021E-004
   9.2400002E+000   1.2431443E-002   3.3076977E-003   2.0797073E-003   5.6083121E-004
   9.2799997E+000   1.2666148E-002   3.3539651E-003   2.1044783E-003   5.6986765E-004
   9.3199998E+000   1.2829207E-002   3.4070543E-003   2.0898699E-003   5.7804877E-004
   9.3599999E+000   1.3069363E-002   3.4867951E-003   2.1313983E-003   5.6460555E-004
   9.4000000E+000   1.3268792E-002   3.4827219E-003   2.1323071E-003   5.8937252E-004
   9.4400001E+000   1.3508475E-002   3.5374700E-003   2.1635431E-003   5.9002681E-004
   9.4800001E+000   1.3715566E-002   3.5466994E-003   2.1789419E-003   5.9367689E-004
   9.5200002E+000   1.3930144E-002   3.5522441E-003   2.1877282E-003   6.0443164E-004
   9.5599997E+000   1.4142244E-002   3.6215505E-003   2.1935741E-003   5.9790822E-004
   9.5999998E+000   1.4472687E-002   3.6964442E-003   2.1789529E-003   6.2058202E-004
   9.6399999E+000   1.4684585E-002   3.7197714E-003   2.1865348E-003   6.1391660E-004
   9.6799999E+000   1.4900243E-002   3.7430426E-003   2.1700471E-003   6.1480289E-004
   9.7200000E+000   1.5129202E-002   3.7512337E-003   2.1803234E-003   6.3942233E-004
   9.7600001E+000   1.5493727E-002   3.8351577E-003   2.1410624E-003   6.3989568E-004
   9.8000002E+000   1.5730010E-002   3.8632423E-003   2.1135138E-003   6.2513023E-004
   9.8400003E+000   1.5990631E-002   3.8896909E-003   2.0784115E-003   6.0505887E-004
   9.8799998E+000   1.6260908E-002   3.8939004E-003   2.0389064E-003   5.9754531E-004
   9.9199998E+000   1.6472101E-002   3.9102930E-003   1.9905125E-003   5.6227512E-004
   9.9599999E+000   1.6737309E-002   3.9580924E-003   1.9347395E-003   5.4691008E-004
   1.0000000E+001   1.7007765E-002   4.0254939E-003   1.8936372E-003   5.4788457E-004
   1.0039999E+001   1.7274444E-002   4.0867951E-003   1.8709773E-003   5.4438632E-004
   1.0080000E+001   1.7511315E-002   4.1220723E-003   1.7850511E-003   5.0523946E-004
   1.0120000E+001   1.7804900E-002   4.2095084E-003   1.7617449E-003   5.0735332E-004
   1.0160000E+001   1.8156538E-002   4.2536389E-003   1.6976563E-003   4.8473603E-004
   1.0200000E+001   1.8514934E-002   4.2951772E-003   1.6768748E-003   4.8094135E-004
   1.0240000E+001   1.8806349E-002   4.3325252E-003   1.6331023E-003   4.8030974E-004
   1.0280000E+001   1.9103993E-002   4.3657421E-003   1.5460453E-003   4.4773713E-004
   1.0319999E+001   1.9526487E-002   4.4215520E-003   1.4725495E-003   4.1624207E-004
   1.0360000E+001   1.9729216E-002   4.5068451E-003   1.3976329E-003   3.9165014E-004
   1.0400000E+001   2.0002293E-002   4.5243074E-003   1.3663461E-003   3.9023683E-004
   1.0440000E+001   2.0278729E-002   4.5525509E-003   1.2950184E-003   3.5850103E-004
   1.0480000E+001   2.0619208E-002   4.6187746E-003   1.2570742E-003   3.4000191E-004
   1.0520000E+001   2.0913501E-002   4.6909796E-003   1.1561115E-003   3.2091074E-004
   1.0560000E+001   2.1205898E-002   4.7405562E-003   1.0875094E-003   2.9682889E-004
   1.0599999E+001   2.1524159E-002   4.7472970E-003   1.0046606E-003   2.7151123E-004
   1.0640000E+001   2.1810223E-002   4.7723560E-003   9.6551319E-004   2.5330991E-004
   1.0680000E+001   2.2140750E-002   4.8559543E-003   8.8258439E-004   2.2611126E-004
   1.0720000E+001   2.2568421E-002   4.9512735E-003   8.0609049E-004   2.0894149E-004
   1.0760000E+001   2.2999691E-002   5.0699078E-003   7.0644470E-004   1.6109567E-004
   1.0800000E+001   2.3370048E-002   5.1119939E-003   6.2148551E-004   1.3216077E-004
   1.0840000E+001   2.3688989E-002   5.1689092E-003   5.3373330E-004   1.2606880E-004
   1.0880001E+001   2.4010330E-002   5.1932549E-003   4.4012798E-004   9.6114625E-005
   1.0920000E+001   2.4342669E-002   5.2577182E-003   3.4037825E-004   7.9639665E-005
   1.0960000E+001   2.4724754E-002   5.3411995E-003   2.3426565E-004   4.5417166E-005
   1.1000000E+001   2.5072056E-002   5.3678902E-003   1.3433096E-004   3.1967851E-005
   1.1040000E+001   2.5492738E-002   5.4596010E-003   3.7003317E-002   7.0780183E-003
   1.1080000E+001   2.5838303E-002   5.4609466E-003   3.9172413E-002   7.4885926E-003
   1.1120000E+001   2.6219857E-002   5.5004472E-003   4.1448196E-002   7.8512939E-003
   1.1160001E+001   2.6617102E-002   5.5392239E-003   4.1849851E-002   7.9626517E-003
   1.1200000E+001   2.6886938E-002   5.5097395E-003   4.2025226E-002   7.9249579E-003
   1.1240000E+001   2.7395324E-002   5.5970042E-003   4.2042862E-002   7.9047274E-003
   1.1280000E+001   2.7671109E-002   5.6140670E-003   4.2335715E-002   7.9488538E-003
   1.1320000E+001   2.8261484E-002   5.7800971E-003   4.2259823E-002   7.9376703E-003
   1.1360000E+001   2.8669775E-002   5.7278041E-003   4.2502807E-002   7.9737971E-003
   1.1400000E+001   2.9016115E-002   5.7140982E-003   4.2554873E-002   7.9761980E-003
   1.1440001E+001   2.9287631E-002   5.7651524E-003   4.2718434E-002   7.9956134E-003
   1.1480000E+001   2.9795236E-002   5.7651533E-003   4.2848343E-002   8.0392935E-003
   1.1520000E+001   3.0230653E-002   5.8018930E-003   4.3107214E-002   8.0682541E-003
   1.1560000E+001   3.0483876E-002   5.8134451E-003   4.3489417E-002   8.1073960E-003
   1.1600000E+001   3.0878696E-002   5.7946461E-003   4.3805435E-002   8.1863063E-003
   1.1640000E+001   3.1249223E-002   5.7657660E-003   4.4096924E-002   8.1508781E-003
   1.1680000E+001   3.1665710E-002   5.8123863E-003   4.4284827E-002   8.2698755E-003
   1.1720001E+001   3.1972220E-002   5.8060939E-003   4.4508080E-002   8.2679190E-003
   1.1760000E+001   3.2443258E-002   5.8149471E-003   4.4757186E-002   8.2681490E-003
   1.1799999E+001   3.2872559E-002   5.8644175E-003   4.4834126E-002   8.2596621E-003
   1.1840000E+001   3.3308450E-002   5.8914594E-003   4.5113546E-002   8.2123483E-003
   1.1880000E+001   3.3650322E-002   5.8183011E-003   4.5465101E-002   8.2885789E-003
   1.1920000E+001   3.4099810E-002   5.8815207E-003   4.5784191E-002   8.3206486E-003
   1.1960000E+001   3.4278707E-002   5.8750202E-003   4.5985680E-002   8.2462135E-003
   1.2000000E+001   3.4747018E-002   5.9393541E-003   4.6350160E-002   8.2790232E-003
   1.2040000E+001   3.5205183E-002   6.0102297E-003   4.6598136E-002   8.2930941E-003
   1.2079999E+001   3.5871797E-002   6.1650430E-003   4.6849278E-002   8.3156058E-003
   1.2120000E+001   3.6308777E-002   6.1726369E-003   4.7218643E-002   8.3779112E-003
   1.2160000E+001   3.6768034E-002   6.1488119E-003   4.7668632E-002   8.4520889E-003
   1.2200000E+001   3.7256749E-002   6.1747105E-003   4.7728911E-002   8.4654119E-003
   1.2240000E+001   3.7671453E-002   6.1768941E-003   4.8339803E-002   8.5978187E-003
   1.2280000E+001   3.8182309E-002   6.1978713E-003   4.8664425E-002   8.5792349E-003
   1.2320000E+001   3.8548341E-002   6.3126128E-003   4.8903369E-002   8.5630694E-003
   1.2359999E+001   3.9024838E-002   6.3163837E-003   4.9419299E-002   8.5978262E-003
   1.2400000E+001   3.9425718E-002   6.3607905E-003   4.9748661E-002   8.5762675E-003
   1.2440000E+001   3.9730671E-002   6.3792506E-003   5.0097550E-002   8.5677349E-003
   1.2480000E+001   4.0028763E-002   6.3794795E-003   5.0465642E-002   8.6215056E-003
   1.2520000E+001   4.0608406E-002   6.3052889E-003   5.0733079E-002   8.6659884E-003
   1.2560000E+001   4.1032474E-002   6.2482814E-003   5.1086163E-002   8.6371591E-003
   1.2600000E+001   4.1484193E-002   6.2901993E-003   5.1324806E-002   8.7398685E-003
   1.2640001E+001   4.1966963E-002   6.2831290E-003   5.1666351E-002   8.6681733E-003
   1.2680000E+001   4.2335146E-002   6.2531498E-003   5.1994385E-002   8.6447694E-003
   1.2720000E+001   4.2886828E-002   6.2854629E-003   5.2258191E-002   8.6312688E-003
   1.2760000E+001   4.3214968E-002   6.2749689E-003   5.2816481E-002   8.6390116E-003
   1.2800000E+001   4.3695742E-002   6.2828891E-003   5.3335588E-002   8.6737002E-003
   1.2840000E+001   4.4360244E-002   6.2562584E-003   5.3653362E-002   8.6499470E-003
   1.2880000E+001   4.4850268E-002   6.3383733E-003   5.3862892E-002   8.5722806E-003
   1.2920001E+001   4.5377768E-002   6.3231194E-003   5.4279624E-002   8.5771034E-003
   1.2960000E+001   4.5782333E-002   6.3425589E-003   5.4596988E-002   8.5231006E-003
   1.3000000E+001   4.6383830E-002   6.3049528E-003   5.4921522E-002   8.4639558E-003
   1.3040000E+001   4.6831737E-002   6.3433374E-003   5.5425605E-002   8.6150377E-003
   1.3080000E+001   4.7395518E-002   6.3311286E-003   5.5694152E-002   8.5849821E-003
   1.3120000E+001   4.7978604E-002   6.2779021E-003   5.5956939E-002   8.5276698E-003
   1.3160000E+001   4.8399970E-002   6.3016500E-003   5.6386211E-002   8.5280264E-003
   1.3200001E+001   4.9039484E-002   6.2608800E-003   5.6725628E-002   8.4354694E-003
   1.3240000E+001   4.9751668E-002   6.3295352E-003   5.6985541E-002   8.4484042E-003
   1.3279999E+001   5.0113705E-002   6.2560108E-003   5.7421767E-002   8.3754821E-003
   1.3320000E+001   5.0610774E-002   6.3721312E-003   5.7804496E-002   8.2612043E-003
   1.3360000E+001   5.1188443E-002   6.2872967E-003   5.8040368E-002   8.3396841E-003
   1.3400000E+001   5.1863252E-002   6.4172435E-003   5.8563980E-002   8.2612121E-003
   1.3440000E+001   5.2528610E-002   6.4835484E-003   5.8963177E-002   8.2222214E-003
   1.3480000E+001   5.3005528E-002   6.5614303E-003   5.9561857E-002   8.2417665E-003
   1.3520000E+001   5.3856416E-002   6.5944709E-003   5.9829724E-002   8.1123091E-003
   1.3559999E+001   5.4227427E-002   6.5822255E-003   6.0354911E-002   8.1316190E-003
   1.3600000E+001   5.4885549E-002   6.6153444E-003   6.0949922E-002   8.0910041E-003
   1.3640000E+001   5.5477081E-002   6.5747092E-003   6.1399046E-002   8.0813404E-003
   1.3680000E+001   5.6079334E-002   6.5410747E-003   6.1857509E-002   8.1237866E-003
   1.3720000E+001   5.6945654E-002   6.6056855E-003   6.2404834E-002   8.1307931E-003
   1.3760000E+001   5.7265987E-002   6.5858254E-003   6.2824205E-002   8.0700935E-003
   1.3800000E+001   5.7965908E-002   6.6035366E-003   6.3414981E-002   7.9982256E-003
   1.3839999E+001   5.8497293E-002   6.6388912E-003   6.4073658E-002   8.0182740E-003
   1.3880000E+001   5.9074284E-002   6.6697357E-003   6.4639867E-002   8.0187678E-003
   1.3920000E+001   5.9381927E-002   6.6294997E-003   6.5155404E-002   7.9045964E-003
   1.3960000E+001   5.9931986E-002   6.5346654E-003   6.5700641E-002   7.8896962E-003
   1.4000000E+001   6.0515835E-002   6.6408738E-003   6.6118155E-002   7.7559623E-003
   1.4040000E+001   6.1064040E-002   6.5024228E-003   6.6518379E-002   7.6883835E-003
   1.4080000E+001   6.1627454E-002   6.4978744E-003   6.6989600E-002   7.5694084E-003
   1.4119999E+001   6.2094698E-002   6.4513046E-003   6.7366942E-002   7.4797937E-003
   1.4160000E+001   6.2626860E-002   6.4032418E-003   6.8147657E-002   7.3725135E-003
   1.4200000E+001   6.3304934E-002   6.5109964E-003   6.8604486E-002   7.2909685E-003
   1.4240000E+001   6.4036100E-002   6.5211729E-003   6.9156644E-002   7.2238210E-003
   1.4280000E+001   6.4495631E-002   6.4416391E-003   6.9812966E-002   7.3521572E-003
   1.4320000E+001   6.4961594E-002   6.4172316E-003   7.0168398E-002   7.2321257E-003
   1.4360000E+001   6.5695198E-002   6.3711246E-003   7.0835609E-002   7.2136719E-003
   1.4400001E+001   6.6257857E-002   6.3362338E-003   7.1244342E-002   7.2256108E-003
   1.4440000E+001   6.6643852E-002   6.2680125E-003   7.2060363E-002   7.1265385E-003
   1.4480000E+001   6.7487007E-002   6.3232048E-003   7.2469656E-002   7.1061968E-003
   1.4520000E+001   6.8163431E-002   6.2735350E-003   7.2660408E-002   6.9673485E-003
   1.4560000E+001   6.8880111E-002   6.1773333E-003   7.3221439E-002   6.9425715E-003
   1.4600000E+001   6.9336778E-002   6.2401792E-003   7.3788701E-002   6.8643736E-003
   1.4640000E+001   6.9886355E-002   6.0741621E-003   7.4419734E-002   6.8394997E-003
   1.4680001E+001   7.0487616E-002   6.0451160E-003   7.4759955E-002   6.7551794E-003
   1.4720000E+001   7.1075935E-002   5.9539549E-003   7.5383241E-002   6.6304771E-003
   1.4760000E+001   7.1798847E-002   5.9084053E-003   7.5991558E-002   6.6249567E-003
   1.4800000E+001   7.2394518E-002   5.7650752E-003   7.6372273E-002   6.5845192E-003
   1.4840000E+001   7.3017891E-002   5.7978649E-003   7.6895721E-002   6.4833746E-003
   1.4880000E+001   7.3541890E-002   5.6516024E-003   7.7456241E-002   6.5009991E-003
   1.4920000E+001   7.4117647E-002   5.5414089E-003   7.8076814E-002   6.5138966E-003
   1.4960001E+001   7.4866217E-002   5.4970939E-003   7.8498783E-002   6.3806621E-003
   1.5000000E+001   7.5494348E-002   5.4114432E-003   7.8935998E-002   6.2819370E-003
   1.5039999E+001   7.6173123E-002   5.3839538E-003   7.9330700E-002   6.2194079E-003
   1.5080000E+001   7.6809651E-002   5.2944588E-003   7.9994361E-002   6.1780005E-003
   1.5120000E+001   7.7399234E-002   5.2090902E-003   8.0646624E-002   6.0419560E-003
   1.5160000E+001   7.7895480E-002   5.0159691E-003   8.1328033E-002   5.9802385E-003
   1.5200000E+001   7.8583188E-002   5.0171230E-003   8.1809016E-002   5.8981468E-003
   1.5240000E+001   7.8989003E-002   4.9893347E-003   8.2652018E-002   5.8100838E-003
   1.5280000E+001   7.9612097E-002   4.9393297E-003   8.3036497E-002   5.7177171E-003
   1.5319999E+001   8.0268090E-002   4.8076386E-003   8.3630329E-002   5.6131880E-003
   1.5360000E+001   8.0977277E-002   4.7969224E-003   8.4402640E-002   5.5715902E-003
   1.5400000E+001   8.1591820E-002   4.7137132E-003   8.4918974E-002   5.5442387E-003
   1.5440000E+001   8.2326341E-002   4.6400358E-003   8.5452925E-002   5.4180616E-003
   1.5480000E+001   8.2920615E-002   4.6308775E-003   8.6068392E-002   5.3254739E-003
   1.5520000E+001   8.3957644E-002   4.5057913E-003   8.6554579E-002   5.2495148E-003
   1.5560000E+001   8.4515540E-002   4.4836391E-003   8.6970651E-002   5.1123620E-003
   1.5599999E+001   8.5402614E-002   4.4350332E-003   8.7935549E-002   5.0555113E-003
   1.5640000E+001   8.6140222E-002   4.3732689E-003   8.8411154E-002   4.9350523E-003
   1.5680000E+001   8.6762612E-002   4.3873554E-003   8.9327325E-002   4.8533697E-003
   1.5720000E+001   8.7510868E-002   4.3324515E-003   8.9831802E-002   4.7587211E-003
   1.5760000E+001   8.8216831E-002   4.1965365E-003   9.0400968E-002   4.7025102E-003
   1.5800000E+001   8.8921648E-002   4.1607430E-003   9.1093075E-002   4.6485625E-003
   1.5840000E+001   8.9675805E-002   4.1016189E-003   9.1791281E-002   4.6040947E-003
   1.5880001E+001   9.0405729E-002   4.0943627E-003   9.2696638E-002   4.5235512E-003
   1.5920000E+001   9.1199681E-002   4.0039283E-003   9.3289774E-002   4.4910676E-003
   1.5960000E+001   9.2060764E-002   3.9817871E-003   9.4197374E-002   4.3645954E-003
   1.6000000E+001   9.3063535E-002   3.9066368E-003   9.4944536E-002   4.3264545E-003
   1.6040000E+001   9.3903301E-002   3.8343654E-003   9.5616544E-002   4.2093493E-003
   1.6080000E+001   9.4916889E-002   3.7763453E-003   9.6359989E-002   4.1382190E-003
   1.6120000E+001   9.5713841E-002   3.7327492E-003   9.6973302E-002   4.1157610E-003
   1.6160001E+001   9.6564699E-002   3.6260873E-003   9.7777608E-002   4.0051051E-003
   1.6200000E+001   9.7289169E-002   3.5880329E-003   9.8519374E-002   3.9704876E-003
   1.6240000E+001   9.8021253E-002   3.5370783E-003   9.9273848E-002   3.8126074E-003
   1.6280000E+001   9.8663623E-002   3.5200857E-003   1.0003691E-001   3.7534844E-003
   1.6320000E+001   9.9325599E-002   3.5866508E-003   1.0070189E-001   3.7908588E-003
   1.6360000E+001   1.0001966E-001   3.5349235E-003   1.0155515E-001   3.6414873E-003
   1.6400000E+001   1.0120138E-001   3.5949345E-003   1.0228072E-001   3.5873641E-003
   1.6440001E+001   1.0216025E-001   3.5684630E-003   1.0304553E-001   3.5811452E-003
   1.6480000E+001   1.0289824E-001   3.5461144E-003   1.0360662E-001   3.4537706E-003
   1.6520000E+001   1.0358299E-001   3.4794926E-003   1.0458506E-001   3.4842149E-003
   1.6560000E+001   1.0440326E-001   3.4697983E-003   1.0534221E-001   3.4464653E-003
   1.6600000E+001   1.0522131E-001   3.4385438E-003   1.0595886E-001   3.3968989E-003
   1.6640000E+001   1.0595158E-001   3.3695906E-003   1.0666829E-001   3.3057065E-003
   1.6680000E+001   1.0687442E-001   3.3704511E-003   1.0746238E-001   3.2842131E-003
   1.6720001E+001   1.0799316E-001   3.2632302E-003   1.0818111E-001   3.2849988E-003
   1.6760000E+001   1.0900280E-001   3.2309419E-003   1.0885180E-001   3.3054967E-003
   1.6799999E+001   1.0992769E-001   3.2689344E-003   1.0979274E-001   3.2898900E-003
   1.6840000E+001   1.1072633E-001   3.2597918E-003   1.1071326E-001   3.3321249E-003
   1.6880000E+001   1.1160448E-001   3.2940096E-003   1.1153515E-001   3.2437168E-003
   1.6920000E+001   1.1276783E-001   3.3502100E-003   1.1240827E-001   3.2851935E-003
   1.6960000E+001   1.1364881E-001   3.3751105E-003   1.1332399E-001   3.2419570E-003
   1.7000000E+001   1.1449262E-001   3.4281959E-003   1.1425849E-001   3.2838856E-003
   1.7040000E+001   1.1553168E-001   3.4592612E-003   1.1506709E-001   3.3099790E-003
   1.7079999E+001   1.1659663E-001   3.6571329E-003   1.1596599E-001   3.3130711E-003
   1.7120000E+001   1.1757775E-001   3.7021827E-003   1.1697493E-001   3.2751109E-003
   1.7160000E+001   1.1836554E-001   3.7201598E-003   1.1812478E-001   3.3149893E-003
   1.7200000E+001   1.1944000E-001   3.9385248E-003   1.1898836E-001   3.2305251E-003
   1.7240000E+001   1.2031962E-001   4.2194620E-003   1.1987219E-001   3.3709027E-003
   1.7280000E+001   1.2111209E-001   4.2670409E-003   1.2083615E-001   3.3881952E-003
   1.7320000E+001   1.2200239E-001   4.3932404E-003   1.2175445E-001   3.4091593E-003
   1.7359999E+001   1.2332405E-001   4.5648211E-003   1.2261558E-001   4.0104949E-003
   1.7400000E+001   1.2393306E-001   4.9138852E-003   1.2351689E-001   4.1894467E-003
   1.7440000E+001   1.2489691E-001   5.1717549E-003   1.2429277E-001   4.3931208E-003
   1.7480000E+001   1.2583172E-001   5.8735019E-003   1.2511969E-001   4.6240608E-003
   1.7520000E+001   1.2691324E-001   6.0597715E-003   1.2614218E-001   5.0990126E-003
   1.7560000E+001   1.2770404E-001   6.4099359E-003   1.2722007E-001   5.3617820E-003
   1.7600000E+001   1.2867580E-001   6.6908072E-003   1.2816497E-001   5.6132935E-003
   1.7640001E+001   1.2964847E-001   7.0774676E-003   1.2883338E-001   5.7455624E-003
   1.7680000E+001   1.3046891E-001   7.3245742E-003   1.3014244E-001   5.9722370E-003
   1.7720000E+001   1.3141553E-001   7.5024467E-003   1.3130459E-001   6.4029909E-003
   1.7760000E+001   1.3218024E-001   7.6621484E-003   1.3229522E-001   6.6732944E-003
   1.7800000E+001   1.3312015E-001   8.0644857E-003   1.3325289E-001   6.9968396E-003
   1.7840000E+001   1.3392546E-001   8.4302679E-003   1.3420752E-001   6.9246958E-003
   1.7880000E+001   1.3482229E-001   8.6653596E-003   1.3497974E-001   7.4640279E-003
   1.7920001E+001   1.3575639E-001   8.8026701E-003   1.3594349E-001   7.6655522E-003
   1.7960000E+001   1.3656745E-001   8.9435734E-003   1.3708592E-001   7.6639230E-003
   1.8000000E+001   1.3775285E-001   9.1840292E-003   1.3827010E-001   8.2331915E-003
   1.8040000E+001   1.3877668E-001   9.3953633E-003   1.3902420E-001   8.4326432E-003
   1.8080000E+001   1.3989107E-001   9.5863128E-003   1.3986907E-001   8.8838854E-003
   1.8120000E+001   1.4120528E-001   9.9627900E-003   1.4085985E-001   9.2524503E-003
   1.8160000E+001   1.4243630E-001   1.0160348E-002   1.4185042E-001   9.6146379E-003
   1.8200001E+001   1.4347557E-001   1.0477116E-002   1.4294500E-001   1.0047774E-002
   1.8240000E+001   1.4463186E-001   1.0696044E-002   1.4375184E-001   1.0424572E-002
   1.8279999E+001   1.4581737E-001   1.1115596E-002   1.4491227E-001   1.0636643E-002
   1.8320000E+001   1.4678642E-001   1.1533291E-002   1.4607370E-001   1.0775016E-002
   1.8360000E+001   1.4788595E-001   1.1989191E-002   1.4728258E-001   1.0946078E-002
   1.8400000E+001   1.4900994E-001   1.2265967E-002   1.4820992E-001   1.1498334E-002
   1.8440000E+001   1.5026613E-001   1.2751424E-002   1.4934208E-001   1.1800334E-002
   1.8480000E+001   1.5123818E-001   1.2913571E-002   1.5064375E-001   1.2373736E-002
   1.8520000E+001   1.5274311E-001   1.3314206E-002   1.5168514E-001   1.2619477E-002
   1.8559999E+001   1.5354425E-001   1.3711002E-002   1.5283993E-001   1.2997178E-002
   1.8600000E+001   1.5462486E-001   1.4185918E-002   1.5454945E-001   1.3503855E-002
   1.8640000E+001   1.5573287E-001   1.4556579E-002   1.5562615E-001   1.3906288E-002
   1.8680000E+001   1.5683593E-001   1.5014825E-002   1.5664227E-001   1.4282734E-002
   1.8720000E+001   1.5787399E-001   1.5463207E-002   1.5776595E-001   1.4686630E-002
   1.8760000E+001   1.5895634E-001   1.5836544E-002   1.5898504E-001   1.5119202E-002
   1.8800000E+001   1.5983695E-001   1.6141824E-002   1.5978635E-001   1.5394702E-002
   1.8839999E+001   1.6120875E-001   1.6826170E-002   1.6078819E-001   1.5840718E-002
   1.8880000E+001   1.6214837E-001   1.7190226E-002   1.6212643E-001   1.6327569E-002
   1.8920000E+001   1.6337461E-001   1.7682195E-002   1.6349388E-001   1.6838825E-002
   1.8960000E+001   1.6461945E-001   1.8231043E-002   1.6452477E-001   1.7246781E-002
   1.9000000E+001   1.6584409E-001   1.8529866E-002   1.6581208E-001   1.7793957E-002
   1.9040000E+001   1.6658251E-001   1.8908087E-002   1.6685720E-001   1.8042471E-002
   1.9080000E+001   1.6811137E-001   1.9203120E-002   1.6806824E-001   1.8549007E-002
   1.9119999E+001   1.6941471E-001   1.9529238E-002   1.6947492E-001   1.8824777E-002
   1.9160000E+001   1.7076709E-001   1.9971606E-002   1.7027915E-001   1.9253610E-002
   1.9200000E+001   1.7185844E-001   2.0146934E-002   1.7176995E-001   1.9839926E-002
   1.9240000E+001   1.7341713E-001   2.0621371E-002   1.7251359E-001   2.0315697E-002
   1.9280000E+001   1.7468810E-001   2.1081852E-002   1.7364351E-001   2.0548441E-002
   1.9320000E+001   1.7591045E-001   2.1456604E-002   1.7504134E-001   2.1200007E-002
   1.9360000E+001   1.7683523E-001   2.2050614E-002   1.7619266E-001   2.1593982E-002
   1.9400001E+001   1.7802682E-001   2.2626014E-002   1.7713004E-001   2.1964372E-002
   1.9440000E+001   1.7945764E-001   2.2970740E-002   1.7818259E-001   2.2424641E-002
   1.9480000E+001   1.8068152E-001   2.3483340E-002   1.7895791E-001   2.3015598E-002
   1.9520000E+001   1.8170613E-001   2.3746291E-002   1.8026458E-001   2.3325321E-002
   1.9560000E+001   1.8300543E-001   2.4208816E-002   1.8181494E-001   2.3571634E-002
   1.9600000E+001   1.8391000E-001   2.4856689E-002   1.8290660E-001   2.4240386E-002
   1.9640000E+001   1.8519165E-001   2.5311804E-002   1.8417632E-001   2.4990242E-002
   1.9680001E+001   1.8642926E-001   2.5935867E-002   1.8560809E-001   2.5558899E-002
   1.9720000E+001   1.8756765E-001   2.6254039E-002   1.8691764E-001   2.6020621E-002
   1.9760000E+001   1.8898588E-001   2.7052564E-002   1.8795529E-001   2.6317409E-002
   1.9800000E+001   1.9045869E-001   2.7276353E-002   1.8952619E-001   2.6700133E-002
   1.9840000E+001   1.9154040E-001   2.7876375E-002   1.9075220E-001   2.7268558E-002
   1.9880000E+001   1.9269147E-001   2.8454169E-002   1.9221792E-001   2.7857845E-002
   1.9920000E+001   1.9419606E-001   2.8954554E-002   1.9384218E-001   2.8591641E-002
   1.9960001E+001   1.9580982E-001   2.9563343E-002   1.9523598E-001   2.9164642E-002
   2.0000000E+001   1.9649765E-001   2.9705908E-002   1.9627383E-001   2.9287696E-002
