         0.4000         0.0000         0.0000         0.0000         0.0000
         0.6000         0.0000         0.0000         0.0000         0.0000
         0.8000         0.0000         0.0000         0.0000         0.0000
         1.0000         0.0000         0.0000         0.0000         0.0000
         1.2000         1.2634         0.0215         0.3697         0.0104
         1.4000         3.8732         0.0559         1.1631         0.0270
         1.6000         7.2428         0.1001         2.1662         0.0431
         1.8000        11.3887         0.1281         3.3736         0.0635
         2.0000        16.2184         0.1429         4.6751         0.0805
         2.2000        21.9342         0.1649         6.2218         0.1049
         2.4000        28.5794         0.2074         7.8183         0.1306
         2.6000        35.9115         0.2302         9.5290         0.1403
         2.8000        44.2201         0.2390        11.1990         0.1494
         3.0000        53.1539         0.2594        13.0728         0.1834
         3.2000        63.1717         0.2660        15.1205         0.1887
         3.4000        74.2648         0.3118        16.9189         0.2191
         3.6000        86.2069         0.3771        18.7169         0.2323
         3.8000        99.1263         0.4410        20.3260         0.2244
         4.0000       113.3459         0.4380        21.7150         0.2356
         4.2000       128.7800         0.4746        22.8834         0.1879
         4.4000       145.1368         0.4849        23.5208         0.1815
         4.6000       163.3588         0.4799        23.9633         0.1931
         4.8000       182.3939         0.5359        23.6905         0.1695
         5.0000       202.7817         0.5912        22.7226         0.1545
         5.2000       225.5055         0.7410        21.1245         0.1391
         5.4000       250.0340         0.8229        18.5886         0.1396
         5.6000       276.5426         0.7779        15.1455         0.1294
         5.8000       305.5656         0.8737        10.4923         0.0895
         6.0000       337.7609         1.0683         4.4996         0.0353
         6.2000       371.2112         1.0177       692.5902         1.9569
         6.4000       405.1292         0.9698       732.1016         1.7689
         6.6000       439.0684         1.2465       773.4928         1.7312
         6.8000       473.5683         1.3002       818.0156         1.8202
         7.0000       508.2334         1.0030       862.9563         2.3444
         7.2000       542.4223         0.8754       911.5902         2.7174
         7.4000       576.4512         0.9131       962.8903         2.4702
         7.6000       610.1112         0.9850      1016.6445         2.7391
         7.8000       643.1539         1.1480      1073.2628         3.1228
         8.0000       675.8470         1.0964      1132.1017         3.1407
         8.2000       708.1677         1.2128      1194.5011         2.9332
         8.4000       740.9196         1.1545      1259.6756         2.4146
         8.6000       772.0146         1.1560      1329.6054         1.8240
         8.8000       800.9955         1.0764      1401.6533         1.8900
         9.0000       828.7563         1.2888      1477.8873         1.6783
         9.2000       855.9139         1.2907      1560.6625         1.6520
         9.4000       880.1662         1.3443      1646.4941         2.2664
         9.6000       902.6842         1.2694      1734.8581         2.4776
         9.8000       922.5068         1.1797      1830.2972         3.2526
        10.0000       937.7174         1.4342      1930.3415         3.3371
        10.2000       950.7838         1.3978      2036.4219         3.6221
        10.4000       960.1742         1.4333      2146.9735         3.9921
        10.6000       964.8964         1.6535      2265.0146         4.3569
        10.8000       965.1604         1.4900      2392.2234         4.1191
        11.0000       960.6896         1.3984      2525.4652         4.3570
        11.2000       952.3450         1.2783        30.1181         0.0858
        11.4000       943.7892         1.3203        77.4161         0.2476
        11.6000       937.8157         1.9161       123.2435         0.3499
        11.8000       933.3877         2.1005       167.6274         0.4128
        12.0000       930.0734         2.2744       211.3489         0.4753
        12.2000       929.8779         2.4051       253.9409         0.5443
        12.4000       930.7057         2.1516       295.4995         0.6490
        12.6000       932.4872         1.5068       336.8850         0.6865
        12.8000       936.0557         1.4747       377.2811         0.6432
        13.0000       941.2013         2.0135       416.5203         0.6866
        13.2000       947.2834         1.7025       455.1086         0.7172
        13.4000       955.2483         1.8342       493.3862         0.9053
        13.6000       963.7844         1.9414       530.7245         1.3362
        13.8000       974.5127         1.3741       567.8608         1.4959
        14.0000       985.1318         1.3714       605.0897         1.5707
        14.2000       997.5205         1.2253       641.6511         1.6277
        14.4000      1009.7689         1.1788       676.5301         1.4834
        14.6000      1023.9094         1.7444       711.4800         1.6261
        14.8000      1040.6365         1.7409       746.1918         1.6348
        15.0000      1058.1112         1.6900       780.2283         1.3746
        15.2000      1076.3576         1.8198       815.4057         1.7593
        15.4000      1095.4987         1.9241       848.9138         1.8326
        15.6000      1114.8976         1.9771       883.0965         1.7852
        15.8000      1135.1636         2.2191       918.1487         1.7752
        16.0000      1157.4713         2.0583       953.1040         2.1514
        16.2000      1179.3221         1.8619       986.0140         1.7947
        16.4000      1201.4922         2.0054      1020.9340         1.5835
        16.6000      1224.8080         1.8783      1054.7040         1.4907
        16.8000      1250.0229         2.0789      1087.4896         1.6413
        17.0000      1275.4754         2.4990      1120.5542         2.1086
        17.2000      1301.0984         2.5924      1154.2763         1.8323
        17.4000      1328.4482         2.1735      1188.2606         1.9459
        17.6000      1355.4555         2.0680      1221.8825         2.0651
        17.8000      1382.3709         2.1067      1255.3787         2.0844
        18.0000      1411.7992         1.8402      1288.5690         1.9681
        18.2000      1441.1182         1.8698      1322.4855         2.0273
        18.4000      1471.8383         1.8810      1355.7882         2.0341
        18.6000      1503.3620         2.0410      1388.6361         1.7352
        18.8000      1533.6918         3.1517      1422.0560         2.0372
        19.0000      1564.7046         3.1789      1454.5970         2.0925
        19.2000      1598.6507         2.5562      1486.9484         2.4057
        19.4000      1633.0766         2.7331      1519.4849         2.4120
        19.6000      1668.5140         3.2704      1552.6290         2.5673
        19.8000      1704.1499         3.3416      1586.9671         2.5502
        20.0000      1740.3647         3.3987      1621.4844         2.5215
