         0.4000         0.0000         0.0000         0.0000         0.0000
         0.6000         0.0000         0.0000         0.0000         0.0000
         0.8000         0.0000         0.0000         0.0000         0.0000
         1.0000         0.0000         0.0000         0.0000         0.0000
         1.2000         0.6726         0.0185         1.1023         0.0314
         1.4000         2.0667         0.0524         3.1996         0.0801
         1.6000         3.7633         0.0980         5.6104         0.1432
         1.8000         5.6796         0.1455         8.4759         0.1762
         2.0000         7.9882         0.1554        11.5556         0.1790
         2.2000        10.5272         0.1765        14.9170         0.2243
         2.4000        13.1267         0.1886        18.6050         0.2911
         2.6000        15.8893         0.2178        22.7001         0.3176
         2.8000        18.9318         0.3157        26.6938         0.3281
         3.0000        22.3196         0.3633        30.6919         0.3361
         3.2000        25.4668         0.3524        34.7999         0.4443
         3.4000        28.5768         0.4406        39.3268         0.4779
         3.6000        31.5364         0.5617        43.5263         0.4573
         3.8000        34.4876         0.4541        48.4553         0.4003
         4.0000        37.0659         0.4495        53.0513         0.4615
         4.2000        39.0498         0.3842        57.6634         0.4637
         4.4000        40.9446         0.4635        61.9664         0.4591
         4.6000        42.5873         0.4315        66.0124         0.4568
         4.8000        43.6695         0.3769        69.4178         0.7366
         5.0000        44.4822         0.3058        71.0752         0.5882
         5.2000        45.0826         0.2863        70.8290         0.5090
         5.4000        45.0755         0.3037        67.7014         0.4843
         5.6000        44.0296         0.2694        59.4299         0.5466
         5.8000        42.3786         0.2856        38.8206         0.4589
         6.0000        40.1554         0.3138         2.6218         0.0211
         6.2000        38.9551         0.3461         0.0500         0.0009
         6.4000        38.3707         0.3446         0.1431         0.0016
         6.6000        38.0917         0.3757         0.8012         0.0100
         6.8000        38.7454         0.3928         3.8123         0.0496
         7.0000        39.5823         0.3446         9.0636         0.1131
         7.2000        41.2503         0.3667        14.5371         0.1907
         7.4000        44.2305         0.3698        19.7902         0.3121
         7.6000        47.6511         0.4059        24.6151         0.3261
         7.8000        51.7319         0.4382        28.9539         0.3036
         8.0000        56.1832         0.5255        33.0402         0.2723
         8.2000        61.0346         0.4144        36.6500         0.2740
         8.4000        66.4084         0.4543        39.1324         0.3317
         8.6000        72.4458         0.4452        40.9440         0.3886
         8.8000        79.7241         0.3772        42.6678         0.5202
         9.0000        87.8488         0.4196        43.8619         0.4351
         9.2000        97.2166         0.4741        44.0098         0.3480
         9.4000       108.1057         0.5156        42.9748         0.2906
         9.6000       120.9412         0.5000        40.8262         0.3178
         9.8000       135.1005         0.5621        36.5789         0.3001
        10.0000       152.6739         0.5919        29.7722         0.2304
        10.2000       173.7077         0.7083        20.5884         0.1499
        10.4000       198.5977         0.8685         9.7069         0.0722
        10.6000       227.6925         0.8851         2.2551         0.0160
        10.8000       261.5857         1.0075         0.4356         0.0028
        11.0000       301.3037         1.0333         0.1569         0.0015
        11.2000       349.8766         1.0189        19.2676         0.0707
        11.4000       406.0658         1.2458       301.2048         1.0236
        11.6000       465.9452         1.3387       496.1606         1.3914
        11.8000       527.3468         1.5998       612.7627         1.6687
        12.0000       588.6517         1.4272       699.3060         1.9148
        12.2000       649.1835         1.1817       770.3298         1.7675
        12.4000       709.9854         1.1789       832.0804         1.7513
        12.6000       769.0193         1.3878       888.7923         1.9145
        12.8000       827.9412         1.6536       940.2819         2.1331
        13.0000       885.0471         1.6597       987.8532         2.3364
        13.2000       940.9515         1.7162      1035.8658         1.7199
        13.4000       996.0436         1.7923      1085.1658         1.7115
        13.6000      1050.5359         2.1017      1131.3402         2.2650
        13.8000      1103.8501         2.3163      1180.1945         1.6876
        14.0000      1158.6082         2.3039      1227.3722         1.8086
        14.2000      1214.3020         2.1841      1276.4393         2.2712
        14.4000      1269.0078         2.3118      1323.2208         1.8131
        14.6000      1324.1195         2.3302      1370.9520         1.7594
        14.8000      1379.4225         2.4584      1420.1067         1.9885
        15.0000      1431.7264         2.6760      1470.9229         2.3231
        15.2000      1484.4689         2.3497      1521.2143         2.0568
        15.4000      1537.4117         2.2873      1571.1039         2.2198
        15.6000      1591.9482         2.1531      1622.6277         1.8872
        15.8000      1644.8831         2.0105      1673.8227         1.8958
        16.0000      1699.2103         1.7051      1724.7373         1.9106
        16.2000      1754.8256         2.5775      1778.0029         2.4634
        16.4000      1810.9735         3.0171      1832.8214         2.4019
        16.6000      1862.7492         2.7394      1884.9990         2.1950
        16.8000      1918.7921         2.1674      1938.6306         2.1742
        17.0000      1975.3961         2.1434      1994.5456         2.9503
        17.2000      2033.4920         2.3476      2049.4247         3.3305
        17.4000      2090.8672         2.5301      2105.2422         3.0463
        17.6000      2146.5751         2.4382      2161.2943         3.0777
        17.8000      2203.5925         2.1079      2219.6955         3.2730
        18.0000      2261.2733         1.8929      2283.0541         2.7151
        18.2000      2318.2605         2.3439      2342.9432         2.8238
        18.4000      2374.6841         2.4983      2398.6520         2.7434
        18.6000      2429.6281         2.3083      2456.1701         2.1942
        18.8000      2487.5862         3.1513      2512.9121         2.2957
        19.0000      2546.5995         3.5423      2571.5825         2.1886
        19.2000      2604.1130         4.2218      2628.2602         3.3644
        19.4000      2661.1311         4.3408      2684.9754         3.5710
        19.6000      2718.5854         4.9650      2739.6597         3.3798
        19.8000      2774.8279         4.7333      2800.1355         3.6040
        20.0000      2832.3726         5.7958      2863.6138         3.5673
