         0.4000         0.0000         0.0000         0.0000         0.0000
         0.6000         0.0000         0.0000         0.0000         0.0000
         0.8000         0.0000         0.0000         0.0000         0.0000
         1.0000         0.0021         0.0001         0.0026         0.0001
         1.2000         0.0778         0.0043         0.0976         0.0053
         1.4000         0.2510         0.0159         0.2976         0.0184
         1.6000         0.4798         0.0367         0.5505         0.0412
         1.8000         0.7603         0.0610         0.8623         0.0661
         2.0000         1.0937         0.0855         1.2116         0.0959
         2.2000         1.4486         0.1123         1.6549         0.1298
         2.4000         1.8612         0.1372         2.1094         0.1593
         2.6000         2.3223         0.1684         2.6224         0.1974
         2.8000         2.8101         0.1945         3.2114         0.2366
         3.0000         3.3345         0.2284         3.8480         0.2881
         3.2000         3.9152         0.2671         4.5940         0.3389
         3.4000         4.5321         0.3196         5.3934         0.3946
         3.6000         5.1430         0.3678         6.2929         0.4579
         3.8000         5.7874         0.4138         7.2447         0.5184
         4.0000         6.4207         0.4598         8.3131         0.5970
         4.2000         7.1154         0.5212         9.4573         0.6857
         4.4000         7.7900         0.5518        10.7555         0.7745
         4.6000         8.4023         0.5922        12.2102         0.8668
         4.8000         8.9871         0.6302        13.8600         0.9513
         5.0000         9.4169         0.6571        15.6779         1.0473
         5.2000         9.7352         0.6760        17.5931         1.1629
         5.4000         9.8778         0.6967        18.8974         1.2027
         5.6000         9.8108         0.6909        18.4024         1.1729
         5.8000         9.5314         0.6363        14.9546         0.9474
         6.0000         9.1301         0.5927         5.3109         0.3326
         6.2000         8.7054         0.5561         0.0828         0.0045
         6.4000         8.4575         0.5240         0.6126         0.0327
         6.6000         8.3432         0.4906         1.5755         0.0798
         6.8000         8.3390         0.4687         2.5114         0.1238
         7.0000         8.4334         0.4649         3.3607         0.1603
         7.2000         8.6125         0.4632         4.1864         0.1949
         7.4000         8.9168         0.4542         4.9362         0.2220
         7.6000         9.3042         0.4646         5.6603         0.2522
         7.8000         9.7771         0.4694         6.3193         0.2846
         8.0000        10.3465         0.4886         6.9228         0.3078
         8.2000        11.0138         0.4951         7.4825         0.3289
         8.4000        11.7785         0.5239         7.9535         0.3359
         8.6000        12.5777         0.5428         8.3409         0.3449
         8.8000        13.5229         0.5470         8.7140         0.3446
         9.0000        14.5220         0.5627         9.0005         0.3620
         9.2000        15.6843         0.6080         9.1905         0.3548
         9.4000        17.0857         0.6203         9.2101         0.3446
         9.6000        18.7640         0.6756         9.0793         0.3279
         9.8000        20.5825         0.6837         8.7819         0.3169
        10.0000        22.6943         0.7148         8.1651         0.2940
        10.2000        25.1812         0.7815         7.2472         0.2581
        10.4000        28.0394         0.8579         5.8740         0.2027
        10.6000        31.4843         0.9238         4.0329         0.1335
        10.8000        35.7120         1.0294         1.7096         0.0586
        11.0000        40.7125         1.1377         0.2537         0.0086
        11.2000        46.7970         1.2684        21.5986         0.5640
        11.4000        53.3758         1.3974        64.4133         1.6859
        11.6000        60.0724         1.5485        85.4836         2.2107
        11.8000        66.4647         1.6754        96.6782         2.4768
        12.0000        72.4155         1.7859       100.7134         2.5254
        12.2000        77.8224         1.8764       101.5205         2.4908
        12.4000        83.0563         1.9653       102.6616         2.4519
        12.6000        87.9483         2.0053       104.3408         2.3936
        12.8000        92.6221         2.0250       106.1821         2.3807
        13.0000        97.1505         2.0362       108.2477         2.3618
        13.2000       101.5446         2.0521       110.7056         2.3504
        13.4000       105.7321         2.0497       113.6136         2.3354
        13.6000       109.9119         2.0150       116.6335         2.2878
        13.8000       113.9365         1.9916       119.6636         2.2106
        14.0000       118.0614         1.9709       122.9949         2.1672
        14.2000       122.1972         1.8745       126.3536         2.0751
        14.4000       126.4180         1.8059       129.6529         1.9727
        14.6000       130.7197         1.7236       133.1614         1.8720
        14.8000       134.7947         1.6505       136.9755         1.6474
        15.0000       138.9865         1.5115       140.8348         1.5392
        15.2000       143.3547         1.3890       144.6578         1.4141
        15.4000       147.7566         1.2638       148.8512         1.3241
        15.6000       151.9098         1.1730       152.9644         1.1962
        15.8000       156.3938         1.0525       157.2756         1.1161
        16.0000       160.7631         0.9339       161.6547         1.0071
        16.2000       165.1264         0.8736       165.9488         0.9195
        16.4000       169.5717         0.8049       170.4509         0.8172
        16.6000       174.4029         0.7435       175.0055         0.7522
        16.8000       179.3704         0.7330       179.5584         0.7493
        17.0000       184.3159         0.7821       184.4987         0.8539
        17.2000       189.2033         0.8806       189.0562         0.9894
        17.4000       193.9612         1.2765       193.8318         1.3329
        17.6000       198.9794         1.6411       198.7306         1.7318
        17.8000       204.1202         2.0533       203.8909         2.0723
        18.0000       209.2656         2.5196       209.1579         2.4961
        18.2000       214.4850         3.0042       214.5157         2.8484
        18.4000       219.5153         3.5075       219.9287         3.3756
        18.6000       224.8436         3.9666       225.3159         3.8403
        18.8000       230.3862         4.4537       230.6473         4.3222
        19.0000       236.1825         5.0162       236.0184         4.9123
        19.2000       241.8661         5.6130       241.6919         5.4165
        19.4000       247.5668         6.2114       247.6295         5.9805
        19.6000       253.4621         6.7968       253.5846         6.7042
        19.8000       259.4168         7.3745       259.9023         7.3687
        20.0000       244.8345         7.4333       244.9783         7.4669
