         0.4000         0.0000         0.0000         0.0000         0.0000
         0.6000         0.0000         0.0000         0.0000         0.0000
         0.8000         0.0000         0.0000         0.0000         0.0000
         1.0000         0.0000         0.0000         0.0000         0.0000
         1.2000         0.0021         0.0000         0.0691         0.0051
         1.4000         0.0039         0.0000         0.0436         0.0031
         1.6000         0.0044         0.0000         0.0303         0.0017
         1.8000         0.0045         0.0000         0.0193         0.0012
         2.0000         0.0045         0.0000         0.0154         0.0009
         2.2000         0.0045         0.0000         0.0135         0.0007
         2.4000         0.0045         0.0000         0.0119         0.0006
         2.6000         0.0045         0.0000         0.0102         0.0004
         2.8000         0.0045         0.0000         0.0098         0.0004
         3.0000         0.0045         0.0000         0.0095         0.0004
         3.2000         0.0045         0.0000         0.0083         0.0003
         3.4000         0.0045         0.0000         0.0082         0.0003
         3.6000         0.0045         0.0000         0.0081         0.0003
         3.8000         0.0045         0.0000         0.0079         0.0003
         4.0000         0.0045         0.0000         0.0078         0.0003
         4.2000         0.0045         0.0000         0.0069         0.0002
         4.4000         0.0045         0.0000         0.0070         0.0002
         4.6000         0.0045         0.0000         0.0067         0.0002
         4.8000         0.0045         0.0000         0.0071         0.0002
         5.0000         0.0045         0.0000         0.0069         0.0002
         5.2000         0.0045         0.0000         0.0073         0.0002
         5.4000         0.0045         0.0000         0.0066         0.0002
         5.6000         0.0045         0.0000         0.0078         0.0003
         5.8000         0.0045         0.0000         0.0089         0.0005
         6.0000         0.0045         0.0000         0.0707         0.0078
         6.2000         0.0045         0.0000         0.1897         0.0217
         6.4000         0.0045         0.0000         0.1781         0.0188
         6.6000         0.0045         0.0000         0.1451         0.0171
         6.8000         0.0045         0.0000         0.0704         0.0089
         7.0000         0.0045         0.0000         0.0299         0.0028
         7.2000         0.0045         0.0000         0.0209         0.0017
         7.4000         0.0045         0.0000         0.0193         0.0014
         7.6000         0.0045         0.0000         0.0220         0.0015
         7.8000         0.0045         0.0000         0.0201         0.0013
         8.0000         0.0045         0.0000         0.0230         0.0013
         8.2000         0.0045         0.0000         0.0329         0.0015
         8.4000         0.0045         0.0000         0.0050         0.0002
         8.6000         0.0045         0.0000         0.0045         0.0000
         8.8000         0.0045         0.0000         0.0045         0.0000
         9.0000         0.0045         0.0000         0.0045         0.0000
         9.2000         0.0045         0.0000         0.0045         0.0000
         9.4000         0.0045         0.0000         0.0045         0.0000
         9.6000         0.0045         0.0000         0.0045         0.0000
         9.8000         0.0045         0.0000         0.0045         0.0000
        10.0000         0.0045         0.0000         0.0045         0.0000
        10.2000         0.0045         0.0000         0.0045         0.0000
        10.4000         0.0045         0.0000         0.0045         0.0000
        10.6000         0.0045         0.0000         0.0046         0.0000
        10.8000         0.0045         0.0000         0.0063         0.0000
        11.0000         0.0045         0.0000         0.0107         0.0001
        11.2000         0.0045         0.0000         0.0065         0.0000
        11.4000         0.0045         0.0000         0.0048         0.0000
        11.6000         0.0045         0.0000         0.0048         0.0000
        11.8000         0.0045         0.0000         0.0048         0.0000
        12.0000         0.0045         0.0000         0.0048         0.0000
        12.2000         0.0045         0.0000         0.0048         0.0000
        12.4000         0.0045         0.0000         0.0048         0.0000
        12.6000         0.0045         0.0000         0.0048         0.0000
        12.8000         0.0045         0.0000         0.0048         0.0000
        13.0000         0.0045         0.0000         0.0048         0.0000
        13.2000         0.0045         0.0000         0.0048         0.0000
        13.4000         0.0045         0.0000         0.0048         0.0000
        13.6000         0.0045         0.0000         0.0048         0.0000
        13.8000         0.0045         0.0000         0.0048         0.0000
        14.0000         0.0045         0.0000         0.0047         0.0000
        14.2000         0.0045         0.0000         0.0047         0.0000
        14.4000         0.0045         0.0000         0.0047         0.0000
        14.6000         0.0045         0.0000         0.0047         0.0000
        14.8000         0.0045         0.0000         0.0047         0.0000
        15.0000         0.0045         0.0000         0.0047         0.0000
        15.2000         0.0045         0.0000         0.0047         0.0000
        15.4000         0.0045         0.0000         0.0047         0.0000
        15.6000         0.0045         0.0000         0.0047         0.0000
        15.8000         0.0045         0.0000         0.0047         0.0000
        16.0000         0.0045         0.0000         0.0047         0.0000
        16.2000         0.0045         0.0000         0.0047         0.0000
        16.4000         0.0045         0.0000         0.0047         0.0000
        16.6000         0.0045         0.0000         0.0047         0.0000
        16.8000         0.0045         0.0000         0.0047         0.0000
        17.0000         0.0045         0.0000         0.0047         0.0000
        17.2000         0.0045         0.0000         0.0046         0.0000
        17.4000         0.0045         0.0000         0.0046         0.0000
        17.6000         0.0045         0.0000         0.0046         0.0000
        17.8000         0.0045         0.0000         0.0046         0.0000
        18.0000         0.0045         0.0000         0.0152         0.0002
        18.2000         0.0045         0.0000         0.0200         0.0002
        18.4000         0.0045         0.0000         0.0057         0.0001
        18.6000         0.0045         0.0000         0.0055         0.0001
        18.8000         0.0045         0.0000         0.0056         0.0001
        19.0000         0.0045         0.0000         0.0057         0.0001
        19.2000         0.0045         0.0000         0.0061         0.0001
        19.4000         0.0045         0.0000         0.0062         0.0001
        19.6000         0.0045         0.0000         0.0062         0.0001
        19.8000         0.0045         0.0000         0.0060         0.0001
        20.0000        62.1897         0.0276        62.2068         0.0289
