         0.0800         0.0000         0.0000         0.0000         0.0000         0.0000
         0.1200         0.0000         0.0000         0.0000         0.0000         0.0000
         0.1600         0.0000         0.0000         0.0000         0.0000         0.0000
         0.2000         0.0000         0.0000         0.0000         0.0000         0.0000
         0.2400         0.0000         0.0000         0.0000         0.0000         0.0000
         0.2800         0.0000         0.0000         0.0000         0.0000         0.0000
         0.3200         0.0000         0.0000         0.0000         0.0000         0.0000
         0.3600         0.0000         0.0000         0.0000         0.0000         0.0000
         0.4000         0.0000         0.0000         0.0000         0.0000         0.0000
         0.4400         0.0000         0.0000         0.0000         0.0000         0.0000
         0.4800         0.0000         0.0000         0.0000         0.0000         0.0000
         0.5200         0.0000         0.0000         0.0000         0.0000         0.0000
         0.5600         0.0000         0.0000         0.0000         0.0000         0.0000
         0.6000         0.0000         0.0000         0.0000         0.0000         0.0000
         0.6400         0.0000         0.0000         0.0000         0.0000         0.0000
         0.6800         0.0000         0.0000         0.0000         0.0000         0.0000
         0.7200         0.0000         0.0000         0.0000         0.0000         0.0000
         0.7600         0.0000         0.0000         0.0000         0.0000         0.0000
         0.8000         0.0000         0.0000         0.0000         0.0000         0.0000
         0.8400         0.0000         0.0000         0.0000         0.0000         0.0000
         0.8800         0.0000         0.0000         0.0000         0.0000         0.0000
         0.9200         0.0000         0.0000         0.0000         0.0000         0.0000
         0.9600         0.0002         0.0000         0.0002         0.0001         0.0000
         1.0000         0.0014         0.0002         0.0016         0.0001         0.0000
         1.0400         0.0034         0.0004         0.0048         0.0005         0.0000
         1.0800         0.0069         0.0008         0.0091         0.0009         0.0000
         1.1200         0.0105         0.0011         0.0137         0.0013         0.0000
         1.1600         0.0140         0.0012         0.0191         0.0018         0.0000
         1.2000         0.0198         0.0018         0.0230         0.0021         0.0000
         1.2400         0.0245         0.0023         0.0274         0.0026         0.0000
         1.2800         0.0310         0.0029         0.0335         0.0034         0.0000
         1.3200         0.0371         0.0034         0.0386         0.0036         0.0000
         1.3600         0.0450         0.0040         0.0430         0.0039         0.0000
         1.4000         0.0523         0.0048         0.0456         0.0043         0.0000
         1.4400         0.0577         0.0045         0.0501         0.0046         0.0000
         1.4800         0.0617         0.0047         0.0547         0.0044         0.0000
         1.5200         0.0684         0.0045         0.0580         0.0043         0.0000
         1.5600         0.0758         0.0051         0.0660         0.0045         0.0000
         1.6000         0.0815         0.0054         0.0748         0.0050         0.0000
         1.6400         0.0888         0.0060         0.0851         0.0057         0.0000
         1.6800         0.0950         0.0054         0.0914         0.0062         0.0000
         1.7200         0.1052         0.0057         0.1031         0.0068         0.0000
         1.7600         0.1141         0.0066         0.1102         0.0074         0.0000
         1.8000         0.1258         0.0074         0.1206         0.0076         0.0000
         1.8400         0.1341         0.0084         0.1310         0.0076         0.0000
         1.8800         0.1450         0.0088         0.1426         0.0079         0.0000
         1.9200         0.1515         0.0091         0.1536         0.0084         0.0000
         1.9600         0.1592         0.0085         0.1664         0.0089         0.0000
         2.0000         0.1730         0.0087         0.1778         0.0090         0.0000
         2.0400         0.1813         0.0089         0.1848         0.0094         0.0000
         2.0800         0.1962         0.0092         0.1980         0.0099         0.0000
         2.1200         0.2070         0.0106         0.2149         0.0106         0.0000
         2.1600         0.2180         0.0100         0.2251         0.0103         0.0000
         2.2000         0.2308         0.0085         0.2347         0.0098         0.0000
         2.2400         0.2420         0.0083         0.2509         0.0103         0.0000
         2.2800         0.2529         0.0086         0.2616         0.0103         0.0000
         2.3200         0.2677         0.0094         0.2779         0.0114         0.0000
         2.3600         0.2842         0.0104         0.2855         0.0118         0.0000
         2.4000         0.2968         0.0105         0.2945         0.0133         0.0000
         2.4400         0.3101         0.0094         0.3114         0.0134         0.0000
         2.4800         0.3264         0.0096         0.3243         0.0132         0.0000
         2.5200         0.3418         0.0101         0.3414         0.0122         0.0000
         2.5600         0.3590         0.0108         0.3532         0.0139         0.0000
         2.6000         0.3805         0.0113         0.3689         0.0155         0.0000
         2.6400         0.3998         0.0113         0.3843         0.0162         0.0000
         2.6800         0.4171         0.0104         0.4070         0.0161         0.0000
         2.7200         0.4364         0.0104         0.4295         0.0153         0.0000
         2.7600         0.4572         0.0100         0.4384         0.0141         0.0000
         2.8000         0.4632         0.0109         0.4571         0.0163         0.0000
         2.8400         0.4772         0.0113         0.4724         0.0167         0.0000
         2.8800         0.4967         0.0115         0.4960         0.0183         0.0000
         2.9200         0.5094         0.0114         0.5115         0.0192         0.0000
         2.9600         0.5248         0.0119         0.5295         0.0178         0.0000
         3.0000         0.5473         0.0121         0.5537         0.0170         0.0000
         3.0400         0.5658         0.0135         0.5732         0.0172         0.0000
         3.0800         0.5814         0.0142         0.6052         0.0171         0.0000
         3.1200         0.5941         0.0142         0.6342         0.0184         0.0000
         3.1600         0.6024         0.0158         0.6612         0.0188         0.0000
         3.2000         0.6184         0.0163         0.6792         0.0203         0.0000
         3.2400         0.6367         0.0162         0.7057         0.0191         0.0000
         3.2800         0.6510         0.0157         0.7303         0.0191         0.0000
         3.3200         0.6708         0.0170         0.7567         0.0189         0.0000
         3.3600         0.6861         0.0181         0.7853         0.0194         0.0000
         3.4000         0.7060         0.0171         0.8124         0.0216         0.0000
         3.4400         0.7197         0.0189         0.8377         0.0212         0.0000
         3.4800         0.7433         0.0175         0.8521         0.0182         0.0000
         3.5200         0.7649         0.0180         0.8773         0.0209         0.0000
         3.5600         0.7851         0.0184         0.8955         0.0160         0.0000
         3.6000         0.7932         0.0185         0.9243         0.0189         0.0000
         3.6400         0.8117         0.0195         0.9527         0.0209         0.0000
         3.6800         0.8364         0.0213         0.9824         0.0314         0.0000
         3.7200         0.8538         0.0202         1.0103         0.0327         0.0000
         3.7600         0.8697         0.0241         1.0455         0.0336         0.0000
         3.8000         0.8925         0.0247         1.0779         0.0345         0.0000
         3.8400         0.9190         0.0261         1.0984         0.0321         0.0000
         3.8800         0.9316         0.0244         1.1268         0.0305         0.0000
         3.9200         0.9563         0.0234         1.1655         0.0292         0.0000
         3.9600         0.9799         0.0255         1.1983         0.0270         0.0000
         4.0000         1.0006         0.0253         1.2421         0.0245         0.0000
         4.0400         1.0276         0.0253         1.2707         0.0249         0.0000
         4.0800         1.0538         0.0237         1.2955         0.0244         0.0000
         4.1200         1.0764         0.0228         1.3266         0.0236         0.0000
         4.1600         1.0987         0.0209         1.3652         0.0280         0.0000
         4.2000         1.1261         0.0232         1.4038         0.0314         0.0000
         4.2400         1.1452         0.0347         1.4461         0.0318         0.0000
         4.2800         1.1597         0.0347         1.4891         0.0291         0.0000
         4.3200         1.1872         0.0362         1.5110         0.0279         0.0000
         4.3600         1.1984         0.0367         1.5470         0.0304         0.0000
         4.4000         1.2180         0.0363         1.5787         0.0298         0.0000
         4.4400         1.2509         0.0383         1.6233         0.0315         0.0000
         4.4800         1.2753         0.0530         1.6675         0.0346         0.0000
         4.5200         1.2984         0.0523         1.7094         0.0338         0.0000
         4.5600         1.3217         0.0523         1.7512         0.0339         0.0000
         4.6000         1.3379         0.0523         1.7859         0.0347         0.0000
         4.6400         1.3581         0.0533         1.8243         0.0365         0.0000
         4.6800         1.3897         0.0582         1.8516         0.0372         0.0000
         4.7200         1.4059         0.0589         1.9063         0.0380         0.0000
         4.7600         1.4283         0.0498         1.9429         0.0406         0.0000
         4.8000         1.4404         0.0515         1.9839         0.0431         0.0000
         4.8400         1.4590         0.0597         2.0282         0.0454         0.0000
         4.8800         1.4830         0.0587         2.0643         0.0443         0.0000
         4.9200         1.5190         0.0505         2.1131         0.0404         0.0000
         4.9600         1.5334         0.0667         2.1632         0.0419         0.0000
         5.0000         1.5470         0.0763         2.2252         0.0452         0.0000
         5.0400         1.5645         0.0625         2.2701         0.0446         0.0000
         5.0800         1.5766         0.0628         2.3230         0.0423         0.0000
         5.1200         1.5846         0.0564         2.3984         0.0435         0.0000
         5.1600         1.5999         0.0514         2.4460         0.0422         0.0000
         5.2000         1.6244         0.0433         2.4885         0.0411         0.0000
         5.2400         1.6390         0.0320         2.5614         0.0402         0.0000
         5.2800         1.6420         0.0407         2.6159         0.0399         0.0000
         5.3200         1.6517         0.0317         2.6720         0.0408         0.0000
         5.3600         1.6684         0.0514         2.7392         0.0375         0.0000
         5.4000         1.6901         0.0404         2.8267         0.0415         0.0000
         5.4400         1.7033         0.0483         2.9045         0.0404         0.0000
         5.4800         1.7315         0.0510         2.9737         0.0417         0.0000
         5.5200         1.7450         0.0533         3.0453         0.0434         0.0000
         5.5600         1.7561         0.0528         3.1295         0.0480         0.0000
         5.6000         1.7516         0.0525         3.1923         0.0481         0.0000
         5.6400         1.7480         0.0513         3.2662         0.0474         0.0000
         5.6800         1.7408         0.0443         3.3365         0.0493         0.0000
         5.7200         1.7424         0.0439         3.4190         0.0451         0.0000
         5.7600         1.7436         0.0296         3.5032         0.0457         0.0000
         5.8000         1.7465         0.0462         3.5787         0.0456         0.0000
         5.8400         1.7329         0.0422         3.6649         0.0489         0.0000
         5.8800         1.7372         0.0293         3.6377         0.0478         0.0021
         5.9200         1.7311         0.0280         3.3731         0.0464         0.0339
         5.9600         1.7267         0.0335         2.6663         0.0346         0.1937
         6.0000         1.7113         0.0286         1.8101         0.0239         0.5693
         6.0400         1.6994         0.0273         1.1320         0.0166         1.1036
         6.0800         1.6798         0.0363         0.7332         0.0128         1.6517
         6.1200         1.6690         0.0309         0.5294         0.0100         2.1073
         6.1600         1.6758         0.0259         0.4306         0.0094         2.4386
         6.2000         1.6655         0.0318         0.3949         0.0088         2.6595
         6.2400         1.6533         0.0335         0.3869         0.0095         2.7989
         6.2800         1.6380         0.0315         0.3966         0.0092         2.8836
         6.3200         1.6223         0.0242         0.4220         0.0110         2.9337
         6.3600         1.6134         0.0228         0.4579         0.0115         2.9628
         6.4000         1.6052         0.0270         0.4856         0.0136         2.9794
         6.4400         1.5991         0.0271         0.5146         0.0171         2.9887
         6.4800         1.6064         0.0278         0.5410         0.0145         2.9939
         6.5200         1.5990         0.0254         0.5852         0.0175         2.9967
         6.5600         1.6006         0.0270         0.6228         0.0170         2.9983
         6.6000         1.6106         0.0286         0.6591         0.0177         2.9991
         6.6400         1.6121         0.0286         0.6859         0.0173         2.9995
         6.6800         1.6052         0.0283         0.7209         0.0179         2.9998
         6.7200         1.6078         0.0287         0.7573         0.0244         2.9999
         6.7600         1.6152         0.0276         0.7934         0.0254         2.9999
         6.8000         1.6398         0.0313         0.8326         0.0267         3.0000
         6.8400         1.6469         0.0335         0.8586         0.0279         3.0000
         6.8800         1.6604         0.0325         0.8941         0.0270         3.0000
         6.9200         1.6538         0.0342         0.9199         0.0271         3.0000
         6.9600         1.6600         0.0321         0.9481         0.0296         3.0000
         7.0000         1.6752         0.0328         0.9824         0.0293         3.0000
         7.0400         1.6885         0.0325         1.0046         0.0327         3.0000
         7.0800         1.7066         0.0349         1.0323         0.0312         3.0000
         7.1200         1.7201         0.0333         1.0673         0.0322         3.0000
         7.1600         1.7298         0.0296         1.0814         0.0296         3.0000
         7.2000         1.7375         0.0261         1.1005         0.0283         3.0000
         7.2400         1.7538         0.0278         1.1347         0.0315         3.0000
         7.2800         1.7736         0.0308         1.1498         0.0318         3.0000
         7.3200         1.7934         0.0357         1.1821         0.0317         3.0000
         7.3600         1.8102         0.0354         1.1892         0.0301         3.0000
         7.4000         1.8257         0.0348         1.2163         0.0324         3.0000
         7.4400         1.8523         0.0256         1.2431         0.0368         3.0000
         7.4800         1.8605         0.0359         1.2722         0.0320         3.0000
         7.5200         1.8663         0.0369         1.2936         0.0300         3.0000
         7.5600         1.8804         0.0435         1.3181         0.0297         3.0000
         7.6000         1.8956         0.0364         1.3475         0.0288         3.0000
         7.6400         1.9172         0.0334         1.3610         0.0257         3.0000
         7.6800         1.9443         0.0311         1.3817         0.0218         3.0000
         7.7200         1.9482         0.0332         1.4047         0.0254         3.0000
         7.7600         1.9592         0.0348         1.4179         0.0271         3.0000
         7.8000         1.9762         0.0368         1.4293         0.0252         3.0000
         7.8400         2.0014         0.0392         1.4563         0.0243         3.0000
         7.8800         1.9993         0.0508         1.4643         0.0234         3.0000
         7.9200         2.0274         0.0394         1.4826         0.0208         3.0000
         7.9600         2.0509         0.0388         1.4937         0.0229         3.0000
         8.0000         2.0819         0.0425         1.5144         0.0257         3.0000
         8.0400         2.1164         0.0399         1.5281         0.0255         3.0000
         8.0800         2.1397         0.0373         1.5642         0.0265         3.0000
         8.1200         2.1524         0.0355         1.5833         0.0271         3.0000
         8.1600         2.1871         0.0360         1.6158         0.0267         3.0000
         8.2000         2.2051         0.0386         1.6337         0.0287         3.0000
         8.2400         2.2425         0.0559         1.6544         0.0267         3.0000
         8.2800         2.2750         0.0630         1.6688         0.0269         3.0000
         8.3200         2.2912         0.0595         1.6972         0.0279         3.0000
         8.3600         2.3181         0.0653         1.7118         0.0263         3.0000
         8.4000         2.3445         0.0641         1.7329         0.0265         3.0000
         8.4400         2.3748         0.0597         1.7492         0.0270         3.0000
         8.4800         2.3923         0.0642         1.7413         0.0255         3.0000
         8.5200         2.4175         0.0646         1.7689         0.0267         3.0000
         8.5600         2.4558         0.0624         1.7927         0.0308         3.0000
         8.6000         2.4672         0.0516         1.8044         0.0334         3.0000
         8.6400         2.5027         0.0533         1.8234         0.0312         3.0000
         8.6800         2.5374         0.0529         1.8328         0.0432         3.0000
         8.7200         2.5696         0.0527         1.8551         0.0318         3.0000
         8.7600         2.6035         0.0450         1.8675         0.0304         3.0000
         8.8000         2.6294         0.0568         1.8751         0.0338         3.0000
         8.8400         2.6690         0.0502         1.8846         0.0341         3.0000
         8.8800         2.7098         0.0559         1.8971         0.0297         3.0000
         8.9200         2.7519         0.0550         1.9084         0.0303         3.0000
         8.9600         2.7751         0.0500         1.9084         0.0321         3.0000
         9.0000         2.8128         0.0489         1.9248         0.0301         3.0000
         9.0400         2.8518         0.0478         1.9420         0.0299         3.0000
         9.0800         2.8868         0.0506         1.9427         0.0290         3.0000
         9.1200         2.9152         0.0529         1.9577         0.0307         3.0000
         9.1600         2.9603         0.0504         1.9653         0.0270         3.0000
         9.2000         3.0193         0.0539         1.9857         0.0345         3.0000
         9.2400         3.0496         0.0502         1.9937         0.0365         3.0000
         9.2800         3.1026         0.0477         1.9844         0.0373         3.0000
         9.3200         3.1710         0.0583         2.0013         0.0371         3.0000
         9.3600         3.2376         0.0653         2.0007         0.0411         3.0000
         9.4000         3.2572         0.0611         2.0124         0.0428         3.0000
         9.4400         3.3054         0.0424         2.0215         0.0397         3.0000
         9.4800         3.3586         0.0484         2.0471         0.0395         3.0000
         9.5200         3.3975         0.0523         2.0382         0.0452         3.0000
         9.5600         3.4211         0.0497         2.0473         0.0435         3.0000
         9.6000         3.4710         0.0487         2.0315         0.0363         3.0000
         9.6400         3.5076         0.0472         2.0447         0.0352         3.0000
         9.6800         3.5751         0.0526         2.0355         0.0371         3.0000
         9.7200         3.6362         0.0605         2.0213         0.0362         3.0000
         9.7600         3.7183         0.0561         1.9898         0.0460         3.0000
         9.8000         3.7914         0.0550         1.9767         0.0459         3.0000
         9.8400         3.8723         0.0527         1.9806         0.0482         3.0000
         9.8800         3.9406         0.0569         1.9612         0.0455         3.0000
         9.9200         4.0158         0.0539         1.9618         0.0430         3.0000
         9.9600         4.1122         0.0544         1.9405         0.0416         3.0000
        10.0000         4.1868         0.0447         1.9250         0.0426         3.0000
        10.0400         4.2384         0.0440         1.9109         0.0390         3.0000
        10.0800         4.3291         0.0482         1.8942         0.0411         3.0000
        10.1200         4.4125         0.0499         1.8733         0.0374         3.0000
        10.1600         4.5022         0.0519         1.8349         0.0360         3.0000
        10.2000         4.6161         0.0579         1.7924         0.0325         3.0000
        10.2400         4.7197         0.0590         1.7684         0.0293         3.0000
        10.2800         4.8085         0.0576         1.7262         0.0277         3.0000
        10.3200         4.9143         0.0553         1.6749         0.0239         2.9999
        10.3600         5.0057         0.0562         1.6339         0.0229         2.9999
        10.4000         5.0786         0.0562         1.5774         0.0203         2.9998
        10.4400         5.1589         0.0600         1.5238         0.0193         2.9995
        10.4800         5.2598         0.0641         1.4511         0.0219         2.9991
        10.5200         5.3672         0.0639         1.3887         0.0231         2.9983
        10.5600         5.4873         0.0642         1.3436         0.0253         2.9967
        10.6000         5.5966         0.0652         1.2772         0.0223         2.9939
        10.6400         5.7422         0.0630         1.2176         0.0194         2.9887
        10.6800         5.8269         0.0619         1.1662         0.0183         2.9794
        10.7200         5.9592         0.0615         1.1186         0.0155         2.9628
        10.7600         6.0582         0.0610         1.0816         0.0136         2.9337
        10.8000         6.1728         0.0629         1.0718         0.0129         2.8836
        10.8400         6.2972         0.0671         1.1210         0.0127         2.7989
        10.8800         6.4258         0.0718         1.2604         0.0132         2.6595
        10.9200         6.5642         0.0738         1.5609         0.0144         2.4386
        10.9600         6.7061         0.0738         2.2062         0.0180         2.1073
        11.0000         6.8704         0.0731         3.5242         0.0309         1.6517
        11.0400         7.0439         0.0738         5.7684         0.0517         1.1036
        11.0800         7.2340         0.0826         8.6757         0.0715         0.5693
        11.1200         7.3974         0.0818        11.1534         0.0897         0.1937
        11.1600         7.5651         0.0819        12.3447         0.1045         0.0339
        11.2000         7.7245         0.0849        12.6489         0.1029         0.0021
        11.2400         7.9030         0.0787        12.6814         0.1200         0.0000
        11.2800         8.0654         0.0798        12.6757         0.1073         0.0000
        11.3200         8.2548         0.0853        12.7117         0.1180         0.0000
        11.3600         8.4036         0.0913        12.7003         0.1137         0.0000
        11.4000         8.5847         0.0935        12.7198         0.0902         0.0000
        11.4400         8.7489         0.1023        12.7280         0.0810         0.0000
        11.4800         8.8968         0.0975        12.7601         0.0773         0.0000
        11.5200         9.0602         0.0952        12.7762         0.0807         0.0000
        11.5600         9.1822         0.0951        12.8299         0.0796         0.0000
        11.6000         9.2943         0.0931        12.8752         0.0797         0.0000
        11.6400         9.4265         0.0957        12.8912         0.0798         0.0000
        11.6800         9.5136         0.0888        12.9040         0.0808         0.0000
        11.7200         9.5996         0.0935        12.9386         0.0870         0.0000
        11.7600         9.7361         0.0929        12.9856         0.0887         0.0000
        11.8000         9.8748         0.0764        12.9620         0.0829         0.0000
        11.8400         9.9866         0.0761        12.9732         0.0877         0.0000
        11.8800        10.1242         0.0785        12.9755         0.0868         0.0000
        11.9200        10.2318         0.0967        13.0020         0.0892         0.0000
        11.9600        10.4123         0.1003        13.0154         0.0824         0.0000
        12.0000        10.5303         0.0961        13.0242         0.0869         0.0000
        12.0400        10.6596         0.0910        13.0641         0.0767         0.0000
        12.0800        10.7496         0.0877        13.1007         0.0730         0.0000
        12.1200        10.8884         0.0934        13.1153         0.0840         0.0000
        12.1600        11.0047         0.0991        13.1310         0.0875         0.0000
        12.2000        11.1137         0.0979        13.1253         0.0888         0.0000
        12.2400        11.2461         0.1140        13.1634         0.0924         0.0000
        12.2800        11.3630         0.1076        13.2269         0.0883         0.0000
        12.3200        11.4601         0.1031        13.2287         0.0848         0.0000
        12.3600        11.5868         0.1227        13.2673         0.0898         0.0000
        12.4000        11.7264         0.1008        13.3684         0.0954         0.0000
        12.4400        11.8772         0.1024        13.4316         0.1028         0.0000
        12.4800        11.9945         0.0978        13.4965         0.1046         0.0000
        12.5200        12.1287         0.0942        13.5472         0.1058         0.0000
        12.5600        12.2352         0.0922        13.6235         0.1173         0.0000
        12.6000        12.3303         0.0988        13.6887         0.1105         0.0000
        12.6400        12.4103         0.0993        13.7109         0.0798         0.0000
        12.6800        12.5591         0.0943        13.7901         0.0826         0.0000
        12.7200        12.6486         0.1014        13.8986         0.0956         0.0000
        12.7600        12.7605         0.0808        13.9509         0.0821         0.0000
        12.8000        12.8584         0.0923        13.9894         0.0752         0.0000
        12.8400        12.9454         0.0818        14.0709         0.0798         0.0000
        12.8800        13.0911         0.0816        14.1444         0.0849         0.0000
        12.9200        13.1721         0.0828        14.2235         0.0853         0.0000
        12.9600        13.2732         0.0812        14.2847         0.0865         0.0000
        13.0000        13.3667         0.0821        14.3903         0.0832         0.0000
        13.0400        13.4292         0.0893        14.4531         0.0821         0.0000
        13.0800        13.5256         0.0778        14.5077         0.0817         0.0000
        13.1200        13.6490         0.0686        14.5550         0.0787         0.0000
        13.1600        13.7377         0.0684        14.5893         0.0799         0.0000
        13.2000        13.8656         0.0646        14.6564         0.0827         0.0000
        13.2400        14.0173         0.0664        14.7499         0.0782         0.0000
        13.2800        14.1368         0.0628        14.8680         0.0804         0.0000
        13.3200        14.2328         0.0614        14.9591         0.0837         0.0000
        13.3600        14.3449         0.0643        15.0385         0.0760         0.0000
        13.4000        14.4545         0.0669        15.0981         0.0740         0.0000
        13.4400        14.5881         0.0857        15.1503         0.0781         0.0000
        13.4800        14.6835         0.0851        15.2199         0.0729         0.0000
        13.5200        14.7509         0.0846        15.2842         0.0839         0.0000
        13.5600        14.8181         0.0862        15.3725         0.0828         0.0000
        13.6000        14.9410         0.0880        15.4454         0.0894         0.0000
        13.6400        15.0354         0.0897        15.5373         0.0887         0.0000
        13.6800        15.1472         0.0856        15.5920         0.0909         0.0000
        13.7200        15.2868         0.0897        15.6686         0.0945         0.0000
        13.7600        15.4028         0.0906        15.7433         0.0914         0.0000
        13.8000        15.4879         0.0970        15.7952         0.0941         0.0000
        13.8400        15.6320         0.0928        15.8468         0.0946         0.0000
        13.8800        15.7449         0.0951        15.9267         0.0852         0.0000
        13.9200        15.8593         0.0909        16.0235         0.0918         0.0000
        13.9600        15.9897         0.1081        16.0640         0.0943         0.0000
        14.0000        16.0047         0.1149        16.1335         0.0893         0.0000
        14.0400        16.1195         0.1199        16.1927         0.0809         0.0000
        14.0800        16.2257         0.1175        16.2881         0.0854         0.0000
        14.1200        16.3034         0.1128        16.3483         0.0715         0.0000
        14.1600        16.3997         0.1090        16.4075         0.0739         0.0000
        14.2000        16.4719         0.0895        16.5107         0.0843         0.0000
        14.2400        16.5493         0.0844        16.6263         0.0898         0.0000
        14.2800        16.6765         0.0845        16.7455         0.0928         0.0000
        14.3200        16.7546         0.0824        16.8338         0.0919         0.0000
        14.3600        16.8784         0.0872        16.9082         0.0946         0.0000
        14.4000        16.9691         0.0955        17.0132         0.0786         0.0000
        14.4400        17.0747         0.0924        17.0733         0.0767         0.0000
        14.4800        17.1824         0.0923        17.1162         0.0845         0.0000
        14.5200        17.2963         0.0937        17.2432         0.0817         0.0000
        14.5600        17.4154         0.0897        17.3642         0.0906         0.0000
        14.6000        17.4563         0.0925        17.4697         0.0956         0.0000
        14.6400        17.5923         0.0956        17.5929         0.0942         0.0000
        14.6800        17.6744         0.0936        17.6742         0.0976         0.0000
        14.7200        17.8385         0.0975        17.8081         0.1003         0.0000
        14.7600        17.9624         0.1010        17.8920         0.1064         0.0000
        14.8000        18.0595         0.1042        17.9789         0.1033         0.0000
        14.8400        18.1883         0.1033        18.1179         0.0969         0.0000
        14.8800        18.2979         0.1056        18.2088         0.0945         0.0000
        14.9200        18.3768         0.1022        18.3246         0.0889         0.0000
        14.9600        18.4809         0.0997        18.4314         0.0914         0.0000
        15.0000        18.5690         0.1030        18.5623         0.1018         0.0000
        15.0400        18.6753         0.1004        18.6478         0.0985         0.0000
        15.0800        18.7605         0.1076        18.7335         0.0921         0.0000
        15.1200        18.8947         0.1047        18.8130         0.0818         0.0000
        15.1600        18.9962         0.1056        19.0047         0.0837         0.0000
        15.2000        19.0643         0.1029        19.0614         0.0818         0.0000
        15.2400        19.2043         0.1064        19.2382         0.0868         0.0000
        15.2800        19.2648         0.1086        19.3989         0.1003         0.0000
        15.3200        19.3917         0.1224        19.5290         0.0848         0.0000
        15.3600        19.4456         0.1108        19.6184         0.0922         0.0000
        15.4000        19.6128         0.1158        19.7062         0.0914         0.0000
        15.4400        19.7501         0.1041        19.8004         0.0959         0.0000
        15.4800        19.8744         0.0997        19.9248         0.0979         0.0000
        15.5200        19.9794         0.0953        20.0313         0.1011         0.0000
        15.5600        20.0738         0.0996        20.1789         0.1026         0.0000
        15.6000        20.1783         0.0868        20.2976         0.1069         0.0000
        15.6400        20.2867         0.1008        20.3701         0.1112         0.0000
        15.6800        20.4164         0.1112        20.4731         0.1118         0.0000
        15.7200        20.5260         0.1109        20.5160         0.1243         0.0000
        15.7600        20.6771         0.1137        20.6485         0.1028         0.0000
        15.8000        20.7631         0.0896        20.7620         0.1030         0.0000
        15.8400        20.8073         0.0926        20.8686         0.1020         0.0000
        15.8800        20.9287         0.1030        20.9652         0.0984         0.0000
        15.9200        21.0621         0.0957        21.1351         0.0994         0.0000
        15.9600        21.1626         0.0916        21.2101         0.0974         0.0000
        16.0000        21.2525         0.0885        21.2693         0.1434         0.0000
        16.0400        21.3358         0.0833        21.3414         0.1095         0.0000
        16.0800        21.4254         0.0855        21.4254         0.1332         0.0000
        16.1200        21.5262         0.0977        21.5831         0.0981         0.0000
        16.1600        21.6002         0.1054        21.6794         0.0979         0.0000
        16.2000        21.6998         0.1022        21.7819         0.0948         0.0000
        16.2400        21.8599         0.1077        21.9059         0.0962         0.0000
        16.2800        22.0043         0.1032        22.0036         0.0999         0.0000
        16.3200        22.1079         0.1035        22.1408         0.1046         0.0000
        16.3600        22.2598         0.0968        22.2648         0.1059         0.0000
        16.4000        22.4343         0.1033        22.3603         0.1057         0.0000
        16.4400        22.5162         0.1034        22.4585         0.1044         0.0000
        16.4800        22.6152         0.0998        22.5294         0.1035         0.0000
        16.5200        22.7584         0.0939        22.5997         0.1090         0.0000
        16.5600        22.8397         0.0966        22.7783         0.1198         0.0000
        16.6000        22.9876         0.0869        22.9046         0.1170         0.0000
        16.6400        23.1369         0.0849        23.0227         0.1200         0.0000
        16.6800        23.2270         0.0834        23.1503         0.1352         0.0000
        16.7200        23.3675         0.0778        23.1828         0.1239         0.0000
        16.7600        23.4529         0.0852        23.2818         0.1218         0.0000
        16.8000        23.5560         0.0907        23.3655         0.1179         0.0000
        16.8400        23.6840         0.0882        23.5050         0.1093         0.0000
        16.8800        23.8155         0.1010        23.6424         0.1171         0.0000
        16.9200        23.9628         0.0831        23.7441         0.1153         0.0000
        16.9600        24.0572         0.0920        23.8343         0.1234         0.0000
        17.0000        24.2074         0.1034        23.9407         0.1192         0.0000
        17.0400        24.2802         0.1036        24.0816         0.1155         0.0000
        17.0800        24.4140         0.0975        24.2183         0.1177         0.0000
        17.1200        24.4927         0.0928        24.3567         0.1208         0.0000
        17.1600        24.6156         0.0982        24.5165         0.1184         0.0000
        17.2000        24.6675         0.1123        24.5931         0.1264         0.0000
        17.2400        24.7526         0.1164        24.7123         0.1212         0.0000
        17.2800        24.8800         0.1119        24.8092         0.1252         0.0000
        17.3200        24.9613         0.0981        24.9061         0.1219         0.0000
        17.3600        25.0939         0.0906        25.0310         0.1190         0.0000
        17.4000        25.1957         0.0846        25.1674         0.1222         0.0000
        17.4400        25.3263         0.0919        25.3014         0.1107         0.0000
        17.4800        25.4399         0.1032        25.4132         0.1151         0.0000
        17.5200        25.5182         0.1121        25.5327         0.1089         0.0000
        17.5600        25.6455         0.0945        25.6468         0.1167         0.0000
        17.6000        25.7179         0.0904        25.6969         0.1173         0.0000
        17.6400        25.8140         0.1015        25.7815         0.1174         0.0000
        17.6800        25.9220         0.0857        25.8650         0.1179         0.0000
        17.7200        26.0066         0.0778        25.9951         0.1103         0.0000
        17.7600        26.1164         0.0872        26.1247         0.1049         0.0000
        17.8000        26.2404         0.1020        26.2286         0.1009         0.0000
        17.8400        26.4066         0.0913        26.3372         0.0935         0.0000
        17.8800        26.4954         0.0981        26.4741         0.0918         0.0000
        17.9200        26.6087         0.0916        26.6055         0.0958         0.0000
        17.9600        26.7122         0.1015        26.7022         0.0944         0.0000
        18.0000        26.8613         0.0999        26.7821         0.0990         0.0000
        18.0400        27.0039         0.1190        26.9311         0.0891         0.0000
        18.0800        27.0875         0.1120        27.0569         0.0736         0.0000
        18.1200        27.1503         0.1036        27.1827         0.0708         0.0000
        18.1600        27.3193         0.1080        27.3328         0.0765         0.0000
        18.2000        27.4266         0.1112        27.4703         0.0809         0.0000
        18.2400        27.5683         0.1011        27.6382         0.0814         0.0000
        18.2800        27.6079         0.1010        27.7621         0.0866         0.0000
        18.3200        27.7192         0.1000        27.8545         0.0983         0.0000
        18.3600        27.7460         0.1045        27.9612         0.1236         0.0000
        18.4000        27.9156         0.1066        28.1577         0.1414         0.0000
        18.4400        28.0684         0.1095        28.2314         0.1536         0.0000
        18.4800        28.1418         0.1101        28.3383         0.1526         0.0000
        18.5200        28.2940         0.1032        28.4952         0.1329         0.0000
        18.5600        28.3416         0.1090        28.6052         0.1236         0.0000
        18.6000        28.5113         0.1007        28.7264         0.1412         0.0000
        18.6400        28.6576         0.1062        28.8938         0.1510         0.0000
        18.6800        28.8119         0.1084        28.9754         0.1328         0.0000
        18.7200        28.9942         0.1165        29.1134         0.1359         0.0000
        18.7600        29.0528         0.1127        29.2138         0.1109         0.0000
        18.8000        29.2324         0.1164        29.3533         0.0996         0.0000
        18.8400        29.3387         0.1223        29.4557         0.0913         0.0000
        18.8800        29.4507         0.1333        29.5161         0.0941         0.0000
        18.9200        29.5776         0.1376        29.6252         0.1003         0.0000
        18.9600        29.7341         0.1347        29.7270         0.1050         0.0000
        19.0000        29.8133         0.1403        29.8227         0.1080         0.0000
        19.0400        29.9550         0.1274        29.9426         0.1270         0.0000
        19.0800        30.1210         0.1257        30.0294         0.1288         0.0000
        19.1200        30.3373         0.1301        30.1842         0.1543         0.0000
        19.1600        30.5253         0.1458        30.3064         0.1653         0.0000
        19.2000        30.6434         0.1592        30.4296         0.1699         0.0000
        19.2400        30.8039         0.1454        30.6403         0.1660         0.0000
        19.2800        30.8819         0.1262        30.7843         0.1549         0.0000
        19.3200        30.9876         0.1229        30.9584         0.1396         0.0000
        19.3600        31.0468         0.1232        31.0401         0.1304         0.0000
        19.4000        31.1650         0.1127        31.1347         0.1320         0.0000
        19.4400        31.3190         0.1143        31.2861         0.1353         0.0000
        19.4800        31.3768         0.1185        31.3882         0.1468         0.0000
        19.5200        31.5129         0.1216        31.5713         0.1375         0.0000
        19.5600        31.6314         0.1115        31.7044         0.1417         0.0000
        19.6000        31.7527         0.1166        31.8288         0.1404         0.0000
        19.6400        31.8300         0.1258        31.9972         0.1445         0.0000
        19.6800        31.9262         0.1358        32.0995         0.1559         0.0000
        19.7200        32.0071         0.1400        32.1742         0.1443         0.0000
        19.7600        32.1484         0.1402        32.3244         0.1496         0.0000
        19.8000        32.2345         0.1439        32.4659         0.1562         0.0000
        19.8400        32.3636         0.1425        32.6348         0.1628         0.0000
        19.8800        32.4897         0.1525        32.7454         0.1718         0.0000
        19.9200        32.3924         0.1629        32.7007         0.1785         0.0000
        19.9600        30.5145         0.1646        30.7382         0.1746         0.0000
        20.0000        22.6635         0.1274        22.7777         0.1361         0.0000
