         0.0800         0.0000         0.0000         0.0000         0.0000         0.0000
         0.1200         0.0000         0.0000         0.0000         0.0000         0.0000
         0.1600         0.0000         0.0000         0.0000         0.0000         0.0000
         0.2000         0.0000         0.0000         0.0000         0.0000         0.0000
         0.2400         0.0000         0.0000         0.0000         0.0000         0.0000
         0.2800         0.0000         0.0000         0.0000         0.0000         0.0000
         0.3200         0.0000         0.0000         0.0000         0.0000         0.0000
         0.3600         0.0000         0.0000         0.0000         0.0000         0.0000
         0.4000         0.0000         0.0000         0.0000         0.0000         0.0000
         0.4400         0.0000         0.0000         0.0000         0.0000         0.0000
         0.4800         0.0000         0.0000         0.0000         0.0000         0.0000
         0.5200         0.0000         0.0000         0.0000         0.0000         0.0000
         0.5600         0.0000         0.0000         0.0000         0.0000         0.0000
         0.6000         0.0000         0.0000         0.0000         0.0000         0.0000
         0.6400         0.0000         0.0000         0.0000         0.0000         0.0000
         0.6800         0.0000         0.0000         0.0000         0.0000         0.0000
         0.7200         0.0000         0.0000         0.0000         0.0000         0.0000
         0.7600         0.0000         0.0000         0.0000         0.0000         0.0000
         0.8000         0.0000         0.0000         0.0000         0.0000         0.0000
         0.8400         0.0000         0.0000         0.0000         0.0000         0.0000
         0.8800         0.0000         0.0000         0.0000         0.0000         0.0000
         0.9200         0.0000         0.0000         0.0000         0.0000         0.0000
         0.9600         0.0001         0.0000         0.0000         0.0000         0.0000
         1.0000         0.0006         0.0000         0.0002         0.0000         0.0000
         1.0400         0.0016         0.0001         0.0007         0.0001         0.0000
         1.0800         0.0034         0.0003         0.0012         0.0001         0.0000
         1.1200         0.0053         0.0004         0.0019         0.0002         0.0000
         1.1600         0.0073         0.0006         0.0028         0.0003         0.0000
         1.2000         0.0092         0.0007         0.0035         0.0004         0.0000
         1.2400         0.0116         0.0008         0.0043         0.0005         0.0000
         1.2800         0.0137         0.0009         0.0049         0.0007         0.0000
         1.3200         0.0158         0.0011         0.0058         0.0009         0.0000
         1.3600         0.0186         0.0014         0.0065         0.0011         0.0000
         1.4000         0.0219         0.0014         0.0073         0.0013         0.0000
         1.4400         0.0248         0.0016         0.0084         0.0014         0.0000
         1.4800         0.0279         0.0017         0.0095         0.0015         0.0000
         1.5200         0.0304         0.0018         0.0109         0.0016         0.0000
         1.5600         0.0333         0.0020         0.0126         0.0018         0.0000
         1.6000         0.0364         0.0026         0.0139         0.0020         0.0000
         1.6400         0.0400         0.0029         0.0162         0.0022         0.0000
         1.6800         0.0435         0.0033         0.0176         0.0027         0.0000
         1.7200         0.0469         0.0034         0.0194         0.0023         0.0000
         1.7600         0.0512         0.0030         0.0217         0.0024         0.0000
         1.8000         0.0544         0.0053         0.0230         0.0033         0.0000
         1.8400         0.0584         0.0061         0.0248         0.0037         0.0000
         1.8800         0.0619         0.0063         0.0257         0.0036         0.0000
         1.9200         0.0663         0.0068         0.0277         0.0039         0.0000
         1.9600         0.0708         0.0072         0.0303         0.0042         0.0000
         2.0000         0.0750         0.0075         0.0328         0.0044         0.0000
         2.0400         0.0782         0.0074         0.0353         0.0048         0.0000
         2.0800         0.0829         0.0077         0.0363         0.0048         0.0000
         2.1200         0.0876         0.0079         0.0381         0.0045         0.0000
         2.1600         0.0933         0.0086         0.0407         0.0049         0.0000
         2.2000         0.0982         0.0097         0.0434         0.0050         0.0000
         2.2400         0.1041         0.0095         0.0452         0.0051         0.0000
         2.2800         0.1098         0.0098         0.0479         0.0054         0.0000
         2.3200         0.1153         0.0103         0.0500         0.0053         0.0000
         2.3600         0.1218         0.0111         0.0521         0.0054         0.0000
         2.4000         0.1278         0.0124         0.0550         0.0061         0.0000
         2.4400         0.1342         0.0120         0.0580         0.0065         0.0000
         2.4800         0.1419         0.0128         0.0611         0.0070         0.0000
         2.5200         0.1461         0.0133         0.0636         0.0072         0.0000
         2.5600         0.1524         0.0137         0.0661         0.0074         0.0000
         2.6000         0.1585         0.0144         0.0681         0.0098         0.0000
         2.6400         0.1663         0.0152         0.0707         0.0090         0.0000
         2.6800         0.1733         0.0159         0.0736         0.0094         0.0000
         2.7200         0.1768         0.0164         0.0762         0.0105         0.0000
         2.7600         0.1809         0.0167         0.0780         0.0109         0.0000
         2.8000         0.1882         0.0178         0.0810         0.0114         0.0000
         2.8400         0.1981         0.0183         0.0839         0.0116         0.0000
         2.8800         0.2070         0.0204         0.0872         0.0116         0.0000
         2.9200         0.2156         0.0212         0.0901         0.0126         0.0000
         2.9600         0.2245         0.0230         0.0935         0.0132         0.0000
         3.0000         0.2321         0.0243         0.0970         0.0133         0.0000
         3.0400         0.2393         0.0244         0.0999         0.0139         0.0000
         3.0800         0.2477         0.0245         0.1024         0.0143         0.0000
         3.1200         0.2581         0.0259         0.1044         0.0146         0.0000
         3.1600         0.2636         0.0267         0.1083         0.0149         0.0000
         3.2000         0.2722         0.0271         0.1111         0.0150         0.0000
         3.2400         0.2827         0.0282         0.1158         0.0160         0.0000
         3.2800         0.2935         0.0297         0.1188         0.0169         0.0000
         3.3200         0.3022         0.0308         0.1223         0.0162         0.0000
         3.3600         0.3109         0.0320         0.1257         0.0167         0.0000
         3.4000         0.3193         0.0332         0.1293         0.0171         0.0000
         3.4400         0.3328         0.0347         0.1334         0.0193         0.0000
         3.4800         0.3401         0.0357         0.1396         0.0202         0.0000
         3.5200         0.3533         0.0377         0.1443         0.0201         0.0000
         3.5600         0.3627         0.0381         0.1474         0.0206         0.0000
         3.6000         0.3798         0.0400         0.1515         0.0222         0.0000
         3.6400         0.3908         0.0418         0.1565         0.0232         0.0000
         3.6800         0.4010         0.0420         0.1599         0.0239         0.0000
         3.7200         0.4089         0.0432         0.1644         0.0251         0.0000
         3.7600         0.4201         0.0446         0.1688         0.0254         0.0000
         3.8000         0.4286         0.0450         0.1742         0.0259         0.0000
         3.8400         0.4408         0.0460         0.1799         0.0275         0.0000
         3.8800         0.4517         0.0470         0.1849         0.0276         0.0000
         3.9200         0.4611         0.0474         0.1879         0.0282         0.0000
         3.9600         0.4734         0.0478         0.1934         0.0297         0.0000
         4.0000         0.4890         0.0486         0.1974         0.0301         0.0000
         4.0400         0.5005         0.0499         0.1999         0.0318         0.0000
         4.0800         0.5096         0.0506         0.2058         0.0320         0.0000
         4.1200         0.5204         0.0502         0.2121         0.0325         0.0000
         4.1600         0.5276         0.0507         0.2180         0.0335         0.0000
         4.2000         0.5371         0.0516         0.2243         0.0344         0.0000
         4.2400         0.5475         0.0537         0.2307         0.0363         0.0000
         4.2800         0.5598         0.0550         0.2344         0.0369         0.0000
         4.3200         0.5697         0.0553         0.2373         0.0376         0.0000
         4.3600         0.5837         0.0565         0.2426         0.0390         0.0000
         4.4000         0.5998         0.0569         0.2479         0.0402         0.0000
         4.4400         0.6123         0.0592         0.2519         0.0435         0.0000
         4.4800         0.6240         0.0605         0.2551         0.0436         0.0000
         4.5200         0.6351         0.0614         0.2615         0.0469         0.0000
         4.5600         0.6413         0.0639         0.2640         0.0465         0.0000
         4.6000         0.6513         0.0634         0.2682         0.0464         0.0000
         4.6400         0.6632         0.0648         0.2706         0.0436         0.0000
         4.6800         0.6734         0.0656         0.2735         0.0458         0.0000
         4.7200         0.6840         0.0658         0.2814         0.0477         0.0000
         4.7600         0.6974         0.0669         0.2889         0.0491         0.0000
         4.8000         0.7108         0.0692         0.2942         0.0503         0.0000
         4.8400         0.7235         0.0715         0.2991         0.0526         0.0000
         4.8800         0.7389         0.0717         0.3068         0.0541         0.0000
         4.9200         0.7508         0.0743         0.3107         0.0555         0.0000
         4.9600         0.7588         0.0759         0.3183         0.0576         0.0000
         5.0000         0.7700         0.0765         0.3254         0.0577         0.0000
         5.0400         0.7896         0.0778         0.3288         0.0577         0.0000
         5.0800         0.8075         0.0805         0.3354         0.0575         0.0000
         5.1200         0.8194         0.0813         0.3426         0.0574         0.0000
         5.1600         0.8324         0.0818         0.3500         0.0586         0.0000
         5.2000         0.8470         0.0820         0.3561         0.0601         0.0000
         5.2400         0.8623         0.0832         0.3629         0.0609         0.0000
         5.2800         0.8807         0.0847         0.3736         0.0622         0.0000
         5.3200         0.8914         0.0853         0.3786         0.0627         0.0000
         5.3600         0.9033         0.0854         0.3861         0.0650         0.0000
         5.4000         0.9199         0.0879         0.3908         0.0655         0.0000
         5.4400         0.9347         0.0895         0.3976         0.0644         0.0000
         5.4800         0.9465         0.0902         0.4066         0.0663         0.0000
         5.5200         0.9638         0.0921         0.4142         0.0653         0.0000
         5.5600         0.9791         0.0918         0.4223         0.0653         0.0000
         5.6000         0.9903         0.0922         0.4317         0.0669         0.0000
         5.6400         1.0099         0.0926         0.4388         0.0684         0.0000
         5.6800         1.0295         0.0921         0.4445         0.0698         0.0000
         5.7200         1.0444         0.0935         0.4515         0.0736         0.0000
         5.7600         1.0583         0.0955         0.4565         0.0713         0.0000
         5.8000         1.0788         0.0965         0.4628         0.0720         0.0000
         5.8400         1.1027         0.0993         0.4673         0.0725         0.0000
         5.8800         1.1181         0.1002         0.4628         0.0710         0.0021
         5.9200         1.1403         0.1017         0.4250         0.0647         0.0339
         5.9600         1.1588         0.1007         0.3346         0.0513         0.1937
         6.0000         1.1747         0.1012         0.2216         0.0342         0.5693
         6.0400         1.2011         0.1042         0.1345         0.0196         1.1036
         6.0800         1.2154         0.1054         0.0836         0.0120         1.6517
         6.1200         1.2362         0.1064         0.0567         0.0078         2.1073
         6.1600         1.2552         0.1098         0.0441         0.0060         2.4386
         6.2000         1.2719         0.1099         0.0378         0.0039         2.6595
         6.2400         1.2985         0.1123         0.0357         0.0035         2.7989
         6.2800         1.3183         0.1139         0.0347         0.0032         2.8836
         6.3200         1.3310         0.1122         0.0348         0.0021         2.9337
         6.3600         1.3461         0.1138         0.0348         0.0024         2.9628
         6.4000         1.3627         0.1166         0.0361         0.0026         2.9794
         6.4400         1.3798         0.1162         0.0371         0.0028         2.9887
         6.4800         1.4002         0.1185         0.0380         0.0028         2.9939
         6.5200         1.4229         0.1206         0.0373         0.0035         2.9967
         6.5600         1.4428         0.1218         0.0377         0.0029         2.9983
         6.6000         1.4576         0.1219         0.0381         0.0026         2.9991
         6.6400         1.4763         0.1236         0.0395         0.0027         2.9995
         6.6800         1.5012         0.1253         0.0405         0.0027         2.9998
         6.7200         1.5208         0.1278         0.0408         0.0027         2.9999
         6.7600         1.5385         0.1281         0.0414         0.0037         2.9999
         6.8000         1.5602         0.1297         0.0429         0.0031         3.0000
         6.8400         1.5845         0.1334         0.0435         0.0031         3.0000
         6.8800         1.6104         0.1379         0.0451         0.0035         3.0000
         6.9200         1.6288         0.1390         0.0460         0.0029         3.0000
         6.9600         1.6468         0.1403         0.0467         0.0029         3.0000
         7.0000         1.6712         0.1424         0.0485         0.0038         3.0000
         7.0400         1.6922         0.1417         0.0504         0.0036         3.0000
         7.0800         1.7172         0.1428         0.0511         0.0037         3.0000
         7.1200         1.7392         0.1440         0.0526         0.0039         3.0000
         7.1600         1.7585         0.1462         0.0535         0.0044         3.0000
         7.2000         1.7804         0.1471         0.0550         0.0042         3.0000
         7.2400         1.8025         0.1466         0.0550         0.0032         3.0000
         7.2800         1.8248         0.1469         0.0562         0.0034         3.0000
         7.3200         1.8480         0.1477         0.0572         0.0035         3.0000
         7.3600         1.8737         0.1493         0.0579         0.0041         3.0000
         7.4000         1.8953         0.1503         0.0597         0.0038         3.0000
         7.4400         1.9150         0.1524         0.0618         0.0043         3.0000
         7.4800         1.9415         0.1539         0.0644         0.0044         3.0000
         7.5200         1.9682         0.1536         0.0650         0.0047         3.0000
         7.5600         1.9908         0.1562         0.0669         0.0049         3.0000
         7.6000         2.0123         0.1590         0.0694         0.0052         3.0000
         7.6400         2.0447         0.1585         0.0714         0.0053         3.0000
         7.6800         2.0677         0.1604         0.0724         0.0054         3.0000
         7.7200         2.0855         0.1595         0.0740         0.0052         3.0000
         7.7600         2.1089         0.1620         0.0744         0.0051         3.0000
         7.8000         2.1428         0.1639         0.0766         0.0053         3.0000
         7.8400         2.1575         0.1669         0.0782         0.0059         3.0000
         7.8800         2.1763         0.1677         0.0790         0.0060         3.0000
         7.9200         2.2041         0.1695         0.0801         0.0063         3.0000
         7.9600         2.2315         0.1724         0.0815         0.0062         3.0000
         8.0000         2.2624         0.1727         0.0839         0.0065         3.0000
         8.0400         2.2918         0.1751         0.0852         0.0066         3.0000
         8.0800         2.3187         0.1776         0.0861         0.0064         3.0000
         8.1200         2.3461         0.1792         0.0877         0.0064         3.0000
         8.1600         2.3839         0.1819         0.0892         0.0063         3.0000
         8.2000         2.4150         0.1832         0.0910         0.0066         3.0000
         8.2400         2.4441         0.1871         0.0929         0.0063         3.0000
         8.2800         2.4760         0.1881         0.0947         0.0062         3.0000
         8.3200         2.5116         0.1903         0.0977         0.0062         3.0000
         8.3600         2.5377         0.1922         0.0996         0.0064         3.0000
         8.4000         2.5635         0.1934         0.1004         0.0069         3.0000
         8.4400         2.5854         0.1961         0.1021         0.0070         3.0000
         8.4800         2.6126         0.1978         0.1047         0.0069         3.0000
         8.5200         2.6428         0.1991         0.1072         0.0068         3.0000
         8.5600         2.6624         0.1997         0.1083         0.0064         3.0000
         8.6000         2.6850         0.2018         0.1108         0.0070         3.0000
         8.6400         2.7127         0.2018         0.1132         0.0066         3.0000
         8.6800         2.7365         0.2049         0.1146         0.0073         3.0000
         8.7200         2.7596         0.2065         0.1167         0.0075         3.0000
         8.7600         2.7823         0.2071         0.1187         0.0078         3.0000
         8.8000         2.8122         0.2069         0.1221         0.0082         3.0000
         8.8400         2.8408         0.2093         0.1245         0.0083         3.0000
         8.8800         2.8577         0.2097         0.1255         0.0080         3.0000
         8.9200         2.8928         0.2112         0.1244         0.0074         3.0000
         8.9600         2.9189         0.2131         0.1258         0.0078         3.0000
         9.0000         2.9469         0.2133         0.1275         0.0078         3.0000
         9.0400         2.9752         0.2190         0.1280         0.0079         3.0000
         9.0800         3.0053         0.2216         0.1276         0.0078         3.0000
         9.1200         3.0390         0.2232         0.1296         0.0080         3.0000
         9.1600         3.0722         0.2233         0.1315         0.0079         3.0000
         9.2000         3.0954         0.2250         0.1339         0.0084         3.0000
         9.2400         3.1226         0.2238         0.1370         0.0083         3.0000
         9.2800         3.1508         0.2238         0.1388         0.0082         3.0000
         9.3200         3.1809         0.2261         0.1418         0.0084         3.0000
         9.3600         3.2156         0.2287         0.1429         0.0084         3.0000
         9.4000         3.2331         0.2311         0.1440         0.0085         3.0000
         9.4400         3.2712         0.2334         0.1455         0.0087         3.0000
         9.4800         3.2942         0.2334         0.1468         0.0087         3.0000
         9.5200         3.3204         0.2376         0.1488         0.0084         3.0000
         9.5600         3.3394         0.2392         0.1496         0.0087         3.0000
         9.6000         3.3665         0.2348         0.1514         0.0088         3.0000
         9.6400         3.4027         0.2371         0.1540         0.0087         3.0000
         9.6800         3.4383         0.2390         0.1579         0.0089         3.0000
         9.7200         3.4749         0.2385         0.1601         0.0089         3.0000
         9.7600         3.5128         0.2393         0.1639         0.0091         3.0000
         9.8000         3.5353         0.2377         0.1650         0.0081         3.0000
         9.8400         3.5670         0.2409         0.1645         0.0084         3.0000
         9.8800         3.6087         0.2410         0.1663         0.0087         3.0000
         9.9200         3.6304         0.2426         0.1685         0.0087         3.0000
         9.9600         3.6494         0.2431         0.1710         0.0087         3.0000
        10.0000         3.6740         0.2420         0.1743         0.0090         3.0000
        10.0400         3.7015         0.2380         0.1773         0.0090         3.0000
        10.0800         3.7202         0.2378         0.1797         0.0093         3.0000
        10.1200         3.7552         0.2430         0.1829         0.0095         3.0000
        10.1600         3.7935         0.2419         0.1850         0.0095         3.0000
        10.2000         3.8261         0.2439         0.1863         0.0097         3.0000
        10.2400         3.8576         0.2462         0.1892         0.0103         3.0000
        10.2800         3.8972         0.2480         0.1927         0.0092         3.0000
        10.3200         3.9274         0.2491         0.1962         0.0097         2.9999
        10.3600         3.9645         0.2507         0.1990         0.0089         2.9999
        10.4000         4.0002         0.2519         0.2013         0.0079         2.9998
        10.4400         4.0395         0.2543         0.2046         0.0088         2.9995
        10.4800         4.0747         0.2556         0.2064         0.0090         2.9991
        10.5200         4.1095         0.2596         0.2094         0.0084         2.9983
        10.5600         4.1432         0.2614         0.2125         0.0092         2.9967
        10.6000         4.1759         0.2614         0.2144         0.0085         2.9939
        10.6400         4.2036         0.2614         0.2191         0.0096         2.9887
        10.6800         4.2384         0.2593         0.2226         0.0095         2.9794
        10.7200         4.2807         0.2616         0.2331         0.0100         2.9628
        10.7600         4.3249         0.2642         0.2436         0.0105         2.9337
        10.8000         4.3627         0.2634         0.2647         0.0116         2.8836
        10.8400         4.3992         0.2647         0.3002         0.0128         2.7989
        10.8800         4.4274         0.2629         0.3660         0.0150         2.6595
        10.9200         4.4690         0.2639         0.4934         0.0203         2.4386
        10.9600         4.4990         0.2638         0.7414         0.0295         2.1073
        11.0000         4.5322         0.2688         1.2457         0.0505         1.6517
        11.0400         4.5691         0.2689         2.1172         0.0860         1.1036
        11.0800         4.6041         0.2665         3.2472         0.1316         0.5693
        11.1200         4.6343         0.2635         4.2047         0.1679         0.1937
        11.1600         4.6734         0.2663         4.7056         0.1892         0.0339
        11.2000         4.7188         0.2638         4.8734         0.1973         0.0021
        11.2400         4.7495         0.2671         4.9284         0.1980         0.0000
        11.2800         4.7761         0.2608         4.9685         0.2005         0.0000
        11.3200         4.8076         0.2629         5.0134         0.2037         0.0000
        11.3600         4.8543         0.2667         5.0560         0.2058         0.0000
        11.4000         4.8919         0.2660         5.0929         0.2068         0.0000
        11.4400         4.9322         0.2677         5.1327         0.2078         0.0000
        11.4800         4.9781         0.2617         5.1615         0.2090         0.0000
        11.5200         5.0017         0.2566         5.1922         0.2101         0.0000
        11.5600         5.0425         0.2538         5.2281         0.2080         0.0000
        11.6000         5.0762         0.2509         5.2553         0.2094         0.0000
        11.6400         5.1063         0.2487         5.2954         0.2109         0.0000
        11.6800         5.1441         0.2494         5.3208         0.2121         0.0000
        11.7200         5.1758         0.2491         5.3635         0.2115         0.0000
        11.7600         5.2237         0.2492         5.4026         0.2123         0.0000
        11.8000         5.2762         0.2504         5.4204         0.2148         0.0000
        11.8400         5.3201         0.2494         5.4511         0.2116         0.0000
        11.8800         5.3567         0.2494         5.4829         0.2126         0.0000
        11.9200         5.4026         0.2519         5.5197         0.2143         0.0000
        11.9600         5.4404         0.2524         5.5516         0.2147         0.0000
        12.0000         5.4832         0.2522         5.5895         0.2160         0.0000
        12.0400         5.5300         0.2550         5.6193         0.2175         0.0000
        12.0800         5.5711         0.2536         5.6526         0.2165         0.0000
        12.1200         5.6100         0.2551         5.6740         0.2123         0.0000
        12.1600         5.6492         0.2560         5.7105         0.2109         0.0000
        12.2000         5.6768         0.2529         5.7583         0.2100         0.0000
        12.2400         5.7061         0.2532         5.8235         0.2108         0.0000
        12.2800         5.7445         0.2452         5.8544         0.2104         0.0000
        12.3200         5.7853         0.2468         5.8923         0.2123         0.0000
        12.3600         5.8193         0.2529         5.9279         0.2126         0.0000
        12.4000         5.8727         0.2530         5.9735         0.2114         0.0000
        12.4400         5.9090         0.2514         6.0143         0.2112         0.0000
        12.4800         5.9647         0.2476         6.0647         0.2126         0.0000
        12.5200         6.0076         0.2487         6.1072         0.2115         0.0000
        12.5600         6.0464         0.2514         6.1443         0.2160         0.0000
        12.6000         6.0905         0.2540         6.1772         0.2126         0.0000
        12.6400         6.1375         0.2559         6.2274         0.2154         0.0000
        12.6800         6.1713         0.2517         6.2674         0.2164         0.0000
        12.7200         6.2118         0.2529         6.3063         0.2167         0.0000
        12.7600         6.2469         0.2521         6.3517         0.2160         0.0000
        12.8000         6.2832         0.2467         6.3912         0.2151         0.0000
        12.8400         6.3341         0.2476         6.4263         0.2152         0.0000
        12.8800         6.3724         0.2461         6.4717         0.2158         0.0000
        12.9200         6.4106         0.2455         6.5162         0.2128         0.0000
        12.9600         6.4441         0.2465         6.5592         0.2156         0.0000
        13.0000         6.4842         0.2443         6.5956         0.2187         0.0000
        13.0400         6.5183         0.2445         6.6438         0.2195         0.0000
        13.0800         6.5652         0.2461         6.6933         0.2199         0.0000
        13.1200         6.6052         0.2485         6.7369         0.2190         0.0000
        13.1600         6.6606         0.2507         6.7896         0.2268         0.0000
        13.2000         6.6937         0.2498         6.8429         0.2271         0.0000
        13.2400         6.7489         0.2513         6.8812         0.2274         0.0000
        13.2800         6.8099         0.2594         6.9225         0.2303         0.0000
        13.3200         6.8462         0.2510         6.9730         0.2312         0.0000
        13.3600         6.8890         0.2478         7.0332         0.2308         0.0000
        13.4000         6.9481         0.2453         7.0665         0.2304         0.0000
        13.4400         7.0026         0.2451         7.1057         0.2307         0.0000
        13.4800         7.0512         0.2466         7.1602         0.2297         0.0000
        13.5200         7.1002         0.2436         7.2182         0.2276         0.0000
        13.5600         7.1533         0.2414         7.2589         0.2232         0.0000
        13.6000         7.1939         0.2366         7.3117         0.2211         0.0000
        13.6400         7.2440         0.2334         7.3520         0.2219         0.0000
        13.6800         7.2935         0.2374         7.3956         0.2219         0.0000
        13.7200         7.3372         0.2176         7.4475         0.2223         0.0000
        13.7600         7.3749         0.2205         7.4851         0.2240         0.0000
        13.8000         7.4163         0.2181         7.5460         0.2230         0.0000
        13.8400         7.4607         0.2161         7.5912         0.2197         0.0000
        13.8800         7.5116         0.2131         7.6261         0.2180         0.0000
        13.9200         7.5627         0.2233         7.6638         0.2163         0.0000
        13.9600         7.6082         0.2004         7.7016         0.2146         0.0000
        14.0000         7.6726         0.1866         7.7363         0.2139         0.0000
        14.0400         7.7179         0.1851         7.7829         0.2133         0.0000
        14.0800         7.7649         0.1827         7.8254         0.2144         0.0000
        14.1200         7.8121         0.1812         7.8691         0.2120         0.0000
        14.1600         7.8624         0.1773         7.9236         0.2082         0.0000
        14.2000         7.9127         0.1759         7.9775         0.2066         0.0000
        14.2400         7.9539         0.1687         8.0203         0.2058         0.0000
        14.2800         7.9949         0.1644         8.0731         0.2035         0.0000
        14.3200         8.0417         0.1618         8.1304         0.2040         0.0000
        14.3600         8.1080         0.1606         8.1795         0.2050         0.0000
        14.4000         8.1652         0.1595         8.2365         0.2030         0.0000
        14.4400         8.2025         0.1550         8.2952         0.2040         0.0000
        14.4800         8.2439         0.1563         8.3505         0.2004         0.0000
        14.5200         8.2823         0.1566         8.4043         0.1982         0.0000
        14.5600         8.3353         0.1560         8.4553         0.1940         0.0000
        14.6000         8.3866         0.1496         8.5185         0.1925         0.0000
        14.6400         8.4354         0.1505         8.5672         0.1891         0.0000
        14.6800         8.4881         0.1475         8.6352         0.1856         0.0000
        14.7200         8.5378         0.1407         8.6943         0.1815         0.0000
        14.7600         8.5881         0.1391         8.7416         0.1826         0.0000
        14.8000         8.6598         0.1400         8.7845         0.1771         0.0000
        14.8400         8.7102         0.1383         8.8439         0.1771         0.0000
        14.8800         8.7656         0.1360         8.8964         0.1626         0.0000
        14.9200         8.8008         0.1345         8.9413         0.1637         0.0000
        14.9600         8.8697         0.1327         8.9903         0.1610         0.0000
        15.0000         8.9211         0.1326         9.0514         0.1667         0.0000
        15.0400         8.9982         0.1330         9.1141         0.1637         0.0000
        15.0800         9.0627         0.1306         9.1665         0.1557         0.0000
        15.1200         9.1197         0.1266         9.2450         0.1538         0.0000
        15.1600         9.1601         0.1235         9.2860         0.1517         0.0000
        15.2000         9.2169         0.1205         9.3411         0.1510         0.0000
        15.2400         9.2851         0.1180         9.3883         0.1438         0.0000
        15.2800         9.3364         0.1176         9.4462         0.1404         0.0000
        15.3200         9.3825         0.1143         9.5107         0.1384         0.0000
        15.3600         9.4326         0.1144         9.5688         0.1374         0.0000
        15.4000         9.4873         0.1132         9.6293         0.1336         0.0000
        15.4400         9.5567         0.1121         9.6812         0.1288         0.0000
        15.4800         9.6127         0.1084         9.7414         0.1251         0.0000
        15.5200         9.6807         0.1102         9.8007         0.1243         0.0000
        15.5600         9.7260         0.1063         9.8572         0.1220         0.0000
        15.6000         9.7781         0.1048         9.9122         0.1202         0.0000
        15.6400         9.8445         0.1023         9.9593         0.1194         0.0000
        15.6800         9.8986         0.1012        10.0189         0.1207         0.0000
        15.7200         9.9581         0.1016        10.0769         0.1167         0.0000
        15.7600        10.0218         0.1007        10.1375         0.1139         0.0000
        15.8000        10.0815         0.1018        10.2104         0.1089         0.0000
        15.8400        10.1448         0.1017        10.2621         0.1102         0.0000
        15.8800        10.1889         0.1001        10.3181         0.1075         0.0000
        15.9200        10.2538         0.0997        10.3694         0.1041         0.0000
        15.9600        10.3237         0.0963        10.4242         0.1027         0.0000
        16.0000        10.3829         0.0958        10.4871         0.1014         0.0000
        16.0400        10.4223         0.0952        10.5535         0.0992         0.0000
        16.0800        10.4716         0.0952        10.6013         0.0987         0.0000
        16.1200        10.5199         0.0959        10.6619         0.0984         0.0000
        16.1600        10.5675         0.0958        10.7173         0.0977         0.0000
        16.2000        10.6423         0.0942        10.7661         0.0955         0.0000
        16.2400        10.6970         0.0964        10.8247         0.0921         0.0000
        16.2800        10.7720         0.1000        10.8853         0.0908         0.0000
        16.3200        10.8137         0.1006        10.9545         0.0912         0.0000
        16.3600        10.8719         0.1017        11.0227         0.0884         0.0000
        16.4000        10.9399         0.1056        11.0810         0.0885         0.0000
        16.4400        10.9855         0.1044        11.1327         0.0882         0.0000
        16.4800        11.0593         0.1044        11.2019         0.0885         0.0000
        16.5200        11.1192         0.1054        11.2443         0.0877         0.0000
        16.5600        11.1716         0.1014        11.3204         0.0949         0.0000
        16.6000        11.2188         0.1025        11.3876         0.0883         0.0000
        16.6400        11.2816         0.1021        11.4513         0.0899         0.0000
        16.6800        11.3277         0.1029        11.5084         0.0913         0.0000
        16.7200        11.4122         0.1026        11.5759         0.0939         0.0000
        16.7600        11.4582         0.1049        11.6190         0.0949         0.0000
        16.8000        11.5197         0.1056        11.6906         0.1017         0.0000
        16.8400        11.5902         0.1057        11.7642         0.1047         0.0000
        16.8800        11.6419         0.1072        11.8233         0.1074         0.0000
        16.9200        11.7021         0.1109        11.8939         0.1092         0.0000
        16.9600        11.7723         0.1196        11.9619         0.1271         0.0000
        17.0000        11.8241         0.1271        12.0217         0.1539         0.0000
        17.0400        11.8886         0.1314        12.0908         0.1617         0.0000
        17.0800        11.9563         0.1400        12.1436         0.1710         0.0000
        17.1200        12.0283         0.1453        12.1935         0.1754         0.0000
        17.1600        12.0827         0.1646        12.2632         0.1857         0.0000
        17.2000        12.1643         0.1559        12.3207         0.1972         0.0000
        17.2400        12.2326         0.1772        12.3805         0.1931         0.0000
        17.2800        12.3009         0.1845        12.4706         0.1988         0.0000
        17.3200        12.3674         0.1897        12.5402         0.2068         0.0000
        17.3600        12.4471         0.1960        12.6169         0.2111         0.0000
        17.4000        12.5395         0.2035        12.6749         0.2132         0.0000
        17.4400        12.6004         0.2101        12.7413         0.2158         0.0000
        17.4800        12.6749         0.2175        12.7900         0.2178         0.0000
        17.5200        12.7278         0.2252        12.8803         0.2214         0.0000
        17.5600        12.7864         0.2300        12.9418         0.2234         0.0000
        17.6000        12.8649         0.2383        13.0102         0.2298         0.0000
        17.6400        12.9514         0.2483        13.0941         0.2418         0.0000
        17.6800        13.0342         0.2525        13.1493         0.2443         0.0000
        17.7200        13.1038         0.2673        13.2219         0.2559         0.0000
        17.7600        13.1727         0.2709        13.2737         0.2712         0.0000
        17.8000        13.2312         0.2769        13.3539         0.2710         0.0000
        17.8400        13.3136         0.2877        13.4147         0.2764         0.0000
        17.8800        13.3952         0.2996        13.4816         0.2799         0.0000
        17.9200        13.4565         0.3099        13.5490         0.2775         0.0000
        17.9600        13.5139         0.3192        13.6418         0.2898         0.0000
        18.0000        13.5996         0.3309        13.7125         0.2953         0.0000
        18.0400        13.6971         0.3427        13.7709         0.3087         0.0000
        18.0800        13.7398         0.3491        13.8686         0.3124         0.0000
        18.1200        13.8011         0.3597        13.9337         0.3364         0.0000
        18.1600        13.8688         0.3669        14.0094         0.3451         0.0000
        18.2000        13.9404         0.3852        14.0650         0.3443         0.0000
        18.2400        14.0251         0.3940        14.1541         0.3555         0.0000
        18.2800        14.1221         0.4060        14.2117         0.3597         0.0000
        18.3200        14.2075         0.4161        14.2957         0.3671         0.0000
        18.3600        14.2808         0.4244        14.3646         0.3957         0.0000
        18.4000        14.3298         0.4351        14.4409         0.4076         0.0000
        18.4400        14.4034         0.4323        14.5271         0.3995         0.0000
        18.4800        14.4935         0.4486        14.6011         0.4069         0.0000
        18.5200        14.5466         0.4558        14.6759         0.4071         0.0000
        18.5600        14.6476         0.4735        14.7306         0.4229         0.0000
        18.6000        14.7381         0.4807        14.8144         0.4272         0.0000
        18.6400        14.8116         0.4888        14.8742         0.4457         0.0000
        18.6800        14.8744         0.4974        14.9526         0.4565         0.0000
        18.7200        14.9461         0.5012        15.0387         0.4731         0.0000
        18.7600        15.0258         0.5033        15.0985         0.4791         0.0000
        18.8000        15.0931         0.5013        15.2144         0.4986         0.0000
        18.8400        15.1873         0.5183        15.2846         0.5110         0.0000
        18.8800        15.2700         0.5231        15.3688         0.5231         0.0000
        18.9200        15.3224         0.5418        15.4325         0.5340         0.0000
        18.9600        15.3736         0.5486        15.4898         0.5520         0.0000
        19.0000        15.4512         0.5688        15.5523         0.5639         0.0000
        19.0400        15.5323         0.5838        15.6043         0.5742         0.0000
        19.0800        15.6078         0.5981        15.6520         0.5870         0.0000
        19.1200        15.6898         0.6083        15.7366         0.6056         0.0000
        19.1600        15.7770         0.6171        15.7953         0.6087         0.0000
        19.2000        15.8334         0.6180        15.8715         0.6165         0.0000
        19.2400        15.9217         0.6042        15.9481         0.6250         0.0000
        19.2800        16.0102         0.6244        16.0347         0.6356         0.0000
        19.3200        16.0869         0.6316        16.0979         0.6447         0.0000
        19.3600        16.1663         0.6453        16.1767         0.6597         0.0000
        19.4000        16.2555         0.6685        16.2686         0.6730         0.0000
        19.4400        16.3350         0.6770        16.3620         0.6851         0.0000
        19.4800        16.4191         0.7004        16.4367         0.6951         0.0000
        19.5200        16.4924         0.6946        16.5082         0.7115         0.0000
        19.5600        16.5698         0.7090        16.5927         0.7306         0.0000
        19.6000        16.6390         0.7277        16.6774         0.7481         0.0000
        19.6400        16.7395         0.7434        16.7770         0.7694         0.0000
        19.6800        16.8310         0.7562        16.8648         0.7814         0.0000
        19.7200        16.9248         0.7439        16.9531         0.7872         0.0000
        19.7600        17.0101         0.7577        17.0448         0.7964         0.0000
        19.8000        17.0914         0.7757        17.1557         0.8121         0.0000
        19.8400        17.1953         0.7849        17.2257         0.8247         0.0000
        19.8800        17.2841         0.8055        17.3098         0.8243         0.0000
        19.9200        17.2422         0.8132        17.2742         0.8351         0.0000
        19.9600        16.2241         0.7788        16.2621         0.7945         0.0000
        20.0000        12.0599         0.5918        12.0723         0.5961         0.0000
