         0.0800         0.0000         0.0000         0.0000         0.0000         0.0000
         0.1200         0.0000         0.0000         0.0000         0.0000         0.0000
         0.1600         0.0000         0.0000         0.0000         0.0000         0.0000
         0.2000         0.0000         0.0000         0.0000         0.0000         0.0000
         0.2400         0.0000         0.0000         0.0000         0.0000         0.0000
         0.2800         0.0000         0.0000         0.0000         0.0000         0.0000
         0.3200         0.0000         0.0000         0.0000         0.0000         0.0000
         0.3600         0.0000         0.0000         0.0000         0.0000         0.0000
         0.4000         0.0000         0.0000         0.0000         0.0000         0.0000
         0.4400         0.0000         0.0000         0.0000         0.0000         0.0000
         0.4800         0.0000         0.0000         0.0000         0.0000         0.0000
         0.5200         0.0000         0.0000         0.0000         0.0000         0.0000
         0.5600         0.0000         0.0000         0.0000         0.0000         0.0000
         0.6000         0.0000         0.0000         0.0000         0.0000         0.0000
         0.6400         0.0000         0.0000         0.0000         0.0000         0.0000
         0.6800         0.0000         0.0000         0.0000         0.0000         0.0000
         0.7200         0.0000         0.0000         0.0000         0.0000         0.0000
         0.7600         0.0000         0.0000         0.0000         0.0000         0.0000
         0.8000         0.0000         0.0000         0.0000         0.0000         0.0000
         0.8400         0.0000         0.0000         0.0000         0.0000         0.0000
         0.8800         0.0000         0.0000         0.0000         0.0000         0.0000
         0.9200         0.0000         0.0000         0.0000         0.0000         0.0000
         0.9600         0.0001         0.0000         0.0001         0.0000         0.0000
         1.0000         0.0007         0.0000         0.0003         0.0000         0.0000
         1.0400         0.0020         0.0002         0.0009         0.0001         0.0000
         1.0800         0.0037         0.0003         0.0016         0.0002         0.0000
         1.1200         0.0056         0.0005         0.0024         0.0003         0.0000
         1.1600         0.0079         0.0006         0.0032         0.0004         0.0000
         1.2000         0.0099         0.0007         0.0042         0.0005         0.0000
         1.2400         0.0124         0.0010         0.0050         0.0005         0.0000
         1.2800         0.0148         0.0011         0.0058         0.0005         0.0000
         1.3200         0.0170         0.0012         0.0069         0.0006         0.0000
         1.3600         0.0191         0.0014         0.0081         0.0007         0.0000
         1.4000         0.0219         0.0016         0.0094         0.0009         0.0000
         1.4400         0.0245         0.0017         0.0106         0.0009         0.0000
         1.4800         0.0278         0.0019         0.0120         0.0010         0.0000
         1.5200         0.0317         0.0021         0.0132         0.0010         0.0000
         1.5600         0.0356         0.0023         0.0146         0.0012         0.0000
         1.6000         0.0394         0.0024         0.0157         0.0012         0.0000
         1.6400         0.0424         0.0026         0.0171         0.0013         0.0000
         1.6800         0.0458         0.0028         0.0189         0.0013         0.0000
         1.7200         0.0502         0.0030         0.0201         0.0013         0.0000
         1.7600         0.0552         0.0033         0.0214         0.0014         0.0000
         1.8000         0.0606         0.0036         0.0231         0.0015         0.0000
         1.8400         0.0653         0.0037         0.0247         0.0015         0.0000
         1.8800         0.0690         0.0039         0.0268         0.0016         0.0000
         1.9200         0.0723         0.0037         0.0281         0.0016         0.0000
         1.9600         0.0772         0.0041         0.0303         0.0017         0.0000
         2.0000         0.0809         0.0037         0.0339         0.0022         0.0000
         2.0400         0.0859         0.0043         0.0360         0.0021         0.0000
         2.0800         0.0896         0.0044         0.0384         0.0023         0.0000
         2.1200         0.0956         0.0042         0.0404         0.0023         0.0000
         2.1600         0.1018         0.0045         0.0437         0.0024         0.0000
         2.2000         0.1069         0.0048         0.0468         0.0025         0.0000
         2.2400         0.1124         0.0048         0.0496         0.0026         0.0000
         2.2800         0.1178         0.0051         0.0524         0.0027         0.0000
         2.3200         0.1235         0.0050         0.0558         0.0029         0.0000
         2.3600         0.1305         0.0050         0.0580         0.0028         0.0000
         2.4000         0.1373         0.0053         0.0622         0.0029         0.0000
         2.4400         0.1442         0.0051         0.0653         0.0028         0.0000
         2.4800         0.1519         0.0052         0.0683         0.0028         0.0000
         2.5200         0.1586         0.0056         0.0723         0.0030         0.0000
         2.5600         0.1648         0.0057         0.0758         0.0030         0.0000
         2.6000         0.1707         0.0057         0.0783         0.0031         0.0000
         2.6400         0.1770         0.0062         0.0813         0.0030         0.0000
         2.6800         0.1836         0.0071         0.0855         0.0033         0.0000
         2.7200         0.1901         0.0069         0.0886         0.0035         0.0000
         2.7600         0.1970         0.0069         0.0919         0.0038         0.0000
         2.8000         0.2068         0.0067         0.0960         0.0040         0.0000
         2.8400         0.2156         0.0067         0.1002         0.0041         0.0000
         2.8800         0.2243         0.0071         0.1030         0.0039         0.0000
         2.9200         0.2331         0.0071         0.1066         0.0040         0.0000
         2.9600         0.2423         0.0076         0.1101         0.0051         0.0000
         3.0000         0.2520         0.0082         0.1122         0.0049         0.0000
         3.0400         0.2583         0.0080         0.1169         0.0044         0.0000
         3.0800         0.2645         0.0090         0.1217         0.0043         0.0000
         3.1200         0.2766         0.0090         0.1266         0.0044         0.0000
         3.1600         0.2866         0.0087         0.1313         0.0046         0.0000
         3.2000         0.2961         0.0092         0.1360         0.0047         0.0000
         3.2400         0.3065         0.0095         0.1414         0.0050         0.0000
         3.2800         0.3171         0.0095         0.1467         0.0054         0.0000
         3.3200         0.3266         0.0096         0.1507         0.0050         0.0000
         3.3600         0.3343         0.0095         0.1545         0.0049         0.0000
         3.4000         0.3476         0.0097         0.1582         0.0053         0.0000
         3.4400         0.3549         0.0109         0.1636         0.0055         0.0000
         3.4800         0.3637         0.0111         0.1675         0.0056         0.0000
         3.5200         0.3730         0.0113         0.1725         0.0062         0.0000
         3.5600         0.3859         0.0116         0.1762         0.0064         0.0000
         3.6000         0.3971         0.0141         0.1802         0.0066         0.0000
         3.6400         0.4063         0.0158         0.1877         0.0070         0.0000
         3.6800         0.4131         0.0152         0.1910         0.0073         0.0000
         3.7200         0.4216         0.0143         0.1952         0.0077         0.0000
         3.7600         0.4348         0.0150         0.2021         0.0082         0.0000
         3.8000         0.4459         0.0151         0.2065         0.0076         0.0000
         3.8400         0.4552         0.0152         0.2125         0.0079         0.0000
         3.8800         0.4637         0.0153         0.2163         0.0082         0.0000
         3.9200         0.4739         0.0148         0.2208         0.0084         0.0000
         3.9600         0.4832         0.0149         0.2261         0.0071         0.0000
         4.0000         0.4914         0.0145         0.2318         0.0077         0.0000
         4.0400         0.5050         0.0138         0.2386         0.0074         0.0000
         4.0800         0.5166         0.0125         0.2427         0.0074         0.0000
         4.1200         0.5280         0.0126         0.2478         0.0075         0.0000
         4.1600         0.5420         0.0130         0.2522         0.0071         0.0000
         4.2000         0.5562         0.0125         0.2607         0.0067         0.0000
         4.2400         0.5734         0.0125         0.2673         0.0060         0.0000
         4.2800         0.5847         0.0131         0.2712         0.0059         0.0000
         4.3200         0.5995         0.0125         0.2754         0.0067         0.0000
         4.3600         0.6149         0.0129         0.2813         0.0057         0.0000
         4.4000         0.6314         0.0168         0.2883         0.0056         0.0000
         4.4400         0.6486         0.0163         0.2944         0.0056         0.0000
         4.4800         0.6615         0.0165         0.2995         0.0093         0.0000
         4.5200         0.6747         0.0163         0.3047         0.0102         0.0000
         4.5600         0.6930         0.0174         0.3086         0.0105         0.0000
         4.6000         0.7078         0.0198         0.3156         0.0100         0.0000
         4.6400         0.7227         0.0209         0.3246         0.0127         0.0000
         4.6800         0.7375         0.0176         0.3289         0.0126         0.0000
         4.7200         0.7480         0.0242         0.3371         0.0122         0.0000
         4.7600         0.7612         0.0274         0.3455         0.0131         0.0000
         4.8000         0.7756         0.0267         0.3547         0.0140         0.0000
         4.8400         0.7927         0.0188         0.3592         0.0123         0.0000
         4.8800         0.8119         0.0227         0.3670         0.0142         0.0000
         4.9200         0.8231         0.0266         0.3741         0.0149         0.0000
         4.9600         0.8363         0.0193         0.3783         0.0156         0.0000
         5.0000         0.8513         0.0253         0.3837         0.0150         0.0000
         5.0400         0.8637         0.0230         0.3898         0.0153         0.0000
         5.0800         0.8766         0.0291         0.3975         0.0158         0.0000
         5.1200         0.8965         0.0298         0.4081         0.0174         0.0000
         5.1600         0.9150         0.0315         0.4140         0.0173         0.0000
         5.2000         0.9315         0.0340         0.4232         0.0170         0.0000
         5.2400         0.9477         0.0345         0.4297         0.0177         0.0000
         5.2800         0.9645         0.0289         0.4387         0.0168         0.0000
         5.3200         0.9774         0.0347         0.4428         0.0173         0.0000
         5.3600         0.9960         0.0290         0.4463         0.0163         0.0000
         5.4000         1.0113         0.0296         0.4511         0.0176         0.0000
         5.4400         1.0226         0.0260         0.4568         0.0161         0.0000
         5.4800         1.0378         0.0224         0.4679         0.0178         0.0000
         5.5200         1.0586         0.0225         0.4751         0.0178         0.0000
         5.5600         1.0779         0.0225         0.4831         0.0183         0.0000
         5.6000         1.0985         0.0302         0.4956         0.0185         0.0000
         5.6400         1.1226         0.0309         0.5057         0.0216         0.0000
         5.6800         1.1435         0.0233         0.5135         0.0205         0.0000
         5.7200         1.1606         0.0228         0.5257         0.0201         0.0000
         5.7600         1.1808         0.0222         0.5354         0.0209         0.0000
         5.8000         1.1944         0.0213         0.5455         0.0211         0.0000
         5.8400         1.2165         0.0208         0.5516         0.0227         0.0000
         5.8800         1.2400         0.0209         0.5463         0.0218         0.0021
         5.9200         1.2589         0.0208         0.4968         0.0203         0.0339
         5.9600         1.2790         0.0208         0.3905         0.0158         0.1937
         6.0000         1.3018         0.0205         0.2601         0.0106         0.5693
         6.0400         1.3170         0.0206         0.1601         0.0065         1.1036
         6.0800         1.3360         0.0200         0.0984         0.0026         1.6517
         6.1200         1.3588         0.0198         0.0682         0.0025         2.1073
         6.1600         1.3833         0.0205         0.0526         0.0022         2.4386
         6.2000         1.4008         0.0203         0.0447         0.0016         2.6595
         6.2400         1.4162         0.0201         0.0409         0.0014         2.7989
         6.2800         1.4325         0.0206         0.0402         0.0015         2.8836
         6.3200         1.4489         0.0215         0.0399         0.0015         2.9337
         6.3600         1.4674         0.0205         0.0402         0.0016         2.9628
         6.4000         1.4919         0.0211         0.0403         0.0017         2.9794
         6.4400         1.5106         0.0204         0.0411         0.0019         2.9887
         6.4800         1.5279         0.0213         0.0421         0.0020         2.9939
         6.5200         1.5499         0.0231         0.0435         0.0023         2.9967
         6.5600         1.5677         0.0233         0.0444         0.0024         2.9983
         6.6000         1.5901         0.0224         0.0444         0.0023         2.9991
         6.6400         1.6102         0.0209         0.0459         0.0025         2.9995
         6.6800         1.6313         0.0211         0.0465         0.0025         2.9998
         6.7200         1.6506         0.0205         0.0480         0.0025         2.9999
         6.7600         1.6751         0.0201         0.0499         0.0028         2.9999
         6.8000         1.6966         0.0192         0.0522         0.0027         3.0000
         6.8400         1.7134         0.0190         0.0529         0.0029         3.0000
         6.8800         1.7288         0.0176         0.0539         0.0027         3.0000
         6.9200         1.7551         0.0178         0.0571         0.0028         3.0000
         6.9600         1.7781         0.0184         0.0582         0.0029         3.0000
         7.0000         1.7900         0.0182         0.0588         0.0035         3.0000
         7.0400         1.8090         0.0179         0.0603         0.0038         3.0000
         7.0800         1.8289         0.0187         0.0623         0.0037         3.0000
         7.1200         1.8533         0.0182         0.0620         0.0035         3.0000
         7.1600         1.8736         0.0182         0.0614         0.0034         3.0000
         7.2000         1.9014         0.0184         0.0619         0.0035         3.0000
         7.2400         1.9211         0.0191         0.0629         0.0034         3.0000
         7.2800         1.9429         0.0193         0.0646         0.0034         3.0000
         7.3200         1.9689         0.0207         0.0661         0.0031         3.0000
         7.3600         1.9903         0.0204         0.0669         0.0033         3.0000
         7.4000         2.0154         0.0206         0.0678         0.0033         3.0000
         7.4400         2.0287         0.0203         0.0707         0.0035         3.0000
         7.4800         2.0585         0.0217         0.0720         0.0035         3.0000
         7.5200         2.0826         0.0234         0.0736         0.0037         3.0000
         7.5600         2.1011         0.0279         0.0760         0.0039         3.0000
         7.6000         2.1271         0.0218         0.0785         0.0043         3.0000
         7.6400         2.1498         0.0226         0.0796         0.0045         3.0000
         7.6800         2.1827         0.0228         0.0817         0.0047         3.0000
         7.7200         2.2009         0.0225         0.0833         0.0046         3.0000
         7.7600         2.2350         0.0223         0.0842         0.0045         3.0000
         7.8000         2.2547         0.0257         0.0867         0.0046         3.0000
         7.8400         2.2714         0.0316         0.0899         0.0046         3.0000
         7.8800         2.2943         0.0322         0.0924         0.0047         3.0000
         7.9200         2.3151         0.0327         0.0938         0.0045         3.0000
         7.9600         2.3417         0.0245         0.0948         0.0046         3.0000
         8.0000         2.3738         0.0236         0.0964         0.0046         3.0000
         8.0400         2.4014         0.0235         0.0984         0.0047         3.0000
         8.0800         2.4333         0.0228         0.1001         0.0047         3.0000
         8.1200         2.4680         0.0240         0.1028         0.0047         3.0000
         8.1600         2.4966         0.0248         0.1038         0.0047         3.0000
         8.2000         2.5286         0.0254         0.1061         0.0048         3.0000
         8.2400         2.5524         0.0261         0.1085         0.0049         3.0000
         8.2800         2.5785         0.0262         0.1097         0.0053         3.0000
         8.3200         2.6076         0.0264         0.1112         0.0055         3.0000
         8.3600         2.6347         0.0255         0.1143         0.0055         3.0000
         8.4000         2.6670         0.0259         0.1165         0.0058         3.0000
         8.4400         2.7021         0.0282         0.1185         0.0058         3.0000
         8.4800         2.7255         0.0276         0.1204         0.0060         3.0000
         8.5200         2.7546         0.0266         0.1236         0.0061         3.0000
         8.5600         2.7844         0.0254         0.1266         0.0062         3.0000
         8.6000         2.8096         0.0247         0.1298         0.0066         3.0000
         8.6400         2.8388         0.0241         0.1334         0.0069         3.0000
         8.6800         2.8588         0.0238         0.1353         0.0069         3.0000
         8.7200         2.8884         0.0238         0.1384         0.0071         3.0000
         8.7600         2.9180         0.0258         0.1396         0.0072         3.0000
         8.8000         2.9482         0.0258         0.1403         0.0073         3.0000
         8.8400         2.9731         0.0272         0.1429         0.0076         3.0000
         8.8800         2.9971         0.0260         0.1448         0.0076         3.0000
         8.9200         3.0303         0.0254         0.1476         0.0076         3.0000
         8.9600         3.0631         0.0256         0.1503         0.0079         3.0000
         9.0000         3.0966         0.0257         0.1526         0.0081         3.0000
         9.0400         3.1267         0.0256         0.1560         0.0083         3.0000
         9.0800         3.1522         0.0247         0.1572         0.0083         3.0000
         9.1200         3.1794         0.0246         0.1580         0.0084         3.0000
         9.1600         3.2164         0.0254         0.1593         0.0081         3.0000
         9.2000         3.2376         0.0246         0.1609         0.0077         3.0000
         9.2400         3.2729         0.0246         0.1625         0.0075         3.0000
         9.2800         3.2911         0.0243         0.1647         0.0074         3.0000
         9.3200         3.3184         0.0234         0.1664         0.0076         3.0000
         9.3600         3.3395         0.0219         0.1657         0.0071         3.0000
         9.4000         3.3599         0.0245         0.1666         0.0072         3.0000
         9.4400         3.3800         0.0256         0.1669         0.0072         3.0000
         9.4800         3.4106         0.0266         0.1680         0.0069         3.0000
         9.5200         3.4485         0.0280         0.1681         0.0073         3.0000
         9.5600         3.4833         0.0286         0.1689         0.0065         3.0000
         9.6000         3.5167         0.0315         0.1727         0.0064         3.0000
         9.6400         3.5508         0.0317         0.1749         0.0066         3.0000
         9.6800         3.5910         0.0291         0.1779         0.0063         3.0000
         9.7200         3.6208         0.0294         0.1780         0.0067         3.0000
         9.7600         3.6412         0.0291         0.1799         0.0064         3.0000
         9.8000         3.6721         0.0308         0.1837         0.0060         3.0000
         9.8400         3.7057         0.0297         0.1866         0.0057         3.0000
         9.8800         3.7401         0.0299         0.1885         0.0061         3.0000
         9.9200         3.7764         0.0300         0.1892         0.0057         3.0000
         9.9600         3.8186         0.0310         0.1898         0.0057         3.0000
        10.0000         3.8630         0.0297         0.1910         0.0054         3.0000
        10.0400         3.8845         0.0293         0.1930         0.0054         3.0000
        10.0800         3.9176         0.0325         0.1934         0.0054         3.0000
        10.1200         3.9506         0.0330         0.1967         0.0054         3.0000
        10.1600         3.9824         0.0264         0.1975         0.0052         3.0000
        10.2000         4.0102         0.0292         0.1993         0.0051         3.0000
        10.2400         4.0410         0.0266         0.2024         0.0051         3.0000
        10.2800         4.0845         0.0299         0.2037         0.0050         3.0000
        10.3200         4.1125         0.0269         0.2057         0.0049         2.9999
        10.3600         4.1486         0.0288         0.2093         0.0047         2.9999
        10.4000         4.1841         0.0245         0.2122         0.0046         2.9998
        10.4400         4.2162         0.0290         0.2157         0.0047         2.9995
        10.4800         4.2517         0.0267         0.2184         0.0044         2.9991
        10.5200         4.2829         0.0283         0.2238         0.0044         2.9983
        10.5600         4.3042         0.0285         0.2263         0.0044         2.9967
        10.6000         4.3399         0.0291         0.2284         0.0041         2.9939
        10.6400         4.3774         0.0336         0.2324         0.0039         2.9887
        10.6800         4.4240         0.0359         0.2368         0.0043         2.9794
        10.7200         4.4601         0.0335         0.2438         0.0035         2.9628
        10.7600         4.4896         0.0360         0.2567         0.0034         2.9337
        10.8000         4.5262         0.0367         0.2747         0.0034         2.8836
        10.8400         4.5684         0.0367         0.3122         0.0039         2.7989
        10.8800         4.6018         0.0333         0.3786         0.0044         2.6595
        10.9200         4.6357         0.0373         0.5120         0.0053         2.4386
        10.9600         4.6609         0.0405         0.7776         0.0076         2.1073
        11.0000         4.6995         0.0354         1.2997         0.0114         1.6517
        11.0400         4.7479         0.0420         2.2021         0.0179         1.1036
        11.0800         4.7897         0.0366         3.3735         0.0253         0.5693
        11.1200         4.8217         0.0361         4.3812         0.0322         0.1937
        11.1600         4.8562         0.0397         4.9072         0.0356         0.0339
        11.2000         4.9000         0.0428         5.0646         0.0372         0.0021
        11.2400         4.9295         0.0385         5.1205         0.0368         0.0000
        11.2800         4.9631         0.0394         5.1720         0.0378         0.0000
        11.3200         4.9930         0.0412         5.2134         0.0393         0.0000
        11.3600         5.0374         0.0444         5.2521         0.0404         0.0000
        11.4000         5.0696         0.0461         5.2949         0.0393         0.0000
        11.4400         5.0952         0.0455         5.3292         0.0382         0.0000
        11.4800         5.1360         0.0431         5.3763         0.0366         0.0000
        11.5200         5.1647         0.0429         5.4025         0.0373         0.0000
        11.5600         5.1869         0.0431         5.4495         0.0380         0.0000
        11.6000         5.2302         0.0434         5.4842         0.0395         0.0000
        11.6400         5.2648         0.0428         5.5169         0.0391         0.0000
        11.6800         5.2888         0.0409         5.5553         0.0401         0.0000
        11.7200         5.3249         0.0459         5.6015         0.0412         0.0000
        11.7600         5.3535         0.0484         5.6538         0.0417         0.0000
        11.8000         5.3956         0.0499         5.6928         0.0408         0.0000
        11.8400         5.4336         0.0484         5.7351         0.0417         0.0000
        11.8800         5.4779         0.0488         5.7901         0.0417         0.0000
        11.9200         5.5173         0.0468         5.8315         0.0425         0.0000
        11.9600         5.5647         0.0525         5.8609         0.0411         0.0000
        12.0000         5.6083         0.0543         5.8998         0.0427         0.0000
        12.0400         5.6516         0.0474         5.9381         0.0415         0.0000
        12.0800         5.6876         0.0515         5.9728         0.0388         0.0000
        12.1200         5.7319         0.0462         6.0225         0.0383         0.0000
        12.1600         5.7675         0.0460         6.0534         0.0385         0.0000
        12.2000         5.8025         0.0472         6.0972         0.0444         0.0000
        12.2400         5.8416         0.0468         6.1390         0.0442         0.0000
        12.2800         5.8840         0.0478         6.1905         0.0443         0.0000
        12.3200         5.9354         0.0482         6.2240         0.0392         0.0000
        12.3600         5.9764         0.0499         6.2600         0.0412         0.0000
        12.4000         6.0148         0.0518         6.3074         0.0422         0.0000
        12.4400         6.0526         0.0479         6.3483         0.0401         0.0000
        12.4800         6.1008         0.0482         6.3905         0.0388         0.0000
        12.5200         6.1444         0.0465         6.4183         0.0395         0.0000
        12.5600         6.1918         0.0458         6.4588         0.0408         0.0000
        12.6000         6.2366         0.0442         6.5040         0.0400         0.0000
        12.6400         6.2808         0.0444         6.5450         0.0401         0.0000
        12.6800         6.3297         0.0448         6.5835         0.0376         0.0000
        12.7200         6.3792         0.0442         6.6239         0.0373         0.0000
        12.7600         6.4292         0.0447         6.6691         0.0368         0.0000
        12.8000         6.4785         0.0443         6.7149         0.0313         0.0000
        12.8400         6.5277         0.0454         6.7615         0.0326         0.0000
        12.8800         6.5657         0.0446         6.7984         0.0332         0.0000
        12.9200         6.6146         0.0455         6.8521         0.0384         0.0000
        12.9600         6.6649         0.0457         6.8993         0.0353         0.0000
        13.0000         6.7023         0.0464         6.9436         0.0348         0.0000
        13.0400         6.7454         0.0454         6.9924         0.0402         0.0000
        13.0800         6.7986         0.0456         7.0336         0.0393         0.0000
        13.1200         6.8321         0.0433         7.0723         0.0381         0.0000
        13.1600         6.8741         0.0425         7.1130         0.0389         0.0000
        13.2000         6.9060         0.0405         7.1657         0.0354         0.0000
        13.2400         6.9368         0.0400         7.2108         0.0355         0.0000
        13.2800         6.9793         0.0392         7.2605         0.0353         0.0000
        13.3200         7.0269         0.0382         7.2980         0.0353         0.0000
        13.3600         7.0572         0.0408         7.3380         0.0365         0.0000
        13.4000         7.1049         0.0408         7.3808         0.0410         0.0000
        13.4400         7.1411         0.0416         7.4213         0.0368         0.0000
        13.4800         7.1832         0.0406         7.4794         0.0383         0.0000
        13.5200         7.2263         0.0411         7.5292         0.0408         0.0000
        13.5600         7.2568         0.0429         7.5825         0.0402         0.0000
        13.6000         7.3028         0.0408         7.6161         0.0401         0.0000
        13.6400         7.3504         0.0439         7.6610         0.0385         0.0000
        13.6800         7.4088         0.0422         7.7138         0.0453         0.0000
        13.7200         7.4504         0.0432         7.7593         0.0375         0.0000
        13.7600         7.4936         0.0422         7.8019         0.0359         0.0000
        13.8000         7.5483         0.0417         7.8499         0.0357         0.0000
        13.8400         7.5874         0.0427         7.8910         0.0353         0.0000
        13.8800         7.6330         0.0452         7.9403         0.0360         0.0000
        13.9200         7.6737         0.0432         8.0030         0.0372         0.0000
        13.9600         7.7217         0.0411         8.0422         0.0396         0.0000
        14.0000         7.7850         0.0391         8.0997         0.0384         0.0000
        14.0400         7.8230         0.0368         8.1655         0.0412         0.0000
        14.0800         7.8782         0.0353         8.2136         0.0445         0.0000
        14.1200         7.9255         0.0359         8.2608         0.0444         0.0000
        14.1600         7.9570         0.0355         8.3093         0.0447         0.0000
        14.2000         8.0098         0.0356         8.3597         0.0412         0.0000
        14.2400         8.0586         0.0387         8.4089         0.0430         0.0000
        14.2800         8.1150         0.0401         8.4569         0.0434         0.0000
        14.3200         8.1633         0.0423         8.5034         0.0420         0.0000
        14.3600         8.2064         0.0384         8.5483         0.0389         0.0000
        14.4000         8.2803         0.0366         8.5862         0.0368         0.0000
        14.4400         8.3297         0.0377         8.6286         0.0397         0.0000
        14.4800         8.3833         0.0360         8.6686         0.0371         0.0000
        14.5200         8.4312         0.0370         8.6961         0.0389         0.0000
        14.5600         8.4750         0.0383         8.7337         0.0381         0.0000
        14.6000         8.5455         0.0408         8.7870         0.0392         0.0000
        14.6400         8.5939         0.0408         8.8387         0.0387         0.0000
        14.6800         8.6604         0.0405         8.8819         0.0395         0.0000
        14.7200         8.7131         0.0410         8.9387         0.0407         0.0000
        14.7600         8.7529         0.0415         8.9903         0.0421         0.0000
        14.8000         8.8015         0.0469         9.0426         0.0406         0.0000
        14.8400         8.8311         0.0489         9.0923         0.0402         0.0000
        14.8800         8.8876         0.0520         9.1369         0.0376         0.0000
        14.9200         8.9512         0.0548         9.1914         0.0399         0.0000
        14.9600         8.9951         0.0554         9.2398         0.0374         0.0000
        15.0000         9.0697         0.0566         9.2873         0.0350         0.0000
        15.0400         9.1373         0.0653         9.3346         0.0360         0.0000
        15.0800         9.1776         0.0714         9.3834         0.0373         0.0000
        15.1200         9.2235         0.0705         9.4380         0.0363         0.0000
        15.1600         9.2826         0.0720         9.4805         0.0362         0.0000
        15.2000         9.3346         0.0702         9.5308         0.0376         0.0000
        15.2400         9.3934         0.0648         9.5947         0.0378         0.0000
        15.2800         9.4278         0.0653         9.6344         0.0411         0.0000
        15.3200         9.4651         0.0657         9.7024         0.0418         0.0000
        15.3600         9.5141         0.0670         9.7551         0.0398         0.0000
        15.4000         9.5666         0.0684         9.8106         0.0393         0.0000
        15.4400         9.6233         0.0725         9.8521         0.0391         0.0000
        15.4800         9.6846         0.0754         9.8978         0.0406         0.0000
        15.5200         9.7288         0.0804         9.9387         0.0408         0.0000
        15.5600         9.7880         0.0726         9.9878         0.0401         0.0000
        15.6000         9.8376         0.0715        10.0352         0.0409         0.0000
        15.6400         9.8881         0.0681        10.0926         0.0416         0.0000
        15.6800         9.9360         0.0630        10.1257         0.0397         0.0000
        15.7200         9.9735         0.0746        10.1787         0.0398         0.0000
        15.7600        10.0445         0.0647        10.2286         0.0394         0.0000
        15.8000        10.1176         0.0660        10.2846         0.0416         0.0000
        15.8400        10.1747         0.0655        10.3374         0.0420         0.0000
        15.8800        10.2081         0.0668        10.4035         0.0410         0.0000
        15.9200        10.2459         0.0791        10.4514         0.0393         0.0000
        15.9600        10.2998         0.0809        10.5106         0.0401         0.0000
        16.0000        10.3448         0.0816        10.5745         0.0403         0.0000
        16.0400        10.4102         0.0739        10.6400         0.0402         0.0000
        16.0800        10.4561         0.0631        10.7056         0.0400         0.0000
        16.1200        10.5169         0.0609        10.7671         0.0383         0.0000
        16.1600        10.5711         0.0524        10.8184         0.0366         0.0000
        16.2000        10.6007         0.0563        10.8715         0.0370         0.0000
        16.2400        10.6665         0.0649        10.9441         0.0392         0.0000
        16.2800        10.7307         0.0503        10.9954         0.0384         0.0000
        16.3200        10.7857         0.0587        11.0476         0.0383         0.0000
        16.3600        10.8457         0.0621        11.0972         0.0372         0.0000
        16.4000        10.9063         0.0607        11.1625         0.0413         0.0000
        16.4400        10.9625         0.0604        11.2325         0.0477         0.0000
        16.4800        11.0247         0.0455        11.2768         0.0407         0.0000
        16.5200        11.0588         0.0634        11.3371         0.0488         0.0000
        16.5600        11.1141         0.0464        11.3783         0.0409         0.0000
        16.6000        11.1702         0.0610        11.4349         0.0425         0.0000
        16.6400        11.2291         0.0639        11.4834         0.0449         0.0000
        16.6800        11.2602         0.0650        11.5377         0.0436         0.0000
        16.7200        11.3242         0.0665        11.5888         0.0470         0.0000
        16.7600        11.3878         0.0638        11.6124         0.0479         0.0000
        16.8000        11.4420         0.0645        11.6637         0.0577         0.0000
        16.8400        11.4888         0.0678        11.7263         0.0583         0.0000
        16.8800        11.5490         0.0711        11.7873         0.0519         0.0000
        16.9200        11.6111         0.0734        11.8504         0.0519         0.0000
        16.9600        11.6527         0.0687        11.9097         0.0527         0.0000
        17.0000        11.7220         0.0763        11.9727         0.0545         0.0000
        17.0400        11.7757         0.0778        12.0302         0.0537         0.0000
        17.0800        11.8245         0.0799        12.0848         0.0543         0.0000
        17.1200        11.8761         0.0816        12.1449         0.0536         0.0000
        17.1600        11.9467         0.0817        12.2047         0.0538         0.0000
        17.2000        12.0047         0.0844        12.2449         0.0562         0.0000
        17.2400        12.0714         0.0847        12.2992         0.0533         0.0000
        17.2800        12.1425         0.0839        12.3678         0.0528         0.0000
        17.3200        12.1910         0.0816        12.4371         0.0527         0.0000
        17.3600        12.2589         0.0812        12.4841         0.0530         0.0000
        17.4000        12.3152         0.0823        12.5286         0.0565         0.0000
        17.4400        12.3836         0.0821        12.5603         0.0538         0.0000
        17.4800        12.4441         0.0821        12.6310         0.0572         0.0000
        17.5200        12.4965         0.0865        12.6797         0.0560         0.0000
        17.5600        12.5429         0.0892        12.7225         0.0540         0.0000
        17.6000        12.6004         0.0883        12.7779         0.0567         0.0000
        17.6400        12.6654         0.0861        12.8265         0.0560         0.0000
        17.6800        12.7308         0.0829        12.9002         0.0573         0.0000
        17.7200        12.7933         0.0768        12.9724         0.0516         0.0000
        17.7600        12.8406         0.0719        13.0292         0.0510         0.0000
        17.8000        12.8985         0.0704        13.0847         0.0492         0.0000
        17.8400        12.9528         0.0718        13.1492         0.0508         0.0000
        17.8800        13.0102         0.0714        13.1884         0.0484         0.0000
        17.9200        13.0656         0.0728        13.2719         0.0522         0.0000
        17.9600        13.1111         0.0750        13.3365         0.0537         0.0000
        18.0000        13.1694         0.0745        13.4128         0.0529         0.0000
        18.0400        13.2239         0.0678        13.4616         0.0513         0.0000
        18.0800        13.2850         0.0697        13.5122         0.0479         0.0000
        18.1200        13.3521         0.0700        13.5698         0.0455         0.0000
        18.1600        13.4122         0.0697        13.6517         0.0487         0.0000
        18.2000        13.4838         0.0680        13.7076         0.0498         0.0000
        18.2400        13.5620         0.0711        13.7724         0.0489         0.0000
        18.2800        13.6048         0.0593        13.8513         0.0466         0.0000
        18.3200        13.6800         0.0574        13.9222         0.0483         0.0000
        18.3600        13.7376         0.0565        13.9800         0.0580         0.0000
        18.4000        13.7922         0.0545        14.0394         0.0494         0.0000
        18.4400        13.8434         0.0519        14.1016         0.0501         0.0000
        18.4800        13.9323         0.0483        14.1578         0.0490         0.0000
        18.5200        14.0013         0.0517        14.2149         0.0496         0.0000
        18.5600        14.0473         0.0478        14.2630         0.0507         0.0000
        18.6000        14.1175         0.0489        14.3292         0.0465         0.0000
        18.6400        14.1976         0.0495        14.4015         0.0421         0.0000
        18.6800        14.2777         0.0542        14.4438         0.0422         0.0000
        18.7200        14.3575         0.0550        14.4986         0.0441         0.0000
        18.7600        14.4081         0.0560        14.5723         0.0434         0.0000
        18.8000        14.4802         0.0563        14.6425         0.0532         0.0000
        18.8400        14.5540         0.0583        14.6805         0.0508         0.0000
        18.8800        14.6227         0.0585        14.7540         0.0520         0.0000
        18.9200        14.6908         0.0583        14.8114         0.0515         0.0000
        18.9600        14.7668         0.0596        14.8910         0.0505         0.0000
        19.0000        14.8386         0.0614        14.9377         0.0525         0.0000
        19.0400        14.8868         0.0610        14.9799         0.0470         0.0000
        19.0800        14.9568         0.0611        15.0249         0.0480         0.0000
        19.1200        15.0162         0.0615        15.0724         0.0502         0.0000
        19.1600        15.0790         0.0629        15.1402         0.0468         0.0000
        19.2000        15.1351         0.0625        15.2042         0.0477         0.0000
        19.2400        15.2135         0.0710        15.2684         0.0486         0.0000
        19.2800        15.2941         0.0719        15.3377         0.0507         0.0000
        19.3200        15.3635         0.0698        15.4100         0.0517         0.0000
        19.3600        15.4373         0.0656        15.4762         0.0536         0.0000
        19.4000        15.5168         0.0541        15.5428         0.0557         0.0000
        19.4400        15.5741         0.0554        15.6050         0.0554         0.0000
        19.4800        15.6540         0.0525        15.6473         0.0555         0.0000
        19.5200        15.7261         0.0550        15.6924         0.0554         0.0000
        19.5600        15.7775         0.0532        15.7710         0.0552         0.0000
        19.6000        15.8415         0.0549        15.8450         0.0541         0.0000
        19.6400        15.9071         0.0536        15.8984         0.0551         0.0000
        19.6800        15.9765         0.0526        15.9725         0.0557         0.0000
        19.7200        16.0469         0.0557        16.0560         0.0542         0.0000
        19.7600        16.0999         0.0540        16.1311         0.0552         0.0000
        19.8000        16.1862         0.0553        16.1997         0.0561         0.0000
        19.8400        16.2585         0.0528        16.2665         0.0554         0.0000
        19.8800        16.3403         0.0529        16.3306         0.0556         0.0000
        19.9200        16.3005         0.0524        16.3076         0.0501         0.0000
        19.9600        15.3397         0.0478        15.3674         0.0485         0.0000
        20.0000        11.4099         0.0346        11.4129         0.0340         0.0000
