   8.0000004E-002   0.0000000E+000   0.0000000E+000   0.0000000E+000   0.0000000E+000   0.0000000E+000
   1.2000000E-001   0.0000000E+000   0.0000000E+000   0.0000000E+000   0.0000000E+000   0.0000000E+000
   1.6000001E-001   0.0000000E+000   0.0000000E+000   0.0000000E+000   0.0000000E+000   0.0000000E+000
   2.0000000E-001   0.0000000E+000   0.0000000E+000   0.0000000E+000   0.0000000E+000   0.0000000E+000
   2.4000000E-001   0.0000000E+000   0.0000000E+000   0.0000000E+000   0.0000000E+000   0.0000000E+000
   2.8000001E-001   0.0000000E+000   0.0000000E+000   0.0000000E+000   0.0000000E+000   0.0000000E+000
   3.2000002E-001   0.0000000E+000   0.0000000E+000   0.0000000E+000   0.0000000E+000   0.0000000E+000
   3.5999998E-001   0.0000000E+000   0.0000000E+000   0.0000000E+000   0.0000000E+000   0.0000000E+000
   3.9999999E-001   0.0000000E+000   0.0000000E+000   0.0000000E+000   0.0000000E+000   0.0000000E+000
   4.4000000E-001   0.0000000E+000   0.0000000E+000   0.0000000E+000   0.0000000E+000   0.0000000E+000
   4.8000000E-001   0.0000000E+000   0.0000000E+000   0.0000000E+000   0.0000000E+000   0.0000000E+000
   5.2000001E-001   0.0000000E+000   0.0000000E+000   0.0000000E+000   0.0000000E+000   0.0000000E+000
   5.6000002E-001   0.0000000E+000   0.0000000E+000   0.0000000E+000   0.0000000E+000   0.0000000E+000
   5.9999999E-001   0.0000000E+000   0.0000000E+000   0.0000000E+000   0.0000000E+000   0.0000000E+000
   6.4000003E-001   0.0000000E+000   0.0000000E+000   0.0000000E+000   0.0000000E+000   0.0000000E+000
   6.8000004E-001   0.0000000E+000   0.0000000E+000   0.0000000E+000   0.0000000E+000   0.0000000E+000
   7.1999997E-001   0.0000000E+000   0.0000000E+000   0.0000000E+000   0.0000000E+000   0.0000000E+000
   7.5999998E-001   0.0000000E+000   0.0000000E+000   0.0000000E+000   0.0000000E+000   0.0000000E+000
   7.9999998E-001   0.0000000E+000   0.0000000E+000   0.0000000E+000   0.0000000E+000   0.0000000E+000
   8.3999999E-001   0.0000000E+000   0.0000000E+000   0.0000000E+000   0.0000000E+000   0.0000000E+000
   8.8000000E-001   0.0000000E+000   0.0000000E+000   0.0000000E+000   0.0000000E+000   0.0000000E+000
   9.2000000E-001   0.0000000E+000   0.0000000E+000   0.0000000E+000   0.0000000E+000   0.0000000E+000
   9.6000001E-001   0.0000000E+000   0.0000000E+000   0.0000000E+000   0.0000000E+000   0.0000000E+000
   1.0000000E+000   0.0000000E+000   0.0000000E+000   0.0000000E+000   0.0000000E+000   0.0000000E+000
   1.0400000E+000   0.0000000E+000   0.0000000E+000   0.0000000E+000   0.0000000E+000   0.0000000E+000
   1.0800000E+000   0.0000000E+000   0.0000000E+000   0.0000000E+000   0.0000000E+000   0.0000000E+000
   1.1200000E+000   0.0000000E+000   0.0000000E+000   0.0000000E+000   0.0000000E+000   0.0000000E+000
   1.1600000E+000   0.0000000E+000   0.0000000E+000   0.0000000E+000   0.0000000E+000   0.0000000E+000
   1.2000000E+000   0.0000000E+000   0.0000000E+000   0.0000000E+000   0.0000000E+000   0.0000000E+000
   1.2400000E+000   0.0000000E+000   0.0000000E+000   0.0000000E+000   0.0000000E+000   0.0000000E+000
   1.2800001E+000   0.0000000E+000   0.0000000E+000   0.0000000E+000   0.0000000E+000   0.0000000E+000
   1.3200000E+000   0.0000000E+000   0.0000000E+000   0.0000000E+000   0.0000000E+000   0.0000000E+000
   1.3600001E+000   0.0000000E+000   0.0000000E+000   0.0000000E+000   0.0000000E+000   0.0000000E+000
   1.4000000E+000   0.0000000E+000   0.0000000E+000   0.0000000E+000   0.0000000E+000   0.0000000E+000
   1.4399999E+000   0.0000000E+000   0.0000000E+000   0.0000000E+000   0.0000000E+000   0.0000000E+000
   1.4800000E+000   0.0000000E+000   0.0000000E+000   0.0000000E+000   0.0000000E+000   0.0000000E+000
   1.5200000E+000   0.0000000E+000   0.0000000E+000   0.0000000E+000   0.0000000E+000   0.0000000E+000
   1.5600000E+000   0.0000000E+000   0.0000000E+000   0.0000000E+000   0.0000000E+000   0.0000000E+000
   1.6000000E+000   0.0000000E+000   0.0000000E+000   0.0000000E+000   0.0000000E+000   0.0000000E+000
   1.6400000E+000   0.0000000E+000   0.0000000E+000   0.0000000E+000   0.0000000E+000   0.0000000E+000
   1.6800000E+000   0.0000000E+000   0.0000000E+000   0.0000000E+000   0.0000000E+000   0.0000000E+000
   1.7200001E+000   0.0000000E+000   0.0000000E+000   0.0000000E+000   0.0000000E+000   0.0000000E+000
   1.7600000E+000   0.0000000E+000   0.0000000E+000   0.0000000E+000   0.0000000E+000   0.0000000E+000
   1.8000001E+000   0.0000000E+000   0.0000000E+000   0.0000000E+000   0.0000000E+000   0.0000000E+000
   1.8400000E+000   0.0000000E+000   0.0000000E+000   0.0000000E+000   0.0000000E+000   0.0000000E+000
   1.8799999E+000   0.0000000E+000   0.0000000E+000   0.0000000E+000   0.0000000E+000   0.0000000E+000
   1.9200000E+000   0.0000000E+000   0.0000000E+000   0.0000000E+000   0.0000000E+000   0.0000000E+000
   1.9599999E+000   0.0000000E+000   0.0000000E+000   0.0000000E+000   0.0000000E+000   0.0000000E+000
   2.0000000E+000   0.0000000E+000   0.0000000E+000   0.0000000E+000   0.0000000E+000   0.0000000E+000
   2.0400000E+000   0.0000000E+000   0.0000000E+000   0.0000000E+000   0.0000000E+000   0.0000000E+000
   2.0800000E+000   0.0000000E+000   0.0000000E+000   0.0000000E+000   0.0000000E+000   0.0000000E+000
   2.1200000E+000   0.0000000E+000   0.0000000E+000   0.0000000E+000   0.0000000E+000   0.0000000E+000
   2.1600001E+000   0.0000000E+000   0.0000000E+000   0.0000000E+000   0.0000000E+000   0.0000000E+000
   2.2000000E+000   0.0000000E+000   0.0000000E+000   0.0000000E+000   0.0000000E+000   0.0000000E+000
   2.2400001E+000   0.0000000E+000   0.0000000E+000   0.0000000E+000   0.0000000E+000   0.0000000E+000
   2.2800000E+000   0.0000000E+000   0.0000000E+000   0.0000000E+000   0.0000000E+000   0.0000000E+000
   2.3199999E+000   0.0000000E+000   0.0000000E+000   0.0000000E+000   0.0000000E+000   0.0000000E+000
   2.3600000E+000   0.0000000E+000   0.0000000E+000   0.0000000E+000   0.0000000E+000   0.0000000E+000
   2.3999999E+000   0.0000000E+000   0.0000000E+000   0.0000000E+000   0.0000000E+000   0.0000000E+000
   2.4400000E+000   0.0000000E+000   0.0000000E+000   0.0000000E+000   0.0000000E+000   0.0000000E+000
   2.4800000E+000   0.0000000E+000   0.0000000E+000   0.0000000E+000   0.0000000E+000   0.0000000E+000
   2.5200000E+000   0.0000000E+000   0.0000000E+000   0.0000000E+000   0.0000000E+000   0.0000000E+000
   2.5600001E+000   0.0000000E+000   0.0000000E+000   0.0000000E+000   0.0000000E+000   0.0000000E+000
   2.5999999E+000   0.0000000E+000   0.0000000E+000   0.0000000E+000   0.0000000E+000   0.0000000E+000
   2.6400000E+000   0.0000000E+000   0.0000000E+000   0.0000000E+000   0.0000000E+000   0.0000000E+000
   2.6800001E+000   0.0000000E+000   0.0000000E+000   0.0000000E+000   0.0000000E+000   0.0000000E+000
   2.7200001E+000   0.0000000E+000   0.0000000E+000   0.0000000E+000   0.0000000E+000   0.0000000E+000
   2.7599999E+000   0.0000000E+000   0.0000000E+000   0.0000000E+000   0.0000000E+000   0.0000000E+000
   2.8000000E+000   0.0000000E+000   0.0000000E+000   0.0000000E+000   0.0000000E+000   0.0000000E+000
   2.8400001E+000   0.0000000E+000   0.0000000E+000   0.0000000E+000   0.0000000E+000   0.0000000E+000
   2.8799999E+000   0.0000000E+000   0.0000000E+000   0.0000000E+000   0.0000000E+000   0.0000000E+000
   2.9200000E+000   0.0000000E+000   0.0000000E+000   0.0000000E+000   0.0000000E+000   0.0000000E+000
   2.9600000E+000   0.0000000E+000   0.0000000E+000   0.0000000E+000   0.0000000E+000   0.0000000E+000
   3.0000001E+000   0.0000000E+000   0.0000000E+000   0.0000000E+000   0.0000000E+000   0.0000000E+000
   3.0399999E+000   0.0000000E+000   0.0000000E+000   0.0000000E+000   0.0000000E+000   0.0000000E+000
   3.0800000E+000   0.0000000E+000   0.0000000E+000   0.0000000E+000   0.0000000E+000   0.0000000E+000
   3.1200001E+000   0.0000000E+000   0.0000000E+000   0.0000000E+000   0.0000000E+000   0.0000000E+000
   3.1600001E+000   0.0000000E+000   0.0000000E+000   0.0000000E+000   0.0000000E+000   0.0000000E+000
   3.1999999E+000   0.0000000E+000   0.0000000E+000   0.0000000E+000   0.0000000E+000   0.0000000E+000
   3.2400000E+000   0.0000000E+000   0.0000000E+000   0.0000000E+000   0.0000000E+000   0.0000000E+000
   3.2800001E+000   0.0000000E+000   0.0000000E+000   0.0000000E+000   0.0000000E+000   0.0000000E+000
   3.3199999E+000   0.0000000E+000   0.0000000E+000   0.0000000E+000   0.0000000E+000   0.0000000E+000
   3.3600000E+000   0.0000000E+000   0.0000000E+000   0.0000000E+000   0.0000000E+000   0.0000000E+000
   3.4000000E+000   0.0000000E+000   0.0000000E+000   0.0000000E+000   0.0000000E+000   0.0000000E+000
   3.4400001E+000   0.0000000E+000   0.0000000E+000   0.0000000E+000   0.0000000E+000   0.0000000E+000
   3.4799999E+000   0.0000000E+000   0.0000000E+000   0.0000000E+000   0.0000000E+000   0.0000000E+000
   3.5200000E+000   0.0000000E+000   0.0000000E+000   0.0000000E+000   0.0000000E+000   0.0000000E+000
   3.5600001E+000   0.0000000E+000   0.0000000E+000   0.0000000E+000   0.0000000E+000   0.0000000E+000
   3.6000001E+000   0.0000000E+000   0.0000000E+000   0.0000000E+000   0.0000000E+000   0.0000000E+000
   3.6399999E+000   0.0000000E+000   0.0000000E+000   0.0000000E+000   0.0000000E+000   0.0000000E+000
   3.6800000E+000   0.0000000E+000   0.0000000E+000   0.0000000E+000   0.0000000E+000   0.0000000E+000
   3.7200001E+000   0.0000000E+000   0.0000000E+000   0.0000000E+000   0.0000000E+000   0.0000000E+000
   3.7599999E+000   0.0000000E+000   0.0000000E+000   0.0000000E+000   0.0000000E+000   0.0000000E+000
   3.8000000E+000   0.0000000E+000   0.0000000E+000   0.0000000E+000   0.0000000E+000   0.0000000E+000
   3.8400000E+000   0.0000000E+000   0.0000000E+000   0.0000000E+000   0.0000000E+000   0.0000000E+000
   3.8800001E+000   0.0000000E+000   0.0000000E+000   0.0000000E+000   0.0000000E+000   0.0000000E+000
   3.9199999E+000   0.0000000E+000   0.0000000E+000   0.0000000E+000   0.0000000E+000   0.0000000E+000
   3.9600000E+000   0.0000000E+000   0.0000000E+000   0.0000000E+000   0.0000000E+000   0.0000000E+000
   4.0000001E+000   0.0000000E+000   0.0000000E+000   0.0000000E+000   0.0000000E+000   0.0000000E+000
   4.0400001E+000   0.0000000E+000   0.0000000E+000   0.0000000E+000   0.0000000E+000   0.0000000E+000
   4.0799999E+000   0.0000000E+000   0.0000000E+000   0.0000000E+000   0.0000000E+000   0.0000000E+000
   4.1200000E+000   0.0000000E+000   0.0000000E+000   0.0000000E+000   0.0000000E+000   0.0000000E+000
   4.1600001E+000   0.0000000E+000   0.0000000E+000   0.0000000E+000   0.0000000E+000   0.0000000E+000
   4.1999999E+000   0.0000000E+000   0.0000000E+000   0.0000000E+000   0.0000000E+000   0.0000000E+000
   4.2399999E+000   0.0000000E+000   0.0000000E+000   0.0000000E+000   0.0000000E+000   0.0000000E+000
   4.2800000E+000   0.0000000E+000   0.0000000E+000   0.0000000E+000   0.0000000E+000   0.0000000E+000
   4.3200001E+000   0.0000000E+000   0.0000000E+000   0.0000000E+000   0.0000000E+000   0.0000000E+000
   4.3599999E+000   0.0000000E+000   0.0000000E+000   0.0000000E+000   0.0000000E+000   0.0000000E+000
   4.4000000E+000   0.0000000E+000   0.0000000E+000   0.0000000E+000   0.0000000E+000   0.0000000E+000
   4.4400001E+000   0.0000000E+000   0.0000000E+000   0.0000000E+000   0.0000000E+000   0.0000000E+000
   4.4800001E+000   0.0000000E+000   0.0000000E+000   0.0000000E+000   0.0000000E+000   0.0000000E+000
   4.5199999E+000   0.0000000E+000   0.0000000E+000   0.0000000E+000   0.0000000E+000   0.0000000E+000
   4.5600000E+000   0.0000000E+000   0.0000000E+000   0.0000000E+000   0.0000000E+000   0.0000000E+000
   4.6000001E+000   0.0000000E+000   0.0000000E+000   0.0000000E+000   0.0000000E+000   0.0000000E+000
   4.6399999E+000   0.0000000E+000   0.0000000E+000   0.0000000E+000   0.0000000E+000   0.0000000E+000
   4.6799999E+000   0.0000000E+000   0.0000000E+000   0.0000000E+000   0.0000000E+000   0.0000000E+000
   4.7200000E+000   0.0000000E+000   0.0000000E+000   0.0000000E+000   0.0000000E+000   0.0000000E+000
   4.7600001E+000   0.0000000E+000   0.0000000E+000   0.0000000E+000   0.0000000E+000   0.0000000E+000
   4.7999999E+000   0.0000000E+000   0.0000000E+000   0.0000000E+000   0.0000000E+000   0.0000000E+000
   4.8400000E+000   0.0000000E+000   0.0000000E+000   0.0000000E+000   0.0000000E+000   0.0000000E+000
   4.8800001E+000   0.0000000E+000   0.0000000E+000   0.0000000E+000   0.0000000E+000   0.0000000E+000
   4.9200001E+000   0.0000000E+000   0.0000000E+000   0.0000000E+000   0.0000000E+000   0.0000000E+000
   4.9599999E+000   0.0000000E+000   0.0000000E+000   0.0000000E+000   0.0000000E+000   0.0000000E+000
   5.0000000E+000   0.0000000E+000   0.0000000E+000   0.0000000E+000   0.0000000E+000   0.0000000E+000
   5.0400001E+000   0.0000000E+000   0.0000000E+000   0.0000000E+000   0.0000000E+000   0.0000000E+000
   5.0800002E+000   0.0000000E+000   0.0000000E+000   0.0000000E+000   0.0000000E+000   0.0000000E+000
   5.1200002E+000   0.0000000E+000   0.0000000E+000   0.0000000E+000   0.0000000E+000   0.0000000E+000
   5.1599997E+000   0.0000000E+000   0.0000000E+000   0.0000000E+000   0.0000000E+000   0.0000000E+000
   5.1999998E+000   0.0000000E+000   0.0000000E+000   0.0000000E+000   0.0000000E+000   0.0000000E+000
   5.2399999E+000   0.0000000E+000   0.0000000E+000   0.0000000E+000   0.0000000E+000   0.0000000E+000
   5.2800000E+000   0.0000000E+000   0.0000000E+000   0.0000000E+000   0.0000000E+000   0.0000000E+000
   5.3200001E+000   0.0000000E+000   0.0000000E+000   0.0000000E+000   0.0000000E+000   0.0000000E+000
   5.3600001E+000   0.0000000E+000   0.0000000E+000   0.0000000E+000   0.0000000E+000   0.0000000E+000
   5.4000002E+000   0.0000000E+000   0.0000000E+000   0.0000000E+000   0.0000000E+000   0.0000000E+000
   5.4400003E+000   0.0000000E+000   0.0000000E+000   0.0000000E+000   0.0000000E+000   0.0000000E+000
   5.4799998E+000   0.0000000E+000   0.0000000E+000   0.0000000E+000   0.0000000E+000   3.4909096E-276
   5.5199999E+000   0.0000000E+000   0.0000000E+000   1.0260638E-120   2.8214209E-122   3.2046018E-180
   5.5599999E+000   0.0000000E+000   0.0000000E+000   1.2580348E-078   6.4951425E-080   1.2665885E-116
   5.6000000E+000   0.0000000E+000   0.0000000E+000   5.0487065E-051   2.4439956E-052   9.9035930E-075
   5.6400001E+000   0.0000000E+000   0.0000000E+000   5.1241441E-033   1.4393651E-034   2.5882517E-047
   5.6800002E+000   0.0000000E+000   0.0000000E+000   2.4013373E-021   1.0293083E-022   1.6906510E-029
   5.7200003E+000   0.0000000E+000   0.0000000E+000   8.1535690E-014   3.5075948E-015   5.1240323E-018
   5.7599998E+000   0.0000000E+000   0.0000000E+000   5.4065635E-009   2.0110141E-010   1.0906345E-010
   5.7999998E+000   0.0000000E+000   0.0000000E+000   6.2708253E-006   2.5689563E-007   4.5484066E-006
   5.8399999E+000   0.0000000E+000   0.0000000E+000   5.4379831E-004   2.2088557E-005   3.3351645E-003
   5.8800000E+000   0.0000000E+000   0.0000000E+000   8.3388568E-003   3.2352912E-004   1.8107257E-001
   5.9200001E+000   0.0000000E+000   0.0000000E+000   3.8693566E-002   1.5113505E-003   1.8561938E+000
   5.9600002E+000   0.0000000E+000   0.0000000E+000   7.5369076E-002   3.0798451E-003   6.5831787E+000
   6.0000002E+000   0.0000000E+000   0.0000000E+000   7.6891003E-002   3.0455340E-003   1.1920447E+001
   6.0399997E+000   0.0000000E+000   0.0000000E+000   5.0374738E-002   2.1142200E-003   1.4126571E+001
   6.0799998E+000   0.0000000E+000   0.0000000E+000   2.6902804E-002   1.2139146E-003   1.2822827E+001
   6.1199999E+000   0.0000000E+000   0.0000000E+000   1.3519699E-002   4.0007680E-004   9.8418731E+000
   6.1600000E+000   0.0000000E+000   0.0000000E+000   7.0016388E-003   2.0403420E-004   6.7934806E+000
   6.2000000E+000   0.0000000E+000   0.0000000E+000   3.7250259E-003   1.1903457E-004   4.3809603E+000
   6.2400001E+000   0.0000000E+000   0.0000000E+000   2.0915622E-003   7.5516623E-005   2.7016194E+000
   6.2800002E+000   0.0000000E+000   0.0000000E+000   1.2133018E-003   4.5659227E-005   1.6157218E+000
   6.3200003E+000   0.0000000E+000   0.0000000E+000   7.0302056E-004   2.6342000E-005   9.4499189E-001
   6.3599998E+000   0.0000000E+000   0.0000000E+000   4.1121286E-004   1.4356977E-005   5.4314821E-001
   6.3999999E+000   0.0000000E+000   0.0000000E+000   2.3306607E-004   8.9344170E-006   3.0762324E-001
   6.4399999E+000   0.0000000E+000   0.0000000E+000   1.3341119E-004   4.6893955E-006   1.7192917E-001
   6.4800000E+000   0.0000000E+000   0.0000000E+000   7.4968190E-005   3.0425075E-006   9.4883073E-002
   6.5200001E+000   0.0000000E+000   0.0000000E+000   4.1791089E-005   1.8289607E-006   5.1714260E-002
   6.5600002E+000   0.0000000E+000   0.0000000E+000   2.2919097E-005   1.0434429E-006   2.7833153E-002
   6.6000003E+000   0.0000000E+000   0.0000000E+000   1.2210582E-005   5.3974867E-007   1.4788181E-002
   6.6399997E+000   0.0000000E+000   0.0000000E+000   6.5019500E-006   2.9883067E-007   7.7532883E-003
   6.6799998E+000   0.0000000E+000   0.0000000E+000   3.4160909E-006   1.8161320E-007   4.0092071E-003
   6.7199999E+000   0.0000000E+000   0.0000000E+000   1.7422001E-006   9.5377305E-008   2.0435589E-003
   6.7600000E+000   0.0000000E+000   0.0000000E+000   8.9690418E-007   5.0389212E-008   1.0261309E-003
   6.8000001E+000   0.0000000E+000   0.0000000E+000   4.5503271E-007   2.4979794E-008   5.0724019E-004
   6.8400002E+000   0.0000000E+000   0.0000000E+000   2.2169223E-007   1.2139858E-008   2.4666392E-004
   6.8800002E+000   0.0000000E+000   0.0000000E+000   1.0812126E-007   5.8367528E-009   1.1790733E-004
   6.9199997E+000   0.0000000E+000   0.0000000E+000   5.1179211E-008   2.7432549E-009   5.5354891E-005
   6.9599998E+000   0.0000000E+000   0.0000000E+000   2.4049951E-008   1.3372565E-009   2.5501191E-005
   6.9999999E+000   0.0000000E+000   0.0000000E+000   1.0773872E-008   5.8041792E-010   1.1516837E-005
   7.0400000E+000   0.0000000E+000   0.0000000E+000   4.8656091E-009   2.6557698E-010   5.0935427E-006
   7.0800000E+000   0.0000000E+000   0.0000000E+000   2.1307960E-009   1.1501493E-010   2.2035833E-006
   7.1200001E+000   0.0000000E+000   0.0000000E+000   9.3894335E-010   4.7657417E-011   9.3138583E-007
   7.1600002E+000   0.0000000E+000   0.0000000E+000   3.8788815E-010   1.9321576E-011   3.8409852E-007
   7.2000003E+000   0.0000000E+000   0.0000000E+000   1.5566947E-010   7.4266501E-012   1.5432621E-007
   7.2399998E+000   0.0000000E+000   0.0000000E+000   6.1731337E-011   3.2924631E-012   6.0316326E-008
   7.2799999E+000   0.0000000E+000   0.0000000E+000   2.2866703E-011   1.2329985E-012   2.2891690E-008
   7.3199999E+000   0.0000000E+000   0.0000000E+000   8.6014426E-012   4.4885537E-013   8.4206517E-009
   7.3600000E+000   0.0000000E+000   0.0000000E+000   3.1578298E-012   1.5657236E-013   2.9959405E-009
   7.4000001E+000   0.0000000E+000   0.0000000E+000   1.0929356E-012   5.9161015E-014   1.0285877E-009
   7.4400002E+000   0.0000000E+000   0.0000000E+000   3.6665888E-013   1.9246484E-014   3.3991020E-010
   7.4800003E+000   0.0000000E+000   0.0000000E+000   1.1613019E-013   6.9436797E-015   1.0781341E-010
   7.5199997E+000   0.0000000E+000   0.0000000E+000   3.4208680E-014   2.0955375E-015   3.2718718E-011
   7.5599998E+000   0.0000000E+000   0.0000000E+000   1.0000469E-014   6.1399782E-016   9.4667150E-012
   7.5999999E+000   0.0000000E+000   0.0000000E+000   2.7421551E-015   1.5804225E-016   2.6010842E-012
   7.6400000E+000   0.0000000E+000   0.0000000E+000   7.1030058E-016   4.0595602E-017   6.7562972E-013
   7.6800001E+000   0.0000000E+000   0.0000000E+000   1.7174649E-016   9.5725668E-018   1.6506042E-013
   7.7200001E+000   0.0000000E+000   0.0000000E+000   3.8687383E-017   2.3339961E-018   3.7706861E-014
   7.7600002E+000   0.0000000E+000   0.0000000E+000   7.9851056E-018   4.9085666E-019   8.0006199E-015
   7.7999997E+000   0.0000000E+000   0.0000000E+000   1.5364488E-018   1.1980251E-019   1.5644953E-015
   7.8399998E+000   0.0000000E+000   0.0000000E+000   2.7001877E-019   1.7205002E-020   2.7940244E-016
   7.8799999E+000   0.0000000E+000   0.0000000E+000   4.2047244E-020   2.6110792E-021   4.5087168E-017
   7.9200000E+000   0.0000000E+000   0.0000000E+000   5.8862161E-021   3.7661349E-022   6.4913246E-018
   7.9600000E+000   0.0000000E+000   0.0000000E+000   7.2743267E-022   6.1548294E-023   8.2121856E-019
   8.0000001E+000   0.0000000E+000   0.0000000E+000   7.7354547E-023   6.2510814E-024   8.9618467E-020
   8.0400002E+000   0.0000000E+000   0.0000000E+000   6.8433102E-024   5.5273519E-025   8.2463372E-021
   8.0800003E+000   0.0000000E+000   0.0000000E+000   4.8886401E-025   3.8190965E-026   6.2184728E-022
   8.1199998E+000   0.0000000E+000   0.0000000E+000   2.7164905E-026   1.9494143E-027   3.7061156E-023
   8.1599998E+000   0.0000000E+000   0.0000000E+000   1.1455641E-027   7.3466759E-029   1.6652615E-024
   8.1999999E+000   0.0000000E+000   0.0000000E+000   3.4235274E-029   2.2836479E-030   5.2970904E-026
   8.2400000E+000   0.0000000E+000   0.0000000E+000   6.3614381E-031   4.2872815E-032   1.0938301E-027
   8.2800001E+000   0.0000000E+000   0.0000000E+000   6.7158042E-033   4.3176120E-034   1.2952832E-029
   8.3200002E+000   0.0000000E+000   0.0000000E+000   3.2234137E-035   1.9673981E-036   7.2995159E-032
   8.3600003E+000   0.0000000E+000   0.0000000E+000   5.4315160E-038   3.5427516E-039   1.4509038E-034
   8.3999997E+000   0.0000000E+000   0.0000000E+000   1.7760356E-041   1.1232589E-042   6.0001217E-038
   8.4399998E+000   0.0000000E+000   0.0000000E+000   3.7473318E-046   2.3568921E-047   1.7708874E-042
   8.4799999E+000   0.0000000E+000   0.0000000E+000   3.0522628E-053   1.8340690E-054   2.3489822E-049
   8.5200000E+000   0.0000000E+000   0.0000000E+000   3.2697770E-068   1.8747407E-069   3.8029518E-064
   8.5600001E+000   0.0000000E+000   0.0000000E+000   3.1672697E-053   1.7609438E-054  -3.8029518E-064
   8.6000001E+000   0.0000000E+000   0.0000000E+000   3.9841348E-046   1.9287025E-047  -2.3489822E-049
   8.6400002E+000   0.0000000E+000   0.0000000E+000   1.9148860E-041   8.2424990E-043  -1.7708874E-042
   8.6799997E+000   0.0000000E+000   0.0000000E+000   6.0189408E-038   2.5765426E-039  -6.0001217E-038
   8.7199998E+000   0.0000000E+000   0.0000000E+000   3.6597460E-035   1.5591833E-036  -1.4509038E-034
   8.7599999E+000   0.0000000E+000   0.0000000E+000   7.8083912E-033   3.2242895E-034  -7.2995159E-032
   8.8000000E+000   0.0000000E+000   0.0000000E+000   7.4970413E-031   3.0818615E-032  -1.2952832E-029
   8.8400000E+000   0.0000000E+000   0.0000000E+000   4.1361950E-029   1.7415554E-030  -1.0938301E-027
   8.8800001E+000   0.0000000E+000   0.0000000E+000   1.4732427E-027   6.0560462E-029  -5.2970904E-026
   8.9200002E+000   0.0000000E+000   0.0000000E+000   3.5733824E-026   1.4948507E-027  -1.6652615E-024
   8.9600003E+000   0.0000000E+000   0.0000000E+000   6.6194932E-025   2.6777714E-026  -3.7061156E-023
   8.9999998E+000   0.0000000E+000   0.0000000E+000   9.4620464E-024   3.7966142E-025  -6.2184728E-022
   9.0399998E+000   0.0000000E+000   0.0000000E+000   1.1102223E-022   4.6244129E-024  -8.2463372E-021
   9.0799999E+000   0.0000000E+000   0.0000000E+000   1.0819643E-021   4.5542096E-023  -8.9618467E-020
   9.1200000E+000   0.0000000E+000   0.0000000E+000   9.1382355E-021   3.6388376E-022  -8.2121856E-019
   9.1600001E+000   0.0000000E+000   0.0000000E+000   6.7446599E-020   2.4960524E-021  -6.4913246E-018
   9.2000002E+000   0.0000000E+000   0.0000000E+000   4.4178689E-019   1.5633406E-020  -4.5087168E-017
   9.2400002E+000   0.0000000E+000   0.0000000E+000   2.5932955E-018   9.8609038E-020  -2.7940244E-016
   9.2799997E+000   0.0000000E+000   0.0000000E+000   1.3831146E-017   5.1813090E-019  -1.5644953E-015
   9.3199998E+000   0.0000000E+000   0.0000000E+000   6.7431557E-017   2.6051039E-018  -8.0006199E-015
   9.3599999E+000   0.0000000E+000   0.0000000E+000   3.0443064E-016   8.4400390E-018  -3.7706861E-014
   9.4000000E+000   0.0000000E+000   0.0000000E+000   1.3122740E-015   3.3429601E-017  -1.6506042E-013
   9.4400001E+000   0.0000000E+000   0.0000000E+000   5.1718615E-015   1.8519451E-016  -6.7562972E-013
   9.4800001E+000   0.0000000E+000   0.0000000E+000   1.9762336E-014   5.4573480E-016  -2.6010842E-012
   9.5200002E+000   0.0000000E+000   0.0000000E+000   7.0918000E-014   2.4924689E-015  -9.4667150E-012
   9.5599997E+000   0.0000000E+000   0.0000000E+000   2.4025573E-013   8.3367296E-015  -3.2718718E-011
   9.5999998E+000   0.0000000E+000   0.0000000E+000   7.7589918E-013   2.6202042E-014  -1.0781341E-010
   9.6399999E+000   0.0000000E+000   0.0000000E+000   2.3972006E-012   6.9485320E-014  -3.3991020E-010
   9.6799999E+000   0.0000000E+000   0.0000000E+000   7.1442320E-012   1.9694509E-013  -1.0285877E-009
   9.7200000E+000   0.0000000E+000   0.0000000E+000   2.0496178E-011   5.4384381E-013  -2.9959405E-009
   9.7600001E+000   0.0000000E+000   0.0000000E+000   5.6729031E-011   1.5785504E-012  -8.4206517E-009
   9.8000002E+000   0.0000000E+000   0.0000000E+000   1.5205682E-010   4.0613310E-012  -2.2891690E-008
   9.8400003E+000   0.0000000E+000   0.0000000E+000   3.9578220E-010   1.0085062E-011  -6.0316326E-008
   9.8799998E+000   0.0000000E+000   0.0000000E+000   1.0148909E-009   2.6333224E-011  -1.5432621E-007
   9.9199998E+000   0.0000000E+000   0.0000000E+000   2.5015433E-009   6.5221053E-011  -3.8409852E-007
   9.9599999E+000   0.0000000E+000   0.0000000E+000   5.9965859E-009   1.6007761E-010  -9.3138583E-007
   1.0000000E+001   0.0000000E+000   0.0000000E+000   1.4201408E-008   3.8014432E-010  -2.2035833E-006
   1.0039999E+001   0.0000000E+000   0.0000000E+000   3.2623142E-008   8.4500015E-010  -5.0935427E-006
   1.0080000E+001   0.0000000E+000   0.0000000E+000   7.4053272E-008   1.8865115E-009  -1.1516837E-005
   1.0120000E+001   0.0000000E+000   0.0000000E+000   1.6433236E-007   4.2256063E-009  -2.5501191E-005
   1.0160000E+001   0.0000000E+000   0.0000000E+000   3.5364338E-007   9.2594857E-009  -5.5354891E-005
   1.0200000E+001   0.0000000E+000   0.0000000E+000   7.5448499E-007   1.9039560E-008  -1.1790733E-004
   1.0240000E+001   0.0000000E+000   0.0000000E+000   1.5841794E-006   3.9735643E-008  -2.4666392E-004
   1.0280000E+001   0.0000000E+000   0.0000000E+000   3.2693331E-006   7.6237688E-008  -5.0724019E-004
   1.0319999E+001   0.0000000E+000   0.0000000E+000   6.6255431E-006   1.4963892E-007  -1.0261309E-003
   1.0360000E+001   0.0000000E+000   0.0000000E+000   1.3310690E-005   2.8705098E-007  -2.0435589E-003
   1.0400000E+001   0.0000000E+000   0.0000000E+000   2.6190134E-005   5.5462862E-007  -4.0092071E-003
   1.0440000E+001   0.0000000E+000   0.0000000E+000   5.0767833E-005   9.9053802E-007  -7.7532883E-003
   1.0480000E+001   0.0000000E+000   0.0000000E+000   9.7997391E-005   1.9904536E-006  -1.4788181E-002
   1.0520000E+001   0.0000000E+000   0.0000000E+000   1.8466104E-004   3.4474577E-006  -2.7833153E-002
   1.0560000E+001   0.0000000E+000   0.0000000E+000   3.4705109E-004   7.2204635E-006  -5.1714260E-002
   1.0599999E+001   0.0000000E+000   0.0000000E+000   6.4490070E-004   1.3360248E-005  -9.4883073E-002
   1.0640000E+001   0.0000000E+000   0.0000000E+000   1.1718834E-003   2.2459626E-005  -1.7192917E-001
   1.0680000E+001   0.0000000E+000   0.0000000E+000   2.1306385E-003   3.7811917E-005  -3.0762324E-001
   1.0720000E+001   0.0000000E+000   0.0000000E+000   3.8718123E-003   6.0429429E-005  -5.4314821E-001
   1.0760000E+001   0.0000000E+000   0.0000000E+000   7.0549938E-003   8.9159529E-005  -9.4499189E-001
   1.0800000E+001   0.0000000E+000   0.0000000E+000   1.2878097E-002   1.7123861E-004  -1.6157218E+000
   1.0840000E+001   0.0000000E+000   0.0000000E+000   2.3676323E-002   2.7297316E-004  -2.7016194E+000
   1.0880001E+001   0.0000000E+000   0.0000000E+000   4.4425751E-002   4.1268567E-004  -4.3809603E+000
   1.0920000E+001   0.0000000E+000   0.0000000E+000   8.4539357E-002   6.3008264E-004  -6.7934806E+000
   1.0960000E+001   0.0000000E+000   0.0000000E+000   1.5640061E-001   9.5375314E-004  -9.8418731E+000
   1.1000000E+001   0.0000000E+000   0.0000000E+000   2.5094533E-001   1.3728486E-003  -1.2822827E+001
   1.1040000E+001   0.0000000E+000   0.0000000E+000   2.9491298E-001   9.0759654E-004  -1.4126571E+001
   1.1080000E+001   0.0000000E+000   0.0000000E+000   2.2306917E-001   2.6322368E-004  -1.1920447E+001
   1.1120000E+001   0.0000000E+000   0.0000000E+000   9.6931868E-002   4.8539509E-005  -6.5831787E+000
   1.1160001E+001   0.0000000E+000   0.0000000E+000   1.9543652E-002   1.2905475E-005  -1.8561938E+000
   1.1200000E+001   0.0000000E+000   0.0000000E+000   1.2637373E-003   1.0755756E-006  -1.8107257E-001
   1.1240000E+001   0.0000000E+000   0.0000000E+000   1.4850451E-005   1.6273632E-008  -3.3351645E-003
   1.1280000E+001   0.0000000E+000   0.0000000E+000   1.2857272E-008   2.0723613E-011  -4.5484066E-006
   1.1320000E+001   0.0000000E+000   0.0000000E+000   1.9690822E-013   4.0464451E-016  -1.0906345E-010
   1.1360000E+001   0.0000000E+000   0.0000000E+000   5.9426537E-021   1.4073428E-023  -5.1240323E-018
   1.1400000E+001   0.0000000E+000   0.0000000E+000   1.2614119E-032   3.7974352E-035  -1.6906510E-029
   1.1440001E+001   0.0000000E+000   0.0000000E+000   1.2656783E-050   4.5248568E-053  -2.5882517E-047
   1.1480000E+001   0.0000000E+000   0.0000000E+000   3.1647982E-078   1.4747881E-080  -9.9035930E-075
   1.1520000E+001   0.0000000E+000   0.0000000E+000   2.6554957E-120   1.5367866E-122  -1.2665885E-116
   1.1560000E+001   0.0000000E+000   0.0000000E+000   0.0000000E+000   0.0000000E+000  -3.2046018E-180
   1.1600000E+001   0.0000000E+000   0.0000000E+000   0.0000000E+000   0.0000000E+000  -3.4909096E-276
   1.1640000E+001   0.0000000E+000   0.0000000E+000   0.0000000E+000   0.0000000E+000   0.0000000E+000
   1.1680000E+001   0.0000000E+000   0.0000000E+000   0.0000000E+000   0.0000000E+000   0.0000000E+000
   1.1720001E+001   0.0000000E+000   0.0000000E+000   0.0000000E+000   0.0000000E+000   0.0000000E+000
   1.1760000E+001   0.0000000E+000   0.0000000E+000   0.0000000E+000   0.0000000E+000   0.0000000E+000
   1.1799999E+001   0.0000000E+000   0.0000000E+000   0.0000000E+000   0.0000000E+000   0.0000000E+000
   1.1840000E+001   0.0000000E+000   0.0000000E+000   0.0000000E+000   0.0000000E+000   0.0000000E+000
   1.1880000E+001   0.0000000E+000   0.0000000E+000   0.0000000E+000   0.0000000E+000   0.0000000E+000
   1.1920000E+001   0.0000000E+000   0.0000000E+000   0.0000000E+000   0.0000000E+000   0.0000000E+000
   1.1960000E+001   0.0000000E+000   0.0000000E+000   0.0000000E+000   0.0000000E+000   0.0000000E+000
   1.2000000E+001   0.0000000E+000   0.0000000E+000   0.0000000E+000   0.0000000E+000   0.0000000E+000
   1.2040000E+001   0.0000000E+000   0.0000000E+000   0.0000000E+000   0.0000000E+000   0.0000000E+000
   1.2079999E+001   0.0000000E+000   0.0000000E+000   0.0000000E+000   0.0000000E+000   0.0000000E+000
   1.2120000E+001   0.0000000E+000   0.0000000E+000   0.0000000E+000   0.0000000E+000   0.0000000E+000
   1.2160000E+001   0.0000000E+000   0.0000000E+000   0.0000000E+000   0.0000000E+000   0.0000000E+000
   1.2200000E+001   0.0000000E+000   0.0000000E+000   0.0000000E+000   0.0000000E+000   0.0000000E+000
   1.2240000E+001   0.0000000E+000   0.0000000E+000   0.0000000E+000   0.0000000E+000   0.0000000E+000
   1.2280000E+001   0.0000000E+000   0.0000000E+000   0.0000000E+000   0.0000000E+000   0.0000000E+000
   1.2320000E+001   0.0000000E+000   0.0000000E+000   0.0000000E+000   0.0000000E+000   0.0000000E+000
   1.2359999E+001   0.0000000E+000   0.0000000E+000   0.0000000E+000   0.0000000E+000   0.0000000E+000
   1.2400000E+001   0.0000000E+000   0.0000000E+000   0.0000000E+000   0.0000000E+000   0.0000000E+000
   1.2440000E+001   0.0000000E+000   0.0000000E+000   0.0000000E+000   0.0000000E+000   0.0000000E+000
   1.2480000E+001   0.0000000E+000   0.0000000E+000   0.0000000E+000   0.0000000E+000   0.0000000E+000
   1.2520000E+001   0.0000000E+000   0.0000000E+000   0.0000000E+000   0.0000000E+000   0.0000000E+000
   1.2560000E+001   0.0000000E+000   0.0000000E+000   0.0000000E+000   0.0000000E+000   0.0000000E+000
   1.2600000E+001   0.0000000E+000   0.0000000E+000   0.0000000E+000   0.0000000E+000   0.0000000E+000
   1.2640001E+001   0.0000000E+000   0.0000000E+000   0.0000000E+000   0.0000000E+000   0.0000000E+000
   1.2680000E+001   0.0000000E+000   0.0000000E+000   0.0000000E+000   0.0000000E+000   0.0000000E+000
   1.2720000E+001   0.0000000E+000   0.0000000E+000   0.0000000E+000   0.0000000E+000   0.0000000E+000
   1.2760000E+001   0.0000000E+000   0.0000000E+000   0.0000000E+000   0.0000000E+000   0.0000000E+000
   1.2800000E+001   0.0000000E+000   0.0000000E+000   0.0000000E+000   0.0000000E+000   0.0000000E+000
   1.2840000E+001   0.0000000E+000   0.0000000E+000   0.0000000E+000   0.0000000E+000   0.0000000E+000
   1.2880000E+001   0.0000000E+000   0.0000000E+000   0.0000000E+000   0.0000000E+000   0.0000000E+000
   1.2920001E+001   0.0000000E+000   0.0000000E+000   0.0000000E+000   0.0000000E+000   0.0000000E+000
   1.2960000E+001   0.0000000E+000   0.0000000E+000   0.0000000E+000   0.0000000E+000   0.0000000E+000
   1.3000000E+001   0.0000000E+000   0.0000000E+000   0.0000000E+000   0.0000000E+000   0.0000000E+000
   1.3040000E+001   0.0000000E+000   0.0000000E+000   0.0000000E+000   0.0000000E+000   0.0000000E+000
   1.3080000E+001   0.0000000E+000   0.0000000E+000   0.0000000E+000   0.0000000E+000   0.0000000E+000
   1.3120000E+001   0.0000000E+000   0.0000000E+000   0.0000000E+000   0.0000000E+000   0.0000000E+000
   1.3160000E+001   0.0000000E+000   0.0000000E+000   0.0000000E+000   0.0000000E+000   0.0000000E+000
   1.3200001E+001   0.0000000E+000   0.0000000E+000   0.0000000E+000   0.0000000E+000   0.0000000E+000
   1.3240000E+001   0.0000000E+000   0.0000000E+000   0.0000000E+000   0.0000000E+000   0.0000000E+000
   1.3279999E+001   0.0000000E+000   0.0000000E+000   0.0000000E+000   0.0000000E+000   0.0000000E+000
   1.3320000E+001   0.0000000E+000   0.0000000E+000   0.0000000E+000   0.0000000E+000   0.0000000E+000
   1.3360000E+001   0.0000000E+000   0.0000000E+000   0.0000000E+000   0.0000000E+000   0.0000000E+000
   1.3400000E+001   0.0000000E+000   0.0000000E+000   0.0000000E+000   0.0000000E+000   0.0000000E+000
   1.3440000E+001   0.0000000E+000   0.0000000E+000   0.0000000E+000   0.0000000E+000   0.0000000E+000
   1.3480000E+001   0.0000000E+000   0.0000000E+000   0.0000000E+000   0.0000000E+000   0.0000000E+000
   1.3520000E+001   0.0000000E+000   0.0000000E+000   0.0000000E+000   0.0000000E+000   0.0000000E+000
   1.3559999E+001   0.0000000E+000   0.0000000E+000   0.0000000E+000   0.0000000E+000   0.0000000E+000
   1.3600000E+001   0.0000000E+000   0.0000000E+000   0.0000000E+000   0.0000000E+000   0.0000000E+000
   1.3640000E+001   0.0000000E+000   0.0000000E+000   0.0000000E+000   0.0000000E+000   0.0000000E+000
   1.3680000E+001   0.0000000E+000   0.0000000E+000   0.0000000E+000   0.0000000E+000   0.0000000E+000
   1.3720000E+001   0.0000000E+000   0.0000000E+000   0.0000000E+000   0.0000000E+000   0.0000000E+000
   1.3760000E+001   0.0000000E+000   0.0000000E+000   0.0000000E+000   0.0000000E+000   0.0000000E+000
   1.3800000E+001   0.0000000E+000   0.0000000E+000   0.0000000E+000   0.0000000E+000   0.0000000E+000
   1.3839999E+001   0.0000000E+000   0.0000000E+000   0.0000000E+000   0.0000000E+000   0.0000000E+000
   1.3880000E+001   0.0000000E+000   0.0000000E+000   0.0000000E+000   0.0000000E+000   0.0000000E+000
   1.3920000E+001   0.0000000E+000   0.0000000E+000   0.0000000E+000   0.0000000E+000   0.0000000E+000
   1.3960000E+001   0.0000000E+000   0.0000000E+000   0.0000000E+000   0.0000000E+000   0.0000000E+000
   1.4000000E+001   0.0000000E+000   0.0000000E+000   0.0000000E+000   0.0000000E+000   0.0000000E+000
   1.4040000E+001   0.0000000E+000   0.0000000E+000   0.0000000E+000   0.0000000E+000   0.0000000E+000
   1.4080000E+001   0.0000000E+000   0.0000000E+000   0.0000000E+000   0.0000000E+000   0.0000000E+000
   1.4119999E+001   0.0000000E+000   0.0000000E+000   0.0000000E+000   0.0000000E+000   0.0000000E+000
   1.4160000E+001   0.0000000E+000   0.0000000E+000   0.0000000E+000   0.0000000E+000   0.0000000E+000
   1.4200000E+001   0.0000000E+000   0.0000000E+000   0.0000000E+000   0.0000000E+000   0.0000000E+000
   1.4240000E+001   0.0000000E+000   0.0000000E+000   0.0000000E+000   0.0000000E+000   0.0000000E+000
   1.4280000E+001   0.0000000E+000   0.0000000E+000   0.0000000E+000   0.0000000E+000   0.0000000E+000
   1.4320000E+001   0.0000000E+000   0.0000000E+000   0.0000000E+000   0.0000000E+000   0.0000000E+000
   1.4360000E+001   0.0000000E+000   0.0000000E+000   0.0000000E+000   0.0000000E+000   0.0000000E+000
   1.4400001E+001   0.0000000E+000   0.0000000E+000   0.0000000E+000   0.0000000E+000   0.0000000E+000
   1.4440000E+001   0.0000000E+000   0.0000000E+000   0.0000000E+000   0.0000000E+000   0.0000000E+000
   1.4480000E+001   0.0000000E+000   0.0000000E+000   0.0000000E+000   0.0000000E+000   0.0000000E+000
   1.4520000E+001   0.0000000E+000   0.0000000E+000   0.0000000E+000   0.0000000E+000   0.0000000E+000
   1.4560000E+001   0.0000000E+000   0.0000000E+000   0.0000000E+000   0.0000000E+000   0.0000000E+000
   1.4600000E+001   0.0000000E+000   0.0000000E+000   0.0000000E+000   0.0000000E+000   0.0000000E+000
   1.4640000E+001   0.0000000E+000   0.0000000E+000   0.0000000E+000   0.0000000E+000   0.0000000E+000
   1.4680001E+001   0.0000000E+000   0.0000000E+000   0.0000000E+000   0.0000000E+000   0.0000000E+000
   1.4720000E+001   0.0000000E+000   0.0000000E+000   0.0000000E+000   0.0000000E+000   0.0000000E+000
   1.4760000E+001   0.0000000E+000   0.0000000E+000   0.0000000E+000   0.0000000E+000   0.0000000E+000
   1.4800000E+001   0.0000000E+000   0.0000000E+000   0.0000000E+000   0.0000000E+000   0.0000000E+000
   1.4840000E+001   0.0000000E+000   0.0000000E+000   0.0000000E+000   0.0000000E+000   0.0000000E+000
   1.4880000E+001   0.0000000E+000   0.0000000E+000   0.0000000E+000   0.0000000E+000   0.0000000E+000
   1.4920000E+001   0.0000000E+000   0.0000000E+000   0.0000000E+000   0.0000000E+000   0.0000000E+000
   1.4960001E+001   0.0000000E+000   0.0000000E+000   0.0000000E+000   0.0000000E+000   0.0000000E+000
   1.5000000E+001   0.0000000E+000   0.0000000E+000   0.0000000E+000   0.0000000E+000   0.0000000E+000
   1.5039999E+001   0.0000000E+000   0.0000000E+000   0.0000000E+000   0.0000000E+000   0.0000000E+000
   1.5080000E+001   0.0000000E+000   0.0000000E+000   0.0000000E+000   0.0000000E+000   0.0000000E+000
   1.5120000E+001   0.0000000E+000   0.0000000E+000   0.0000000E+000   0.0000000E+000   0.0000000E+000
   1.5160000E+001   0.0000000E+000   0.0000000E+000   0.0000000E+000   0.0000000E+000   0.0000000E+000
   1.5200000E+001   0.0000000E+000   0.0000000E+000   0.0000000E+000   0.0000000E+000   0.0000000E+000
   1.5240000E+001   0.0000000E+000   0.0000000E+000   0.0000000E+000   0.0000000E+000   0.0000000E+000
   1.5280000E+001   0.0000000E+000   0.0000000E+000   0.0000000E+000   0.0000000E+000   0.0000000E+000
   1.5319999E+001   0.0000000E+000   0.0000000E+000   0.0000000E+000   0.0000000E+000   0.0000000E+000
   1.5360000E+001   0.0000000E+000   0.0000000E+000   0.0000000E+000   0.0000000E+000   0.0000000E+000
   1.5400000E+001   0.0000000E+000   0.0000000E+000   0.0000000E+000   0.0000000E+000   0.0000000E+000
   1.5440000E+001   0.0000000E+000   0.0000000E+000   0.0000000E+000   0.0000000E+000   0.0000000E+000
   1.5480000E+001   0.0000000E+000   0.0000000E+000   0.0000000E+000   0.0000000E+000   0.0000000E+000
   1.5520000E+001   0.0000000E+000   0.0000000E+000   0.0000000E+000   0.0000000E+000   0.0000000E+000
   1.5560000E+001   0.0000000E+000   0.0000000E+000   0.0000000E+000   0.0000000E+000   0.0000000E+000
   1.5599999E+001   0.0000000E+000   0.0000000E+000   0.0000000E+000   0.0000000E+000   0.0000000E+000
   1.5640000E+001   0.0000000E+000   0.0000000E+000   0.0000000E+000   0.0000000E+000   0.0000000E+000
   1.5680000E+001   0.0000000E+000   0.0000000E+000   0.0000000E+000   0.0000000E+000   0.0000000E+000
   1.5720000E+001   0.0000000E+000   0.0000000E+000   0.0000000E+000   0.0000000E+000   0.0000000E+000
   1.5760000E+001   0.0000000E+000   0.0000000E+000   0.0000000E+000   0.0000000E+000   0.0000000E+000
   1.5800000E+001   0.0000000E+000   0.0000000E+000   0.0000000E+000   0.0000000E+000   0.0000000E+000
   1.5840000E+001   0.0000000E+000   0.0000000E+000   0.0000000E+000   0.0000000E+000   0.0000000E+000
   1.5880001E+001   0.0000000E+000   0.0000000E+000   0.0000000E+000   0.0000000E+000   0.0000000E+000
   1.5920000E+001   0.0000000E+000   0.0000000E+000   0.0000000E+000   0.0000000E+000   0.0000000E+000
   1.5960000E+001   0.0000000E+000   0.0000000E+000   0.0000000E+000   0.0000000E+000   0.0000000E+000
   1.6000000E+001   0.0000000E+000   0.0000000E+000   0.0000000E+000   0.0000000E+000   0.0000000E+000
   1.6040000E+001   0.0000000E+000   0.0000000E+000   0.0000000E+000   0.0000000E+000   0.0000000E+000
   1.6080000E+001   0.0000000E+000   0.0000000E+000   0.0000000E+000   0.0000000E+000   0.0000000E+000
   1.6120000E+001   0.0000000E+000   0.0000000E+000   0.0000000E+000   0.0000000E+000   0.0000000E+000
   1.6160001E+001   0.0000000E+000   0.0000000E+000   0.0000000E+000   0.0000000E+000   0.0000000E+000
   1.6200000E+001   0.0000000E+000   0.0000000E+000   0.0000000E+000   0.0000000E+000   0.0000000E+000
   1.6240000E+001   0.0000000E+000   0.0000000E+000   0.0000000E+000   0.0000000E+000   0.0000000E+000
   1.6280000E+001   0.0000000E+000   0.0000000E+000   0.0000000E+000   0.0000000E+000   0.0000000E+000
   1.6320000E+001   0.0000000E+000   0.0000000E+000   0.0000000E+000   0.0000000E+000   0.0000000E+000
   1.6360000E+001   0.0000000E+000   0.0000000E+000   0.0000000E+000   0.0000000E+000   0.0000000E+000
   1.6400000E+001   0.0000000E+000   0.0000000E+000   0.0000000E+000   0.0000000E+000   0.0000000E+000
   1.6440001E+001   0.0000000E+000   0.0000000E+000   0.0000000E+000   0.0000000E+000   0.0000000E+000
   1.6480000E+001   0.0000000E+000   0.0000000E+000   0.0000000E+000   0.0000000E+000   0.0000000E+000
   1.6520000E+001   0.0000000E+000   0.0000000E+000   0.0000000E+000   0.0000000E+000   0.0000000E+000
   1.6560000E+001   0.0000000E+000   0.0000000E+000   0.0000000E+000   0.0000000E+000   0.0000000E+000
   1.6600000E+001   0.0000000E+000   0.0000000E+000   0.0000000E+000   0.0000000E+000   0.0000000E+000
   1.6640000E+001   0.0000000E+000   0.0000000E+000   0.0000000E+000   0.0000000E+000   0.0000000E+000
   1.6680000E+001   0.0000000E+000   0.0000000E+000   0.0000000E+000   0.0000000E+000   0.0000000E+000
   1.6720001E+001   0.0000000E+000   0.0000000E+000   0.0000000E+000   0.0000000E+000   0.0000000E+000
   1.6760000E+001   0.0000000E+000   0.0000000E+000   0.0000000E+000   0.0000000E+000   0.0000000E+000
   1.6799999E+001   0.0000000E+000   0.0000000E+000   0.0000000E+000   0.0000000E+000   0.0000000E+000
   1.6840000E+001   0.0000000E+000   0.0000000E+000   0.0000000E+000   0.0000000E+000   0.0000000E+000
   1.6880000E+001   0.0000000E+000   0.0000000E+000   0.0000000E+000   0.0000000E+000   0.0000000E+000
   1.6920000E+001   0.0000000E+000   0.0000000E+000   0.0000000E+000   0.0000000E+000   0.0000000E+000
   1.6960000E+001   0.0000000E+000   0.0000000E+000   0.0000000E+000   0.0000000E+000   0.0000000E+000
   1.7000000E+001   0.0000000E+000   0.0000000E+000   0.0000000E+000   0.0000000E+000   0.0000000E+000
   1.7040000E+001   0.0000000E+000   0.0000000E+000   0.0000000E+000   0.0000000E+000   0.0000000E+000
   1.7079999E+001   0.0000000E+000   0.0000000E+000   0.0000000E+000   0.0000000E+000   0.0000000E+000
   1.7120000E+001   0.0000000E+000   0.0000000E+000   0.0000000E+000   0.0000000E+000   0.0000000E+000
   1.7160000E+001   0.0000000E+000   0.0000000E+000   0.0000000E+000   0.0000000E+000   0.0000000E+000
   1.7200000E+001   0.0000000E+000   0.0000000E+000   0.0000000E+000   0.0000000E+000   0.0000000E+000
   1.7240000E+001   0.0000000E+000   0.0000000E+000   0.0000000E+000   0.0000000E+000   0.0000000E+000
   1.7280000E+001   0.0000000E+000   0.0000000E+000   0.0000000E+000   0.0000000E+000   0.0000000E+000
   1.7320000E+001   0.0000000E+000   0.0000000E+000   0.0000000E+000   0.0000000E+000   0.0000000E+000
   1.7359999E+001   0.0000000E+000   0.0000000E+000   0.0000000E+000   0.0000000E+000   0.0000000E+000
   1.7400000E+001   0.0000000E+000   0.0000000E+000   0.0000000E+000   0.0000000E+000   0.0000000E+000
   1.7440000E+001   0.0000000E+000   0.0000000E+000   0.0000000E+000   0.0000000E+000   0.0000000E+000
   1.7480000E+001   0.0000000E+000   0.0000000E+000   0.0000000E+000   0.0000000E+000   0.0000000E+000
   1.7520000E+001   0.0000000E+000   0.0000000E+000   0.0000000E+000   0.0000000E+000   0.0000000E+000
   1.7560000E+001   0.0000000E+000   0.0000000E+000   0.0000000E+000   0.0000000E+000   0.0000000E+000
   1.7600000E+001   0.0000000E+000   0.0000000E+000   0.0000000E+000   0.0000000E+000   0.0000000E+000
   1.7640001E+001   0.0000000E+000   0.0000000E+000   0.0000000E+000   0.0000000E+000   0.0000000E+000
   1.7680000E+001   0.0000000E+000   0.0000000E+000   0.0000000E+000   0.0000000E+000   0.0000000E+000
   1.7720000E+001   0.0000000E+000   0.0000000E+000   0.0000000E+000   0.0000000E+000   0.0000000E+000
   1.7760000E+001   0.0000000E+000   0.0000000E+000   0.0000000E+000   0.0000000E+000   0.0000000E+000
   1.7800000E+001   0.0000000E+000   0.0000000E+000   0.0000000E+000   0.0000000E+000   0.0000000E+000
   1.7840000E+001   0.0000000E+000   0.0000000E+000   0.0000000E+000   0.0000000E+000   0.0000000E+000
   1.7880000E+001   0.0000000E+000   0.0000000E+000   0.0000000E+000   0.0000000E+000   0.0000000E+000
   1.7920001E+001   0.0000000E+000   0.0000000E+000   0.0000000E+000   0.0000000E+000   0.0000000E+000
   1.7960000E+001   0.0000000E+000   0.0000000E+000   0.0000000E+000   0.0000000E+000   0.0000000E+000
   1.8000000E+001   0.0000000E+000   0.0000000E+000   0.0000000E+000   0.0000000E+000   0.0000000E+000
   1.8040000E+001   0.0000000E+000   0.0000000E+000   0.0000000E+000   0.0000000E+000   0.0000000E+000
   1.8080000E+001   0.0000000E+000   0.0000000E+000   0.0000000E+000   0.0000000E+000   0.0000000E+000
   1.8120000E+001   0.0000000E+000   0.0000000E+000   0.0000000E+000   0.0000000E+000   0.0000000E+000
   1.8160000E+001   0.0000000E+000   0.0000000E+000   0.0000000E+000   0.0000000E+000   0.0000000E+000
   1.8200001E+001   0.0000000E+000   0.0000000E+000   0.0000000E+000   0.0000000E+000   0.0000000E+000
   1.8240000E+001   0.0000000E+000   0.0000000E+000   0.0000000E+000   0.0000000E+000   0.0000000E+000
   1.8279999E+001   0.0000000E+000   0.0000000E+000   0.0000000E+000   0.0000000E+000   0.0000000E+000
   1.8320000E+001   0.0000000E+000   0.0000000E+000   0.0000000E+000   0.0000000E+000   0.0000000E+000
   1.8360000E+001   0.0000000E+000   0.0000000E+000   0.0000000E+000   0.0000000E+000   0.0000000E+000
   1.8400000E+001   0.0000000E+000   0.0000000E+000   0.0000000E+000   0.0000000E+000   0.0000000E+000
   1.8440000E+001   0.0000000E+000   0.0000000E+000   0.0000000E+000   0.0000000E+000   0.0000000E+000
   1.8480000E+001   0.0000000E+000   0.0000000E+000   0.0000000E+000   0.0000000E+000   0.0000000E+000
   1.8520000E+001   0.0000000E+000   0.0000000E+000   0.0000000E+000   0.0000000E+000   0.0000000E+000
   1.8559999E+001   0.0000000E+000   0.0000000E+000   0.0000000E+000   0.0000000E+000   0.0000000E+000
   1.8600000E+001   0.0000000E+000   0.0000000E+000   0.0000000E+000   0.0000000E+000   0.0000000E+000
   1.8640000E+001   0.0000000E+000   0.0000000E+000   0.0000000E+000   0.0000000E+000   0.0000000E+000
   1.8680000E+001   0.0000000E+000   0.0000000E+000   0.0000000E+000   0.0000000E+000   0.0000000E+000
   1.8720000E+001   0.0000000E+000   0.0000000E+000   0.0000000E+000   0.0000000E+000   0.0000000E+000
   1.8760000E+001   0.0000000E+000   0.0000000E+000   0.0000000E+000   0.0000000E+000   0.0000000E+000
   1.8800000E+001   0.0000000E+000   0.0000000E+000   0.0000000E+000   0.0000000E+000   0.0000000E+000
   1.8839999E+001   0.0000000E+000   0.0000000E+000   0.0000000E+000   0.0000000E+000   0.0000000E+000
   1.8880000E+001   0.0000000E+000   0.0000000E+000   0.0000000E+000   0.0000000E+000   0.0000000E+000
   1.8920000E+001   0.0000000E+000   0.0000000E+000   0.0000000E+000   0.0000000E+000   0.0000000E+000
   1.8960000E+001   0.0000000E+000   0.0000000E+000   0.0000000E+000   0.0000000E+000   0.0000000E+000
   1.9000000E+001   0.0000000E+000   0.0000000E+000   0.0000000E+000   0.0000000E+000   0.0000000E+000
   1.9040000E+001   0.0000000E+000   0.0000000E+000   0.0000000E+000   0.0000000E+000   0.0000000E+000
   1.9080000E+001   0.0000000E+000   0.0000000E+000   0.0000000E+000   0.0000000E+000   0.0000000E+000
   1.9119999E+001   0.0000000E+000   0.0000000E+000   0.0000000E+000   0.0000000E+000   0.0000000E+000
   1.9160000E+001   0.0000000E+000   0.0000000E+000   0.0000000E+000   0.0000000E+000   0.0000000E+000
   1.9200000E+001   0.0000000E+000   0.0000000E+000   0.0000000E+000   0.0000000E+000   0.0000000E+000
   1.9240000E+001   0.0000000E+000   0.0000000E+000   0.0000000E+000   0.0000000E+000   0.0000000E+000
   1.9280000E+001   0.0000000E+000   0.0000000E+000   0.0000000E+000   0.0000000E+000   0.0000000E+000
   1.9320000E+001   0.0000000E+000   0.0000000E+000   0.0000000E+000   0.0000000E+000   0.0000000E+000
   1.9360000E+001   0.0000000E+000   0.0000000E+000   0.0000000E+000   0.0000000E+000   0.0000000E+000
   1.9400001E+001   0.0000000E+000   0.0000000E+000   0.0000000E+000   0.0000000E+000   0.0000000E+000
   1.9440000E+001   0.0000000E+000   0.0000000E+000   0.0000000E+000   0.0000000E+000   0.0000000E+000
   1.9480000E+001   0.0000000E+000   0.0000000E+000   0.0000000E+000   0.0000000E+000   0.0000000E+000
   1.9520000E+001   0.0000000E+000   0.0000000E+000   0.0000000E+000   0.0000000E+000   0.0000000E+000
   1.9560000E+001   0.0000000E+000   0.0000000E+000   0.0000000E+000   0.0000000E+000   0.0000000E+000
   1.9600000E+001   0.0000000E+000   0.0000000E+000   0.0000000E+000   0.0000000E+000   0.0000000E+000
   1.9640000E+001   0.0000000E+000   0.0000000E+000   0.0000000E+000   0.0000000E+000   0.0000000E+000
   1.9680001E+001   0.0000000E+000   0.0000000E+000   0.0000000E+000   0.0000000E+000   0.0000000E+000
   1.9720000E+001   0.0000000E+000   0.0000000E+000   0.0000000E+000   0.0000000E+000   0.0000000E+000
   1.9760000E+001   0.0000000E+000   0.0000000E+000   0.0000000E+000   0.0000000E+000   0.0000000E+000
   1.9800000E+001   0.0000000E+000   0.0000000E+000   0.0000000E+000   0.0000000E+000   0.0000000E+000
   1.9840000E+001   0.0000000E+000   0.0000000E+000   0.0000000E+000   0.0000000E+000   0.0000000E+000
   1.9880000E+001   0.0000000E+000   0.0000000E+000   0.0000000E+000   0.0000000E+000   0.0000000E+000
   1.9920000E+001   0.0000000E+000   0.0000000E+000   0.0000000E+000   0.0000000E+000   0.0000000E+000
   1.9960001E+001   0.0000000E+000   0.0000000E+000   0.0000000E+000   0.0000000E+000   0.0000000E+000
   2.0000000E+001   0.0000000E+000   0.0000000E+000   0.0000000E+000   0.0000000E+000   0.0000000E+000
