   8.0000004E-002   0.0000000E+000   0.0000000E+000   0.0000000E+000   0.0000000E+000
   1.2000000E-001   0.0000000E+000   0.0000000E+000   0.0000000E+000   0.0000000E+000
   1.6000001E-001   0.0000000E+000   0.0000000E+000   0.0000000E+000   0.0000000E+000
   2.0000000E-001   0.0000000E+000   0.0000000E+000   0.0000000E+000   0.0000000E+000
   2.4000000E-001   0.0000000E+000   0.0000000E+000   0.0000000E+000   0.0000000E+000
   2.8000001E-001   0.0000000E+000   0.0000000E+000   0.0000000E+000   0.0000000E+000
   3.2000002E-001   0.0000000E+000   0.0000000E+000   0.0000000E+000   0.0000000E+000
   3.5999998E-001   0.0000000E+000   0.0000000E+000   0.0000000E+000   0.0000000E+000
   3.9999999E-001   0.0000000E+000   0.0000000E+000   0.0000000E+000   0.0000000E+000
   4.4000000E-001   0.0000000E+000   0.0000000E+000   0.0000000E+000   0.0000000E+000
   4.8000000E-001   0.0000000E+000   0.0000000E+000   0.0000000E+000   0.0000000E+000
   5.2000001E-001   0.0000000E+000   0.0000000E+000   0.0000000E+000   0.0000000E+000
   5.6000002E-001   0.0000000E+000   0.0000000E+000   0.0000000E+000   0.0000000E+000
   5.9999999E-001   0.0000000E+000   0.0000000E+000   0.0000000E+000   0.0000000E+000
   6.4000003E-001   0.0000000E+000   0.0000000E+000   0.0000000E+000   0.0000000E+000
   6.8000004E-001   0.0000000E+000   0.0000000E+000   0.0000000E+000   0.0000000E+000
   7.1999997E-001   0.0000000E+000   0.0000000E+000   0.0000000E+000   0.0000000E+000
   7.5999998E-001   0.0000000E+000   0.0000000E+000   0.0000000E+000   0.0000000E+000
   7.9999998E-001   0.0000000E+000   0.0000000E+000   0.0000000E+000   0.0000000E+000
   8.3999999E-001   0.0000000E+000   0.0000000E+000   0.0000000E+000   0.0000000E+000
   8.8000000E-001   0.0000000E+000   0.0000000E+000   0.0000000E+000   0.0000000E+000
   9.2000000E-001   0.0000000E+000   0.0000000E+000   0.0000000E+000   0.0000000E+000
   9.6000001E-001   0.0000000E+000   0.0000000E+000   0.0000000E+000   0.0000000E+000
   1.0000000E+000   0.0000000E+000   0.0000000E+000   0.0000000E+000   0.0000000E+000
   1.0400000E+000   8.8880278E-006   6.3152438E-007   3.8924348E-006   4.2526387E-007
   1.0800000E+000   1.6460067E-005   1.1124314E-006   7.8579427E-006   8.5174673E-007
   1.1200000E+000   2.5345748E-005   1.6592691E-006   1.2978196E-005   1.2260121E-006
   1.1600000E+000   3.5769568E-005   2.2149676E-006   1.8799519E-005   1.8682401E-006
   1.2000000E+000   4.6530385E-005   2.7266110E-006   2.3200043E-005   2.2271767E-006
   1.2400000E+000   5.3731873E-005   3.1194039E-006   2.9863669E-005   2.9554167E-006
   1.2800001E+000   6.5374067E-005   4.2787699E-006   3.6071447E-005   3.3463654E-006
   1.3200000E+000   7.8024273E-005   5.3456624E-006   3.9561749E-005   3.6660886E-006
   1.3600001E+000   9.0165086E-005   5.5890428E-006   4.8151841E-005   4.2264159E-006
   1.4000000E+000   1.0117876E-004   5.9725410E-006   5.2686288E-005   4.5852820E-006
   1.4399999E+000   1.1618969E-004   7.0652099E-006   5.7429827E-005   5.0849474E-006
   1.4800000E+000   1.2783058E-004   7.7130884E-006   6.6224361E-005   5.4388721E-006
   1.5200000E+000   1.4265912E-004   8.2811992E-006   7.2096348E-005   5.4852796E-006
   1.5600000E+000   1.5658377E-004   9.5367702E-006   7.7831465E-005   5.9759393E-006
   1.6000000E+000   1.7350949E-004   9.6499964E-006   8.5632374E-005   7.0761210E-006
   1.6400000E+000   1.8612790E-004   1.0116341E-005   9.3167243E-005   7.5708315E-006
   1.6800000E+000   2.0089108E-004   1.0264956E-005   9.7203299E-005   6.7075136E-006
   1.7200001E+000   2.1257014E-004   1.0579784E-005   1.0631062E-004   6.8880517E-006
   1.7600000E+000   2.3917698E-004   1.1307701E-005   1.1649416E-004   8.2757094E-006
   1.8000001E+000   2.5614338E-004   1.2318745E-005   1.2035118E-004   8.5640224E-006
   1.8400000E+000   2.7578927E-004   1.2451264E-005   1.2927375E-004   9.4624016E-006
   1.8799999E+000   2.9695204E-004   1.3649606E-005   1.3504994E-004   1.1866012E-005
   1.9200000E+000   3.2237976E-004   1.4601079E-005   1.4063048E-004   9.3313513E-006
   1.9599999E+000   3.3898412E-004   1.4956861E-005   1.4816155E-004   1.0792007E-005
   2.0000000E+000   3.6743625E-004   1.6494801E-005   1.5104699E-004   1.1089798E-005
   2.0400000E+000   3.8566242E-004   1.7145739E-005   1.5863214E-004   1.1714526E-005
   2.0800000E+000   4.0676902E-004   1.7125552E-005   1.6814707E-004   1.3050687E-005
   2.1200000E+000   4.3434211E-004   1.8820196E-005   1.7783809E-004   1.6207786E-005
   2.1600001E+000   4.6021215E-004   1.9659384E-005   1.9002995E-004   1.7468749E-005
   2.2000000E+000   4.8194212E-004   2.1115927E-005   1.9738695E-004   1.7341401E-005
   2.2400001E+000   5.1274465E-004   2.1510930E-005   2.0311743E-004   1.8023753E-005
   2.2800000E+000   5.4082869E-004   2.2848619E-005   2.1016530E-004   1.5347913E-005
   2.3199999E+000   5.6572938E-004   2.3845469E-005   2.2198080E-004   1.8387388E-005
   2.3600000E+000   5.8476050E-004   2.6073863E-005   2.2655999E-004   1.8988270E-005
   2.3999999E+000   6.1972894E-004   2.7445443E-005   2.3305756E-004   1.5732946E-005
   2.4400000E+000   6.3473374E-004   2.8761595E-005   2.4884904E-004   1.5141256E-005
   2.4800000E+000   6.6753681E-004   3.0235071E-005   2.5536521E-004   1.5780710E-005
   2.5200000E+000   6.9935524E-004   3.1791619E-005   2.6168859E-004   1.3341315E-005
   2.5600001E+000   7.2731231E-004   3.1566246E-005   2.7504062E-004   1.4024486E-005
   2.5999999E+000   7.5798597E-004   3.2399185E-005   2.8537940E-004   1.4768884E-005
   2.6400000E+000   7.8599775E-004   3.3448215E-005   2.9517583E-004   1.4599721E-005
   2.6800001E+000   8.1757975E-004   3.3255860E-005   3.0791362E-004   1.5028195E-005
   2.7200001E+000   8.5191128E-004   3.3197189E-005   3.1814169E-004   1.5539422E-005
   2.7599999E+000   8.7854534E-004   3.4181046E-005   3.2806320E-004   1.6570189E-005
   2.8000000E+000   9.1019556E-004   3.3593840E-005   3.3970733E-004   1.6548336E-005
   2.8400001E+000   9.4060404E-004   3.5427797E-005   3.5133206E-004   1.7870835E-005
   2.8799999E+000   9.7518169E-004   3.6315588E-005   3.6296194E-004   1.8043321E-005
   2.9200000E+000   1.0200095E-003   3.9152779E-005   3.8035904E-004   1.9807662E-005
   2.9600000E+000   1.0543029E-003   4.2722501E-005   3.9097570E-004   2.0570128E-005
   3.0000001E+000   1.0947695E-003   4.3728219E-005   4.0533538E-004   2.2401698E-005
   3.0399999E+000   1.1331812E-003   4.2050818E-005   4.1567256E-004   2.3391471E-005
   3.0800000E+000   1.1782828E-003   4.8551399E-005   4.2904696E-004   2.3266540E-005
   3.1200001E+000   1.2221351E-003   4.5922197E-005   4.5137972E-004   2.4623755E-005
   3.1600001E+000   1.2519185E-003   5.0454193E-005   4.6339435E-004   2.4788251E-005
   3.1999999E+000   1.3127742E-003   5.2084012E-005   4.8160006E-004   2.6514255E-005
   3.2400000E+000   1.3509458E-003   5.0669288E-005   4.8856419E-004   2.6402832E-005
   3.2800001E+000   1.3891055E-003   5.0555725E-005   5.0922462E-004   3.3498609E-005
   3.3199999E+000   1.4367280E-003   5.0653593E-005   5.1946582E-004   2.7537431E-005
   3.3600000E+000   1.4791956E-003   5.2032353E-005   5.3413562E-004   2.7070446E-005
   3.4000000E+000   1.5179104E-003   5.2383368E-005   5.4995197E-004   3.2630649E-005
   3.4400001E+000   1.5631288E-003   5.4121762E-005   5.7587232E-004   3.4155793E-005
   3.4799999E+000   1.6160219E-003   5.6490616E-005   5.8922318E-004   3.7378053E-005
   3.5200000E+000   1.6719623E-003   5.2975955E-005   6.1142402E-004   3.6501595E-005
   3.5600001E+000   1.7154798E-003   5.5140870E-005   6.2462453E-004   3.7830398E-005
   3.6000001E+000   1.7622339E-003   5.8220938E-005   6.3706388E-004   3.6402075E-005
   3.6399999E+000   1.7980707E-003   5.7889721E-005   6.5161831E-004   4.2195907E-005
   3.6800000E+000   1.8564412E-003   5.9159269E-005   6.7746213E-004   4.5654986E-005
   3.7200001E+000   1.9051431E-003   6.1712654E-005   6.8708579E-004   4.5998850E-005
   3.7599999E+000   1.9573912E-003   5.5222899E-005   7.0650580E-004   5.0976649E-005
   3.8000000E+000   2.0094876E-003   5.8916663E-005   7.2077487E-004   5.2523859E-005
   3.8400000E+000   2.0429797E-003   5.3694344E-005   7.4185009E-004   5.6821676E-005
   3.8800001E+000   2.0968441E-003   5.3774679E-005   7.5273931E-004   5.4264899E-005
   3.9199999E+000   2.1562907E-003   4.4684369E-005   7.8235943E-004   5.8891554E-005
   3.9600000E+000   2.2095311E-003   4.7567349E-005   8.1212958E-004   5.7947733E-005
   4.0000001E+000   2.2627701E-003   4.3985979E-005   8.3270228E-004   6.1558545E-005
   4.0400001E+000   2.3317774E-003   4.5723517E-005   8.3584512E-004   6.1638951E-005
   4.0799999E+000   2.3676967E-003   4.6369619E-005   8.6049648E-004   5.9579025E-005
   4.1200000E+000   2.4308169E-003   4.8042343E-005   8.8742584E-004   6.5751258E-005
   4.1600001E+000   2.4873257E-003   4.7917373E-005   9.0524663E-004   6.9268445E-005
   4.1999999E+000   2.5135954E-003   4.9203039E-005   9.3626147E-004   6.3523459E-005
   4.2399999E+000   2.5871906E-003   5.1002370E-005   9.6257671E-004   6.8225030E-005
   4.2800000E+000   2.6428148E-003   5.2826857E-005   9.8296285E-004   6.7960045E-005
   4.3200001E+000   2.7087007E-003   5.3445350E-005   1.0127417E-003   7.2463796E-005
   4.3599999E+000   2.7644501E-003   5.4144043E-005   1.0322128E-003   7.2124201E-005
   4.4000000E+000   2.8201601E-003   6.3729589E-005   1.0531683E-003   7.2668956E-005
   4.4400001E+000   2.8977477E-003   5.5707137E-005   1.0768931E-003   7.6302719E-005
   4.4800001E+000   2.9787118E-003   5.8697256E-005   1.1097781E-003   7.5568818E-005
   4.5199999E+000   3.0487210E-003   6.9301809E-005   1.1319099E-003   7.3991739E-005
   4.5600000E+000   3.1019321E-003   6.1820897E-005   1.1513066E-003   6.4323328E-005
   4.6000001E+000   3.1648441E-003   6.0675518E-005   1.1684272E-003   6.8022209E-005
   4.6399999E+000   3.2274887E-003   6.2552858E-005   1.1966209E-003   6.8127214E-005
   4.6799999E+000   3.3053850E-003   7.0054667E-005   1.2209256E-003   6.6489320E-005
   4.7200000E+000   3.3602028E-003   7.1966645E-005   1.2480221E-003   7.3904747E-005
   4.7600001E+000   3.4388414E-003   5.8880316E-005   1.2697553E-003   7.7576000E-005
   4.7999999E+000   3.4767261E-003   7.4843338E-005   1.3027082E-003   7.8404969E-005
   4.8400000E+000   3.5253416E-003   7.2894837E-005   1.3232696E-003   8.3915532E-005
   4.8800001E+000   3.5831481E-003   7.2347017E-005   1.3550311E-003   8.5019943E-005
   4.9200001E+000   3.6483461E-003   6.7523354E-005   1.3906459E-003   8.9325177E-005
   4.9599999E+000   3.7002025E-003   6.7291298E-005   1.4149997E-003   8.5841739E-005
   5.0000000E+000   3.7766688E-003   6.4239512E-005   1.4442935E-003   8.7862164E-005
   5.0400001E+000   3.8327494E-003   6.7789718E-005   1.4674198E-003   9.0041740E-005
   5.0800002E+000   3.8944005E-003   6.4865372E-005   1.4903780E-003   9.0722417E-005
   5.1200002E+000   3.9669417E-003   7.6129438E-005   1.5259473E-003   9.7139986E-005
   5.1599997E+000   4.0498307E-003   7.2783838E-005   1.5601009E-003   9.9409606E-005
   5.1999998E+000   4.1499967E-003   7.3689051E-005   1.5962245E-003   9.9310835E-005
   5.2399999E+000   4.2277315E-003   6.8720485E-005   1.6255828E-003   1.0405418E-004
   5.2800000E+000   4.3374934E-003   7.7179283E-005   1.6446847E-003   1.0608882E-004
   5.3200001E+000   4.4076961E-003   8.1458458E-005   1.6844927E-003   1.0654726E-004
   5.3600001E+000   4.4780956E-003   8.0722113E-005   1.7197121E-003   1.0890309E-004
   5.4000002E+000   4.5431409E-003   8.3425508E-005   1.7518309E-003   1.0657126E-004
   5.4400003E+000   4.6461141E-003   8.3776619E-005   1.7892642E-003   1.1403840E-004
   5.4799998E+000   4.6903783E-003   9.0098033E-005   1.8027428E-003   1.1296853E-004
   5.5199999E+000   4.7821048E-003   9.0533789E-005   1.8501840E-003   1.1132317E-004
   5.5599999E+000   4.8517563E-003   9.2656367E-005   1.8868197E-003   1.1226617E-004
   5.6000000E+000   4.9283339E-003   9.7337948E-005   1.9228138E-003   1.1002037E-004
   5.6400001E+000   5.0219900E-003   9.5927050E-005   1.9745219E-003   1.1065383E-004
   5.6800002E+000   5.0800445E-003   1.0323938E-004   2.0186230E-003   1.1201853E-004
   5.7200003E+000   5.1490609E-003   1.0588796E-004   2.0423020E-003   1.0961663E-004
   5.7599998E+000   5.2123794E-003   9.8078296E-005   2.0866406E-003   1.1448851E-004
   5.7999998E+000   5.2627424E-003   9.6305040E-005   2.1185099E-003   1.1815833E-004
   5.8399999E+000   5.3526909E-003   9.8628288E-005   2.1401092E-003   1.1755584E-004
   5.8800000E+000   5.3948356E-003   1.0220568E-004   2.1081147E-003   1.1378568E-004
   5.9200001E+000   5.4513921E-003   1.0103284E-004   1.9254957E-003   1.0141705E-004
   5.9600002E+000   5.5416824E-003   1.0097940E-004   1.5099581E-003   8.3807581E-005
   6.0000002E+000   5.6243783E-003   1.0611300E-004   1.0092995E-003   5.3647547E-005
   6.0399997E+000   5.7236990E-003   1.0762778E-004   6.1629693E-004   3.3579888E-005
   6.0799998E+000   5.8094399E-003   1.0736620E-004   3.7430878E-004   2.1511169E-005
   6.1199999E+000   5.9213864E-003   1.0729458E-004   2.5387291E-004   1.5712132E-005
   6.1600000E+000   5.9609136E-003   1.0582848E-004   1.9618330E-004   1.1670342E-005
   6.2000000E+000   6.0478290E-003   9.8652714E-005   1.6962707E-004   5.9381360E-006
   6.2400001E+000   6.1416058E-003   9.8860564E-005   1.5831246E-004   6.4147305E-006
   6.2800002E+000   6.2575279E-003   9.9264835E-005   1.5242244E-004   7.1749338E-006
   6.3200003E+000   6.3800436E-003   9.7911514E-005   1.5957270E-004   7.4587198E-006
   6.3599998E+000   6.4469912E-003   1.0893639E-004   1.6290588E-004   7.7033075E-006
   6.3999999E+000   6.5359521E-003   1.2019312E-004   1.7028925E-004   8.3234064E-006
   6.4399999E+000   6.6279770E-003   1.1290418E-004   1.7579798E-004   8.7859300E-006
   6.4800000E+000   6.7146097E-003   1.1716477E-004   1.7901822E-004   8.5150349E-006
   6.5200001E+000   6.8313145E-003   1.1990172E-004   1.8241894E-004   8.5158295E-006
   6.5600002E+000   6.9451328E-003   1.3375379E-004   1.8413084E-004   8.7192839E-006
   6.6000003E+000   7.0577229E-003   1.2422987E-004   1.8883078E-004   9.0374249E-006
   6.6399997E+000   7.1687111E-003   1.2303181E-004   1.8972285E-004   8.7227116E-006
   6.6799998E+000   7.2778396E-003   9.0887161E-005   1.9701869E-004   8.9698234E-006
   6.7199999E+000   7.3765048E-003   1.2586991E-004   1.9834823E-004   8.4881723E-006
   6.7600000E+000   7.4698572E-003   9.0066611E-005   2.0517583E-004   8.6289475E-006
   6.8000001E+000   7.5570749E-003   9.2298608E-005   2.1198333E-004   8.8419238E-006
   6.8400002E+000   7.6647573E-003   9.6282078E-005   2.2024373E-004   1.0055009E-005
   6.8800002E+000   7.7495057E-003   9.7674343E-005   2.2489840E-004   9.9242278E-006
   6.9199997E+000   7.8745132E-003   9.7649008E-005   2.2577953E-004   9.6447321E-006
   6.9599998E+000   7.9649938E-003   1.4921782E-004   2.3863472E-004   1.0199284E-005
   6.9999999E+000   8.0474938E-003   1.5013554E-004   2.3927758E-004   9.4188276E-006
   7.0400000E+000   8.1685503E-003   1.6245166E-004   2.4519913E-004   9.2844347E-006
   7.0800000E+000   8.2616722E-003   1.6155968E-004   2.5090680E-004   9.5020722E-006
   7.1200001E+000   8.3471617E-003   1.7590987E-004   2.5910047E-004   1.0319234E-005
   7.1600002E+000   8.4149111E-003   1.7333100E-004   2.6329024E-004   1.0327452E-005
   7.2000003E+000   8.5328974E-003   1.7716239E-004   2.7422716E-004   1.1152203E-005
   7.2399998E+000   8.6553212E-003   1.7037922E-004   2.7623860E-004   1.1409936E-005
   7.2799999E+000   8.7538172E-003   1.7226699E-004   2.8635362E-004   1.1580215E-005
   7.3199999E+000   8.8082484E-003   1.1897317E-004   2.9540634E-004   1.2576125E-005
   7.3600000E+000   8.9131277E-003   1.7241049E-004   3.0140940E-004   1.2483126E-005
   7.4000001E+000   9.0075770E-003   1.5319117E-004   3.1314720E-004   1.3290120E-005
   7.4400002E+000   9.0793716E-003   1.6942716E-004   3.2096351E-004   1.4923399E-005
   7.4800003E+000   9.2049971E-003   1.5288911E-004   3.3093815E-004   1.4714895E-005
   7.5199997E+000   9.3372854E-003   1.4412587E-004   3.3856717E-004   1.5445001E-005
   7.5599998E+000   9.4497151E-003   1.5065581E-004   3.4952729E-004   1.6067125E-005
   7.5999999E+000   9.5608943E-003   1.5629883E-004   3.6177765E-004   1.6441148E-005
   7.6400000E+000   9.6422502E-003   1.4149990E-004   3.6588378E-004   1.6368873E-005
   7.6800001E+000   9.8026137E-003   1.0823399E-004   3.7049477E-004   1.7087340E-005
   7.7200001E+000   9.9077535E-003   1.1984296E-004   3.7134907E-004   1.9204102E-005
   7.7600002E+000   1.0097461E-002   1.1302260E-004   3.7880113E-004   1.9723775E-005
   7.7999997E+000   1.0188049E-002   1.1807859E-004   3.8612680E-004   2.0365573E-005
   7.8399998E+000   1.0285753E-002   9.4804588E-005   3.9507293E-004   2.1001893E-005
   7.8799999E+000   1.0412112E-002   9.0702371E-005   4.0191236E-004   2.0922012E-005
   7.9200000E+000   1.0527660E-002   9.0866865E-005   4.0455464E-004   2.0769551E-005
   7.9600000E+000   1.0627720E-002   8.6098420E-005   4.0668335E-004   2.0843946E-005
   8.0000001E+000   1.0780683E-002   8.6782756E-005   4.1484639E-004   2.1894026E-005
   8.0400002E+000   1.0892464E-002   8.9043278E-005   4.1762212E-004   2.3777979E-005
   8.0800003E+000   1.1024262E-002   8.4319540E-005   4.3183145E-004   2.4048406E-005
   8.1199998E+000   1.1154586E-002   8.4160887E-005   4.3215696E-004   2.4314093E-005
   8.1599998E+000   1.1253798E-002   8.4433880E-005   4.4499438E-004   2.4186516E-005
   8.1999999E+000   1.1350527E-002   8.2211080E-005   4.4740505E-004   2.3534351E-005
   8.2400000E+000   1.1471232E-002   8.4017363E-005   4.5946284E-004   2.1924453E-005
   8.2800001E+000   1.1559760E-002   8.6046674E-005   4.6313647E-004   2.2108793E-005
   8.3200002E+000   1.1718563E-002   8.5941639E-005   4.7467031E-004   2.2691440E-005
   8.3600003E+000   1.1833290E-002   8.8815705E-005   4.8649103E-004   2.2284256E-005
   8.3999997E+000   1.1943010E-002   8.8284536E-005   4.8970695E-004   2.2630864E-005
   8.4399998E+000   1.2073232E-002   8.7946991E-005   5.0389234E-004   2.2627070E-005
   8.4799999E+000   1.2208248E-002   8.9387829E-005   5.1434233E-004   2.2675446E-005
   8.5200000E+000   1.2348403E-002   8.4932057E-005   5.1722531E-004   2.3076495E-005
   8.5600001E+000   1.2469618E-002   9.8170415E-005   5.2824150E-004   2.0966534E-005
   8.6000001E+000   1.2623990E-002   8.8428429E-005   5.3502922E-004   2.2063414E-005
   8.6400002E+000   1.2735720E-002   8.5985413E-005   5.4691304E-004   2.0586195E-005
   8.6799997E+000   1.2904215E-002   9.1593690E-005   5.5835753E-004   1.9608846E-005
   8.7199998E+000   1.3018096E-002   9.0796017E-005   5.5778850E-004   2.0259949E-005
   8.7599999E+000   1.3152339E-002   8.0752043E-005   5.7239741E-004   1.8457218E-005
   8.8000000E+000   1.3241156E-002   8.5162523E-005   5.7881560E-004   1.8661458E-005
   8.8400000E+000   1.3359254E-002   8.5087411E-005   5.9826933E-004   2.1675323E-005
   8.8800001E+000   1.3485286E-002   8.1109785E-005   6.0104059E-004   2.1380118E-005
   8.9200002E+000   1.3643439E-002   7.4818936E-005   6.0660452E-004   2.2207762E-005
   8.9600003E+000   1.3797263E-002   8.0773848E-005   6.2023002E-004   2.1838933E-005
   8.9999998E+000   1.3912984E-002   8.3063661E-005   6.2098713E-004   2.2497029E-005
   9.0399998E+000   1.4035534E-002   9.0457603E-005   6.2591945E-004   2.1279309E-005
   9.0799999E+000   1.4166398E-002   8.7457311E-005   6.4017407E-004   2.2310027E-005
   9.1200000E+000   1.4283251E-002   9.0149450E-005   6.4182455E-004   2.1876569E-005
   9.1600001E+000   1.4441614E-002   1.0090008E-004   6.5822331E-004   2.2362877E-005
   9.2000002E+000   1.4569406E-002   1.0439827E-004   6.6770312E-004   2.2194659E-005
   9.2400002E+000   1.4720452E-002   1.0809584E-004   6.8403498E-004   2.2706392E-005
   9.2799997E+000   1.4868570E-002   9.3815463E-005   6.8962944E-004   2.3121980E-005
   9.3199998E+000   1.5006377E-002   9.0348774E-005   6.9660192E-004   2.2277178E-005
   9.3599999E+000   1.5109396E-002   8.8258941E-005   7.1699645E-004   2.4369491E-005
   9.4000000E+000   1.5220201E-002   8.9283272E-005   7.3512382E-004   2.3188288E-005
   9.4400001E+000   1.5312818E-002   9.1641515E-005   7.4174616E-004   2.5279889E-005
   9.4800001E+000   1.5457666E-002   9.1978555E-005   7.5749931E-004   2.4176710E-005
   9.5200002E+000   1.5662226E-002   9.2050689E-005   7.6229352E-004   2.4506993E-005
   9.5599997E+000   1.5802031E-002   9.3627342E-005   7.7119269E-004   2.4545431E-005
   9.5999998E+000   1.5913503E-002   1.0279026E-004   7.8033659E-004   2.5557849E-005
   9.6399999E+000   1.6093516E-002   9.1166878E-005   7.9307313E-004   2.6595203E-005
   9.6799999E+000   1.6248170E-002   8.6341288E-005   7.9847090E-004   2.6449650E-005
   9.7200000E+000   1.6390167E-002   9.4712540E-005   8.1004616E-004   2.6470772E-005
   9.7600001E+000   1.6551540E-002   9.3260690E-005   8.2034633E-004   2.5237536E-005
   9.8000002E+000   1.6647524E-002   1.0509089E-004   8.1906830E-004   2.4839371E-005
   9.8400003E+000   1.6821521E-002   9.8859254E-005   8.4372640E-004   2.5984551E-005
   9.8799998E+000   1.6977336E-002   1.0097046E-004   8.4705749E-004   2.8588145E-005
   9.9199998E+000   1.7112575E-002   1.0836425E-004   8.5138349E-004   2.8909552E-005
   9.9599999E+000   1.7263508E-002   1.1362168E-004   8.6495169E-004   2.9583388E-005
   1.0000000E+001   1.7387540E-002   1.1446969E-004   8.6824397E-004   2.7723225E-005
   1.0039999E+001   1.7549918E-002   1.1787134E-004   8.8233783E-004   2.7686502E-005
   1.0080000E+001   1.7695832E-002   1.2111897E-004   8.8992337E-004   2.7586964E-005
   1.0120000E+001   1.7848236E-002   1.2749014E-004   9.0182420E-004   2.8151108E-005
   1.0160000E+001   1.7976642E-002   1.2792014E-004   9.0142560E-004   2.7131459E-005
   1.0200000E+001   1.8139087E-002   1.3193861E-004   9.0158523E-004   2.7188152E-005
   1.0240000E+001   1.8304103E-002   1.3814902E-004   9.0798214E-004   2.7333039E-005
   1.0280000E+001   1.8435621E-002   1.4900028E-004   9.1567086E-004   2.6913176E-005
   1.0319999E+001   1.8576568E-002   1.5152999E-004   9.1908552E-004   2.3661625E-005
   1.0360000E+001   1.8711557E-002   1.3783219E-004   9.3523733E-004   2.3032622E-005
   1.0400000E+001   1.8916295E-002   1.4609745E-004   9.4744432E-004   2.3745681E-005
   1.0440000E+001   1.9064264E-002   1.3649316E-004   9.5824448E-004   2.2825557E-005
   1.0480000E+001   1.9193604E-002   1.3568574E-004   9.6829609E-004   2.0037241E-005
   1.0520000E+001   1.9364895E-002   1.3316606E-004   9.7809157E-004   1.9356853E-005
   1.0560000E+001   1.9530356E-002   1.3597570E-004   1.0012162E-003   1.8378781E-005
   1.0599999E+001   1.9718304E-002   1.3571022E-004   1.0220946E-003   1.7799775E-005
   1.0640000E+001   1.9810473E-002   1.8159565E-004   1.0416392E-003   1.5653502E-005
   1.0680000E+001   1.9929036E-002   1.3805789E-004   1.0693748E-003   1.5464466E-005
   1.0720000E+001   2.0095236E-002   1.4144580E-004   1.1076791E-003   1.6176654E-005
   1.0760000E+001   2.0221171E-002   1.8376972E-004   1.1655785E-003   1.5404832E-005
   1.0800000E+001   2.0404255E-002   1.9240045E-004   1.2636595E-003   1.6453075E-005
   1.0840000E+001   2.0601229E-002   1.9255159E-004   1.4333439E-003   1.6820426E-005
   1.0880001E+001   2.0784670E-002   1.9481929E-004   1.7476469E-003   1.7989646E-005
   1.0920000E+001   2.0951938E-002   1.8889317E-004   2.3645558E-003   2.1696369E-005
   1.0960000E+001   2.1115757E-002   1.9889552E-004   3.5368442E-003   2.9790304E-005
   1.1000000E+001   2.1244480E-002   1.8749883E-004   5.8801029E-003   6.1279678E-005
   1.1040000E+001   2.1376487E-002   1.7578527E-004   9.9309192E-003   7.6996684E-005
   1.1080000E+001   2.1536320E-002   1.4114938E-004   1.5229311E-002   1.1766378E-004
   1.1120000E+001   2.1690116E-002   1.2418877E-004   1.9820081E-002   1.5667291E-004
   1.1160001E+001   2.1877729E-002   1.2279333E-004   2.2232748E-002   1.6317415E-004
   1.1200000E+001   2.2054788E-002   1.3165816E-004   2.2970077E-002   2.1164890E-004
   1.1240000E+001   2.2223738E-002   1.3728334E-004   2.3217022E-002   2.1078167E-004
   1.1280000E+001   2.2438661E-002   1.3719293E-004   2.3370843E-002   2.1493969E-004
   1.1320000E+001   2.2550783E-002   1.3805911E-004   2.3548576E-002   2.2230033E-004
   1.1360000E+001   2.2672943E-002   1.4426092E-004   2.3716202E-002   2.1799842E-004
   1.1400000E+001   2.2830895E-002   1.4911639E-004   2.3924831E-002   2.2099600E-004
   1.1440001E+001   2.3003583E-002   1.4781536E-004   2.4087594E-002   2.1018641E-004
   1.1480000E+001   2.3177154E-002   1.3832523E-004   2.4237751E-002   2.6610353E-004
   1.1520000E+001   2.3356032E-002   1.4309872E-004   2.4381308E-002   2.0235238E-004
   1.1560000E+001   2.3553017E-002   1.4782339E-004   2.4610870E-002   1.9632196E-004
   1.1600000E+001   2.3734910E-002   1.4442597E-004   2.4762835E-002   1.8794264E-004
   1.1640000E+001   2.3888493E-002   1.5147791E-004   2.4982800E-002   1.7170161E-004
   1.1680000E+001   2.4078297E-002   1.6854381E-004   2.5120683E-002   2.1438010E-004
   1.1720001E+001   2.4255127E-002   1.7388497E-004   2.5346142E-002   2.2470043E-004
   1.1760000E+001   2.4405708E-002   1.7608481E-004   2.5568362E-002   2.3372084E-004
   1.1799999E+001   2.4632720E-002   1.8431760E-004   2.5658487E-002   2.2990441E-004
   1.1840000E+001   2.4816482E-002   2.3913527E-004   2.5851908E-002   2.4476793E-004
   1.1880000E+001   2.4988323E-002   2.2977826E-004   2.6039793E-002   2.4291237E-004
   1.1920000E+001   2.5186527E-002   2.3215510E-004   2.6224479E-002   1.8755234E-004
   1.1960000E+001   2.5356622E-002   1.9296456E-004   2.6402910E-002   1.6583468E-004
   1.2000000E+001   2.5490481E-002   1.8748976E-004   2.6595501E-002   1.9034967E-004
   1.2040000E+001   2.5700758E-002   2.2109534E-004   2.6775173E-002   1.5306886E-004
   1.2079999E+001   2.5916666E-002   2.1479422E-004   2.6924516E-002   1.5427700E-004
   1.2120000E+001   2.6117094E-002   2.1463444E-004   2.7153082E-002   2.1332062E-004
   1.2160000E+001   2.6340999E-002   2.0203809E-004   2.7307036E-002   2.1053343E-004
   1.2200000E+001   2.6495954E-002   1.9936160E-004   2.7444028E-002   2.4260627E-004
   1.2240000E+001   2.6701315E-002   2.0297748E-004   2.7587068E-002   2.2257104E-004
   1.2280000E+001   2.6949901E-002   1.8861946E-004   2.7800519E-002   2.3610144E-004
   1.2320000E+001   2.7136935E-002   1.6595762E-004   2.7961643E-002   2.0625901E-004
   1.2359999E+001   2.7339377E-002   1.4679699E-004   2.8177200E-002   2.3168198E-004
   1.2400000E+001   2.7468061E-002   1.7366022E-004   2.8406164E-002   2.4536638E-004
   1.2440000E+001   2.7648565E-002   1.4981499E-004   2.8620850E-002   2.8318431E-004
   1.2480000E+001   2.7803302E-002   1.5041399E-004   2.8881274E-002   2.8751726E-004
   1.2520000E+001   2.7979765E-002   1.4239289E-004   2.9038270E-002   2.4146312E-004
   1.2560000E+001   2.8186133E-002   1.4039000E-004   2.9243424E-002   2.5904166E-004
   1.2600000E+001   2.8425946E-002   1.3896346E-004   2.9451551E-002   2.4370945E-004
   1.2640001E+001   2.8552398E-002   1.4223863E-004   2.9616043E-002   2.3938550E-004
   1.2680000E+001   2.8773866E-002   1.4851422E-004   2.9794973E-002   2.5653189E-004
   1.2720000E+001   2.8946180E-002   1.5525068E-004   3.0036627E-002   2.5482899E-004
   1.2760000E+001   2.9110007E-002   1.5371857E-004   3.0194180E-002   2.0047681E-004
   1.2800000E+001   2.9316034E-002   1.5465195E-004   3.0350656E-002   1.6259015E-004
   1.2840000E+001   2.9464882E-002   1.4695984E-004   3.0456801E-002   1.5848274E-004
   1.2880000E+001   2.9585610E-002   1.5706773E-004   3.0589633E-002   1.5255393E-004
   1.2920001E+001   2.9784993E-002   1.4295657E-004   3.0760211E-002   1.5779739E-004
   1.2960000E+001   2.9949784E-002   1.5251823E-004   3.0973609E-002   1.7162056E-004
   1.3000000E+001   3.0173238E-002   1.5226025E-004   3.1148620E-002   1.5065010E-004
   1.3040000E+001   3.0468540E-002   1.6045079E-004   3.1360151E-002   1.3695342E-004
   1.3080000E+001   3.0704012E-002   1.6090370E-004   3.1523410E-002   1.4070050E-004
   1.3120000E+001   3.0898800E-002   1.7131994E-004   3.1738820E-002   1.4693281E-004
   1.3160000E+001   3.1121879E-002   1.7108836E-004   3.1879704E-002   1.4540816E-004
   1.3200001E+001   3.1301527E-002   1.6774266E-004   3.2135037E-002   1.5504458E-004
   1.3240000E+001   3.1520735E-002   1.6901739E-004   3.2318269E-002   1.5241174E-004
   1.3279999E+001   3.1704679E-002   1.7867329E-004   3.2525224E-002   1.5883365E-004
   1.3320000E+001   3.1887748E-002   1.9801565E-004   3.2783771E-002   1.5809698E-004
   1.3360000E+001   3.2044692E-002   2.0593758E-004   3.2997449E-002   1.5906214E-004
   1.3400000E+001   3.2225169E-002   2.0421114E-004   3.3152044E-002   1.7082544E-004
   1.3440000E+001   3.2419235E-002   2.0989205E-004   3.3325666E-002   1.6273485E-004
   1.3480000E+001   3.2586417E-002   2.1509157E-004   3.3546972E-002   1.7844079E-004
   1.3520000E+001   3.2802209E-002   2.1710330E-004   3.3742572E-002   1.7059122E-004
   1.3559999E+001   3.3076841E-002   2.1449613E-004   3.4000777E-002   1.6995669E-004
   1.3600000E+001   3.3260553E-002   2.2922765E-004   3.4142170E-002   1.7333257E-004
   1.3640000E+001   3.3510010E-002   2.1430162E-004   3.4389256E-002   1.7139717E-004
   1.3680000E+001   3.3720681E-002   1.9549073E-004   3.4587474E-002   1.7084389E-004
   1.3720000E+001   3.3948098E-002   1.8837390E-004   3.4758656E-002   1.5685567E-004
   1.3760000E+001   3.4136828E-002   1.8990317E-004   3.5014409E-002   1.7317877E-004
   1.3800000E+001   3.4289640E-002   1.8845649E-004   3.5214883E-002   1.8642232E-004
   1.3839999E+001   3.4425585E-002   1.5278200E-004   3.5419970E-002   1.8016910E-004
   1.3880000E+001   3.4602494E-002   1.5236343E-004   3.5640069E-002   1.8217027E-004
   1.3920000E+001   3.4837396E-002   2.0882980E-004   3.5774662E-002   1.8274329E-004
   1.3960000E+001   3.5024075E-002   2.1178824E-004   3.5936524E-002   2.2239864E-004
   1.4000000E+001   3.5316346E-002   2.2170329E-004   3.6127983E-002   2.2578164E-004
   1.4040000E+001   3.5444027E-002   2.1712036E-004   3.6372814E-002   2.3305449E-004
   1.4080000E+001   3.5652926E-002   1.9636736E-004   3.6577560E-002   2.2392281E-004
   1.4119999E+001   3.5949556E-002   2.2975235E-004   3.6841161E-002   2.2890210E-004
   1.4160000E+001   3.6197397E-002   2.2173271E-004   3.7055861E-002   2.3080864E-004
   1.4200000E+001   3.6432723E-002   2.3967628E-004   3.7285177E-002   2.1887031E-004
   1.4240000E+001   3.6675080E-002   2.4634878E-004   3.7527850E-002   2.3418160E-004
   1.4280000E+001   3.6917953E-002   2.2301903E-004   3.7748729E-002   2.0666161E-004
   1.4320000E+001   3.7164646E-002   2.0430771E-004   3.8035165E-002   1.7724069E-004
   1.4360000E+001   3.7412432E-002   2.4379917E-004   3.8261981E-002   2.0803488E-004
   1.4400001E+001   3.7624033E-002   2.0343382E-004   3.8429614E-002   1.9858825E-004
   1.4440000E+001   3.7889974E-002   2.5398684E-004   3.8717341E-002   1.9428592E-004
   1.4480000E+001   3.8070168E-002   2.5283803E-004   3.8975434E-002   1.9942319E-004
   1.4520000E+001   3.8237171E-002   2.7748380E-004   3.9227686E-002   2.2085361E-004
   1.4560000E+001   3.8473628E-002   2.7542342E-004   3.9498813E-002   2.0637910E-004
   1.4600000E+001   3.8660649E-002   2.1338892E-004   3.9708607E-002   1.8043809E-004
   1.4640000E+001   3.8875054E-002   2.2373022E-004   3.9920345E-002   1.8156914E-004
   1.4680001E+001   3.9083210E-002   2.2424116E-004   4.0178836E-002   1.6279024E-004
   1.4720000E+001   3.9306937E-002   2.3380884E-004   4.0416339E-002   1.7132928E-004
   1.4760000E+001   3.9543595E-002   2.3064874E-004   4.0622950E-002   2.0092011E-004
   1.4800000E+001   3.9802863E-002   2.3014560E-004   4.0840370E-002   1.7662932E-004
   1.4840000E+001   4.0029065E-002   2.3139116E-004   4.1037467E-002   1.9923832E-004
   1.4880000E+001   4.0268354E-002   2.2448493E-004   4.1302977E-002   2.0577249E-004
   1.4920000E+001   4.0499295E-002   2.2179957E-004   4.1515522E-002   1.8657729E-004
   1.4960001E+001   4.0847252E-002   2.2012360E-004   4.1787487E-002   2.0637252E-004
   1.5000000E+001   4.1053225E-002   2.1451572E-004   4.1985402E-002   2.0183117E-004
   1.5039999E+001   4.1226957E-002   2.0859293E-004   4.2244423E-002   1.9646999E-004
   1.5080000E+001   4.1473149E-002   2.0685646E-004   4.2448160E-002   1.9182038E-004
   1.5120000E+001   4.1670550E-002   2.0280507E-004   4.2621929E-002   1.9353193E-004
   1.5160000E+001   4.1897179E-002   2.0227093E-004   4.2813875E-002   1.9577729E-004
   1.5200000E+001   4.2207580E-002   2.0162959E-004   4.3092590E-002   1.9547117E-004
   1.5240000E+001   4.2448447E-002   1.9786048E-004   4.3303105E-002   1.9621278E-004
   1.5280000E+001   4.2741717E-002   1.8758748E-004   4.3440379E-002   1.8374015E-004
   1.5319999E+001   4.2926578E-002   1.8372851E-004   4.3671598E-002   1.8393924E-004
   1.5360000E+001   4.3154310E-002   2.0966298E-004   4.3836715E-002   1.8145082E-004
   1.5400000E+001   4.3500982E-002   1.9576290E-004   4.4144711E-002   1.8429331E-004
   1.5440000E+001   4.3698538E-002   1.9290633E-004   4.4275408E-002   1.8582366E-004
   1.5480000E+001   4.3985052E-002   1.9579662E-004   4.4507323E-002   1.9343450E-004
   1.5520000E+001   4.4188901E-002   1.9815850E-004   4.4718679E-002   1.9776460E-004
   1.5560000E+001   4.4430343E-002   1.9833588E-004   4.4893663E-002   2.0133678E-004
   1.5599999E+001   4.4671724E-002   2.0185283E-004   4.5140281E-002   2.3112563E-004
   1.5640000E+001   4.4948007E-002   1.9631746E-004   4.5469748E-002   2.1279999E-004
   1.5680000E+001   4.5168640E-002   1.8422397E-004   4.5693757E-002   2.1753500E-004
   1.5720000E+001   4.5404897E-002   1.7934431E-004   4.5938006E-002   2.1337595E-004
   1.5760000E+001   4.5652946E-002   1.8699231E-004   4.6270073E-002   2.1826877E-004
   1.5800000E+001   4.5889278E-002   1.9338826E-004   4.6486920E-002   2.2016763E-004
   1.5840000E+001   4.6100131E-002   1.8975642E-004   4.6720697E-002   2.0872005E-004
   1.5880001E+001   4.6405154E-002   1.8889940E-004   4.6966265E-002   2.0873184E-004
   1.5920000E+001   4.6659781E-002   2.0213215E-004   4.7176376E-002   2.1300445E-004
   1.5960000E+001   4.6894573E-002   2.0837028E-004   4.7453575E-002   2.1981339E-004
   1.6000000E+001   4.7162467E-002   2.2073737E-004   4.7636519E-002   2.2517882E-004
   1.6040000E+001   4.7338524E-002   2.2485979E-004   4.7907295E-002   2.1438794E-004
   1.6080000E+001   4.7651945E-002   2.3039661E-004   4.8068412E-002   2.0371374E-004
   1.6120000E+001   4.7934098E-002   2.3842491E-004   4.8280639E-002   2.0410071E-004
   1.6160001E+001   4.8162676E-002   2.3280292E-004   4.8486118E-002   2.1085512E-004
   1.6200000E+001   4.8373760E-002   2.3296027E-004   4.8674001E-002   2.1164402E-004
   1.6240000E+001   4.8599945E-002   2.2268369E-004   4.8929543E-002   2.0667193E-004
   1.6280000E+001   4.8799413E-002   2.3949105E-004   4.9227070E-002   2.2210391E-004
   1.6320000E+001   4.9071759E-002   2.2158285E-004   4.9456104E-002   2.2173906E-004
   1.6360000E+001   4.9379064E-002   2.2837985E-004   4.9665186E-002   2.3330060E-004
   1.6400000E+001   4.9515993E-002   2.3150803E-004   4.9895499E-002   2.2952583E-004
   1.6440001E+001   4.9778957E-002   2.3696731E-004   5.0112583E-002   2.3950814E-004
   1.6480000E+001   5.0034873E-002   2.4518574E-004   5.0370138E-002   2.1820583E-004
   1.6520000E+001   5.0212433E-002   2.4256751E-004   5.0519878E-002   2.1605155E-004
   1.6560000E+001   5.0488587E-002   2.4467729E-004   5.0754812E-002   2.1528789E-004
   1.6600000E+001   5.0703770E-002   2.5466333E-004   5.1023211E-002   2.2571895E-004
   1.6640000E+001   5.1095807E-002   2.6538066E-004   5.1180274E-002   2.2111592E-004
   1.6680000E+001   5.1381537E-002   2.5917508E-004   5.1329733E-002   2.0848680E-004
   1.6720001E+001   5.1657965E-002   2.4629381E-004   5.1551512E-002   1.9945455E-004
   1.6760000E+001   5.1906171E-002   2.5172121E-004   5.1678637E-002   2.0702280E-004
   1.6799999E+001   5.2210656E-002   2.5531304E-004   5.1881070E-002   1.9551017E-004
   1.6840000E+001   5.2505905E-002   2.4319040E-004   5.2129629E-002   1.9164150E-004
   1.6880000E+001   5.2687569E-002   2.5664347E-004   5.2356618E-002   1.8544325E-004
   1.6920000E+001   5.2901943E-002   2.4036797E-004   5.2588581E-002   1.9525373E-004
   1.6960000E+001   5.3165075E-002   2.3355497E-004   5.2803662E-002   1.9192884E-004
   1.7000000E+001   5.3477318E-002   2.2971061E-004   5.3035038E-002   1.9423622E-004
   1.7040000E+001   5.3815503E-002   2.2291158E-004   5.3325765E-002   2.2631546E-004
   1.7079999E+001   5.4038878E-002   2.3147665E-004   5.3545404E-002   2.1339127E-004
   1.7120000E+001   5.4330019E-002   2.2196507E-004   5.3744952E-002   2.1379422E-004
   1.7160000E+001   5.4543828E-002   2.1804186E-004   5.3952360E-002   1.9277467E-004
   1.7200000E+001   5.4724532E-002   2.2114709E-004   5.4251540E-002   1.9213910E-004
   1.7240000E+001   5.4949246E-002   2.2237678E-004   5.4428711E-002   1.8679510E-004
   1.7280000E+001   5.5348596E-002   2.2152172E-004   5.4761188E-002   2.1986365E-004
   1.7320000E+001   5.5592502E-002   3.0704039E-004   5.4894903E-002   2.1789593E-004
   1.7359999E+001   5.5893274E-002   2.1962193E-004   5.5208551E-002   2.0901808E-004
   1.7400000E+001   5.6114268E-002   3.2357037E-004   5.5450806E-002   2.0981636E-004
   1.7440000E+001   5.6400970E-002   2.1670601E-004   5.5775025E-002   2.1276442E-004
   1.7480000E+001   5.6741177E-002   2.2398151E-004   5.5931186E-002   2.1535319E-004
   1.7520000E+001   5.7006777E-002   2.1715624E-004   5.6261819E-002   2.2037820E-004
   1.7560000E+001   5.7325525E-002   2.1982001E-004   5.6554156E-002   2.2005423E-004
   1.7600000E+001   5.7610908E-002   2.1632944E-004   5.6817494E-002   2.2183429E-004
   1.7640001E+001   5.7893295E-002   2.0599426E-004   5.7064572E-002   2.1076318E-004
   1.7680000E+001   5.8199521E-002   2.0554073E-004   5.7326201E-002   2.0719163E-004
   1.7720000E+001   5.8383433E-002   2.0287383E-004   5.7561121E-002   2.1156931E-004
   1.7760000E+001   5.8659414E-002   2.1135240E-004   5.7885738E-002   2.0646135E-004
   1.7800000E+001   5.8857489E-002   2.2716919E-004   5.8100047E-002   2.0158654E-004
   1.7840000E+001   5.9066969E-002   2.3013065E-004   5.8433917E-002   2.1704871E-004
   1.7880000E+001   5.9320456E-002   2.2860043E-004   5.8574061E-002   2.1591822E-004
   1.7920001E+001   5.9588424E-002   2.1158895E-004   5.8924946E-002   2.1862192E-004
   1.7960000E+001   5.9813905E-002   2.2663173E-004   5.9219252E-002   2.2670328E-004
   1.8000000E+001   6.0120865E-002   2.2872440E-004   5.9437896E-002   2.2663067E-004
   1.8040000E+001   6.0387528E-002   2.2983432E-004   5.9723317E-002   2.3891244E-004
   1.8080000E+001   6.0626491E-002   2.2964401E-004   6.0010515E-002   2.3969402E-004
   1.8120000E+001   6.0994017E-002   2.3785168E-004   6.0295825E-002   2.3510435E-004
   1.8160000E+001   6.1264743E-002   2.2008605E-004   6.0420126E-002   2.3512442E-004
   1.8200001E+001   6.1487991E-002   2.3752447E-004   6.0738045E-002   2.2858221E-004
   1.8240000E+001   6.1761783E-002   2.1984997E-004   6.0986064E-002   2.4082726E-004
   1.8279999E+001   6.1947502E-002   2.2599252E-004   6.1319560E-002   2.4234158E-004
   1.8320000E+001   6.2245095E-002   2.3504316E-004   6.1670708E-002   2.4146314E-004
   1.8360000E+001   6.2478242E-002   2.4130877E-004   6.1963986E-002   2.4442571E-004
   1.8400000E+001   6.2765089E-002   2.4632774E-004   6.2268015E-002   2.4328190E-004
   1.8440000E+001   6.3085281E-002   2.6034621E-004   6.2530782E-002   2.6263110E-004
   1.8480000E+001   6.3324521E-002   2.4109609E-004   6.2754299E-002   2.7014925E-004
   1.8520000E+001   6.3546726E-002   2.4582151E-004   6.3125199E-002   2.7705183E-004
   1.8559999E+001   6.3766687E-002   2.2990568E-004   6.3382844E-002   2.7937974E-004
   1.8600000E+001   6.4071363E-002   2.2754519E-004   6.3663232E-002   2.8005527E-004
   1.8640000E+001   6.4351282E-002   2.3747298E-004   6.3880698E-002   2.9261341E-004
   1.8680000E+001   6.4511034E-002   2.3790779E-004   6.4172701E-002   2.8915469E-004
   1.8720000E+001   6.4792288E-002   2.4785688E-004   6.4523777E-002   2.8376556E-004
   1.8760000E+001   6.5176932E-002   2.4541278E-004   6.4813627E-002   2.8423416E-004
   1.8800000E+001   6.5466677E-002   2.5681069E-004   6.5162826E-002   2.7142344E-004
   1.8839999E+001   6.5826171E-002   2.4775867E-004   6.5493052E-002   2.5164874E-004
   1.8880000E+001   6.6068537E-002   2.4426894E-004   6.5779514E-002   2.4882028E-004
   1.8920000E+001   6.6421800E-002   2.3646730E-004   6.6078458E-002   2.6611568E-004
   1.8960000E+001   6.6765447E-002   2.3951554E-004   6.6291349E-002   2.5388582E-004
   1.9000000E+001   6.7044702E-002   2.4745542E-004   6.6577028E-002   2.5512827E-004
   1.9040000E+001   6.7396097E-002   2.2761849E-004   6.6867200E-002   2.5360082E-004
   1.9080000E+001   6.7701254E-002   2.2050604E-004   6.7138223E-002   2.5605697E-004
   1.9119999E+001   6.8011444E-002   2.2673478E-004   6.7528069E-002   2.5872191E-004
   1.9160000E+001   6.8344332E-002   2.1945853E-004   6.7783006E-002   2.6680104E-004
   1.9200000E+001   6.8567281E-002   2.2421615E-004   6.8098717E-002   2.5323775E-004
   1.9240000E+001   6.8781256E-002   2.2586139E-004   6.8365871E-002   2.4484556E-004
   1.9280000E+001   6.9102066E-002   2.3224076E-004   6.8666219E-002   2.4269111E-004
   1.9320000E+001   6.9377698E-002   2.4122974E-004   6.8985452E-002   2.3745258E-004
   1.9360000E+001   6.9695759E-002   2.4321855E-004   6.9226092E-002   2.4810210E-004
   1.9400001E+001   6.9887384E-002   2.3523468E-004   6.9548468E-002   2.5281653E-004
   1.9440000E+001   7.0184871E-002   2.3664661E-004   6.9795470E-002   2.5502084E-004
   1.9480000E+001   7.0447422E-002   2.5141088E-004   7.0008637E-002   2.4801482E-004
   1.9520000E+001   7.0744614E-002   2.4630920E-004   7.0348436E-002   2.4298045E-004
   1.9560000E+001   7.0995366E-002   2.3594517E-004   7.0690681E-002   2.3776948E-004
   1.9600000E+001   7.1261321E-002   2.2983933E-004   7.1044522E-002   2.3477891E-004
   1.9640000E+001   7.1419626E-002   2.4000735E-004   7.1187916E-002   2.3133387E-004
   1.9680001E+001   7.1749602E-002   2.3904799E-004   7.1506417E-002   2.1934077E-004
   1.9720000E+001   7.2072482E-002   2.3938173E-004   7.1816881E-002   2.0927956E-004
   1.9760000E+001   7.2298168E-002   2.5345807E-004   7.2103255E-002   2.3885693E-004
   1.9800000E+001   7.2652028E-002   2.5004561E-004   7.2386951E-002   2.1109826E-004
   1.9840000E+001   7.2920284E-002   2.4108891E-004   7.2666818E-002   2.1814607E-004
   1.9880000E+001   7.3212568E-002   2.5440173E-004   7.2900761E-002   2.4691972E-004
   1.9920000E+001   7.3512133E-002   2.4305548E-004   7.3286164E-002   2.5518237E-004
   1.9960001E+001   7.3808082E-002   2.5277384E-004   7.3605822E-002   2.4211968E-004
   2.0000000E+001   7.3961650E-002   2.6035650E-004   7.3928529E-002   2.4256129E-004
