   8.0000004E-002   0.0000000E+000   0.0000000E+000   0.0000000E+000   0.0000000E+000
   1.2000000E-001   0.0000000E+000   0.0000000E+000   0.0000000E+000   0.0000000E+000
   1.6000001E-001   0.0000000E+000   0.0000000E+000   0.0000000E+000   0.0000000E+000
   2.0000000E-001   0.0000000E+000   0.0000000E+000   0.0000000E+000   0.0000000E+000
   2.4000000E-001   0.0000000E+000   0.0000000E+000   0.0000000E+000   0.0000000E+000
   2.8000001E-001   0.0000000E+000   0.0000000E+000   0.0000000E+000   0.0000000E+000
   3.2000002E-001   0.0000000E+000   0.0000000E+000   0.0000000E+000   0.0000000E+000
   3.5999998E-001   0.0000000E+000   0.0000000E+000   0.0000000E+000   0.0000000E+000
   3.9999999E-001   0.0000000E+000   0.0000000E+000   0.0000000E+000   0.0000000E+000
   4.4000000E-001   0.0000000E+000   0.0000000E+000   0.0000000E+000   0.0000000E+000
   4.8000000E-001   0.0000000E+000   0.0000000E+000   0.0000000E+000   0.0000000E+000
   5.2000001E-001   0.0000000E+000   0.0000000E+000   0.0000000E+000   0.0000000E+000
   5.6000002E-001   0.0000000E+000   0.0000000E+000   0.0000000E+000   0.0000000E+000
   5.9999999E-001   0.0000000E+000   0.0000000E+000   0.0000000E+000   0.0000000E+000
   6.4000003E-001   0.0000000E+000   0.0000000E+000   0.0000000E+000   0.0000000E+000
   6.8000004E-001   0.0000000E+000   0.0000000E+000   0.0000000E+000   0.0000000E+000
   7.1999997E-001   0.0000000E+000   0.0000000E+000   0.0000000E+000   0.0000000E+000
   7.5999998E-001   0.0000000E+000   0.0000000E+000   0.0000000E+000   0.0000000E+000
   7.9999998E-001   0.0000000E+000   0.0000000E+000   0.0000000E+000   0.0000000E+000
   8.3999999E-001   0.0000000E+000   0.0000000E+000   0.0000000E+000   0.0000000E+000
   8.8000000E-001   0.0000000E+000   0.0000000E+000   0.0000000E+000   0.0000000E+000
   9.2000000E-001   0.0000000E+000   0.0000000E+000   0.0000000E+000   0.0000000E+000
   9.6000001E-001   0.0000000E+000   0.0000000E+000   0.0000000E+000   0.0000000E+000
   1.0000000E+000   0.0000000E+000   0.0000000E+000   0.0000000E+000   0.0000000E+000
   1.0400000E+000   7.3347819E-006   5.7638432E-007   2.7766115E-006   3.3370045E-007
   1.0800000E+000   1.5310454E-005   1.2666927E-006   5.7636514E-006   7.3091156E-007
   1.1200000E+000   2.3963910E-005   1.8101898E-006   8.6154068E-006   1.0511209E-006
   1.1600000E+000   3.3604276E-005   2.5675595E-006   1.2756511E-005   1.5369446E-006
   1.2000000E+000   4.1244217E-005   3.1058613E-006   1.6403710E-005   1.9147370E-006
   1.2400000E+000   5.2678427E-005   3.7314659E-006   1.9639932E-005   2.4163045E-006
   1.2800001E+000   6.1735379E-005   4.2767495E-006   2.2158076E-005   3.2811169E-006
   1.3200000E+000   7.1507636E-005   4.8817695E-006   2.6090504E-005   4.0855881E-006
   1.3600001E+000   8.3002421E-005   5.9558534E-006   2.9047220E-005   4.6882840E-006
   1.4000000E+000   9.8899645E-005   6.4573134E-006   3.2885821E-005   5.8714938E-006
   1.4399999E+000   1.1231124E-004   7.0082324E-006   3.7541877E-005   6.2199078E-006
   1.4800000E+000   1.2472325E-004   7.6791252E-006   4.1990602E-005   7.2270346E-006
   1.5200000E+000   1.3724340E-004   8.1447452E-006   4.9735713E-005   7.4301883E-006
   1.5600000E+000   1.4896192E-004   8.6923464E-006   5.7274470E-005   8.2628714E-006
   1.6000000E+000   1.6421230E-004   1.1590063E-005   6.1830701E-005   8.9930180E-006
   1.6400000E+000   1.8173518E-004   1.3472961E-005   7.3996341E-005   1.0170343E-005
   1.6800000E+000   1.9464071E-004   1.4510447E-005   8.1059117E-005   9.4600280E-006
   1.7200001E+000   2.1087657E-004   1.5391892E-005   8.8317099E-005   1.0301164E-005
   1.7600000E+000   2.2884396E-004   1.3527254E-005   9.6026069E-005   1.0789495E-005
   1.8000001E+000   2.4617500E-004   2.5262377E-005   1.0416989E-004   1.1474461E-005
   1.8400000E+000   2.6464500E-004   2.7552201E-005   1.1093865E-004   1.6451889E-005
   1.8799999E+000   2.7952701E-004   2.8093139E-005   1.1705872E-004   1.6134395E-005
   1.9200000E+000   2.9937995E-004   3.1325172E-005   1.2529676E-004   1.7588241E-005
   1.9599999E+000   3.1825677E-004   3.2286729E-005   1.3460513E-004   1.9068958E-005
   2.0000000E+000   3.3941015E-004   3.4105058E-005   1.4818944E-004   2.0334055E-005
   2.0400000E+000   3.5227700E-004   3.6221779E-005   1.5693083E-004   2.1065036E-005
   2.0800000E+000   3.7323435E-004   3.7375290E-005   1.6319951E-004   2.1567766E-005
   2.1200000E+000   3.9655909E-004   3.6972054E-005   1.7360485E-004   2.2241745E-005
   2.1600001E+000   4.2313385E-004   3.9318658E-005   1.8271862E-004   2.2014132E-005
   2.2000000E+000   4.4234931E-004   4.4168269E-005   1.9477816E-004   2.2572783E-005
   2.2400001E+000   4.6542453E-004   4.6041797E-005   2.0588654E-004   2.2909162E-005
   2.2800000E+000   4.9305962E-004   4.5073575E-005   2.1555595E-004   2.4417939E-005
   2.3199999E+000   5.1649801E-004   4.5744626E-005   2.2326969E-004   2.3966270E-005
   2.3600000E+000   5.4789526E-004   4.9695510E-005   2.3355384E-004   2.4331885E-005
   2.3999999E+000   5.7341775E-004   5.5946881E-005   2.4885579E-004   2.6378344E-005
   2.4400000E+000   6.0291419E-004   5.3698213E-005   2.6171476E-004   2.9297383E-005
   2.4800000E+000   6.3931977E-004   5.8028282E-005   2.7324679E-004   2.8832657E-005
   2.5200000E+000   6.6136693E-004   5.9675624E-005   2.8761185E-004   3.2603751E-005
   2.5600001E+000   6.8698428E-004   6.1630510E-005   2.9601343E-004   3.3778085E-005
   2.5999999E+000   7.1412489E-004   6.8693769E-005   3.0559929E-004   3.8311521E-005
   2.6400000E+000   7.4437994E-004   6.8197421E-005   3.1910178E-004   4.0983345E-005
   2.6800001E+000   7.8136032E-004   7.1716996E-005   3.3202790E-004   4.2549786E-005
   2.7200001E+000   7.9577696E-004   7.4048127E-005   3.4136150E-004   4.6658688E-005
   2.7599999E+000   8.1592348E-004   7.5728972E-005   3.5194722E-004   4.9318607E-005
   2.8000000E+000   8.4450644E-004   8.0089627E-005   3.6494858E-004   5.1162250E-005
   2.8400001E+000   8.9031986E-004   8.2974062E-005   3.7878157E-004   4.8730989E-005
   2.8799999E+000   9.3251443E-004   9.4814795E-005   3.9045527E-004   5.2060217E-005
   2.9200000E+000   9.7326503E-004   9.5775881E-005   4.0665699E-004   5.5786584E-005
   2.9600000E+000   1.0076031E-003   1.0030407E-004   4.1992192E-004   5.8943777E-005
   3.0000001E+000   1.0423547E-003   1.0943060E-004   4.3555583E-004   5.9847610E-005
   3.0399999E+000   1.0754434E-003   1.0597412E-004   4.4894134E-004   6.3057435E-005
   3.0800000E+000   1.1160780E-003   1.1481732E-004   4.5933371E-004   6.3995200E-005
   3.1200001E+000   1.1653378E-003   1.1719889E-004   4.7146169E-004   6.5212823E-005
   3.1600001E+000   1.1856207E-003   1.2086015E-004   4.8812564E-004   6.7364984E-005
   3.1999999E+000   1.2272673E-003   1.2256916E-004   5.0077338E-004   6.8183173E-005
   3.2400000E+000   1.2747963E-003   1.2780358E-004   5.1936546E-004   6.6579485E-005
   3.2800001E+000   1.3206990E-003   1.3368049E-004   5.3537299E-004   7.7172074E-005
   3.3199999E+000   1.3587411E-003   1.3896609E-004   5.5081516E-004   7.3688248E-005
   3.3600000E+000   1.3982798E-003   1.4413357E-004   5.6698148E-004   7.5834060E-005
   3.4000000E+000   1.4317771E-003   1.4908992E-004   5.8359108E-004   7.7887778E-005
   3.4400001E+000   1.4978161E-003   1.5600068E-004   6.0214316E-004   8.6421715E-005
   3.4799999E+000   1.5323372E-003   1.6136268E-004   6.3194884E-004   9.0241734E-005
   3.5200000E+000   1.5890457E-003   1.6933957E-004   6.4806469E-004   8.9642120E-005
   3.5600001E+000   1.6297117E-003   1.7223180E-004   6.6331605E-004   9.6304242E-005
   3.6000001E+000   1.7091899E-003   1.7912539E-004   6.8043576E-004   1.0083652E-004
   3.6399999E+000   1.7519096E-003   1.8643398E-004   7.0727018E-004   1.0487205E-004
   3.6800000E+000   1.8055288E-003   1.9068449E-004   7.1751645E-004   1.0794816E-004
   3.7200001E+000   1.8360256E-003   1.9598194E-004   7.4149178E-004   1.1193877E-004
   3.7599999E+000   1.8909954E-003   1.9961781E-004   7.5873068E-004   1.1407351E-004
   3.8000000E+000   1.9316057E-003   2.0256194E-004   7.8457934E-004   1.1652878E-004
   3.8400000E+000   1.9852434E-003   2.0817093E-004   8.0968883E-004   1.2543632E-004
   3.8800001E+000   2.0326806E-003   2.1253230E-004   8.3042291E-004   1.2450401E-004
   3.9199999E+000   2.0751102E-003   2.1321582E-004   8.4476141E-004   1.2701703E-004
   3.9600000E+000   2.1355902E-003   2.1804917E-004   8.7613019E-004   1.3510287E-004
   4.0000001E+000   2.1879166E-003   2.1719319E-004   8.8959640E-004   1.3635778E-004
   4.0400001E+000   2.2514561E-003   2.2206754E-004   9.0129271E-004   1.3947282E-004
   4.0799999E+000   2.2909977E-003   2.2793971E-004   9.2882639E-004   1.4403810E-004
   4.1200000E+000   2.3420385E-003   2.2557355E-004   9.5218137E-004   1.4596470E-004
   4.1600001E+000   2.3769234E-003   2.2785852E-004   9.8052896E-004   1.5121088E-004
   4.1999999E+000   2.4216586E-003   2.3519951E-004   1.0067478E-003   1.5415567E-004
   4.2399999E+000   2.4638715E-003   2.4108406E-004   1.0362671E-003   1.6394192E-004
   4.2800000E+000   2.5206311E-003   2.4814867E-004   1.0575362E-003   1.6516454E-004
   4.3200001E+000   2.5636094E-003   2.4808588E-004   1.0668939E-003   1.6821882E-004
   4.3599999E+000   2.6299861E-003   2.5338873E-004   1.0894844E-003   1.7579199E-004
   4.4000000E+000   2.7012333E-003   2.6055328E-004   1.1155504E-003   1.7977576E-004
   4.4400001E+000   2.7461546E-003   2.6639704E-004   1.1288495E-003   1.9707965E-004
   4.4800001E+000   2.8072137E-003   2.7122091E-004   1.1487778E-003   1.9612759E-004
   4.5199999E+000   2.8596451E-003   2.7529778E-004   1.1746203E-003   2.0510825E-004
   4.5600000E+000   2.8825865E-003   2.8235422E-004   1.1880041E-003   2.0730793E-004
   4.6000001E+000   2.9396886E-003   2.8752327E-004   1.2075402E-003   2.0671295E-004
   4.6399999E+000   2.9793071E-003   2.9336555E-004   1.2205928E-003   2.0647684E-004
   4.6799999E+000   3.0410060E-003   2.9559563E-004   1.2364203E-003   1.9806583E-004
   4.7200000E+000   3.0832260E-003   2.9778812E-004   1.2642743E-003   2.1328464E-004
   4.7600001E+000   3.1336282E-003   3.0054923E-004   1.3012248E-003   2.1956416E-004
   4.7999999E+000   3.1962248E-003   3.1025160E-004   1.3261935E-003   2.2721866E-004
   4.8400000E+000   3.2595143E-003   3.2031793E-004   1.3461123E-003   2.3759846E-004
   4.8800001E+000   3.3263029E-003   3.2181539E-004   1.3838406E-003   2.4633090E-004
   4.9200001E+000   3.3761442E-003   3.3032360E-004   1.3943356E-003   2.4804115E-004
   4.9599999E+000   3.4194916E-003   3.4199234E-004   1.4256270E-003   2.5731564E-004
   5.0000000E+000   3.4636671E-003   3.4269961E-004   1.4648845E-003   2.5915095E-004
   5.0400001E+000   3.5494801E-003   3.5101914E-004   1.4807392E-003   2.6003431E-004
   5.0800002E+000   3.6306977E-003   3.6118939E-004   1.5062112E-003   2.5978578E-004
   5.1200002E+000   3.6923999E-003   3.6411773E-004   1.5462287E-003   2.6095148E-004
   5.1599997E+000   3.7451439E-003   3.7043414E-004   1.5798093E-003   2.6338216E-004
   5.1999998E+000   3.8191339E-003   3.7036812E-004   1.6068883E-003   2.7152478E-004
   5.2399999E+000   3.8783731E-003   3.7275969E-004   1.6346260E-003   2.7407085E-004
   5.2800000E+000   3.9624283E-003   3.7824846E-004   1.6770101E-003   2.7891607E-004
   5.3200001E+000   4.0139668E-003   3.8294808E-004   1.7008799E-003   2.8211225E-004
   5.3600001E+000   4.0599041E-003   3.8378348E-004   1.7394433E-003   2.9569034E-004
   5.4000002E+000   4.1461783E-003   3.9584232E-004   1.7593318E-003   2.9453105E-004
   5.4400003E+000   4.2072376E-003   4.0323658E-004   1.7831661E-003   2.8953299E-004
   5.4799998E+000   4.2620771E-003   4.0522834E-004   1.8274771E-003   2.9060944E-004
   5.5199999E+000   4.3354232E-003   4.1272043E-004   1.8646563E-003   2.9107092E-004
   5.5599999E+000   4.4032986E-003   4.1093343E-004   1.8977658E-003   2.9350750E-004
   5.6000000E+000   4.4603346E-003   4.1375347E-004   1.9449072E-003   3.0204286E-004
   5.6400001E+000   4.5457851E-003   4.1602577E-004   1.9781526E-003   3.0838139E-004
   5.6800002E+000   4.6313021E-003   4.1547059E-004   2.0025211E-003   3.2277118E-004
   5.7200003E+000   4.7072435E-003   4.2196385E-004   2.0343491E-003   3.3498042E-004
   5.7599998E+000   4.7615572E-003   4.3052802E-004   2.0499191E-003   3.2054557E-004
   5.7999998E+000   4.8559848E-003   4.3218490E-004   2.0787442E-003   3.2835454E-004
   5.8399999E+000   4.9621814E-003   4.4759757E-004   2.1103172E-003   3.2944004E-004
   5.8800000E+000   5.0344540E-003   4.4803125E-004   2.0873657E-003   3.1977980E-004
   5.9200001E+000   5.1181704E-003   4.5842518E-004   1.9098957E-003   2.9163464E-004
   5.9600002E+000   5.2163316E-003   4.5400330E-004   1.5099178E-003   2.3816161E-004
   6.0000002E+000   5.2841711E-003   4.5787984E-004   1.0012294E-003   1.5995138E-004
   6.0399997E+000   5.4026532E-003   4.6918829E-004   6.0901220E-004   8.6744366E-005
   6.0799998E+000   5.4851355E-003   4.7631011E-004   3.7592405E-004   5.4029921E-005
   6.1199999E+000   5.5571600E-003   4.7750343E-004   2.5682554E-004   3.6176366E-005
   6.1600000E+000   5.6485693E-003   4.9590347E-004   1.9857790E-004   1.9895514E-005
   6.2000000E+000   5.7233733E-003   4.9322079E-004   1.7029864E-004   2.1112534E-005
   6.2400001E+000   5.8389814E-003   5.0460824E-004   1.6091636E-004   1.5819328E-005
   6.2800002E+000   5.9327696E-003   5.1204872E-004   1.5587859E-004   1.4687945E-005
   6.3200003E+000   5.9878697E-003   5.0376129E-004   1.5598941E-004   9.1860937E-006
   6.3599998E+000   6.0643655E-003   5.1127201E-004   1.5644548E-004   9.3209427E-006
   6.3999999E+000   6.1305454E-003   5.2669104E-004   1.6212310E-004   1.1676083E-005
   6.4399999E+000   6.2093135E-003   5.2366718E-004   1.6673999E-004   1.5180618E-005
   6.4800000E+000   6.3032211E-003   5.3611826E-004   1.6883091E-004   1.2426036E-005
   6.5200001E+000   6.4017546E-003   5.4640798E-004   1.6979973E-004   1.6153452E-005
   6.5600002E+000   6.4895044E-003   5.4730269E-004   1.7026390E-004   1.1273511E-005
   6.6000003E+000   6.5572331E-003   5.5594432E-004   1.7064854E-004   1.1945823E-005
   6.6399997E+000   6.6397369E-003   5.5513359E-004   1.7775772E-004   1.1543666E-005
   6.6799998E+000   6.7499160E-003   5.6348931E-004   1.8115365E-004   1.2264939E-005
   6.7199999E+000   6.8380256E-003   5.7461442E-004   1.8264720E-004   1.1673539E-005
   6.7600000E+000   6.9290361E-003   5.7848132E-004   1.8898304E-004   1.6917823E-005
   6.8000001E+000   7.0190180E-003   5.8454860E-004   1.9317742E-004   1.6052227E-005
   6.8400002E+000   7.1258689E-003   5.9764476E-004   1.9465173E-004   1.4050783E-005
   6.8800002E+000   7.2409652E-003   6.2381594E-004   2.0338202E-004   1.3919915E-005
   6.9199997E+000   7.3223577E-003   6.2932862E-004   2.0983617E-004   1.3384536E-005
   6.9599998E+000   7.3995676E-003   6.2984621E-004   2.0997781E-004   1.2788370E-005
   6.9999999E+000   7.5269624E-003   6.3937068E-004   2.2021310E-004   1.7363131E-005
   7.0400000E+000   7.6234190E-003   6.3893377E-004   2.2620158E-004   1.5065682E-005
   7.0800000E+000   7.7336142E-003   6.4334058E-004   2.2743835E-004   1.6481338E-005
   7.1200001E+000   7.8280082E-003   6.5776976E-004   2.3490545E-004   1.7341514E-005
   7.1600002E+000   7.9129089E-003   6.5809123E-004   2.4194472E-004   1.9716817E-005
   7.2000003E+000   8.0047902E-003   6.6485912E-004   2.4749449E-004   1.7319733E-005
   7.2399998E+000   8.1050096E-003   6.6458727E-004   2.4710180E-004   1.4364558E-005
   7.2799999E+000   8.2143189E-003   6.5688586E-004   2.5427638E-004   1.5187407E-005
   7.3199999E+000   8.3274844E-003   6.7028840E-004   2.5735474E-004   1.5148388E-005
   7.3600000E+000   8.4233450E-003   6.6957229E-004   2.5937470E-004   1.8348190E-005
   7.4000001E+000   8.5308856E-003   6.7586673E-004   2.7046897E-004   1.8524971E-005
   7.4400002E+000   8.6297275E-003   6.8104410E-004   2.7823933E-004   1.9496357E-005
   7.4800003E+000   8.7238586E-003   6.8785417E-004   2.8928617E-004   1.9602427E-005
   7.5199997E+000   8.8726246E-003   6.9842709E-004   2.9267936E-004   2.0673261E-005
   7.5599998E+000   8.9649199E-003   7.0572642E-004   3.0068682E-004   2.1802304E-005
   7.5999999E+000   9.0689356E-003   7.1234067E-004   3.1301445E-004   2.2148699E-005
   7.6400000E+000   9.1924390E-003   7.1444793E-004   3.2068313E-004   2.4034116E-005
   7.6800001E+000   9.2961995E-003   7.1956754E-004   3.2506909E-004   2.3688856E-005
   7.7200001E+000   9.3857335E-003   7.1296514E-004   3.3396689E-004   2.3348640E-005
   7.7600002E+000   9.4869283E-003   7.2942455E-004   3.3754650E-004   2.4880708E-005
   7.7999997E+000   9.6406176E-003   7.3718026E-004   3.4408550E-004   2.3265485E-005
   7.8399998E+000   9.7159120E-003   7.4887268E-004   3.5294352E-004   2.6238879E-005
   7.8799999E+000   9.7905670E-003   7.5331291E-004   3.5492165E-004   2.7012689E-005
   7.9200000E+000   9.9225179E-003   7.6095778E-004   3.6278407E-004   2.7703921E-005
   7.9600000E+000   1.0032820E-002   7.7340226E-004   3.6748016E-004   2.7826531E-005
   8.0000001E+000   1.0176309E-002   7.7892909E-004   3.7849731E-004   2.8932014E-005
   8.0400002E+000   1.0311103E-002   7.8682740E-004   3.8665133E-004   2.9667666E-005
   8.0800003E+000   1.0438101E-002   7.9998614E-004   3.8689513E-004   2.8994576E-005
   8.1199998E+000   1.0547110E-002   8.1505112E-004   3.9199557E-004   2.7911062E-005
   8.1599998E+000   1.0724219E-002   8.1503777E-004   4.0000440E-004   2.8335970E-005
   8.1999999E+000   1.0890888E-002   8.2420888E-004   4.0943990E-004   2.9093114E-005
   8.2400000E+000   1.1000819E-002   8.4389277E-004   4.1749158E-004   2.8279562E-005
   8.2800001E+000   1.1149857E-002   8.4791257E-004   4.2765579E-004   2.7930672E-005
   8.3200002E+000   1.1293258E-002   8.6472730E-004   4.3784766E-004   2.8042501E-005
   8.3600003E+000   1.1405880E-002   8.6351572E-004   4.4921928E-004   2.9298048E-005
   8.3999997E+000   1.1522898E-002   8.6755917E-004   4.5043679E-004   3.0840942E-005
   8.4399998E+000   1.1619742E-002   8.8226157E-004   4.5762934E-004   3.1306533E-005
   8.4799999E+000   1.1774679E-002   8.9333623E-004   4.6845299E-004   3.1024086E-005
   8.5200000E+000   1.1904370E-002   8.9743065E-004   4.8359332E-004   2.7939965E-005
   8.5600001E+000   1.1980884E-002   8.9974156E-004   4.8625835E-004   2.8912772E-005
   8.6000001E+000   1.2089903E-002   9.0992728E-004   4.9688534E-004   3.1882474E-005
   8.6400002E+000   1.2203415E-002   9.1021897E-004   5.1261229E-004   3.0210992E-005
   8.6799997E+000   1.2306690E-002   9.1488738E-004   5.1413605E-004   3.3195376E-005
   8.7199998E+000   1.2419344E-002   9.3024814E-004   5.2500639E-004   3.3211570E-005
   8.7599999E+000   1.2524775E-002   9.3377586E-004   5.3365625E-004   3.4766721E-005
   8.8000000E+000   1.2645948E-002   9.3237274E-004   5.4754965E-004   3.7358575E-005
   8.8400000E+000   1.2792847E-002   9.4336923E-004   5.6292274E-004   3.7887456E-005
   8.8800001E+000   1.2861591E-002   9.4194899E-004   5.6707175E-004   3.6209342E-005
   8.9200002E+000   1.3009186E-002   9.4973860E-004   5.6002539E-004   3.4854849E-005
   8.9600003E+000   1.3142402E-002   9.6371181E-004   5.6798077E-004   3.5700097E-005
   8.9999998E+000   1.3270457E-002   9.6451230E-004   5.7366628E-004   3.5255250E-005
   9.0399998E+000   1.3394609E-002   9.8757623E-004   5.7879929E-004   3.5399579E-005
   9.0799999E+000   1.3525449E-002   9.9774515E-004   5.7332548E-004   3.4700404E-005
   9.1200000E+000   1.3684370E-002   1.0061824E-003   5.8561072E-004   3.6355537E-005
   9.1600001E+000   1.3814132E-002   1.0054530E-003   5.9093649E-004   3.5738608E-005
   9.2000002E+000   1.3925691E-002   1.0101596E-003   6.0350930E-004   3.8334008E-005
   9.2400002E+000   1.4044870E-002   1.0046669E-003   6.1554972E-004   3.7258225E-005
   9.2799997E+000   1.4175979E-002   1.0001642E-003   6.2491615E-004   3.6697247E-005
   9.3199998E+000   1.4321426E-002   1.0222218E-003   6.4000462E-004   3.7622018E-005
   9.3599999E+000   1.4482630E-002   1.0220001E-003   6.4416557E-004   3.8213577E-005
   9.4000000E+000   1.4553550E-002   1.0357047E-003   6.4540068E-004   3.8615865E-005
   9.4400001E+000   1.4729814E-002   1.0569729E-003   6.5593738E-004   3.8582915E-005
   9.4800001E+000   1.4831466E-002   1.0581139E-003   6.5703386E-004   3.9617154E-005
   9.5200002E+000   1.4931796E-002   1.0670265E-003   6.6604813E-004   3.7627192E-005
   9.5599997E+000   1.5038619E-002   1.0790216E-003   6.7350620E-004   3.8842831E-005
   9.5999998E+000   1.5145851E-002   1.0596759E-003   6.8185808E-004   3.9286684E-005
   9.6399999E+000   1.5315502E-002   1.0660549E-003   6.9105218E-004   3.8544331E-005
   9.6799999E+000   1.5456391E-002   1.0784856E-003   7.0948306E-004   4.0261416E-005
   9.7200000E+000   1.5642605E-002   1.0712942E-003   7.2220896E-004   4.0364103E-005
   9.7600001E+000   1.5805245E-002   1.0781593E-003   7.3688454E-004   4.0054160E-005
   9.8000002E+000   1.5918838E-002   1.0812186E-003   7.4045442E-004   3.5659563E-005
   9.8400003E+000   1.6047635E-002   1.0809913E-003   7.4503135E-004   3.7883337E-005
   9.8799998E+000   1.6235966E-002   1.0765528E-003   7.4670049E-004   3.8747488E-005
   9.9199998E+000   1.6300334E-002   1.0971852E-003   7.6019207E-004   3.9322494E-005
   9.9599999E+000   1.6431601E-002   1.0941812E-003   7.6891275E-004   3.9892405E-005
   1.0000000E+001   1.6555801E-002   1.0896730E-003   7.8405499E-004   4.0149575E-005
   1.0039999E+001   1.6680301E-002   1.0714703E-003   7.9550307E-004   4.0212787E-005
   1.0080000E+001   1.6741820E-002   1.0716676E-003   8.0811466E-004   4.1840544E-005
   1.0120000E+001   1.6888395E-002   1.0957254E-003   8.2459995E-004   4.2169891E-005
   1.0160000E+001   1.7081573E-002   1.0886022E-003   8.3195775E-004   4.2613942E-005
   1.0200000E+001   1.7232636E-002   1.1041853E-003   8.3860117E-004   4.3970054E-005
   1.0240000E+001   1.7351416E-002   1.1083526E-003   8.5303186E-004   4.6341946E-005
   1.0280000E+001   1.7532378E-002   1.1140323E-003   8.6670077E-004   3.8682078E-005
   1.0319999E+001   1.7671849E-002   1.1217057E-003   8.8461114E-004   4.3573309E-005
   1.0360000E+001   1.7858758E-002   1.1288528E-003   8.9572131E-004   4.0037270E-005
   1.0400000E+001   1.8010951E-002   1.1341304E-003   9.0523034E-004   3.5247236E-005
   1.0440000E+001   1.8178322E-002   1.1444508E-003   9.2141437E-004   4.0000666E-005
   1.0480000E+001   1.8331649E-002   1.1522038E-003   9.2937330E-004   3.8976590E-005
   1.0520000E+001   1.8486634E-002   1.1707037E-003   9.4216540E-004   3.7682910E-005
   1.0560000E+001   1.8652854E-002   1.1747230E-003   9.6014308E-004   3.7518012E-005
   1.0599999E+001   1.8774091E-002   1.1668747E-003   9.6592826E-004   4.2327807E-005
   1.0640000E+001   1.8925955E-002   1.1784679E-003   9.8554530E-004   4.2887485E-005
   1.0680000E+001   1.9079842E-002   1.1683924E-003   1.0068347E-003   4.3400149E-005
   1.0720000E+001   1.9272720E-002   1.1755735E-003   1.0437902E-003   4.4191757E-005
   1.0760000E+001   1.9455097E-002   1.1759531E-003   1.0936419E-003   4.7103833E-005
   1.0800000E+001   1.9621747E-002   1.1844902E-003   1.1975378E-003   5.1799073E-005
   1.0840000E+001   1.9798439E-002   1.1895902E-003   1.3466862E-003   5.7827200E-005
   1.0880001E+001   1.9927557E-002   1.1853136E-003   1.6435874E-003   6.6432801E-005
   1.0920000E+001   2.0095216E-002   1.1897279E-003   2.2218672E-003   9.1611752E-005
   1.0960000E+001   2.0247929E-002   1.1927782E-003   3.3404467E-003   1.3387721E-004
   1.1000000E+001   2.0397494E-002   1.2128603E-003   5.6117359E-003   2.2740489E-004
   1.1040000E+001   2.0566983E-002   1.2090940E-003   9.5107082E-003   3.8642085E-004
   1.1080000E+001   2.0710512E-002   1.1972469E-003   1.4614030E-002   5.8981909E-004
   1.1120000E+001   2.0846169E-002   1.1801793E-003   1.8907883E-002   7.5592619E-004
   1.1160001E+001   2.1053516E-002   1.1970381E-003   2.1178345E-002   8.5369066E-004
   1.1200000E+001   2.1246007E-002   1.1879218E-003   2.1943271E-002   8.8580008E-004
   1.1240000E+001   2.1360078E-002   1.1967726E-003   2.2194292E-002   8.9405770E-004
   1.1280000E+001   2.1506662E-002   1.1736072E-003   2.2349003E-002   9.0200828E-004
   1.1320000E+001   2.1647212E-002   1.1894527E-003   2.2582316E-002   9.1695607E-004
   1.1360000E+001   2.1851635E-002   1.2043134E-003   2.2760691E-002   9.2854932E-004
   1.1400000E+001   2.2031321E-002   1.2012428E-003   2.2914327E-002   9.3033319E-004
   1.1440001E+001   2.2192498E-002   1.2006990E-003   2.3122996E-002   9.3479683E-004
   1.1480000E+001   2.2382980E-002   1.1830394E-003   2.3220365E-002   9.3651418E-004
   1.1520000E+001   2.2514071E-002   1.1577620E-003   2.3382236E-002   9.4819801E-004
   1.1560000E+001   2.2712806E-002   1.1426626E-003   2.3541269E-002   9.3376962E-004
   1.1600000E+001   2.2856090E-002   1.1368542E-003   2.3654771E-002   9.4287417E-004
   1.1640000E+001   2.2980587E-002   1.1188999E-003   2.3816465E-002   9.4726732E-004
   1.1680000E+001   2.3135185E-002   1.1204944E-003   2.3943620E-002   9.5784742E-004
   1.1720001E+001   2.3297507E-002   1.1243319E-003   2.4120384E-002   9.5509370E-004
   1.1760000E+001   2.3521186E-002   1.1160938E-003   2.4303522E-002   9.5378087E-004
   1.1799999E+001   2.3716170E-002   1.1319679E-003   2.4394278E-002   9.6304962E-004
   1.1840000E+001   2.3928807E-002   1.1187817E-003   2.4538093E-002   9.5373556E-004
   1.1880000E+001   2.4085766E-002   1.1290616E-003   2.4657503E-002   9.5052570E-004
   1.1920000E+001   2.4318049E-002   1.1359041E-003   2.4845123E-002   9.6442151E-004
   1.1960000E+001   2.4486795E-002   1.1465925E-003   2.5004275E-002   9.6389447E-004
   1.2000000E+001   2.4661573E-002   1.1414499E-003   2.5125097E-002   9.8000923E-004
   1.2040000E+001   2.4896631E-002   1.1525189E-003   2.5295004E-002   9.7112067E-004
   1.2079999E+001   2.5063510E-002   1.1417681E-003   2.5414452E-002   9.7338778E-004
   1.2120000E+001   2.5225478E-002   1.1384438E-003   2.5525443E-002   9.5570800E-004
   1.2160000E+001   2.5404034E-002   1.1589370E-003   2.5707052E-002   9.5097383E-004
   1.2200000E+001   2.5548764E-002   1.1343341E-003   2.5913291E-002   9.4471027E-004
   1.2240000E+001   2.5661665E-002   1.1307339E-003   2.6158575E-002   9.4962309E-004
   1.2280000E+001   2.5865453E-002   1.1082832E-003   2.6336846E-002   9.5241314E-004
   1.2320000E+001   2.6042709E-002   1.1081639E-003   2.6529549E-002   9.6081463E-004
   1.2359999E+001   2.6191170E-002   1.1361879E-003   2.6679663E-002   9.5577471E-004
   1.2400000E+001   2.6398064E-002   1.1403885E-003   2.6887324E-002   9.5113461E-004
   1.2440000E+001   2.6585111E-002   1.1321834E-003   2.7057334E-002   9.5345344E-004
   1.2480000E+001   2.6830087E-002   1.1268488E-003   2.7300151E-002   9.6770444E-004
   1.2520000E+001   2.7015163E-002   1.1184664E-003   2.7495240E-002   9.5132727E-004
   1.2560000E+001   2.7216913E-002   1.1202157E-003   2.7619601E-002   9.7205520E-004
   1.2600000E+001   2.7369807E-002   1.1357127E-003   2.7783284E-002   9.5177530E-004
   1.2640001E+001   2.7592506E-002   1.1486200E-003   2.8040562E-002   9.6173529E-004
   1.2680000E+001   2.7740437E-002   1.1430482E-003   2.8188091E-002   9.7041017E-004
   1.2720000E+001   2.7960364E-002   1.1548467E-003   2.8381179E-002   9.7294504E-004
   1.2760000E+001   2.8106189E-002   1.1355405E-003   2.8601152E-002   9.6473062E-004
   1.2800000E+001   2.8263866E-002   1.1258167E-003   2.8756858E-002   9.6983094E-004
   1.2840000E+001   2.8498325E-002   1.1195220E-003   2.8922986E-002   9.6066533E-004
   1.2880000E+001   2.8663672E-002   1.1076312E-003   2.9117732E-002   9.6063999E-004
   1.2920001E+001   2.8874322E-002   1.1029061E-003   2.9338630E-002   9.6027100E-004
   1.2960000E+001   2.8989023E-002   1.1017772E-003   2.9493718E-002   9.6964371E-004
   1.3000000E+001   2.9190624E-002   1.0962200E-003   2.9675676E-002   9.8439799E-004
   1.3040000E+001   2.9369686E-002   1.1137920E-003   2.9896341E-002   9.8437164E-004
   1.3080000E+001   2.9520561E-002   1.1167333E-003   3.0137230E-002   9.8993335E-004
   1.3120000E+001   2.9715875E-002   1.1248638E-003   3.0322524E-002   9.8613341E-004
   1.3160000E+001   2.9982744E-002   1.1334102E-003   3.0535013E-002   1.0258425E-003
   1.3200001E+001   3.0109398E-002   1.1232002E-003   3.0816401E-002   1.0256693E-003
   1.3240000E+001   3.0368794E-002   1.1178068E-003   3.0951745E-002   1.0264124E-003
   1.3279999E+001   3.0614980E-002   1.1484112E-003   3.1158350E-002   1.0343366E-003
   1.3320000E+001   3.0810768E-002   1.1263598E-003   3.1374049E-002   1.0377120E-003
   1.3360000E+001   3.0998542E-002   1.1069440E-003   3.1640991E-002   1.0384209E-003
   1.3400000E+001   3.1256768E-002   1.1075143E-003   3.1798987E-002   1.0377126E-003
   1.3440000E+001   3.1497354E-002   1.1049410E-003   3.1985382E-002   1.0364893E-003
   1.3480000E+001   3.1726877E-002   1.1074353E-003   3.2232064E-002   1.0346710E-003
   1.3520000E+001   3.1953331E-002   1.0906966E-003   3.2480064E-002   1.0270870E-003
   1.3559999E+001   3.2188379E-002   1.0886069E-003   3.2667228E-002   1.0076354E-003
   1.3600000E+001   3.2363710E-002   1.0656669E-003   3.2925434E-002   9.9543507E-004
   1.3640000E+001   3.2588017E-002   1.0472701E-003   3.3085675E-002   9.9744501E-004
   1.3680000E+001   3.2821675E-002   1.0596923E-003   3.3280222E-002   9.9628777E-004
   1.3720000E+001   3.3012303E-002   9.7974485E-004   3.3509407E-002   1.0020862E-003
   1.3760000E+001   3.3194193E-002   9.9580000E-004   3.3647074E-002   1.0143780E-003
   1.3800000E+001   3.3379659E-002   1.0042243E-003   3.3958211E-002   1.0020304E-003
   1.3839999E+001   3.3595939E-002   9.7533452E-004   3.4156501E-002   9.8464943E-004
   1.3880000E+001   3.3793277E-002   9.6043532E-004   3.4335518E-002   9.8482955E-004
   1.3920000E+001   3.4044485E-002   9.1265048E-004   3.4464393E-002   9.7583179E-004
   1.3960000E+001   3.4222606E-002   9.0406959E-004   3.4692970E-002   9.6252970E-004
   1.4000000E+001   3.4537665E-002   8.4046915E-004   3.4848076E-002   9.6136717E-004
   1.4040000E+001   3.4748552E-002   8.3643807E-004   3.5017703E-002   9.5665382E-004
   1.4080000E+001   3.4918908E-002   8.1959691E-004   3.5207807E-002   9.6403000E-004
   1.4119999E+001   3.5155989E-002   8.2515428E-004   3.5395064E-002   9.5282090E-004
   1.4160000E+001   3.5379438E-002   8.0326031E-004   3.5651097E-002   9.3701305E-004
   1.4200000E+001   3.5581373E-002   8.0801148E-004   3.5908405E-002   9.3071159E-004
   1.4240000E+001   3.5802925E-002   7.6256463E-004   3.6110136E-002   9.2384352E-004
   1.4280000E+001   3.5983100E-002   7.4113462E-004   3.6310488E-002   9.1370183E-004
   1.4320000E+001   3.6193992E-002   7.2692189E-004   3.6574551E-002   9.1881151E-004
   1.4360000E+001   3.6469238E-002   7.2191487E-004   3.6808276E-002   9.3384685E-004
   1.4400001E+001   3.6769557E-002   7.1575154E-004   3.7023313E-002   9.0759479E-004
   1.4440000E+001   3.6950927E-002   7.0176410E-004   3.7307940E-002   9.1420073E-004
   1.4480000E+001   3.7105456E-002   7.0136492E-004   3.7563024E-002   9.0174888E-004
   1.4520000E+001   3.7280713E-002   7.0231442E-004   3.7796237E-002   8.9497406E-004
   1.4560000E+001   3.7527950E-002   7.0295837E-004   3.8025757E-002   8.7136899E-004
   1.4600000E+001   3.7748958E-002   6.6961826E-004   3.8364036E-002   8.6981340E-004
   1.4640000E+001   3.7987759E-002   6.7544449E-004   3.8570124E-002   8.5163053E-004
   1.4680001E+001   3.8203455E-002   6.6175053E-004   3.8849984E-002   8.3926745E-004
   1.4720000E+001   3.8445148E-002   6.3583459E-004   3.9102644E-002   8.1963420E-004
   1.4760000E+001   3.8676218E-002   6.3564667E-004   3.9322539E-002   8.2073404E-004
   1.4800000E+001   3.8936791E-002   6.3083615E-004   3.9516896E-002   7.9823307E-004
   1.4840000E+001   3.9208032E-002   6.2695590E-004   3.9775282E-002   7.9664601E-004
   1.4880000E+001   3.9432938E-002   6.0843347E-004   4.0047607E-002   7.4525730E-004
   1.4920000E+001   3.9604670E-002   6.0728872E-004   4.0220554E-002   7.6910416E-004
   1.4960001E+001   3.9918175E-002   5.9630489E-004   4.0445797E-002   7.2168175E-004
   1.5000000E+001   4.0163871E-002   6.0013172E-004   4.0720539E-002   7.4790901E-004
   1.5039999E+001   4.0507335E-002   5.9960682E-004   4.0994115E-002   7.2645628E-004
   1.5080000E+001   4.0777070E-002   5.8883314E-004   4.1250090E-002   6.9814944E-004
   1.5120000E+001   4.1043663E-002   5.6862281E-004   4.1619093E-002   6.9171889E-004
   1.5160000E+001   4.1227218E-002   5.5623406E-004   4.1773219E-002   6.7718543E-004
   1.5200000E+001   4.1507165E-002   5.4335335E-004   4.2010370E-002   6.8624057E-004
   1.5240000E+001   4.1775064E-002   5.3343685E-004   4.2263692E-002   6.4574660E-004
   1.5280000E+001   4.2019199E-002   5.2594179E-004   4.2524943E-002   6.3956529E-004
   1.5319999E+001   4.2249841E-002   5.1640943E-004   4.2793575E-002   6.2486531E-004
   1.5360000E+001   4.2466043E-002   5.1645612E-004   4.3068210E-002   6.0717356E-004
   1.5400000E+001   4.2716568E-002   5.1157963E-004   4.3344251E-002   6.0066445E-004
   1.5440000E+001   4.2978614E-002   5.0096514E-004   4.3551984E-002   5.8813178E-004
   1.5480000E+001   4.3250791E-002   4.9395077E-004   4.3826755E-002   5.6457069E-004
   1.5520000E+001   4.3591780E-002   4.9637043E-004   4.4099019E-002   5.5919830E-004
   1.5560000E+001   4.3752020E-002   4.8810439E-004   4.4368476E-002   5.5173367E-004
   1.5599999E+001   4.3995927E-002   4.7412733E-004   4.4596842E-002   5.4143005E-004
   1.5640000E+001   4.4307085E-002   4.6103879E-004   4.4806082E-002   5.3776073E-004
   1.5680000E+001   4.4520873E-002   4.5925618E-004   4.5106464E-002   5.4118097E-004
   1.5720000E+001   4.4795830E-002   4.5950651E-004   4.5353560E-002   5.2603565E-004
   1.5760000E+001   4.5082093E-002   4.5673513E-004   4.5617408E-002   5.1127293E-004
   1.5800000E+001   4.5377530E-002   4.5728024E-004   4.5936686E-002   4.8863247E-004
   1.5840000E+001   4.5645490E-002   4.6003110E-004   4.6171764E-002   4.8714395E-004
   1.5880001E+001   4.5862787E-002   4.5253190E-004   4.6442490E-002   4.8222998E-004
   1.5920000E+001   4.6161972E-002   4.5005328E-004   4.6679444E-002   4.7657277E-004
   1.5960000E+001   4.6453033E-002   4.3648532E-004   4.6928688E-002   4.6359446E-004
   1.6000000E+001   4.6729654E-002   4.3185894E-004   4.7213037E-002   4.6043584E-004
   1.6040000E+001   4.6928489E-002   4.2830664E-004   4.7468782E-002   4.5082461E-004
   1.6080000E+001   4.7115656E-002   4.2751531E-004   4.7689720E-002   4.4398206E-004
   1.6120000E+001   4.7340043E-002   4.3403246E-004   4.7981570E-002   4.4522547E-004
   1.6160001E+001   4.7559175E-002   4.3134451E-004   4.8206181E-002   4.3973227E-004
   1.6200000E+001   4.7888183E-002   4.2085960E-004   4.8412645E-002   4.2964233E-004
   1.6240000E+001   4.8150027E-002   4.3529333E-004   4.8704403E-002   4.2638761E-004
   1.6280000E+001   4.8515865E-002   4.4783271E-004   4.9017904E-002   4.0757335E-004
   1.6320000E+001   4.8648794E-002   4.5213813E-004   4.9285607E-002   4.0806778E-004
   1.6360000E+001   4.8920984E-002   4.6020332E-004   4.9624828E-002   3.9592393E-004
   1.6400000E+001   4.9192317E-002   4.7422489E-004   4.9880483E-002   4.0042232E-004
   1.6440001E+001   4.9442637E-002   4.6445323E-004   5.0106635E-002   3.9829755E-004
   1.6480000E+001   4.9766767E-002   4.6732256E-004   5.0406453E-002   3.9829179E-004
   1.6520000E+001   5.0060872E-002   4.7488244E-004   5.0577858E-002   3.9308126E-004
   1.6560000E+001   5.0266095E-002   4.5490906E-004   5.0885394E-002   4.2624369E-004
   1.6600000E+001   5.0475070E-002   4.6453595E-004   5.1236640E-002   3.9801082E-004
   1.6640000E+001   5.0776751E-002   4.6054884E-004   5.1541505E-002   4.0493924E-004
   1.6680000E+001   5.0960543E-002   4.5946251E-004   5.1766944E-002   4.1101754E-004
   1.6720001E+001   5.1362251E-002   4.6307408E-004   5.2124246E-002   4.1729638E-004
   1.6760000E+001   5.1564766E-002   4.7295425E-004   5.2262755E-002   4.6174722E-004
   1.6799999E+001   5.1838230E-002   4.7838441E-004   5.2621955E-002   4.5890473E-004
   1.6840000E+001   5.2190047E-002   4.7745843E-004   5.2930141E-002   4.7043641E-004
   1.6880000E+001   5.2371164E-002   4.8265497E-004   5.3182182E-002   4.8244071E-004
   1.6920000E+001   5.2672396E-002   5.1332977E-004   5.3513012E-002   4.9015907E-004
   1.6960000E+001   5.2972823E-002   5.3914929E-004   5.3851350E-002   5.7317240E-004
   1.7000000E+001   5.3193923E-002   5.6840219E-004   5.4094934E-002   6.8029261E-004
   1.7040000E+001   5.3486943E-002   5.8832095E-004   5.4349822E-002   7.2250103E-004
   1.7079999E+001   5.3821930E-002   6.2968401E-004   5.4669671E-002   7.6814924E-004
   1.7120000E+001   5.4132030E-002   6.4655920E-004   5.4892960E-002   7.9289975E-004
   1.7160000E+001   5.4375957E-002   7.4403786E-004   5.5173505E-002   8.2795758E-004
   1.7200000E+001   5.4742974E-002   6.9669393E-004   5.5437101E-002   8.9114103E-004
   1.7240000E+001   5.5058708E-002   7.8747477E-004   5.5692221E-002   8.6331603E-004
   1.7280000E+001   5.5347444E-002   8.2402731E-004   5.6092615E-002   8.9804860E-004
   1.7320000E+001   5.5653476E-002   8.5021283E-004   5.6399751E-002   9.1649114E-004
   1.7359999E+001   5.6004168E-002   8.8523670E-004   5.6772934E-002   9.5140454E-004
   1.7400000E+001   5.6418093E-002   9.1222450E-004   5.7031615E-002   9.6142893E-004
   1.7440000E+001   5.6677020E-002   9.5000902E-004   5.7372053E-002   9.7601581E-004
   1.7480000E+001   5.7041191E-002   9.9416740E-004   5.7538833E-002   9.7650065E-004
   1.7520000E+001   5.7314020E-002   1.0162936E-003   5.7981930E-002   1.0115101E-003
   1.7560000E+001   5.7509601E-002   1.0305762E-003   5.8227164E-002   1.0093779E-003
   1.7600000E+001   5.7905643E-002   1.0691471E-003   5.8583101E-002   1.0579614E-003
   1.7640001E+001   5.8282553E-002   1.1212910E-003   5.8915343E-002   1.0914509E-003
   1.7680000E+001   5.8652292E-002   1.1415023E-003   5.9161004E-002   1.0953154E-003
   1.7720000E+001   5.8999135E-002   1.1989110E-003   5.9515311E-002   1.1490146E-003
   1.7760000E+001   5.9278945E-002   1.2201704E-003   5.9717880E-002   1.2182202E-003
   1.7800000E+001   5.9550098E-002   1.2429110E-003   6.0099034E-002   1.2305679E-003
   1.7840000E+001   5.9913958E-002   1.2931867E-003   6.0356186E-002   1.2439808E-003
   1.7880000E+001   6.0263763E-002   1.3464084E-003   6.0651059E-002   1.2599931E-003
   1.7920001E+001   6.0570566E-002   1.4001446E-003   6.0976253E-002   1.2546664E-003
   1.7960000E+001   6.0795153E-002   1.4201815E-003   6.1371632E-002   1.3067807E-003
   1.8000000E+001   6.1211714E-002   1.4843633E-003   6.1691743E-002   1.3393912E-003
   1.8040000E+001   6.1617018E-002   1.5321072E-003   6.1988339E-002   1.3878438E-003
   1.8080000E+001   6.1844839E-002   1.5828576E-003   6.2432548E-002   1.4387803E-003
   1.8120000E+001   6.2112396E-002   1.6224241E-003   6.2672846E-002   1.5057672E-003
   1.8160000E+001   6.2423470E-002   1.6583032E-003   6.3038688E-002   1.5561978E-003
   1.8200001E+001   6.2710773E-002   1.7054429E-003   6.3266196E-002   1.5143607E-003
   1.8240000E+001   6.3125304E-002   1.7464859E-003   6.3700066E-002   1.6143764E-003
   1.8279999E+001   6.3530062E-002   1.8188510E-003   6.3939687E-002   1.6258740E-003
   1.8320000E+001   6.3955018E-002   1.8604888E-003   6.4289990E-002   1.6590993E-003
   1.8360000E+001   6.4266862E-002   1.9011225E-003   6.4643811E-002   1.7836472E-003
   1.8400000E+001   6.4508748E-002   1.9712409E-003   6.4976305E-002   1.8310302E-003
   1.8440000E+001   6.4823843E-002   1.9502943E-003   6.5373427E-002   1.7937838E-003
   1.8480000E+001   6.5186468E-002   2.0154174E-003   6.5702511E-002   1.8287714E-003
   1.8520000E+001   6.5469136E-002   2.0558082E-003   6.6010854E-002   1.8326952E-003
   1.8559999E+001   6.5926136E-002   2.1305375E-003   6.6321871E-002   1.9098977E-003
   1.8600000E+001   6.6318442E-002   2.1534471E-003   6.6667776E-002   1.9226014E-003
   1.8640000E+001   6.6664642E-002   2.1978139E-003   6.6932017E-002   1.9924263E-003
   1.8680000E+001   6.6942498E-002   2.2503199E-003   6.7300439E-002   2.0470425E-003
   1.8720000E+001   6.7280865E-002   2.2506694E-003   6.7699546E-002   2.1251539E-003
   1.8760000E+001   6.7623471E-002   2.2367622E-003   6.7967032E-002   2.1645002E-003
   1.8800000E+001   6.7911086E-002   2.2477495E-003   6.8444985E-002   2.2619299E-003
   1.8839999E+001   6.8386551E-002   2.3265018E-003   6.8765622E-002   2.2948661E-003
   1.8880000E+001   6.8699736E-002   2.3517896E-003   6.9153316E-002   2.3586956E-003
   1.8920000E+001   6.8916714E-002   2.4080912E-003   6.9396118E-002   2.4086418E-003
   1.8960000E+001   6.9218316E-002   2.4374526E-003   6.9726837E-002   2.4987733E-003
   1.9000000E+001   6.9531488E-002   2.5457711E-003   7.0020769E-002   2.5351702E-003
   1.9040000E+001   6.9896887E-002   2.6322548E-003   7.0212333E-002   2.5866881E-003
   1.9080000E+001   7.0250300E-002   2.6902536E-003   7.0437105E-002   2.6124559E-003
   1.9119999E+001   7.0569171E-002   2.7374568E-003   7.0811195E-002   2.7215164E-003
   1.9160000E+001   7.1012524E-002   2.6984535E-003   7.1069188E-002   2.7495264E-003
   1.9200000E+001   7.1225098E-002   2.7890976E-003   7.1443762E-002   2.7670789E-003
   1.9240000E+001   7.1615057E-002   2.7389562E-003   7.1764887E-002   2.8281739E-003
   1.9280000E+001   7.2013386E-002   2.8138893E-003   7.2140733E-002   2.8494531E-003
   1.9320000E+001   7.2439793E-002   2.8522578E-003   7.2420166E-002   2.9027099E-003
   1.9360000E+001   7.2751329E-002   2.8834890E-003   7.2827387E-002   2.9621722E-003
   1.9400001E+001   7.3178175E-002   3.0022430E-003   7.3205970E-002   3.0271217E-003
   1.9440000E+001   7.3465553E-002   3.0712277E-003   7.3628291E-002   3.0842346E-003
   1.9480000E+001   7.3864032E-002   3.1301577E-003   7.3960631E-002   3.1201935E-003
   1.9520000E+001   7.4238022E-002   3.1239776E-003   7.4313148E-002   3.1869811E-003
   1.9560000E+001   7.4583059E-002   3.2250979E-003   7.4698443E-002   3.2776205E-003
   1.9600000E+001   7.4896528E-002   3.2983515E-003   7.5074955E-002   3.3747738E-003
   1.9640000E+001   7.5304362E-002   3.3467813E-003   7.5514377E-002   3.4529238E-003
   1.9680001E+001   7.5726597E-002   3.3973794E-003   7.5913390E-002   3.5251775E-003
   1.9720000E+001   7.6186081E-002   3.3609198E-003   7.6292515E-002   3.5466053E-003
   1.9760000E+001   7.6514012E-002   3.3991424E-003   7.6673104E-002   3.5848499E-003
   1.9800000E+001   7.6926245E-002   3.4829036E-003   7.7187362E-002   3.6547293E-003
   1.9840000E+001   7.7365811E-002   3.5374367E-003   7.7527736E-002   3.7070489E-003
   1.9880000E+001   7.7781350E-002   3.6213703E-003   7.7925979E-002   3.7119299E-003
   1.9920000E+001   7.8061024E-002   3.6846570E-003   7.8251074E-002   3.7901441E-003
   1.9960001E+001   7.8489526E-002   3.7750095E-003   7.8646722E-002   3.8475994E-003
   2.0000000E+001   7.8779222E-002   3.8798177E-003   7.8792552E-002   3.9006680E-003
