         0.4000         0.0000         0.0000         0.0000         0.0000
         0.6000         0.0000         0.0000         0.0000         0.0000
         0.8000         0.0000         0.0000         0.0000         0.0000
         1.0000         0.0000         0.0000         0.0000         0.0000
         1.2000         0.0266         0.0059         0.0000         0.0000
         1.4000         0.0461         0.0085         0.0000         0.0000
         1.6000         0.0513         0.0083         0.0000         0.0000
         1.8000         0.0532         0.0073         0.0000         0.0000
         2.0000         0.0540         0.0069         0.0000         0.0000
         2.2000         0.0546         0.0064         0.0000         0.0000
         2.4000         0.0551         0.0060         0.0000         0.0000
         2.6000         0.0555         0.0058         0.0000         0.0000
         2.8000         0.0556         0.0056         0.0000         0.0000
         3.0000         0.0559         0.0054         0.0000         0.0000
         3.2000         0.0562         0.0051         0.0000         0.0000
         3.4000         0.0563         0.0051         0.0000         0.0000
         3.6000         0.0564         0.0050         0.0000         0.0000
         3.8000         0.0566         0.0049         0.0000         0.0000
         4.0000         0.0567         0.0047         0.0000         0.0000
         4.2000         0.0570         0.0045         0.0000         0.0000
         4.4000         0.0573         0.0042         0.0000         0.0000
         4.6000         0.0576         0.0039         0.0000         0.0000
         4.8000         0.0580         0.0036         0.0000         0.0000
         5.0000         0.0582         0.0034         0.0000         0.0000
         5.2000         0.0582         0.0035         0.0000         0.0000
         5.4000         0.0582         0.0034         0.0000         0.0000
         5.6000         0.0584         0.0032         0.0000         0.0000
         5.8000         0.0585         0.0032         0.0000         0.0000
         6.0000         0.0585         0.0032         0.0000         0.0000
         6.2000         0.0586         0.0030         0.0580         0.0026
         6.4000         0.0589         0.0028         0.0592         0.0025
         6.6000         0.0590         0.0027         0.0592         0.0025
         6.8000         0.0591         0.0026         0.0593         0.0024
         7.0000         0.0592         0.0025         0.0594         0.0023
         7.2000         0.0593         0.0024         0.0595         0.0022
         7.4000         0.0594         0.0023         0.0595         0.0022
         7.6000         0.0594         0.0023         0.0595         0.0022
         7.8000         0.0595         0.0022         0.0596         0.0021
         8.0000         0.0596         0.0021         0.0597         0.0020
         8.2000         0.0596         0.0021         0.0598         0.0019
         8.4000         0.0596         0.0021         0.0599         0.0019
         8.6000         0.0597         0.0021         0.0600         0.0017
         8.8000         0.0597         0.0020         0.0602         0.0016
         9.0000         0.0598         0.0019         0.0602         0.0015
         9.2000         0.0600         0.0017         0.0603         0.0015
         9.4000         0.0602         0.0016         0.0604         0.0014
         9.6000         0.0602         0.0016         0.0603         0.0014
         9.8000         0.0602         0.0016         0.0604         0.0014
        10.0000         0.0602         0.0016         0.0604         0.0014
        10.2000         0.0603         0.0015         0.0604         0.0013
        10.4000         0.0603         0.0014         0.0606         0.0012
        10.6000         0.0604         0.0014         0.0606         0.0011
        10.8000         0.0605         0.0012         0.0607         0.0011
        11.0000         0.0606         0.0012         0.0596         0.0010
        11.2000         0.0607         0.0011         0.0605         0.0013
        11.4000         0.0607         0.0011         0.0608         0.0010
        11.6000         0.0608         0.0010         0.0609         0.0010
        11.8000         0.0608         0.0010         0.0609         0.0009
        12.0000         0.0608         0.0010         0.0610         0.0008
        12.2000         0.0609         0.0009         0.0610         0.0008
        12.4000         0.0609         0.0009         0.0610         0.0008
        12.6000         0.0610         0.0008         0.0610         0.0008
        12.8000         0.0610         0.0007         0.0610         0.0008
        13.0000         0.0611         0.0007         0.0611         0.0007
        13.2000         0.0611         0.0007         0.0612         0.0006
        13.4000         0.0611         0.0007         0.0613         0.0005
        13.6000         0.0612         0.0006         0.0613         0.0005
        13.8000         0.0612         0.0006         0.0613         0.0005
        14.0000         0.0613         0.0005         0.0614         0.0004
        14.2000         0.0613         0.0005         0.0614         0.0004
        14.4000         0.0614         0.0004         0.0614         0.0004
        14.6000         0.0614         0.0004         0.0614         0.0004
        14.8000         0.0614         0.0004         0.0615         0.0003
        15.0000         0.0615         0.0004         0.0615         0.0003
        15.2000         0.0615         0.0003         0.0615         0.0003
        15.4000         0.0615         0.0003         0.0615         0.0003
        15.6000         0.0616         0.0003         0.0615         0.0003
        15.8000         0.0616         0.0002         0.0616         0.0002
        16.0000         0.0616         0.0002         0.0616         0.0002
        16.2000         0.0616         0.0002         0.0616         0.0002
        16.4000         0.0616         0.0002         0.0616         0.0002
        16.6000         0.0617         0.0002         0.0616         0.0002
        16.8000         0.0617         0.0001         0.0617         0.0001
        17.0000         0.0617         0.0001         0.0617         0.0001
        17.2000         0.0617         0.0001         0.0617         0.0001
        17.4000         0.0617         0.0001         0.0617         0.0001
        17.6000         0.0617         0.0001         0.0617         0.0001
        17.8000         0.0617         0.0001         0.0617         0.0001
        18.0000         0.0618         0.0001         0.0618         0.0000
        18.2000         0.0618         0.0000         0.0618         0.0000
        18.4000         0.0618         0.0000         0.0618         0.0000
        18.6000         0.0618         0.0000         0.0618         0.0000
        18.8000         0.0618         0.0000         0.0618         0.0000
        19.0000         0.0618         0.0000         0.0618         0.0000
        19.2000         0.0618         0.0000         0.0618         0.0000
        19.4000         0.0618         0.0000         0.0618         0.0000
        19.6000         0.0618         0.0000         0.0618         0.0000
        19.8000         0.0618         0.0000         0.0618         0.0000
        20.0000         2.1055         0.0008         2.1069         0.0010
