         0.0800         0.0000         0.0000         0.0000         0.0000         0.0000
         0.1200         0.0000         0.0000         0.0000         0.0000         0.0000
         0.1600         0.0000         0.0000         0.0000         0.0000         0.0000
         0.2000         0.0000         0.0000         0.0000         0.0000         0.0000
         0.2400         0.0000         0.0000         0.0000         0.0000         0.0000
         0.2800         0.0000         0.0000         0.0000         0.0000         0.0000
         0.3200         0.0000         0.0000         0.0000         0.0000         0.0000
         0.3600         0.0000         0.0000         0.0000         0.0000         0.0000
         0.4000         0.0000         0.0000         0.0000         0.0000         0.0000
         0.4400         0.0000         0.0000         0.0000         0.0000         0.0000
         0.4800         0.0000         0.0000         0.0000         0.0000         0.0000
         0.5200         0.0000         0.0000         0.0000         0.0000         0.0000
         0.5600         0.0000         0.0000         0.0000         0.0000         0.0000
         0.6000         0.0000         0.0000         0.0000         0.0000         0.0000
         0.6400         0.0000         0.0000         0.0000         0.0000         0.0000
         0.6800         0.0000         0.0000         0.0000         0.0000         0.0000
         0.7200         0.0000         0.0000         0.0000         0.0000         0.0000
         0.7600         0.0000         0.0000         0.0000         0.0000         0.0000
         0.8000         0.0000         0.0000         0.0000         0.0000         0.0000
         0.8400         0.0000         0.0000         0.0000         0.0000         0.0000
         0.8800         0.0000         0.0000         0.0000         0.0000         0.0000
         0.9200         0.0000         0.0000         0.0000         0.0000         0.0000
         0.9600         0.0002         0.0001         0.0004         0.0001         0.0000
         1.0000         0.0012         0.0001         0.0018         0.0001         0.0000
         1.0400         0.0037         0.0005         0.0055         0.0005         0.0000
         1.0800         0.0072         0.0007         0.0106         0.0009         0.0000
         1.1200         0.0111         0.0012         0.0168         0.0015         0.0000
         1.1600         0.0146         0.0015         0.0210         0.0019         0.0000
         1.2000         0.0174         0.0018         0.0276         0.0024         0.0000
         1.2400         0.0207         0.0019         0.0350         0.0033         0.0000
         1.2800         0.0248         0.0028         0.0425         0.0037         0.0000
         1.3200         0.0268         0.0030         0.0486         0.0044         0.0000
         1.3600         0.0313         0.0037         0.0544         0.0044         0.0000
         1.4000         0.0352         0.0041         0.0624         0.0052         0.0000
         1.4400         0.0418         0.0054         0.0676         0.0050         0.0000
         1.4800         0.0483         0.0049         0.0767         0.0044         0.0000
         1.5200         0.0530         0.0051         0.0877         0.0058         0.0000
         1.5600         0.0590         0.0056         0.0973         0.0063         0.0000
         1.6000         0.0644         0.0057         0.1081         0.0069         0.0000
         1.6400         0.0738         0.0069         0.1194         0.0069         0.0000
         1.6800         0.0841         0.0073         0.1290         0.0074         0.0000
         1.7200         0.0921         0.0074         0.1394         0.0083         0.0000
         1.7600         0.0985         0.0076         0.1491         0.0086         0.0000
         1.8000         0.1090         0.0081         0.1618         0.0122         0.0000
         1.8400         0.1167         0.0084         0.1722         0.0128         0.0000
         1.8800         0.1250         0.0108         0.1777         0.0120         0.0000
         1.9200         0.1308         0.0092         0.1872         0.0135         0.0000
         1.9600         0.1422         0.0097         0.2029         0.0138         0.0000
         2.0000         0.1521         0.0101         0.2117         0.0106         0.0000
         2.0400         0.1592         0.0098         0.2264         0.0112         0.0000
         2.0800         0.1635         0.0092         0.2439         0.0118         0.0000
         2.1200         0.1682         0.0095         0.2582         0.0125         0.0000
         2.1600         0.1743         0.0095         0.2715         0.0127         0.0000
         2.2000         0.1879         0.0103         0.2818         0.0123         0.0000
         2.2400         0.1908         0.0102         0.3033         0.0134         0.0000
         2.2800         0.1996         0.0100         0.3188         0.0148         0.0000
         2.3200         0.2108         0.0118         0.3434         0.0166         0.0000
         2.3600         0.2267         0.0143         0.3612         0.0178         0.0000
         2.4000         0.2350         0.0145         0.3751         0.0173         0.0000
         2.4400         0.2402         0.0156         0.3941         0.0187         0.0000
         2.4800         0.2506         0.0144         0.4049         0.0174         0.0000
         2.5200         0.2676         0.0165         0.4196         0.0172         0.0000
         2.5600         0.2734         0.0164         0.4364         0.0163         0.0000
         2.6000         0.2838         0.0182         0.4598         0.0161         0.0000
         2.6400         0.2942         0.0208         0.4804         0.0159         0.0000
         2.6800         0.3036         0.0222         0.4993         0.0150         0.0000
         2.7200         0.3150         0.0208         0.5209         0.0157         0.0000
         2.7600         0.3209         0.0220         0.5364         0.0168         0.0000
         2.8000         0.3339         0.0225         0.5538         0.0168         0.0000
         2.8400         0.3413         0.0255         0.5738         0.0182         0.0000
         2.8800         0.3587         0.0266         0.5959         0.0165         0.0000
         2.9200         0.3763         0.0248         0.6114         0.0171         0.0000
         2.9600         0.3863         0.0271         0.6432         0.0182         0.0000
         3.0000         0.4028         0.0299         0.6637         0.0172         0.0000
         3.0400         0.4151         0.0307         0.6889         0.0174         0.0000
         3.0800         0.4254         0.0286         0.7102         0.0166         0.0000
         3.1200         0.4452         0.0285         0.7297         0.0151         0.0000
         3.1600         0.4622         0.0296         0.7624         0.0152         0.0000
         3.2000         0.4765         0.0322         0.7858         0.0160         0.0000
         3.2400         0.4930         0.0275         0.8129         0.0168         0.0000
         3.2800         0.5090         0.0274         0.8486         0.0168         0.0000
         3.3200         0.5220         0.0249         0.8783         0.0161         0.0000
         3.3600         0.5420         0.0235         0.9088         0.0151         0.0000
         3.4000         0.5589         0.0167         0.9315         0.0152         0.0000
         3.4400         0.5807         0.0202         0.9603         0.0166         0.0000
         3.4800         0.5910         0.0206         1.0016         0.0176         0.0000
         3.5200         0.6074         0.0206         1.0319         0.0179         0.0000
         3.5600         0.6303         0.0183         1.0600         0.0170         0.0000
         3.6000         0.6505         0.0207         1.0882         0.0182         0.0000
         3.6400         0.6697         0.0232         1.1073         0.0188         0.0000
         3.6800         0.6788         0.0227         1.1357         0.0214         0.0000
         3.7200         0.6956         0.0258         1.1702         0.0221         0.0000
         3.7600         0.7127         0.0225         1.1978         0.0209         0.0000
         3.8000         0.7298         0.0210         1.2361         0.0207         0.0000
         3.8400         0.7500         0.0213         1.2737         0.0208         0.0000
         3.8800         0.7676         0.0159         1.3087         0.0220         0.0000
         3.9200         0.7904         0.0168         1.3442         0.0245         0.0000
         3.9600         0.8091         0.0166         1.3867         0.0258         0.0000
         4.0000         0.8211         0.0170         1.4209         0.0254         0.0000
         4.0400         0.8396         0.0174         1.4704         0.0256         0.0000
         4.0800         0.8531         0.0168         1.5092         0.0257         0.0000
         4.1200         0.8635         0.0169         1.5287         0.0293         0.0000
         4.1600         0.8825         0.0174         1.5642         0.0338         0.0000
         4.2000         0.8974         0.0172         1.5840         0.0318         0.0000
         4.2400         0.9166         0.0186         1.6151         0.0388         0.0000
         4.2800         0.9344         0.0176         1.6563         0.0402         0.0000
         4.3200         0.9465         0.0162         1.6956         0.0429         0.0000
         4.3600         0.9579         0.0169         1.7433         0.0437         0.0000
         4.4000         0.9783         0.0195         1.7752         0.0711         0.0000
         4.4400         0.9991         0.0187         1.8189         0.0726         0.0000
         4.4800         1.0286         0.0202         1.8625         0.0749         0.0000
         4.5200         1.0426         0.0203         1.9109         0.0733         0.0000
         4.5600         1.0645         0.0217         1.9607         0.0810         0.0000
         4.6000         1.0909         0.0199         2.0148         0.0465         0.0000
         4.6400         1.1153         0.0259         2.0623         0.0732         0.0000
         4.6800         1.1396         0.0266         2.1074         0.0809         0.0000
         4.7200         1.1539         0.0300         2.1756         0.0832         0.0000
         4.7600         1.1683         0.0282         2.2165         0.0851         0.0000
         4.8000         1.1735         0.0259         2.2820         0.0895         0.0000
         4.8400         1.1774         0.0245         2.3106         0.0890         0.0000
         4.8800         1.1998         0.0234         2.3496         0.1026         0.0000
         4.9200         1.2084         0.0217         2.4046         0.0977         0.0000
         4.9600         1.2291         0.0233         2.4386         0.0995         0.0000
         5.0000         1.2471         0.0237         2.4825         0.0833         0.0000
         5.0400         1.2655         0.0233         2.5183         0.0853         0.0000
         5.0800         1.2786         0.0228         2.5590         0.1007         0.0000
         5.1200         1.2904         0.0234         2.6089         0.1088         0.0000
         5.1600         1.3042         0.0225         2.6731         0.1026         0.0000
         5.2000         1.3124         0.0191         2.7364         0.1091         0.0000
         5.2400         1.3423         0.0183         2.7963         0.1158         0.0000
         5.2800         1.3536         0.0202         2.8639         0.1155         0.0000
         5.3200         1.3695         0.0216         2.9178         0.1098         0.0000
         5.3600         1.3893         0.0221         2.9932         0.1142         0.0000
         5.4000         1.4093         0.0264         3.0258         0.1155         0.0000
         5.4400         1.4394         0.0270         3.0712         0.1222         0.0000
         5.4800         1.4632         0.0299         3.1138         0.1241         0.0000
         5.5200         1.4954         0.0323         3.1797         0.1260         0.0000
         5.5600         1.5125         0.0328         3.2355         0.1285         0.0000
         5.6000         1.5353         0.0298         3.2888         0.1241         0.0000
         5.6400         1.5502         0.0330         3.3273         0.1197         0.0000
         5.6800         1.5662         0.0321         3.4056         0.1211         0.0000
         5.7200         1.5854         0.0330         3.4454         0.1130         0.0000
         5.7600         1.6035         0.0345         3.5034         0.1089         0.0000
         5.8000         1.6102         0.0356         3.5596         0.1096         0.0000
         5.8400         1.6206         0.0362         3.6299         0.1140         0.0000
         5.8800         1.6411         0.0350         3.6030         0.1109         0.0021
         5.9200         1.6605         0.0379         3.2721         0.1119         0.0339
         5.9600         1.6676         0.0401         2.5753         0.0846         0.1937
         6.0000         1.6919         0.0411         1.7239         0.0595         0.5693
         6.0400         1.7181         0.0350         1.0604         0.0379         1.1036
         6.0800         1.7394         0.0442         0.6506         0.0103         1.6517
         6.1200         1.7646         0.0381         0.4473         0.0083         2.1073
         6.1600         1.7789         0.0366         0.3490         0.0080         2.4386
         6.2000         1.8072         0.0398         0.3080         0.0066         2.6595
         6.2400         1.8256         0.0374         0.2891         0.0068         2.7989
         6.2800         1.8318         0.0353         0.2844         0.0077         2.8836
         6.3200         1.8659         0.0346         0.2879         0.0086         2.9337
         6.3600         1.8975         0.0304         0.3006         0.0090         2.9628
         6.4000         1.9292         0.0304         0.3134         0.0093         2.9794
         6.4400         1.9689         0.0291         0.3309         0.0098         2.9887
         6.4800         2.0010         0.0315         0.3457         0.0098         2.9939
         6.5200         2.0290         0.0472         0.3658         0.0107         2.9967
         6.5600         2.0479         0.0448         0.3798         0.0112         2.9983
         6.6000         2.0754         0.0463         0.4020         0.0130         2.9991
         6.6400         2.1088         0.0470         0.4123         0.0132         2.9995
         6.6800         2.1333         0.0407         0.4270         0.0146         2.9998
         6.7200         2.1414         0.0395         0.4423         0.0140         2.9999
         6.7600         2.1674         0.0394         0.4553         0.0134         2.9999
         6.8000         2.1936         0.0419         0.4657         0.0130         3.0000
         6.8400         2.2379         0.0428         0.4855         0.0130         3.0000
         6.8800         2.2770         0.0398         0.4966         0.0142         3.0000
         6.9200         2.2877         0.0349         0.5132         0.0149         3.0000
         6.9600         2.3268         0.0371         0.5269         0.0152         3.0000
         7.0000         2.3647         0.0394         0.5459         0.0144         3.0000
         7.0400         2.3867         0.0438         0.5533         0.0139         3.0000
         7.0800         2.3990         0.0389         0.5682         0.0158         3.0000
         7.1200         2.4215         0.0431         0.5837         0.0160         3.0000
         7.1600         2.4453         0.0391         0.6017         0.0174         3.0000
         7.2000         2.4629         0.0411         0.6194         0.0182         3.0000
         7.2400         2.4908         0.0458         0.6385         0.0187         3.0000
         7.2800         2.5125         0.0500         0.6543         0.0194         3.0000
         7.3200         2.5292         0.0504         0.6591         0.0188         3.0000
         7.3600         2.5711         0.0512         0.6762         0.0185         3.0000
         7.4000         2.5884         0.0467         0.6877         0.0182         3.0000
         7.4400         2.6164         0.0456         0.7071         0.0185         3.0000
         7.4800         2.6594         0.0436         0.7280         0.0193         3.0000
         7.5200         2.6867         0.0482         0.7374         0.0209         3.0000
         7.5600         2.7374         0.0456         0.7655         0.0201         3.0000
         7.6000         2.7524         0.0472         0.7823         0.0204         3.0000
         7.6400         2.7783         0.0494         0.7972         0.0229         3.0000
         7.6800         2.8187         0.0496         0.8069         0.0264         3.0000
         7.7200         2.8407         0.0472         0.8169         0.0312         3.0000
         7.7600         2.8644         0.0483         0.8309         0.0298         3.0000
         7.8000         2.8869         0.0444         0.8476         0.0309         3.0000
         7.8400         2.9424         0.0385         0.8556         0.0286         3.0000
         7.8800         2.9605         0.0364         0.8769         0.0297         3.0000
         7.9200         2.9963         0.0338         0.8957         0.0322         3.0000
         7.9600         3.0241         0.0343         0.8928         0.0312         3.0000
         8.0000         3.0668         0.0358         0.9144         0.0367         3.0000
         8.0400         3.0993         0.0349         0.9273         0.0316         3.0000
         8.0800         3.1461         0.0364         0.9451         0.0335         3.0000
         8.1200         3.1881         0.0413         0.9523         0.0339         3.0000
         8.1600         3.2405         0.0398         0.9642         0.0349         3.0000
         8.2000         3.2705         0.0365         0.9703         0.0351         3.0000
         8.2400         3.3179         0.0379         0.9745         0.0328         3.0000
         8.2800         3.3620         0.0411         0.9830         0.0361         3.0000
         8.3200         3.3999         0.0417         0.9884         0.0329         3.0000
         8.3600         3.4499         0.0454         0.9904         0.0355         3.0000
         8.4000         3.4927         0.0451         0.9898         0.0262         3.0000
         8.4400         3.5431         0.0426         0.9979         0.0258         3.0000
         8.4800         3.5664         0.0459         0.9977         0.0245         3.0000
         8.5200         3.5897         0.0391         1.0054         0.0263         3.0000
         8.5600         3.6182         0.0391         1.0174         0.0280         3.0000
         8.6000         3.6782         0.0429         1.0191         0.0292         3.0000
         8.6400         3.7161         0.0376         1.0253         0.0286         3.0000
         8.6800         3.7435         0.0456         1.0304         0.0299         3.0000
         8.7200         3.8101         0.0422         1.0349         0.0354         3.0000
         8.7600         3.8467         0.0527         1.0328         0.0330         3.0000
         8.8000         3.8952         0.0579         1.0322         0.0351         3.0000
         8.8400         3.9732         0.0722         1.0270         0.0396         3.0000
         8.8800         4.0021         0.0747         1.0421         0.0345         3.0000
         8.9200         4.0560         0.0781         1.0438         0.0356         3.0000
         8.9600         4.0984         0.0713         1.0451         0.0387         3.0000
         9.0000         4.1479         0.0741         1.0445         0.0382         3.0000
         9.0400         4.2169         0.0779         1.0393         0.0391         3.0000
         9.0800         4.2648         0.0799         1.0420         0.0446         3.0000
         9.1200         4.2994         0.0762         1.0488         0.0430         3.0000
         9.1600         4.3513         0.0804         1.0323         0.0383         3.0000
         9.2000         4.4059         0.0843         1.0478         0.0369         3.0000
         9.2400         4.4836         0.0987         1.0468         0.0379         3.0000
         9.2800         4.5274         0.0971         1.0506         0.0387         3.0000
         9.3200         4.5670         0.0876         1.0574         0.0298         3.0000
         9.3600         4.6208         0.0843         1.0534         0.0381         3.0000
         9.4000         4.6756         0.0851         1.0564         0.0309         3.0000
         9.4400         4.7306         0.0676         1.0582         0.0360         3.0000
         9.4800         4.7751         0.0683         1.0509         0.0354         3.0000
         9.5200         4.8321         0.0624         1.0400         0.0342         3.0000
         9.5600         4.8821         0.0584         1.0409         0.0364         3.0000
         9.6000         4.9230         0.0571         1.0472         0.0353         3.0000
         9.6400         4.9737         0.0561         1.0535         0.0359         3.0000
         9.6800         5.0226         0.0523         1.0529         0.0272         3.0000
         9.7200         5.0802         0.0463         1.0358         0.0361         3.0000
         9.7600         5.1067         0.0396         1.0207         0.0347         3.0000
         9.8000         5.1907         0.0501         1.0207         0.0323         3.0000
         9.8400         5.2459         0.0444         1.0142         0.0308         3.0000
         9.8800         5.2889         0.0459         1.0050         0.0198         3.0000
         9.9200         5.3395         0.0464         0.9988         0.0282         3.0000
         9.9600         5.3871         0.0425         0.9964         0.0186         3.0000
        10.0000         5.4379         0.0376         0.9962         0.0229         3.0000
        10.0400         5.5258         0.0424         0.9969         0.0206         3.0000
        10.0800         5.5582         0.0447         0.9852         0.0236         3.0000
        10.1200         5.6107         0.0569         0.9642         0.0235         3.0000
        10.1600         5.7066         0.0585         0.9543         0.0212         3.0000
        10.2000         5.7943         0.0583         0.9395         0.0216         3.0000
        10.2400         5.8701         0.0545         0.9231         0.0216         3.0000
        10.2800         5.9314         0.0505         0.9073         0.0223         3.0000
        10.3200         6.0338         0.0422         0.8963         0.0224         2.9999
        10.3600         6.1485         0.0444         0.8839         0.0226         2.9999
        10.4000         6.2237         0.0576         0.8754         0.0211         2.9998
        10.4400         6.2814         0.0611         0.8599         0.0217         2.9995
        10.4800         6.3474         0.0538         0.8386         0.0215         2.9991
        10.5200         6.4329         0.0509         0.8101         0.0196         2.9983
        10.5600         6.5313         0.0463         0.7895         0.0153         2.9967
        10.6000         6.5906         0.0476         0.7693         0.0133         2.9939
        10.6400         6.6578         0.0492         0.7570         0.0148         2.9887
        10.6800         6.7611         0.0506         0.7354         0.0150         2.9794
        10.7200         6.8604         0.0512         0.7311         0.0142         2.9628
        10.7600         6.9610         0.0532         0.7396         0.0161         2.9337
        10.8000         7.0280         0.0650         0.7708         0.0197         2.8836
        10.8400         7.1345         0.0671         0.8390         0.0180         2.7989
        10.8800         7.2046         0.0673         0.9958         0.0126         2.6595
        10.9200         7.2875         0.0591         1.3019         0.0183         2.4386
        10.9600         7.3703         0.0577         1.9188         0.0247         2.1073
        11.0000         7.4577         0.0678         3.1533         0.0383         1.6517
        11.0400         7.5881         0.0629         5.2699         0.0601         1.1036
        11.0800         7.6931         0.0597         8.0310         0.0917         0.5693
        11.1200         7.8036         0.0730        10.3915         0.1069         0.1937
        11.1600         7.8818         0.0749        11.5952         0.1550         0.0339
        11.2000         8.0053         0.0781        11.9775         0.1659         0.0021
        11.2400         8.0954         0.0819        12.0795         0.1584         0.0000
        11.2800         8.1962         0.0759        12.1397         0.1681         0.0000
        11.3200         8.2910         0.0543        12.2336         0.1780         0.0000
        11.3600         8.3743         0.0762        12.2915         0.1866         0.0000
        11.4000         8.4704         0.0756        12.3172         0.1962         0.0000
        11.4400         8.5592         0.0675        12.3732         0.1969         0.0000
        11.4800         8.6647         0.0637        12.4550         0.2032         0.0000
        11.5200         8.7611         0.0658        12.5162         0.1974         0.0000
        11.5600         8.8396         0.0662        12.6044         0.1812         0.0000
        11.6000         8.9317         0.0653        12.6267         0.1903         0.0000
        11.6400         9.0201         0.0677        12.7168         0.1801         0.0000
        11.6800         9.1062         0.0755        12.7845         0.1718         0.0000
        11.7200         9.1968         0.0747        12.8554         0.1585         0.0000
        11.7600         9.2747         0.0676        12.8824         0.1188         0.0000
        11.8000         9.3928         0.0688        12.9521         0.1322         0.0000
        11.8400         9.5040         0.0781        12.9824         0.1487         0.0000
        11.8800         9.6051         0.0817        13.0988         0.1464         0.0000
        11.9200         9.6750         0.0840        13.1808         0.1237         0.0000
        11.9600         9.8046         0.0831        13.2368         0.1068         0.0000
        12.0000         9.9024         0.0847        13.3402         0.1289         0.0000
        12.0400        10.0344         0.0878        13.3751         0.1240         0.0000
        12.0800        10.1073         0.0969        13.4223         0.1230         0.0000
        12.1200        10.2200         0.0792        13.4665         0.1171         0.0000
        12.1600        10.3198         0.0719        13.5170         0.1180         0.0000
        12.2000        10.4616         0.0715        13.5460         0.1168         0.0000
        12.2400        10.5401         0.0717        13.5621         0.1164         0.0000
        12.2800        10.6457         0.0700        13.6489         0.0958         0.0000
        12.3200        10.7448         0.0663        13.6900         0.0952         0.0000
        12.3600        10.8549         0.0730        13.7985         0.0963         0.0000
        12.4000        10.9666         0.0737        13.8813         0.0944         0.0000
        12.4400        11.0991         0.0777        13.9388         0.1202         0.0000
        12.4800        11.1664         0.0824        13.9937         0.1220         0.0000
        12.5200        11.2171         0.0912        14.0493         0.1165         0.0000
        12.5600        11.3046         0.1083        14.1087         0.0867         0.0000
        12.6000        11.4298         0.1131        14.1415         0.0836         0.0000
        12.6400        11.5294         0.1194        14.2218         0.0914         0.0000
        12.6800        11.6323         0.1331        14.2869         0.0899         0.0000
        12.7200        11.7201         0.1310        14.3757         0.1233         0.0000
        12.7600        11.8220         0.1260        14.4167         0.0999         0.0000
        12.8000        11.8573         0.1192        14.5151         0.0998         0.0000
        12.8400        11.9638         0.1251        14.5441         0.0964         0.0000
        12.8800        12.0871         0.1182        14.6740         0.0983         0.0000
        12.9200        12.2444         0.1165        14.7652         0.1030         0.0000
        12.9600        12.3633         0.1104        14.8738         0.1034         0.0000
        13.0000        12.4668         0.1166        14.9623         0.1336         0.0000
        13.0400        12.6095         0.0948        15.0477         0.1257         0.0000
        13.0800        12.7250         0.0955        15.1274         0.1270         0.0000
        13.1200        12.8042         0.0975        15.2187         0.1351         0.0000
        13.1600        12.9142         0.1008        15.3123         0.1285         0.0000
        13.2000        13.0272         0.1018        15.3598         0.1349         0.0000
        13.2400        13.0930         0.0955        15.4419         0.1153         0.0000
        13.2800        13.1889         0.0964        15.5198         0.1106         0.0000
        13.3200        13.2773         0.1003        15.6336         0.1103         0.0000
        13.3600        13.3810         0.0984        15.6861         0.1087         0.0000
        13.4000        13.4826         0.1014        15.7483         0.1517         0.0000
        13.4400        13.5655         0.1114        15.8141         0.1520         0.0000
        13.4800        13.6412         0.1084        15.8863         0.1449         0.0000
        13.5200        13.7869         0.1008        15.9309         0.1605         0.0000
        13.5600        13.9204         0.1056        15.9650         0.1586         0.0000
        13.6000        14.0446         0.1073        16.0571         0.1433         0.0000
        13.6400        14.1139         0.0981        16.0968         0.1375         0.0000
        13.6800        14.2077         0.1071        16.2168         0.1432         0.0000
        13.7200        14.3578         0.1125        16.3039         0.1404         0.0000
        13.7600        14.5019         0.1090        16.3432         0.1334         0.0000
        13.8000        14.5967         0.1160        16.4541         0.1502         0.0000
        13.8400        14.6936         0.1188        16.4716         0.1424         0.0000
        13.8800        14.8038         0.1186        16.5199         0.1425         0.0000
        13.9200        14.9379         0.1186        16.6123         0.1466         0.0000
        13.9600        15.0387         0.1153        16.6425         0.1280         0.0000
        14.0000        15.1069         0.1196        16.7083         0.1152         0.0000
        14.0400        15.2589         0.1244        16.7714         0.1031         0.0000
        14.0800        15.3385         0.1237        16.8933         0.1137         0.0000
        14.1200        15.4692         0.1274        17.0486         0.1078         0.0000
        14.1600        15.6305         0.1326        17.1244         0.1061         0.0000
        14.2000        15.7230         0.1312        17.1936         0.1094         0.0000
        14.2400        15.8868         0.1459        17.2987         0.1077         0.0000
        14.2800        16.0087         0.1279        17.3910         0.1100         0.0000
        14.3200        16.1112         0.1198        17.4670         0.0967         0.0000
        14.3600        16.1865         0.1300        17.5432         0.0981         0.0000
        14.4000        16.3277         0.1152        17.6388         0.1042         0.0000
        14.4400        16.4418         0.1139        17.7456         0.1087         0.0000
        14.4800        16.5613         0.1062        17.8624         0.1100         0.0000
        14.5200        16.6158         0.0952        17.9573         0.1014         0.0000
        14.5600        16.7285         0.0976        18.0469         0.0730         0.0000
        14.6000        16.8689         0.1051        18.1629         0.0999         0.0000
        14.6400        16.9576         0.1031        18.2479         0.1251         0.0000
        14.6800        17.0919         0.1056        18.3729         0.1267         0.0000
        14.7200        17.1518         0.1044        18.5007         0.1187         0.0000
        14.7600        17.2592         0.0982        18.5656         0.1176         0.0000
        14.8000        17.3491         0.1059        18.6257         0.1188         0.0000
        14.8400        17.4530         0.0949        18.7280         0.1029         0.0000
        14.8800        17.6069         0.0899        18.7961         0.0980         0.0000
        14.9200        17.7418         0.1023        18.8831         0.1183         0.0000
        14.9600        17.8317         0.0963        19.0071         0.1018         0.0000
        15.0000        17.9675         0.1055        19.0728         0.1058         0.0000
        15.0400        18.0536         0.1075        19.1986         0.1083         0.0000
        15.0800        18.1311         0.1035        19.3058         0.0967         0.0000
        15.1200        18.2395         0.1115        19.3661         0.0961         0.0000
        15.1600        18.3481         0.1055        19.5149         0.0841         0.0000
        15.2000        18.5078         0.1168        19.5971         0.0866         0.0000
        15.2400        18.6361         0.1167        19.6815         0.0936         0.0000
        15.2800        18.6937         0.1712        19.7240         0.0979         0.0000
        15.3200        18.8231         0.1734        19.8731         0.1089         0.0000
        15.3600        18.9150         0.1793        19.9161         0.1068         0.0000
        15.4000        18.9765         0.1697        20.0208         0.1128         0.0000
        15.4400        19.0610         0.1719        20.0787         0.1070         0.0000
        15.4800        19.1135         0.1808        20.1852         0.1096         0.0000
        15.5200        19.2560         0.1985        20.3012         0.1123         0.0000
        15.5600        19.3716         0.1713        20.3875         0.1082         0.0000
        15.6000        19.4801         0.1768        20.4998         0.1099         0.0000
        15.6400        19.6113         0.1402        20.6417         0.1261         0.0000
        15.6800        19.7241         0.1248        20.7483         0.1253         0.0000
        15.7200        19.8277         0.1187        20.8393         0.1036         0.0000
        15.7600        19.9456         0.1200        21.0179         0.1068         0.0000
        15.8000        20.1066         0.1298        21.1138         0.1062         0.0000
        15.8400        20.1721         0.1164        21.1623         0.1103         0.0000
        15.8800        20.3066         0.1107        21.3143         0.1155         0.0000
        15.9200        20.4472         0.1168        21.4649         0.1150         0.0000
        15.9600        20.5381         0.1196        21.5687         0.1083         0.0000
        16.0000        20.6227         0.1160        21.7360         0.0991         0.0000
        16.0400        20.6605         0.1197        21.8076         0.0965         0.0000
        16.0800        20.7521         0.1157        21.8801         0.0901         0.0000
        16.1200        20.8433         0.1276        22.0259         0.0970         0.0000
        16.1600        20.9501         0.1236        22.1151         0.1130         0.0000
        16.2000        21.0829         0.1112        22.2951         0.1214         0.0000
        16.2400        21.2187         0.1052        22.3677         0.1277         0.0000
        16.2800        21.3976         0.1056        22.5013         0.1259         0.0000
        16.3200        21.5268         0.1051        22.6360         0.1231         0.0000
        16.3600        21.6205         0.1042        22.7839         0.1246         0.0000
        16.4000        21.7300         0.1079        22.8991         0.1295         0.0000
        16.4400        21.8352         0.1057        23.0578         0.1377         0.0000
        16.4800        21.9992         0.1040        23.1647         0.1328         0.0000
        16.5200        22.1230         0.1013        23.2843         0.1251         0.0000
        16.5600        22.2020         0.0993        23.3945         0.1300         0.0000
        16.6000        22.3218         0.1008        23.4962         0.1341         0.0000
        16.6400        22.4211         0.0954        23.6050         0.1287         0.0000
        16.6800        22.5350         0.0980        23.7047         0.1265         0.0000
        16.7200        22.6255         0.0977        23.8453         0.1381         0.0000
        16.7600        22.7699         0.1013        23.9496         0.1231         0.0000
        16.8000        22.8732         0.1082        24.0627         0.1245         0.0000
        16.8400        22.9915         0.1228        24.1771         0.1232         0.0000
        16.8800        23.0919         0.1201        24.3040         0.1194         0.0000
        16.9200        23.2161         0.1299        24.4033         0.1183         0.0000
        16.9600        23.2976         0.1414        24.4737         0.1093         0.0000
        17.0000        23.4693         0.1354        24.5349         0.0918         0.0000
        17.0400        23.5457         0.1315        24.6093         0.0850         0.0000
        17.0800        23.7300         0.1388        24.6484         0.0939         0.0000
        17.1200        23.8843         0.1372        24.8063         0.1008         0.0000
        17.1600        24.0348         0.1410        24.9256         0.1128         0.0000
        17.2000        24.0720         0.1435        24.9441         0.1174         0.0000
        17.2400        24.1454         0.1391        25.0721         0.1191         0.0000
        17.2800        24.2236         0.1424        25.1770         0.1151         0.0000
        17.3200        24.3424         0.1424        25.2256         0.1183         0.0000
        17.3600        24.3918         0.1286        25.3697         0.1128         0.0000
        17.4000        24.5106         0.1416        25.4802         0.1136         0.0000
        17.4400        24.6218         0.1264        25.6227         0.1065         0.0000
        17.4800        24.7784         0.1313        25.7256         0.1050         0.0000
        17.5200        24.9040         0.1282        25.8568         0.1044         0.0000
        17.5600        25.0377         0.1304        25.9241         0.1059         0.0000
        17.6000        25.1903         0.1212        26.0314         0.1077         0.0000
        17.6400        25.2658         0.1255        26.1370         0.0936         0.0000
        17.6800        25.3432         0.1181        26.2051         0.0947         0.0000
        17.7200        25.5415         0.1207        26.2824         0.0983         0.0000
        17.7600        25.6492         0.1457        26.3254         0.0943         0.0000
        17.8000        25.7747         0.1488        26.4383         0.1011         0.0000
        17.8400        25.9074         0.1581        26.5715         0.0886         0.0000
        17.8800        26.1183         0.1444        26.7059         0.0865         0.0000
        17.9200        26.2642         0.1625        26.8167         0.0864         0.0000
        17.9600        26.4157         0.1379        26.9274         0.0922         0.0000
        18.0000        26.5462         0.1458        27.0302         0.0994         0.0000
        18.0400        26.7038         0.1365        27.1380         0.0996         0.0000
        18.0800        26.7808         0.1417        27.2525         0.0997         0.0000
        18.1200        26.8292         0.1358        27.3656         0.0936         0.0000
        18.1600        26.9795         0.1329        27.5169         0.0959         0.0000
        18.2000        27.0885         0.1211        27.6604         0.1001         0.0000
        18.2400        27.2504         0.1251        27.7826         0.0979         0.0000
        18.2800        27.4107         0.1003        27.9087         0.0972         0.0000
        18.3200        27.5748         0.1343        28.0516         0.0978         0.0000
        18.3600        27.6777         0.1408        28.2113         0.0906         0.0000
        18.4000        27.7988         0.1361        28.3951         0.0968         0.0000
        18.4400        27.9541         0.1125        28.5529         0.0947         0.0000
        18.4800        28.0901         0.1009        28.6841         0.0963         0.0000
        18.5200        28.1679         0.0948        28.7906         0.0992         0.0000
        18.5600        28.3397         0.1148        28.8193         0.0921         0.0000
        18.6000        28.4006         0.1172        28.8793         0.0960         0.0000
        18.6400        28.5438         0.1507        28.9751         0.0973         0.0000
        18.6800        28.6673         0.1982        29.1430         0.1018         0.0000
        18.7200        28.8320         0.1872        29.2367         0.0984         0.0000
        18.7600        28.9963         0.2114        29.4025         0.0933         0.0000
        18.8000        29.1191         0.2147        29.5368         0.0892         0.0000
        18.8400        29.2723         0.1590        29.6515         0.0953         0.0000
        18.8800        29.3734         0.1819        29.7693         0.0934         0.0000
        18.9200        29.4561         0.1703        29.9218         0.0975         0.0000
        18.9600        29.6771         0.2144        30.0806         0.1189         0.0000
        19.0000        29.8229         0.1541        30.1771         0.1488         0.0000
        19.0400        29.9160         0.1667        30.3325         0.1359         0.0000
        19.0800        29.9908         0.2773        30.4856         0.1380         0.0000
        19.1200        30.1951         0.1844        30.5897         0.1464         0.0000
        19.1600        30.3093         0.2772        30.6617         0.1331         0.0000
        19.2000        30.4486         0.2130        30.8193         0.1402         0.0000
        19.2400        30.5884         0.2045        30.9605         0.1378         0.0000
        19.2800        30.6979         0.1980        31.0925         0.1549         0.0000
        19.3200        30.7545         0.1999        31.1184         0.1451         0.0000
        19.3600        30.8715         0.2092        31.2272         0.1673         0.0000
        19.4000        30.9262         0.2576        31.3692         0.1551         0.0000
        19.4400        31.0720         0.2469        31.5631         0.1538         0.0000
        19.4800        31.1721         0.2265        31.6809         0.1480         0.0000
        19.5200        31.3024         0.2465        31.8564         0.1538         0.0000
        19.5600        31.4088         0.2419        32.0079         0.1544         0.0000
        19.6000        31.5066         0.2467        32.1429         0.1569         0.0000
        19.6400        31.5957         0.2818        32.2916         0.1555         0.0000
        19.6800        31.6801         0.2591        32.4192         0.1613         0.0000
        19.7200        31.8526         0.2730        32.5104         0.1577         0.0000
        19.7600        31.9770         0.3509        32.5941         0.1625         0.0000
        19.8000        32.0653         0.2825        32.6813         0.1650         0.0000
        19.8400        32.1508         0.3967        32.8595         0.1828         0.0000
        19.8800        32.2839         0.3895        32.9958         0.1789         0.0000
        19.9200        32.2406         0.3418        32.9095         0.1756         0.0000
        19.9600        30.3274         0.3271        30.9815         0.1479         0.0000
        20.0000        22.5103         0.2528        22.9342         0.1103         0.0000
