         0.0800         0.0000         0.0000         0.0000         0.0000         0.0000
         0.1200         0.0000         0.0000         0.0000         0.0000         0.0000
         0.1600         0.0000         0.0000         0.0000         0.0000         0.0000
         0.2000         0.0000         0.0000         0.0000         0.0000         0.0000
         0.2400         0.0000         0.0000         0.0000         0.0000         0.0000
         0.2800         0.0000         0.0000         0.0000         0.0000         0.0000
         0.3200         0.0000         0.0000         0.0000         0.0000         0.0000
         0.3600         0.0000         0.0000         0.0000         0.0000         0.0000
         0.4000         0.0000         0.0000         0.0000         0.0000         0.0000
         0.4400         0.0000         0.0000         0.0000         0.0000         0.0000
         0.4800         0.0000         0.0000         0.0000         0.0000         0.0000
         0.5200         0.0000         0.0000         0.0000         0.0000         0.0000
         0.5600         0.0000         0.0000         0.0000         0.0000         0.0000
         0.6000         0.0000         0.0000         0.0000         0.0000         0.0000
         0.6400         0.0000         0.0000         0.0000         0.0000         0.0000
         0.6800         0.0000         0.0000         0.0000         0.0000         0.0000
         0.7200         0.0000         0.0000         0.0000         0.0000         0.0000
         0.7600         0.0000         0.0000         0.0000         0.0000         0.0000
         0.8000         0.0000         0.0000         0.0000         0.0000         0.0000
         0.8400         0.0000         0.0000         0.0000         0.0000         0.0000
         0.8800         0.0000         0.0000         0.0000         0.0000         0.0000
         0.9200         0.0000         0.0000         0.0000         0.0000         0.0000
         0.9600         0.0000         0.0000         0.0001         0.0000         0.0000
         1.0000         0.0004         0.0001         0.0006         0.0002         0.0000
         1.0400         0.0017         0.0004         0.0021         0.0004         0.0000
         1.0800         0.0036         0.0006         0.0032         0.0006         0.0000
         1.1200         0.0055         0.0012         0.0053         0.0010         0.0000
         1.1600         0.0066         0.0015         0.0075         0.0012         0.0000
         1.2000         0.0085         0.0017         0.0086         0.0013         0.0000
         1.2400         0.0102         0.0022         0.0112         0.0015         0.0000
         1.2800         0.0135         0.0030         0.0135         0.0032         0.0000
         1.3200         0.0151         0.0037         0.0159         0.0023         0.0000
         1.3600         0.0168         0.0043         0.0189         0.0047         0.0000
         1.4000         0.0192         0.0046         0.0232         0.0067         0.0000
         1.4400         0.0216         0.0052         0.0270         0.0069         0.0000
         1.4800         0.0229         0.0057         0.0298         0.0119         0.0000
         1.5200         0.0230         0.0058         0.0323         0.0127         0.0000
         1.5600         0.0254         0.0127         0.0361         0.0142         0.0000
         1.6000         0.0274         0.0112         0.0394         0.0157         0.0000
         1.6400         0.0276         0.0135         0.0444         0.0188         0.0000
         1.6800         0.0294         0.0130         0.0481         0.0196         0.0000
         1.7200         0.0334         0.0161         0.0536         0.0246         0.0000
         1.7600         0.0355         0.0171         0.0575         0.0263         0.0000
         1.8000         0.0387         0.0177         0.0617         0.0242         0.0000
         1.8400         0.0444         0.0203         0.0690         0.0272         0.0000
         1.8800         0.0483         0.0221         0.0749         0.0348         0.0000
         1.9200         0.0509         0.0222         0.0785         0.0364         0.0000
         1.9600         0.0538         0.0211         0.0823         0.0398         0.0000
         2.0000         0.0577         0.0223         0.0877         0.0428         0.0000
         2.0400         0.0615         0.0269         0.0949         0.0431         0.0000
         2.0800         0.0666         0.0275         0.1036         0.0507         0.0000
         2.1200         0.0718         0.0290         0.1080         0.0476         0.0000
         2.1600         0.0759         0.0310         0.1141         0.0558         0.0000
         2.2000         0.0812         0.0333         0.1158         0.0556         0.0000
         2.2400         0.0857         0.0342         0.1195         0.0571         0.0000
         2.2800         0.0923         0.0332         0.1216         0.0579         0.0000
         2.3200         0.0961         0.0377         0.1277         0.0611         0.0000
         2.3600         0.0963         0.0436         0.1365         0.0654         0.0000
         2.4000         0.0998         0.0459         0.1427         0.0685         0.0000
         2.4400         0.1031         0.0453         0.1522         0.0730         0.0000
         2.4800         0.1077         0.0469         0.1636         0.0807         0.0000
         2.5200         0.1136         0.0490         0.1715         0.0844         0.0000
         2.5600         0.1193         0.0508         0.1788         0.0877         0.0000
         2.6000         0.1199         0.0499         0.1859         0.0913         0.0000
         2.6400         0.1261         0.0455         0.1890         0.0912         0.0000
         2.6800         0.1303         0.0523         0.1944         0.0942         0.0000
         2.7200         0.1359         0.0543         0.2001         0.0963         0.0000
         2.7600         0.1449         0.0567         0.2119         0.1004         0.0000
         2.8000         0.1532         0.0603         0.2212         0.1067         0.0000
         2.8400         0.1586         0.0609         0.2323         0.1126         0.0000
         2.8800         0.1661         0.0691         0.2391         0.1159         0.0000
         2.9200         0.1755         0.0678         0.2449         0.1217         0.0000
         2.9600         0.1842         0.0741         0.2527         0.1236         0.0000
         3.0000         0.1873         0.0712         0.2681         0.1315         0.0000
         3.0400         0.1888         0.0738         0.2748         0.1369         0.0000
         3.0800         0.1966         0.0768         0.2881         0.1439         0.0000
         3.1200         0.2052         0.0800         0.2950         0.1477         0.0000
         3.1600         0.2127         0.0824         0.3083         0.1547         0.0000
         3.2000         0.2169         0.0840         0.3202         0.1641         0.0000
         3.2400         0.2300         0.0893         0.3265         0.1658         0.0000
         3.2800         0.2350         0.0918         0.3344         0.1698         0.0000
         3.3200         0.2441         0.0934         0.3391         0.1732         0.0000
         3.3600         0.2526         0.0992         0.3487         0.1796         0.0000
         3.4000         0.2522         0.0990         0.3609         0.1832         0.0000
         3.4400         0.2574         0.1011         0.3730         0.1891         0.0000
         3.4800         0.2613         0.1032         0.3797         0.1925         0.0000
         3.5200         0.2649         0.1061         0.3980         0.2007         0.0000
         3.5600         0.2709         0.1070         0.4056         0.2044         0.0000
         3.6000         0.2724         0.1091         0.4085         0.2078         0.0000
         3.6400         0.2807         0.1095         0.4230         0.2145         0.0000
         3.6800         0.2888         0.1131         0.4398         0.2228         0.0000
         3.7200         0.2945         0.1155         0.4591         0.2310         0.0000
         3.7600         0.2946         0.1153         0.4812         0.2414         0.0000
         3.8000         0.3033         0.1175         0.4942         0.2501         0.0000
         3.8400         0.3125         0.1202         0.5060         0.2579         0.0000
         3.8800         0.3284         0.1267         0.5148         0.2598         0.0000
         3.9200         0.3396         0.1298         0.5335         0.2660         0.0000
         3.9600         0.3520         0.1298         0.5446         0.2699         0.0000
         4.0000         0.3543         0.1376         0.5553         0.2756         0.0000
         4.0400         0.3559         0.1383         0.5596         0.2802         0.0000
         4.0800         0.3631         0.1436         0.5734         0.2860         0.0000
         4.1200         0.3744         0.1496         0.5896         0.2936         0.0000
         4.1600         0.3848         0.1542         0.6029         0.3009         0.0000
         4.2000         0.3921         0.1572         0.6181         0.3079         0.0000
         4.2400         0.3983         0.1620         0.6346         0.3168         0.0000
         4.2800         0.4174         0.1703         0.6470         0.3227         0.0000
         4.3200         0.4243         0.1713         0.6586         0.3249         0.0000
         4.3600         0.4420         0.1764         0.6682         0.3284         0.0000
         4.4000         0.4488         0.1823         0.6790         0.3372         0.0000
         4.4400         0.4578         0.1844         0.6956         0.3455         0.0000
         4.4800         0.4661         0.1872         0.7053         0.3491         0.0000
         4.5200         0.4759         0.1911         0.7135         0.3488         0.0000
         4.5600         0.4825         0.1968         0.7340         0.3599         0.0000
         4.6000         0.4957         0.2039         0.7522         0.3676         0.0000
         4.6400         0.5039         0.2069         0.7644         0.3711         0.0000
         4.6800         0.5096         0.2036         0.7914         0.3827         0.0000
         4.7200         0.5222         0.2112         0.7980         0.3866         0.0000
         4.7600         0.5331         0.2113         0.8211         0.3970         0.0000
         4.8000         0.5511         0.2192         0.8217         0.3968         0.0000
         4.8400         0.5569         0.2200         0.8313         0.3994         0.0000
         4.8800         0.5692         0.2282         0.8527         0.4120         0.0000
         4.9200         0.5781         0.2292         0.8687         0.4188         0.0000
         4.9600         0.5898         0.2418         0.8934         0.4248         0.0000
         5.0000         0.5999         0.2439         0.9126         0.4340         0.0000
         5.0400         0.6036         0.2458         0.9342         0.4488         0.0000
         5.0800         0.6152         0.2453         0.9548         0.4529         0.0000
         5.1200         0.6302         0.2503         0.9757         0.4617         0.0000
         5.1600         0.6422         0.2528         0.9872         0.4700         0.0000
         5.2000         0.6491         0.2527         1.0096         0.4786         0.0000
         5.2400         0.6543         0.2542         1.0333         0.4894         0.0000
         5.2800         0.6654         0.2600         1.0543         0.5013         0.0000
         5.3200         0.6840         0.2652         1.0761         0.5073         0.0000
         5.3600         0.6896         0.2692         1.1015         0.5122         0.0000
         5.4000         0.7013         0.2722         1.1222         0.5240         0.0000
         5.4400         0.7080         0.2750         1.1443         0.5323         0.0000
         5.4800         0.7144         0.2753         1.1686         0.5436         0.0000
         5.5200         0.7219         0.2774         1.1889         0.5514         0.0000
         5.5600         0.7303         0.2808         1.2140         0.5620         0.0000
         5.6000         0.7341         0.2845         1.2411         0.5730         0.0000
         5.6400         0.7482         0.2851         1.2730         0.5811         0.0000
         5.6800         0.7581         0.2904         1.2963         0.5973         0.0000
         5.7200         0.7656         0.2954         1.3348         0.6065         0.0000
         5.7600         0.7785         0.3023         1.3583         0.6190         0.0000
         5.8000         0.7960         0.3093         1.3834         0.6342         0.0000
         5.8400         0.8088         0.3105         1.3894         0.6299         0.0000
         5.8800         0.8188         0.3144         1.3697         0.6126         0.0021
         5.9200         0.8228         0.3147         1.2584         0.5637         0.0339
         5.9600         0.8344         0.3219         0.9916         0.4393         0.1937
         6.0000         0.8473         0.3276         0.6651         0.2930         0.5693
         6.0400         0.8529         0.3308         0.4041         0.1791         1.1036
         6.0800         0.8724         0.3290         0.2532         0.1114         1.6517
         6.1200         0.8896         0.3369         0.1796         0.0767         2.1073
         6.1600         0.8947         0.3392         0.1463         0.0651         2.4386
         6.2000         0.9087         0.3406         0.1277         0.0556         2.6595
         6.2400         0.9279         0.3473         0.1247         0.0526         2.7989
         6.2800         0.9459         0.3513         0.1243         0.0518         2.8836
         6.3200         0.9588         0.3546         0.1259         0.0489         2.9337
         6.3600         0.9841         0.3631         0.1305         0.0534         2.9628
         6.4000         0.9934         0.3670         0.1372         0.0551         2.9794
         6.4400         1.0214         0.3807         0.1461         0.0594         2.9887
         6.4800         1.0342         0.3813         0.1557         0.0627         2.9939
         6.5200         1.0486         0.3889         0.1666         0.0672         2.9967
         6.5600         1.0850         0.3910         0.1716         0.0702         2.9983
         6.6000         1.0984         0.3925         0.1837         0.0718         2.9991
         6.6400         1.1141         0.3991         0.1934         0.0761         2.9995
         6.6800         1.1302         0.4067         0.2036         0.0777         2.9998
         6.7200         1.1430         0.4072         0.2139         0.0815         2.9999
         6.7600         1.1573         0.4115         0.2197         0.0822         2.9999
         6.8000         1.1754         0.4196         0.2298         0.0836         3.0000
         6.8400         1.1798         0.4128         0.2370         0.0904         3.0000
         6.8800         1.1961         0.4193         0.2465         0.0885         3.0000
         6.9200         1.2159         0.4280         0.2525         0.0874         3.0000
         6.9600         1.2403         0.4368         0.2596         0.0886         3.0000
         7.0000         1.2652         0.4420         0.2663         0.0916         3.0000
         7.0400         1.2770         0.4483         0.2723         0.0942         3.0000
         7.0800         1.2964         0.4547         0.2771         0.0949         3.0000
         7.1200         1.3108         0.4583         0.2903         0.0979         3.0000
         7.1600         1.3160         0.4545         0.2959         0.1000         3.0000
         7.2000         1.3288         0.4523         0.3090         0.1059         3.0000
         7.2400         1.3667         0.4590         0.3194         0.1119         3.0000
         7.2800         1.3775         0.4601         0.3293         0.1131         3.0000
         7.3200         1.4028         0.4725         0.3331         0.1250         3.0000
         7.3600         1.4224         0.4733         0.3467         0.1247         3.0000
         7.4000         1.4441         0.4819         0.3522         0.1262         3.0000
         7.4400         1.4554         0.4768         0.3598         0.1305         3.0000
         7.4800         1.4810         0.4841         0.3688         0.1276         3.0000
         7.5200         1.5066         0.4932         0.3696         0.1250         3.0000
         7.5600         1.5215         0.4913         0.3771         0.1229         3.0000
         7.6000         1.5321         0.4899         0.3807         0.1239         3.0000
         7.6400         1.5509         0.4951         0.3920         0.1385         3.0000
         7.6800         1.5802         0.5055         0.3921         0.1374         3.0000
         7.7200         1.6107         0.5130         0.3917         0.1323         3.0000
         7.7600         1.6332         0.5146         0.3993         0.1316         3.0000
         7.8000         1.6745         0.5196         0.4051         0.1331         3.0000
         7.8400         1.7106         0.5309         0.4103         0.1331         3.0000
         7.8800         1.7338         0.5388         0.4260         0.1370         3.0000
         7.9200         1.7550         0.5424         0.4342         0.1384         3.0000
         7.9600         1.7868         0.5513         0.4389         0.1368         3.0000
         8.0000         1.8027         0.5599         0.4502         0.1369         3.0000
         8.0400         1.8382         0.5603         0.4567         0.1416         3.0000
         8.0800         1.8659         0.5671         0.4721         0.1401         3.0000
         8.1200         1.8805         0.5739         0.4820         0.1446         3.0000
         8.1600         1.8977         0.5752         0.4885         0.1415         3.0000
         8.2000         1.9260         0.5852         0.4941         0.1455         3.0000
         8.2400         1.9705         0.5921         0.4951         0.1441         3.0000
         8.2800         1.9941         0.5937         0.5061         0.1459         3.0000
         8.3200         2.0290         0.6023         0.5123         0.1450         3.0000
         8.3600         2.0610         0.6121         0.5154         0.1470         3.0000
         8.4000         2.0984         0.6136         0.5245         0.1494         3.0000
         8.4400         2.1393         0.6223         0.5267         0.1553         3.0000
         8.4800         2.1795         0.6370         0.5249         0.1548         3.0000
         8.5200         2.2230         0.6427         0.5281         0.1577         3.0000
         8.5600         2.2698         0.6509         0.5389         0.1617         3.0000
         8.6000         2.3037         0.6561         0.5469         0.1661         3.0000
         8.6400         2.3356         0.6523         0.5546         0.1698         3.0000
         8.6800         2.3541         0.6621         0.5559         0.1652         3.0000
         8.7200         2.4017         0.6637         0.5621         0.1603         3.0000
         8.7600         2.4464         0.6748         0.5595         0.1586         3.0000
         8.8000         2.4689         0.6798         0.5654         0.1593         3.0000
         8.8400         2.5128         0.6855         0.5694         0.1603         3.0000
         8.8800         2.5443         0.6870         0.5846         0.1621         3.0000
         8.9200         2.6043         0.7070         0.5845         0.1586         3.0000
         8.9600         2.6314         0.7092         0.5941         0.1615         3.0000
         9.0000         2.6773         0.7202         0.5986         0.1618         3.0000
         9.0400         2.7031         0.7264         0.5975         0.1614         3.0000
         9.0800         2.7509         0.7337         0.5920         0.1609         3.0000
         9.1200         2.8044         0.7418         0.5949         0.1598         3.0000
         9.1600         2.8289         0.7470         0.5995         0.1629         3.0000
         9.2000         2.8606         0.7505         0.6038         0.1639         3.0000
         9.2400         2.9107         0.7683         0.6140         0.1657         3.0000
         9.2800         2.9654         0.7820         0.6250         0.1668         3.0000
         9.3200         3.0177         0.7799         0.6337         0.1683         3.0000
         9.3600         3.0652         0.7796         0.6449         0.1665         3.0000
         9.4000         3.1023         0.7859         0.6454         0.1624         3.0000
         9.4400         3.1623         0.7938         0.6462         0.1646         3.0000
         9.4800         3.2271         0.8012         0.6558         0.1665         3.0000
         9.5200         3.2871         0.8178         0.6543         0.1664         3.0000
         9.5600         3.3461         0.8231         0.6544         0.1669         3.0000
         9.6000         3.3960         0.8321         0.6532         0.1649         3.0000
         9.6400         3.4648         0.8479         0.6598         0.1645         3.0000
         9.6800         3.5219         0.8604         0.6602         0.1634         3.0000
         9.7200         3.5827         0.8723         0.6517         0.1652         3.0000
         9.7600         3.6342         0.8776         0.6611         0.1650         3.0000
         9.8000         3.6821         0.8827         0.6612         0.1663         3.0000
         9.8400         3.7265         0.9002         0.6634         0.1648         3.0000
         9.8800         3.7742         0.9067         0.6610         0.1608         3.0000
         9.9200         3.8114         0.9111         0.6687         0.1616         3.0000
         9.9600         3.8643         0.9231         0.6586         0.1571         3.0000
        10.0000         3.9205         0.9345         0.6445         0.1511         3.0000
        10.0400         3.9690         0.9404         0.6489         0.1531         3.0000
        10.0800         4.0231         0.9447         0.6532         0.1434         3.0000
        10.1200         4.0636         0.9569         0.6527         0.1448         3.0000
        10.1600         4.1201         0.9704         0.6424         0.1427         3.0000
        10.2000         4.1610         0.9717         0.6398         0.1356         3.0000
        10.2400         4.2493         0.9832         0.6364         0.1328         3.0000
        10.2800         4.3039         0.9813         0.6291         0.1357         3.0000
        10.3200         4.3834         0.9905         0.6279         0.1352         2.9999
        10.3600         4.4779         1.0050         0.6170         0.1327         2.9999
        10.4000         4.5155         1.0035         0.6072         0.1285         2.9998
        10.4400         4.5733         1.0071         0.5944         0.1265         2.9995
        10.4800         4.6591         1.0313         0.5893         0.1262         2.9991
        10.5200         4.7466         1.0438         0.5877         0.1269         2.9983
        10.5600         4.8262         1.0804         0.5717         0.1243         2.9967
        10.6000         4.8999         1.0930         0.5656         0.1219         2.9939
        10.6400         4.9808         1.1041         0.5545         0.1181         2.9887
        10.6800         5.0456         1.1015         0.5516         0.1142         2.9794
        10.7200         5.1328         1.1181         0.5588         0.1156         2.9628
        10.7600         5.2162         1.1277         0.5707         0.1192         2.9337
        10.8000         5.2810         1.1304         0.5965         0.1213         2.8836
        10.8400         5.3684         1.1325         0.6490         0.1317         2.7989
        10.8800         5.4648         1.1461         0.7620         0.1575         2.6595
        10.9200         5.5209         1.1460         1.0048         0.1984         2.4386
        10.9600         5.6243         1.1657         1.4933         0.2938         2.1073
        11.0000         5.6993         1.1739         2.4517         0.4764         1.6517
        11.0400         5.7857         1.1877         4.1208         0.7857         1.1036
        11.0800         5.8403         1.1953         6.2902         1.1982         0.5693
        11.1200         5.9358         1.2115         8.1293         1.5645         0.1937
        11.1600         6.0333         1.2172         9.0546         1.7431         0.0339
        11.2000         6.1179         1.2198         9.3456         1.8047         0.0021
        11.2400         6.1822         1.2288         9.4184         1.8110         0.0000
        11.2800         6.2626         1.2186         9.4583         1.8146         0.0000
        11.3200         6.3535         1.2233         9.5398         1.8299         0.0000
        11.3600         6.4547         1.2370         9.5745         1.8236         0.0000
        11.4000         6.5501         1.2535         9.6119         1.8335         0.0000
        11.4400         6.6226         1.2569         9.6426         1.8354         0.0000
        11.4800         6.7189         1.2505         9.6768         1.8449         0.0000
        11.5200         6.8152         1.2593         9.7292         1.8318         0.0000
        11.5600         6.9299         1.2695         9.7712         1.8441         0.0000
        11.6000         6.9964         1.2689         9.8177         1.8482         0.0000
        11.6400         7.0961         1.2779         9.9209         1.8617         0.0000
        11.6800         7.1824         1.2840         9.9932         1.8641         0.0000
        11.7200         7.2610         1.2878        10.0624         1.8552         0.0000
        11.7600         7.3651         1.2944        10.1812         1.8857         0.0000
        11.8000         7.4672         1.3036        10.2418         1.8859         0.0000
        11.8400         7.5777         1.3200        10.3004         1.8891         0.0000
        11.8800         7.6429         1.3255        10.3482         1.9104         0.0000
        11.9200         7.7494         1.3206        10.4036         1.8977         0.0000
        11.9600         7.8745         1.3406        10.4968         1.9028         0.0000
        12.0000         7.9489         1.3429        10.5782         1.9282         0.0000
        12.0400         8.0521         1.3473        10.6516         1.9352         0.0000
        12.0800         8.1547         1.3591        10.7478         1.9382         0.0000
        12.1200         8.2388         1.3583        10.8106         1.9395         0.0000
        12.1600         8.3378         1.3637        10.8647         1.9232         0.0000
        12.2000         8.4194         1.3634        10.9547         1.9281         0.0000
        12.2400         8.5127         1.3678        10.9723         1.9286         0.0000
        12.2800         8.5984         1.3765        11.0144         1.9116         0.0000
        12.3200         8.7254         1.3922        11.0609         1.8914         0.0000
        12.3600         8.7820         1.3785        11.1307         1.8800         0.0000
        12.4000         8.8924         1.3628        11.1949         1.8762         0.0000
        12.4400         8.9728         1.3653        11.2366         1.8859         0.0000
        12.4800         9.0850         1.3975        11.2973         1.8863         0.0000
        12.5200         9.1943         1.3984        11.3829         1.8904         0.0000
        12.5600         9.3007         1.4017        11.3969         1.8700         0.0000
        12.6000         9.3950         1.4098        11.4398         1.8600         0.0000
        12.6400         9.4818         1.4298        11.5435         1.8609         0.0000
        12.6800         9.5724         1.4324        11.5764         1.8611         0.0000
        12.7200         9.7114         1.4383        11.6701         1.8313         0.0000
        12.7600         9.8391         1.4316        11.7544         1.8332         0.0000
        12.8000         9.9407         1.4302        11.8452         1.8270         0.0000
        12.8400        10.0602         1.4373        11.9310         1.8233         0.0000
        12.8800        10.1467         1.4229        12.0230         1.8178         0.0000
        12.9200        10.2404         1.4367        12.0829         1.8224         0.0000
        12.9600        10.3516         1.4506        12.1549         1.8172         0.0000
        13.0000        10.4608         1.4403        12.2381         1.8074         0.0000
        13.0400        10.5445         1.4601        12.3290         1.8054         0.0000
        13.0800        10.6320         1.4485        12.4110         1.8015         0.0000
        13.1200        10.7240         1.4335        12.4929         1.7972         0.0000
        13.1600        10.8210         1.4466        12.5970         1.7755         0.0000
        13.2000        10.9349         1.4587        12.6745         1.7717         0.0000
        13.2400        11.0340         1.4581        12.7340         1.7619         0.0000
        13.2800        11.1636         1.4480        12.8161         1.7397         0.0000
        13.3200        11.2923         1.4414        12.8851         1.7354         0.0000
        13.3600        11.3859         1.4407        12.9727         1.7494         0.0000
        13.4000        11.5179         1.4311        13.0920         1.7379         0.0000
        13.4400        11.6423         1.4320        13.1825         1.7300         0.0000
        13.4800        11.7487         1.4307        13.2808         1.7139         0.0000
        13.5200        11.8204         1.4461        13.4090         1.7158         0.0000
        13.5600        11.9289         1.4538        13.4762         1.7175         0.0000
        13.6000        12.0391         1.4314        13.5679         1.7126         0.0000
        13.6400        12.1569         1.4272        13.6693         1.6953         0.0000
        13.6800        12.2621         1.4240        13.7455         1.6838         0.0000
        13.7200        12.3869         1.4120        13.8121         1.6509         0.0000
        13.7600        12.5094         1.4212        13.9190         1.6412         0.0000
        13.8000        12.6263         1.4206        14.0737         1.6414         0.0000
        13.8400        12.7681         1.4183        14.2153         1.6339         0.0000
        13.8800        12.8738         1.4223        14.3582         1.6344         0.0000
        13.9200        12.9570         1.4187        14.4006         1.6213         0.0000
        13.9600        13.0602         1.4085        14.5523         1.6148         0.0000
        14.0000        13.2060         1.4014        14.6613         1.6301         0.0000
        14.0400        13.3149         1.4029        14.7825         1.6188         0.0000
        14.0800        13.4191         1.4002        14.9007         1.5910         0.0000
        14.1200        13.5722         1.3969        14.9703         1.5933         0.0000
        14.1600        13.6915         1.3885        15.0735         1.5702         0.0000
        14.2000        13.8354         1.4049        15.1903         1.5630         0.0000
        14.2400        13.9909         1.3953        15.3173         1.5569         0.0000
        14.2800        14.1081         1.3897        15.4358         1.5361         0.0000
        14.3200        14.1950         1.3864        15.5416         1.5204         0.0000
        14.3600        14.3177         1.3732        15.6535         1.4984         0.0000
        14.4000        14.4523         1.3779        15.7094         1.4726         0.0000
        14.4400        14.5860         1.3527        15.8162         1.4792         0.0000
        14.4800        14.7402         1.3372        15.9325         1.4495         0.0000
        14.5200        14.8907         1.3141        16.0656         1.4410         0.0000
        14.5600        15.0489         1.2919        16.1647         1.4536         0.0000
        14.6000        15.2349         1.2781        16.3411         1.4407         0.0000
        14.6400        15.3620         1.2713        16.4348         1.3969         0.0000
        14.6800        15.4919         1.2581        16.5587         1.3950         0.0000
        14.7200        15.6065         1.2481        16.6931         1.3567         0.0000
        14.7600        15.7266         1.2198        16.8644         1.3399         0.0000
        14.8000        15.8430         1.2105        16.9230         1.3238         0.0000
        14.8400        15.9365         1.2037        17.0420         1.2983         0.0000
        14.8800        16.0482         1.1879        17.1640         1.2901         0.0000
        14.9200        16.2049         1.1766        17.2757         1.2814         0.0000
        14.9600        16.3583         1.1441        17.3967         1.2726         0.0000
        15.0000        16.5150         1.1425        17.5105         1.2521         0.0000
        15.0400        16.6390         1.1479        17.6455         1.2593         0.0000
        15.0800        16.8204         1.1649        17.7579         1.2404         0.0000
        15.1200        16.9677         1.1514        17.8997         1.2163         0.0000
        15.1600        17.0889         1.1412        18.0793         1.2045         0.0000
        15.2000        17.2466         1.1235        18.2430         1.1867         0.0000
        15.2400        17.3998         1.1155        18.4186         1.1777         0.0000
        15.2800        17.5705         1.1164        18.5196         1.1644         0.0000
        15.3200        17.7219         1.0826        18.6995         1.1409         0.0000
        15.3600        17.8870         1.0868        18.7659         1.1268         0.0000
        15.4000        18.0427         1.0773        18.9026         1.0715         0.0000
        15.4400        18.2037         1.0615        19.0772         1.0784         0.0000
        15.4800        18.3047         1.0452        19.2895         1.0642         0.0000
        15.5200        18.4497         1.0239        19.4715         1.0412         0.0000
        15.5600        18.6161         1.0089        19.5755         1.0111         0.0000
        15.6000        18.7686         1.0045        19.7561         0.9983         0.0000
        15.6400        18.9713         1.0190        19.9083         0.9786         0.0000
        15.6800        19.1101         1.0060        20.0283         0.9576         0.0000
        15.7200        19.2524         0.9981        20.0971         0.9381         0.0000
        15.7600        19.4673         0.9949        20.1955         0.9110         0.0000
        15.8000        19.6428         0.9871        20.3176         0.8806         0.0000
        15.8400        19.7903         0.9635        20.4357         0.8653         0.0000
        15.8800        19.9485         0.9580        20.6269         0.8566         0.0000
        15.9200        20.1680         0.9336        20.7309         0.8346         0.0000
        15.9600        20.3032         0.9307        20.8359         0.8219         0.0000
        16.0000        20.4893         0.9238        21.0338         0.8155         0.0000
        16.0400        20.6284         0.8894        21.1822         0.8008         0.0000
        16.0800        20.7436         0.8790        21.3297         0.7876         0.0000
        16.1200        20.9164         0.8515        21.4952         0.7805         0.0000
        16.1600        21.0954         0.8291        21.6721         0.7768         0.0000
        16.2000        21.2830         0.8141        21.8188         0.7661         0.0000
        16.2400        21.4645         0.8080        22.0058         0.7518         0.0000
        16.2800        21.7109         0.7927        22.1422         0.7463         0.0000
        16.3200        21.9221         0.7653        22.3277         0.7208         0.0000
        16.3600        22.0790         0.7651        22.4680         0.7288         0.0000
        16.4000        22.2468         0.7589        22.6323         0.7221         0.0000
        16.4400        22.4068         0.7372        22.8139         0.7031         0.0000
        16.4800        22.5924         0.7251        22.9685         0.7014         0.0000
        16.5200        22.7847         0.7216        23.0915         0.6942         0.0000
        16.5600        23.0015         0.7110        23.2269         0.6865         0.0000
        16.6000        23.1683         0.6970        23.4647         0.6832         0.0000
        16.6400        23.3738         0.6808        23.6539         0.6844         0.0000
        16.6800        23.5397         0.6854        23.8542         0.6826         0.0000
        16.7200        23.7704         0.6842        24.0142         0.6769         0.0000
        16.7600        24.0196         0.6829        24.2340         0.6709         0.0000
        16.8000        24.2085         0.6838        24.4527         0.6841         0.0000
        16.8400        24.4418         0.6872        24.5787         0.6832         0.0000
        16.8800        24.6247         0.6946        24.7325         0.6826         0.0000
        16.9200        24.7852         0.6954        24.9916         0.6755         0.0000
        16.9600        24.9878         0.6870        25.1821         0.6724         0.0000
        17.0000        25.1439         0.6896        25.4017         0.6713         0.0000
        17.0400        25.3296         0.6824        25.5832         0.7054         0.0000
        17.0800        25.5179         0.6925        25.7789         0.7079         0.0000
        17.1200        25.6724         0.7078        25.9728         0.7216         0.0000
        17.1600        25.8514         0.6974        26.1419         0.7300         0.0000
        17.2000        26.0185         0.7352        26.3866         0.7477         0.0000
        17.2400        26.2594         0.7699        26.5669         0.7627         0.0000
        17.2800        26.4223         0.8216        26.8391         0.7844         0.0000
        17.3200        26.6565         0.8434        27.0353         0.8130         0.0000
        17.3600        26.9099         0.8566        27.2063         0.8299         0.0000
        17.4000        27.1303         0.8938        27.4313         0.9939         0.0000
        17.4400        27.3791         0.9384        27.6398         1.0386         0.0000
        17.4800        27.6373         0.9960        27.8558         1.1348         0.0000
        17.5200        27.8363         1.0816        28.0602         1.1874         0.0000
        17.5600        28.0101         1.1137        28.3118         1.2431         0.0000
        17.6000        28.2617         1.2272        28.5728         1.3033         0.0000
        17.6400        28.5021         1.3110        28.7549         1.3895         0.0000
        17.6800        28.6380         1.3782        28.9802         1.5469         0.0000
        17.7200        28.8437         1.4245        29.2060         1.5919         0.0000
        17.7600        29.0842         1.4575        29.4152         1.6461         0.0000
        17.8000        29.3226         1.4935        29.6166         1.7029         0.0000
        17.8400        29.5976         1.5882        29.9235         1.7753         0.0000
        17.8800        29.8275         1.6527        30.1470         1.8313         0.0000
        17.9200        30.0068         1.6777        30.3562         1.8675         0.0000
        17.9600        30.3080         1.7215        30.5912         1.9366         0.0000
        18.0000        30.5073         1.8166        30.7821         1.9855         0.0000
        18.0400        30.7834         1.8760        31.0050         2.0387         0.0000
        18.0800        30.9592         1.9647        31.2098         2.0886         0.0000
        18.1200        31.1773         2.0503        31.3963         2.1261         0.0000
        18.1600        31.4353         2.1284        31.6595         2.2003         0.0000
        18.2000        31.5820         2.1609        31.8900         2.2644         0.0000
        18.2400        31.8076         2.2495        32.1267         2.3577         0.0000
        18.2800        32.0232         2.3526        32.3642         2.4549         0.0000
        18.3200        32.2663         2.4446        32.5938         2.5073         0.0000
        18.3600        32.5325         2.5078        32.7986         2.5703         0.0000
        18.4000        32.7359         2.5594        32.9746         2.6319         0.0000
        18.4400        33.0055         2.6595        33.1748         2.6840         0.0000
        18.4800        33.2065         2.7610        33.4039         2.7727         0.0000
        18.5200        33.4921         2.8614        33.6169         2.8616         0.0000
        18.5600        33.6905         2.9773        33.7827         2.9594         0.0000
        18.6000        33.8820         3.0256        33.9584         3.0692         0.0000
        18.6400        34.1128         3.1755        34.2273         3.1618         0.0000
        18.6800        34.3977         3.2445        34.4794         3.2882         0.0000
        18.7200        34.6245         3.3149        34.7605         3.3891         0.0000
        18.7600        34.9156         3.3791        34.9845         3.4296         0.0000
        18.8000        35.1347         3.4770        35.2277         3.5017         0.0000
        18.8400        35.4479         3.6021        35.5029         3.6208         0.0000
        18.8800        35.7214         3.6946        35.8171         3.7216         0.0000
        18.9200        35.9616         3.7884        36.0632         3.8357         0.0000
        18.9600        36.2025         3.8766        36.3390         3.9048         0.0000
        19.0000        36.4888         3.9946        36.6382         3.9999         0.0000
        19.0400        36.7953         4.1120        36.9678         4.0942         0.0000
        19.0800        37.0336         4.2509        37.2861         4.1947         0.0000
        19.1200        37.2727         4.3662        37.5903         4.2655         0.0000
        19.1600        37.5507         4.4496        37.8959         4.3907         0.0000
        19.2000        37.8850         4.5161        38.1458         4.4729         0.0000
        19.2400        38.1941         4.6643        38.3884         4.5789         0.0000
        19.2800        38.4456         4.7949        38.5696         4.6797         0.0000
        19.3200        38.7519         4.8729        38.8900         4.8490         0.0000
        19.3600        39.0475         4.9811        39.1018         5.0022         0.0000
        19.4000        39.2801         5.0785        39.3906         5.0687         0.0000
        19.4400        39.5292         5.1801        39.7569         5.1678         0.0000
        19.4800        39.8244         5.2251        39.9607         5.2361         0.0000
        19.5200        40.1250         5.3423        40.2079         5.2958         0.0000
        19.5600        40.4105         5.4271        40.4927         5.4090         0.0000
        19.6000        40.7035         5.5654        40.7927         5.4665         0.0000
        19.6400        40.9914         5.7104        41.0993         5.6314         0.0000
        19.6800        41.3331         5.8027        41.3389         5.7086         0.0000
        19.7200        41.6160         5.9169        41.5995         5.8319         0.0000
        19.7600        41.8694         6.0047        41.8880         5.9098         0.0000
        19.8000        42.1130         6.1521        42.1599         5.9944         0.0000
        19.8400        42.3912         6.2261        42.4015         6.1233         0.0000
        19.8800        42.6898         6.2107        42.6613         6.2521         0.0000
        19.9200        42.7223         6.3333        42.6198         6.2950         0.0000
        19.9600        40.2295         5.9499        40.1231         5.9677         0.0000
        20.0000        29.9523         4.4459        29.8346         4.4681         0.0000
