   8.0000004E-002   0.0000000E+000   0.0000000E+000   0.0000000E+000   0.0000000E+000
   1.2000000E-001   0.0000000E+000   0.0000000E+000   0.0000000E+000   0.0000000E+000
   1.6000001E-001   0.0000000E+000   0.0000000E+000   0.0000000E+000   0.0000000E+000
   2.0000000E-001   0.0000000E+000   0.0000000E+000   0.0000000E+000   0.0000000E+000
   2.4000000E-001   0.0000000E+000   0.0000000E+000   0.0000000E+000   0.0000000E+000
   2.8000001E-001   0.0000000E+000   0.0000000E+000   0.0000000E+000   0.0000000E+000
   3.2000002E-001   0.0000000E+000   0.0000000E+000   0.0000000E+000   0.0000000E+000
   3.5999998E-001   0.0000000E+000   0.0000000E+000   0.0000000E+000   0.0000000E+000
   3.9999999E-001   0.0000000E+000   0.0000000E+000   0.0000000E+000   0.0000000E+000
   4.4000000E-001   0.0000000E+000   0.0000000E+000   0.0000000E+000   0.0000000E+000
   4.8000000E-001   0.0000000E+000   0.0000000E+000   0.0000000E+000   0.0000000E+000
   5.2000001E-001   0.0000000E+000   0.0000000E+000   0.0000000E+000   0.0000000E+000
   5.6000002E-001   0.0000000E+000   0.0000000E+000   0.0000000E+000   0.0000000E+000
   5.9999999E-001   0.0000000E+000   0.0000000E+000   0.0000000E+000   0.0000000E+000
   6.4000003E-001   0.0000000E+000   0.0000000E+000   0.0000000E+000   0.0000000E+000
   6.8000004E-001   0.0000000E+000   0.0000000E+000   0.0000000E+000   0.0000000E+000
   7.1999997E-001   0.0000000E+000   0.0000000E+000   0.0000000E+000   0.0000000E+000
   7.5999998E-001   0.0000000E+000   0.0000000E+000   0.0000000E+000   0.0000000E+000
   7.9999998E-001   0.0000000E+000   0.0000000E+000   0.0000000E+000   0.0000000E+000
   8.3999999E-001   0.0000000E+000   0.0000000E+000   0.0000000E+000   0.0000000E+000
   8.8000000E-001   0.0000000E+000   0.0000000E+000   0.0000000E+000   0.0000000E+000
   9.2000000E-001   0.0000000E+000   0.0000000E+000   0.0000000E+000   0.0000000E+000
   9.6000001E-001   0.0000000E+000   0.0000000E+000   0.0000000E+000   0.0000000E+000
   1.0000000E+000   0.0000000E+000   0.0000000E+000   0.0000000E+000   0.0000000E+000
   1.0400000E+000   7.8876079E-006   1.5290101E-006   2.5217166E-006   8.7551741E-007
   1.0800000E+000   1.6954327E-005   3.0322595E-006   5.1946297E-006   1.3109750E-006
   1.1200000E+000   2.4967997E-005   4.0251631E-006   7.8769102E-006   2.3874723E-006
   1.1600000E+000   3.4266060E-005   6.5201880E-006   1.0016154E-005   2.4573682E-006
   1.2000000E+000   4.5102572E-005   1.3134448E-005   1.5734630E-005   3.5134250E-006
   1.2400000E+000   6.3720641E-005   1.8074829E-005   2.0345624E-005   4.2402175E-006
   1.2800001E+000   7.6524547E-005   2.1533912E-005   2.2317581E-005   4.7547240E-006
   1.3200000E+000   8.6048171E-005   3.5897717E-005   2.9884836E-005   6.7130039E-006
   1.3600001E+000   9.3412315E-005   2.3774227E-005   3.6223988E-005   9.3610457E-006
   1.4000000E+000   1.0252249E-004   4.6445243E-005   3.9966316E-005   1.1539075E-005
   1.4399999E+000   1.1643005E-004   4.3922800E-005   4.3772485E-005   1.1942108E-005
   1.4800000E+000   1.3254597E-004   5.7139736E-005   4.6509842E-005   1.2637466E-005
   1.5200000E+000   1.3500284E-004   6.5596453E-005   5.5990755E-005   1.5452125E-005
   1.5600000E+000   1.5389688E-004   6.4091771E-005   5.5638832E-005   1.4164213E-005
   1.6000000E+000   1.7087734E-004   8.3361412E-005   5.7069248E-005   1.5313026E-005
   1.6400000E+000   1.9250872E-004   9.1973893E-005   5.8329047E-005   1.6095214E-005
   1.6800000E+000   2.1231845E-004   1.0788919E-004   6.7541125E-005   1.5799418E-005
   1.7200001E+000   2.3624185E-004   1.2315247E-004   7.4819829E-005   2.3617483E-005
   1.7600000E+000   2.4251147E-004   1.2425988E-004   7.9158239E-005   1.7414833E-005
   1.8000001E+000   2.6516419E-004   1.3822860E-004   8.0972400E-005   1.7431856E-005
   1.8400000E+000   2.8499607E-004   1.5001042E-004   8.1809335E-005   1.7527719E-005
   1.8799999E+000   3.0708841E-004   1.6139128E-004   8.6449202E-005   2.2649130E-005
   1.9200000E+000   3.2625731E-004   1.6850098E-004   9.0249184E-005   2.9609702E-005
   1.9599999E+000   3.5400827E-004   1.7991541E-004   1.0441218E-004   3.4869427E-005
   2.0000000E+000   3.6974207E-004   1.8514276E-004   1.1008725E-004   4.4705190E-005
   2.0400000E+000   3.9435439E-004   1.9127566E-004   1.1606451E-004   4.8326383E-005
   2.0800000E+000   4.1909118E-004   2.0696244E-004   1.2679168E-004   3.9470529E-005
   2.1200000E+000   4.5510335E-004   2.2217377E-004   1.4214279E-004   5.7095100E-005
   2.1600001E+000   4.7883634E-004   2.3036274E-004   1.6250109E-004   7.7828886E-005
   2.2000000E+000   5.2449104E-004   2.4877087E-004   1.6272033E-004   7.4376193E-005
   2.2400001E+000   5.5268722E-004   2.5466983E-004   1.7873269E-004   9.0329007E-005
   2.2800000E+000   5.7726229E-004   2.6454772E-004   1.8500349E-004   9.3361782E-005
   2.3199999E+000   6.2756734E-004   2.9608320E-004   1.9623774E-004   1.0252086E-004
   2.3600000E+000   6.6392385E-004   3.1584850E-004   2.0822681E-004   1.0807907E-004
   2.3999999E+000   6.9799064E-004   3.3120768E-004   2.2152176E-004   1.1291215E-004
   2.4400000E+000   7.5155972E-004   3.5475865E-004   2.1590397E-004   1.1018484E-004
   2.4800000E+000   7.9184709E-004   3.8419325E-004   2.3851114E-004   1.1646498E-004
   2.5200000E+000   8.3864832E-004   4.0736178E-004   2.4743928E-004   1.2311467E-004
   2.5600001E+000   8.6573842E-004   4.2932643E-004   2.4762889E-004   1.2141066E-004
   2.5999999E+000   9.0098844E-004   4.5211881E-004   2.7012101E-004   1.3569306E-004
   2.6400000E+000   9.2223313E-004   4.6093665E-004   2.7007134E-004   1.3657536E-004
   2.6800001E+000   1.0001866E-003   4.9975879E-004   2.8348520E-004   1.4663325E-004
   2.7200001E+000   1.0072736E-003   5.0106532E-004   3.0340134E-004   1.5633848E-004
   2.7599999E+000   1.0372184E-003   5.1967466E-004   3.1552310E-004   1.6786494E-004
   2.8000000E+000   1.0662408E-003   5.4181617E-004   3.1553887E-004   1.7412004E-004
   2.8400001E+000   1.1056415E-003   5.6575754E-004   3.2567877E-004   1.8019921E-004
   2.8799999E+000   1.1367787E-003   5.7809473E-004   3.4660114E-004   1.8886766E-004
   2.9200000E+000   1.1805712E-003   5.9362709E-004   3.5275655E-004   1.8785326E-004
   2.9600000E+000   1.2197252E-003   6.2449542E-004   3.7450077E-004   2.0253375E-004
   3.0000001E+000   1.2608869E-003   6.5162215E-004   3.9057225E-004   2.0984605E-004
   3.0399999E+000   1.3184031E-003   6.7918682E-004   4.2726077E-004   2.2639953E-004
   3.0800000E+000   1.3538776E-003   6.8012960E-004   4.4342772E-004   2.3206815E-004
   3.1200001E+000   1.4138549E-003   7.0291072E-004   4.5538443E-004   2.3267389E-004
   3.1600001E+000   1.4479004E-003   7.2244304E-004   4.7623573E-004   2.3867445E-004
   3.1999999E+000   1.4945047E-003   7.5176984E-004   4.8428120E-004   2.4437052E-004
   3.2400000E+000   1.5350985E-003   7.6789491E-004   5.0642863E-004   2.6130715E-004
   3.2800001E+000   1.5673302E-003   7.7917687E-004   5.2776931E-004   2.7257388E-004
   3.3199999E+000   1.6238167E-003   7.9908222E-004   5.5774505E-004   2.8115377E-004
   3.3600000E+000   1.6890843E-003   8.1974390E-004   5.6177120E-004   2.9157707E-004
   3.4000000E+000   1.7398909E-003   8.3327874E-004   5.8238328E-004   2.9315286E-004
   3.4400001E+000   1.7655550E-003   8.5721067E-004   5.7609149E-004   3.0744915E-004
   3.4799999E+000   1.8464625E-003   8.9602331E-004   5.9639809E-004   3.1349798E-004
   3.5200000E+000   1.9240698E-003   9.3486663E-004   5.8001002E-004   3.0621233E-004
   3.5600001E+000   2.0193196E-003   9.8323710E-004   5.8185695E-004   3.0559730E-004
   3.6000001E+000   2.0656104E-003   9.8042913E-004   5.9333073E-004   3.1699369E-004
   3.6399999E+000   2.1149051E-003   1.0119875E-003   5.9160838E-004   3.1615287E-004
   3.6800000E+000   2.1396863E-003   1.0081773E-003   6.0536658E-004   3.1488707E-004
   3.7200001E+000   2.2266146E-003   1.0465423E-003   6.1368000E-004   3.1248275E-004
   3.7599999E+000   2.2847465E-003   1.0799426E-003   6.4388481E-004   3.2580782E-004
   3.8000000E+000   2.3319765E-003   1.0998155E-003   6.6649162E-004   3.4125144E-004
   3.8400000E+000   2.4278891E-003   1.1523769E-003   6.8583354E-004   3.5416597E-004
   3.8800001E+000   2.5045584E-003   1.1752334E-003   7.1481435E-004   3.7128025E-004
   3.9199999E+000   2.5904716E-003   1.2130528E-003   7.1850969E-004   3.6153562E-004
   3.9600000E+000   2.6406823E-003   1.2153212E-003   7.5068730E-004   3.8488545E-004
   4.0000001E+000   2.6949940E-003   1.2381773E-003   7.4990892E-004   3.7819170E-004
   4.0400001E+000   2.7652754E-003   1.2525600E-003   7.6911584E-004   3.9309496E-004
   4.0799999E+000   2.8603607E-003   1.2912761E-003   7.9543761E-004   4.0233146E-004
   4.1200000E+000   2.9734217E-003   1.3351334E-003   7.6826446E-004   3.8561132E-004
   4.1600001E+000   3.0478891E-003   1.3861535E-003   7.9334104E-004   3.9708618E-004
   4.1999999E+000   3.0964312E-003   1.4074684E-003   7.7788289E-004   3.8223610E-004
   4.2399999E+000   3.1722839E-003   1.4261476E-003   7.9842999E-004   3.8462866E-004
   4.2800000E+000   3.2595711E-003   1.4676169E-003   8.0527544E-004   3.8894959E-004
   4.3200001E+000   3.3599415E-003   1.4843208E-003   8.2128541E-004   3.8843334E-004
   4.3599999E+000   3.4718383E-003   1.5376254E-003   8.2689883E-004   3.9340192E-004
   4.4000000E+000   3.5876821E-003   1.5677006E-003   8.3597983E-004   3.9008762E-004
   4.4400001E+000   3.6737199E-003   1.6031831E-003   8.6422271E-004   4.0087798E-004
   4.4800001E+000   3.7670538E-003   1.6534975E-003   8.8245563E-004   4.0535466E-004
   4.5199999E+000   3.9121521E-003   1.7019282E-003   9.0518239E-004   4.2034147E-004
   4.5600000E+000   4.0351547E-003   1.7553672E-003   9.2183131E-004   4.2759818E-004
   4.6000001E+000   4.1444529E-003   1.7870003E-003   9.4309994E-004   4.1411195E-004
   4.6399999E+000   4.2451282E-003   1.8202864E-003   9.7421083E-004   4.3123812E-004
   4.6799999E+000   4.3613573E-003   1.8472764E-003   9.8163665E-004   4.4600328E-004
   4.7200000E+000   4.4251355E-003   1.8344408E-003   1.0232325E-003   4.6671555E-004
   4.7600001E+000   4.5605111E-003   1.8941344E-003   1.0341892E-003   4.7397975E-004
   4.7999999E+000   4.7523211E-003   1.9722150E-003   1.0149643E-003   4.6660836E-004
   4.8400000E+000   4.8238278E-003   2.0006824E-003   1.0070371E-003   4.6949242E-004
   4.8800001E+000   4.9744091E-003   2.0688754E-003   1.0460311E-003   4.7955800E-004
   4.9200001E+000   5.0711554E-003   2.1061375E-003   1.0627773E-003   4.7772816E-004
   4.9599999E+000   5.1867460E-003   2.1526015E-003   1.0699564E-003   4.7921486E-004
   5.0000000E+000   5.2334054E-003   2.1719358E-003   1.0890955E-003   4.7757090E-004
   5.0400001E+000   5.3902482E-003   2.2285415E-003   1.0800053E-003   4.6389736E-004
   5.0800002E+000   5.4299048E-003   2.2539925E-003   1.0779551E-003   4.6064954E-004
   5.1200002E+000   5.5596261E-003   2.3149440E-003   1.0827691E-003   4.6096957E-004
   5.1599997E+000   5.6083675E-003   2.3237127E-003   1.0766462E-003   4.5568218E-004
   5.1999998E+000   5.7429827E-003   2.3670404E-003   1.0771144E-003   4.5384127E-004
   5.2399999E+000   5.8616671E-003   2.4294162E-003   1.0692687E-003   4.5024934E-004
   5.2800000E+000   5.9614118E-003   2.4549721E-003   1.0738419E-003   4.5111694E-004
   5.3200001E+000   6.1501291E-003   2.5400421E-003   1.0816718E-003   4.5369344E-004
   5.3600001E+000   6.2895164E-003   2.5657304E-003   1.0980263E-003   4.4651151E-004
   5.4000002E+000   6.5147074E-003   2.6520315E-003   1.0857777E-003   4.4758739E-004
   5.4400003E+000   6.6889021E-003   2.7398297E-003   1.0532824E-003   4.2512364E-004
   5.4799998E+000   6.8012577E-003   2.7931088E-003   1.0601617E-003   4.3170706E-004
   5.5199999E+000   7.0149476E-003   2.8497780E-003   1.0426416E-003   4.2790894E-004
   5.5599999E+000   7.1295607E-003   2.9175281E-003   1.0405059E-003   4.2357249E-004
   5.6000000E+000   7.2790305E-003   2.9894600E-003   1.0390461E-003   4.1495909E-004
   5.6400001E+000   7.4591506E-003   3.0646600E-003   1.0150449E-003   4.0040366E-004
   5.6800002E+000   7.5941024E-003   3.0890804E-003   1.0104328E-003   3.9413248E-004
   5.7200003E+000   7.7419817E-003   3.1403045E-003   9.7263018E-004   3.7996776E-004
   5.7599998E+000   7.9345107E-003   3.2120589E-003   9.6868279E-004   3.7292601E-004
   5.7999998E+000   8.1039135E-003   3.2561394E-003   9.7481583E-004   3.7135111E-004
   5.8399999E+000   8.2792378E-003   3.3418413E-003   9.5361408E-004   3.6468695E-004
   5.8800000E+000   8.4351009E-003   3.3970975E-003   9.6543382E-004   3.6550133E-004
   5.9200001E+000   8.5492216E-003   3.4282316E-003   1.0485909E-003   3.9826285E-004
   5.9600002E+000   8.7883360E-003   3.5434758E-003   1.3909787E-003   5.2598990E-004
   6.0000002E+000   8.8971889E-003   3.5771414E-003   2.1816524E-003   8.1075794E-004
   6.0399997E+000   9.0936182E-003   3.6355612E-003   3.6677249E-003   1.3712510E-003
   6.0799998E+000   9.2424843E-003   3.6999084E-003   5.9555226E-003   2.1989333E-003
   6.1199999E+000   9.4779711E-003   3.7970878E-003   8.7989238E-003   3.1835980E-003
   6.1600000E+000   9.5302566E-003   3.7908811E-003   1.1663869E-002   4.1867715E-003
   6.2000000E+000   9.7122245E-003   3.8395527E-003   1.4132580E-002   5.1314201E-003
   6.2400001E+000   9.8789047E-003   3.9562756E-003   1.6049391E-002   5.8086675E-003
   6.2800002E+000   1.0028921E-002   4.0109504E-003   1.7346432E-002   6.2889227E-003
   6.3200003E+000   1.0221008E-002   4.0504574E-003   1.8197869E-002   6.6126971E-003
   6.3599998E+000   1.0428418E-002   4.1094505E-003   1.8896248E-002   6.8458595E-003
   6.3999999E+000   1.0668020E-002   4.2171034E-003   1.9306391E-002   6.9790481E-003
   6.4399999E+000   1.0774231E-002   4.2368888E-003   1.9670684E-002   7.1047555E-003
   6.4800000E+000   1.1064523E-002   4.3369672E-003   1.9965280E-002   7.1620361E-003
   6.5200001E+000   1.1180730E-002   4.3480295E-003   2.0228011E-002   7.2695717E-003
   6.5600002E+000   1.1294563E-002   4.3777222E-003   2.0483376E-002   7.3596241E-003
   6.6000003E+000   1.1495019E-002   4.4267774E-003   2.0849734E-002   7.4958762E-003
   6.6399997E+000   1.1709642E-002   4.5096130E-003   2.1119407E-002   7.5467054E-003
   6.6799998E+000   1.1845582E-002   4.5663286E-003   2.1440950E-002   7.6437358E-003
   6.7199999E+000   1.2060743E-002   4.6395562E-003   2.1777253E-002   7.7456709E-003
   6.7600000E+000   1.2291195E-002   4.7216337E-003   2.2019368E-002   7.8274922E-003
   6.8000001E+000   1.2522185E-002   4.7438893E-003   2.2169763E-002   7.7965731E-003
   6.8400002E+000   1.2738875E-002   4.8193422E-003   2.2446652E-002   7.9082848E-003
   6.8800002E+000   1.2939461E-002   4.8820201E-003   2.2652063E-002   7.9515145E-003
   6.9199997E+000   1.3148259E-002   4.9854645E-003   2.2865832E-002   8.0573911E-003
   6.9599998E+000   1.3374424E-002   5.0271237E-003   2.3104148E-002   8.0960340E-003
   6.9999999E+000   1.3666904E-002   5.1345126E-003   2.3339304E-002   8.1377808E-003
   7.0400000E+000   1.3871446E-002   5.2074481E-003   2.3559685E-002   8.2803727E-003
   7.0800000E+000   1.4049789E-002   5.2049033E-003   2.3870029E-002   8.3376949E-003
   7.1200001E+000   1.4252573E-002   5.2456127E-003   2.3999940E-002   8.3533550E-003
   7.1600002E+000   1.4414945E-002   5.3121510E-003   2.4273242E-002   8.4420470E-003
   7.2000003E+000   1.4622906E-002   5.4178849E-003   2.4622651E-002   8.5629067E-003
   7.2399998E+000   1.4888502E-002   5.5143773E-003   2.4819869E-002   8.6394160E-003
   7.2799999E+000   1.5061152E-002   5.5432307E-003   2.5005098E-002   8.7622134E-003
   7.3199999E+000   1.5250916E-002   5.6242339E-003   2.5384893E-002   8.8694929E-003
   7.3600000E+000   1.5394069E-002   5.6415506E-003   2.5641795E-002   8.9400226E-003
   7.4000001E+000   1.5657928E-002   5.6716789E-003   2.5999758E-002   9.0619225E-003
   7.4400002E+000   1.5814629E-002   5.6388846E-003   2.6301043E-002   9.1714820E-003
   7.4800003E+000   1.6025930E-002   5.6752488E-003   2.6567312E-002   9.2096530E-003
   7.5199997E+000   1.6286504E-002   5.7399496E-003   2.6963688E-002   9.3812394E-003
   7.5599998E+000   1.6430683E-002   5.7669503E-003   2.7407286E-002   9.4829480E-003
   7.5999999E+000   1.6671051E-002   5.8330595E-003   2.7707798E-002   9.6048606E-003
   7.6400000E+000   1.6936130E-002   5.9049567E-003   2.8013565E-002   9.7701779E-003
   7.6800001E+000   1.7235359E-002   6.0621389E-003   2.8302769E-002   9.8522155E-003
   7.7200001E+000   1.7475632E-002   6.2011208E-003   2.8581288E-002   9.9885744E-003
   7.7600002E+000   1.7698629E-002   6.2848596E-003   2.9028944E-002   1.0182241E-002
   7.7999997E+000   1.7950154E-002   6.3718930E-003   2.9601856E-002   1.0351495E-002
   7.8399998E+000   1.8176311E-002   6.4123026E-003   2.9975781E-002   1.0469707E-002
   7.8799999E+000   1.8436348E-002   6.4703854E-003   3.0434981E-002   1.0648480E-002
   7.9200000E+000   1.8644511E-002   6.5140691E-003   3.0885302E-002   1.0804762E-002
   7.9600000E+000   1.8810453E-002   6.5634574E-003   3.1467082E-002   1.0998948E-002
   8.0000001E+000   1.8949353E-002   6.5725091E-003   3.1972911E-002   1.1137758E-002
   8.0400002E+000   1.9143657E-002   6.6460222E-003   3.2416409E-002   1.1288002E-002
   8.0800003E+000   1.9400087E-002   6.6814617E-003   3.2891068E-002   1.1398412E-002
   8.1199998E+000   1.9650114E-002   6.7909834E-003   3.3219373E-002   1.1389809E-002
   8.1599998E+000   1.9850894E-002   6.8506267E-003   3.3641708E-002   1.1465848E-002
   8.1999999E+000   1.9991398E-002   6.8642403E-003   3.4204544E-002   1.1673692E-002
   8.2400000E+000   2.0073289E-002   6.8809691E-003   3.4631240E-002   1.1805376E-002
   8.2800001E+000   2.0274329E-002   6.9335232E-003   3.5157886E-002   1.1982732E-002
   8.3200002E+000   2.0456321E-002   6.9873975E-003   3.5642736E-002   1.2140124E-002
   8.3600003E+000   2.0913016E-002   7.2015135E-003   3.5985072E-002   1.2170606E-002
   8.3999997E+000   2.0950577E-002   7.1923702E-003   3.6570296E-002   1.2373033E-002
   8.4399998E+000   2.1246718E-002   7.2512075E-003   3.7030493E-002   1.2456341E-002
   8.4799999E+000   2.1507646E-002   7.3661766E-003   3.7563774E-002   1.2581820E-002
   8.5200000E+000   2.1610645E-002   7.2979707E-003   3.7954572E-002   1.2607430E-002
   8.5600001E+000   2.1865018E-002   7.3727594E-003   3.8344622E-002   1.2682383E-002
   8.6000001E+000   2.2039988E-002   7.4345761E-003   3.8896172E-002   1.2832895E-002
   8.6400002E+000   2.2250889E-002   7.4210119E-003   3.9370523E-002   1.2895533E-002
   8.6799997E+000   2.2432009E-002   7.4375726E-003   4.0006953E-002   1.3059977E-002
   8.7199998E+000   2.2608159E-002   7.4325828E-003   4.0548883E-002   1.3152501E-002
   8.7599999E+000   2.2948210E-002   7.5295076E-003   4.1017131E-002   1.3187664E-002
   8.8000000E+000   2.3140300E-002   7.5288584E-003   4.1612083E-002   1.3361309E-002
   8.8400000E+000   2.3451655E-002   7.6655881E-003   4.2263198E-002   1.3641682E-002
   8.8800001E+000   2.3656658E-002   7.6119281E-003   4.2854283E-002   1.3656507E-002
   8.9200002E+000   2.3715123E-002   7.6450012E-003   4.3289483E-002   1.3775303E-002
   8.9600003E+000   2.3940985E-002   7.7164391E-003   4.3952662E-002   1.3940051E-002
   8.9999998E+000   2.4125057E-002   7.7262088E-003   4.4549987E-002   1.4091947E-002
   9.0399998E+000   2.4335937E-002   7.7977475E-003   4.5249046E-002   1.4319916E-002
   9.0799999E+000   2.4530990E-002   7.8545069E-003   4.5821274E-002   1.4515079E-002
   9.1200000E+000   2.4707299E-002   7.7752709E-003   4.6440724E-002   1.4563354E-002
   9.1600001E+000   2.4915941E-002   7.8460609E-003   4.7092710E-002   1.4739570E-002
   9.2000002E+000   2.5129972E-002   7.8611600E-003   4.7649009E-002   1.4916817E-002
   9.2400002E+000   2.5334363E-002   7.8833558E-003   4.8146426E-002   1.5040655E-002
   9.2799997E+000   2.5533560E-002   7.9725390E-003   4.8897806E-002   1.5259497E-002
   9.3199998E+000   2.5688927E-002   7.9773772E-003   4.9573224E-002   1.5429204E-002
   9.3599999E+000   2.5953452E-002   8.0350300E-003   5.0256052E-002   1.5495169E-002
   9.4000000E+000   2.6043583E-002   7.9968892E-003   5.0781687E-002   1.5603740E-002
   9.4400001E+000   2.6199386E-002   8.0128740E-003   5.1321647E-002   1.5669199E-002
   9.4800001E+000   2.6413812E-002   8.0307622E-003   5.2100565E-002   1.5836692E-002
   9.5200002E+000   2.6542589E-002   8.0321681E-003   5.2588112E-002   1.5993249E-002
   9.5599997E+000   2.6749466E-002   8.0973283E-003   5.3288310E-002   1.6057317E-002
   9.5999998E+000   2.6923320E-002   8.0910448E-003   5.3937022E-002   1.6160246E-002
   9.6399999E+000   2.7176294E-002   8.1438042E-003   5.4508587E-002   1.6230619E-002
   9.6799999E+000   2.7424780E-002   8.0978361E-003   5.5384832E-002   1.6488750E-002
   9.7200000E+000   2.7540056E-002   8.1772744E-003   5.6169802E-002   1.6597497E-002
   9.7600001E+000   2.7749594E-002   8.1576735E-003   5.7092491E-002   1.6783468E-002
   9.8000002E+000   2.7827893E-002   8.1962342E-003   5.7767354E-002   1.6972127E-002
   9.8400003E+000   2.8052721E-002   8.2155784E-003   5.8460267E-002   1.7122205E-002
   9.8799998E+000   2.8176357E-002   8.1951987E-003   5.9305418E-002   1.7328675E-002
   9.9199998E+000   2.8390174E-002   8.2576619E-003   5.9996518E-002   1.7523059E-002
   9.9599999E+000   2.8674381E-002   8.3052428E-003   6.0908676E-002   1.7789366E-002
   1.0000000E+001   2.8714401E-002   8.3042981E-003   6.1973456E-002   1.7976123E-002
   1.0039999E+001   2.8977050E-002   8.3917215E-003   6.2742914E-002   1.8080781E-002
   1.0080000E+001   2.9134388E-002   8.4139823E-003   6.3654181E-002   1.8301616E-002
   1.0120000E+001   2.9243825E-002   8.3633548E-003   6.4362882E-002   1.8504858E-002
   1.0160000E+001   2.9493563E-002   8.4568265E-003   6.5230049E-002   1.8660450E-002
   1.0200000E+001   2.9649955E-002   8.3863371E-003   6.6202807E-002   1.8888794E-002
   1.0240000E+001   2.9825988E-002   8.4522654E-003   6.7204271E-002   1.9183560E-002
   1.0280000E+001   3.0003132E-002   8.4542973E-003   6.8290879E-002   1.9445617E-002
   1.0319999E+001   3.0300964E-002   8.4761319E-003   6.8961193E-002   1.9535261E-002
   1.0360000E+001   3.0411812E-002   8.3642877E-003   6.9910311E-002   1.9709053E-002
   1.0400000E+001   3.0482063E-002   8.2635891E-003   7.0707766E-002   1.9853079E-002
   1.0440000E+001   3.0699394E-002   8.3609275E-003   7.1842245E-002   2.0087502E-002
   1.0480000E+001   3.0780843E-002   8.2809863E-003   7.2659480E-002   2.0213525E-002
   1.0520000E+001   3.0926743E-002   8.2728578E-003   7.3366694E-002   2.0074008E-002
   1.0560000E+001   3.1098450E-002   8.2498350E-003   7.4390985E-002   2.0393764E-002
   1.0599999E+001   3.1284231E-002   8.2218759E-003   7.4992546E-002   2.0362793E-002
   1.0640000E+001   3.1406039E-002   8.1676773E-003   7.5640742E-002   2.0529981E-002
   1.0680000E+001   3.1451084E-002   8.1480544E-003   7.5578283E-002   2.0440922E-002
   1.0720000E+001   3.1638073E-002   8.1772808E-003   7.4787455E-002   2.0036930E-002
   1.0760000E+001   3.1638724E-002   8.1448400E-003   7.2874056E-002   1.9427411E-002
   1.0800000E+001   3.1708916E-002   8.1477156E-003   6.8927164E-002   1.8375940E-002
   1.0840000E+001   3.1970878E-002   8.1988100E-003   6.2417765E-002   1.6519636E-002
   1.0880001E+001   3.2122080E-002   8.2985081E-003   5.2873341E-002   1.3906631E-002
   1.0920000E+001   3.2164387E-002   8.2589501E-003   4.1045292E-002   1.0788032E-002
   1.0960000E+001   3.2157259E-002   8.2332327E-003   2.8649689E-002   7.3838807E-003
   1.1000000E+001   3.2393665E-002   8.1646069E-003   1.8288080E-002   4.6170852E-003
   1.1040000E+001   3.2468930E-002   8.1473532E-003   1.1309400E-002   2.7716180E-003
   1.1080000E+001   3.2554856E-002   8.0458705E-003   7.6252721E-003   1.8016510E-003
   1.1120000E+001   3.2813791E-002   8.0179090E-003   6.2108616E-003   1.3755116E-003
   1.1160001E+001   3.2925394E-002   8.0406704E-003   6.0369311E-003   1.2688342E-003
   1.1200000E+001   3.3008693E-002   7.9614626E-003   6.3890485E-003   1.2880532E-003
   1.1240000E+001   3.3202408E-002   7.9485502E-003   6.8289547E-003   1.2724889E-003
   1.1280000E+001   3.3422928E-002   7.9536559E-003   7.2715567E-003   1.3036268E-003
   1.1320000E+001   3.3417986E-002   7.8159604E-003   7.7682839E-003   1.3528248E-003
   1.1360000E+001   3.3570618E-002   7.7265076E-003   8.2844686E-003   1.3744658E-003
   1.1400000E+001   3.3669990E-002   7.6754201E-003   8.7772191E-003   1.3901238E-003
   1.1440001E+001   3.3824687E-002   7.6146662E-003   9.3034507E-003   1.4068382E-003
   1.1480000E+001   3.4030543E-002   7.6509588E-003   9.8387287E-003   1.4276727E-003
   1.1520000E+001   3.4357465E-002   7.6812122E-003   1.0262619E-002   1.5078919E-003
   1.1560000E+001   3.4617002E-002   7.7221526E-003   1.0794104E-002   1.5254761E-003
   1.1600000E+001   3.4916843E-002   7.8221297E-003   1.1261163E-002   1.5850317E-003
   1.1640000E+001   3.5125286E-002   7.8431106E-003   1.1729159E-002   1.6117617E-003
   1.1680000E+001   3.5247844E-002   7.8522554E-003   1.2267405E-002   1.6792889E-003
   1.1720001E+001   3.5475955E-002   7.7987510E-003   1.2901930E-002   1.7172406E-003
   1.1760000E+001   3.5671141E-002   7.7862035E-003   1.3351300E-002   1.7092546E-003
   1.1799999E+001   3.5840765E-002   7.7521048E-003   1.3954625E-002   1.7259190E-003
   1.1840000E+001   3.5916310E-002   7.7017954E-003   1.4486439E-002   1.7808061E-003
   1.1880000E+001   3.6209368E-002   7.7117293E-003   1.4939696E-002   1.8385936E-003
   1.1920000E+001   3.6377247E-002   7.6218457E-003   1.5396909E-002   1.8596981E-003
   1.1960000E+001   3.6728009E-002   7.5788926E-003   1.5897973E-002   1.9278682E-003
   1.2000000E+001   3.7086723E-002   7.5306472E-003   1.6465407E-002   1.9661351E-003
   1.2040000E+001   3.7349810E-002   7.3984395E-003   1.6917603E-002   2.0020002E-003
   1.2079999E+001   3.7678621E-002   7.2100207E-003   1.7465207E-002   2.0369907E-003
   1.2120000E+001   3.7959750E-002   7.2185419E-003   1.8012720E-002   2.0563392E-003
   1.2160000E+001   3.8154373E-002   7.1551408E-003   1.8571780E-002   2.1473074E-003
   1.2200000E+001   3.8325937E-002   7.1522056E-003   1.9031068E-002   2.1452759E-003
   1.2240000E+001   3.8603723E-002   7.1681570E-003   1.9518326E-002   2.1772323E-003
   1.2280000E+001   3.8944246E-002   7.1533692E-003   2.0076078E-002   2.2305388E-003
   1.2320000E+001   3.9072848E-002   6.9808658E-003   2.0573496E-002   2.2317291E-003
   1.2359999E+001   3.9413917E-002   7.0207232E-003   2.1029371E-002   2.2595835E-003
   1.2400000E+001   3.9743420E-002   6.9940120E-003   2.1467231E-002   2.2801497E-003
   1.2440000E+001   4.0106098E-002   6.9361038E-003   2.1964340E-002   2.2979646E-003
   1.2480000E+001   4.0255248E-002   6.8962787E-003   2.2498487E-002   2.3411497E-003
   1.2520000E+001   4.0409948E-002   6.8154780E-003   2.3027889E-002   2.3882359E-003
   1.2560000E+001   4.0770787E-002   6.7068679E-003   2.3753787E-002   2.4941285E-003
   1.2600000E+001   4.0898663E-002   6.7326842E-003   2.4419450E-002   2.4863758E-003
   1.2640001E+001   4.1141306E-002   6.6328406E-003   2.4869146E-002   2.5284888E-003
   1.2680000E+001   4.1273332E-002   6.5473337E-003   2.5493656E-002   2.5645600E-003
   1.2720000E+001   4.1608656E-002   6.3977904E-003   2.6022758E-002   2.5667007E-003
   1.2760000E+001   4.2026894E-002   6.3722433E-003   2.6565546E-002   2.6256329E-003
   1.2800000E+001   4.2302707E-002   6.3570846E-003   2.7156803E-002   2.7237469E-003
   1.2840000E+001   4.2713556E-002   6.2346958E-003   2.7598243E-002   2.7230134E-003
   1.2880000E+001   4.2887066E-002   6.1610950E-003   2.8196513E-002   2.7578546E-003
   1.2920001E+001   4.3139806E-002   6.1574887E-003   2.8666370E-002   2.7809676E-003
   1.2960000E+001   4.3558014E-002   6.1167261E-003   2.9250464E-002   2.7890848E-003
   1.3000000E+001   4.3807284E-002   6.0257611E-003   2.9726582E-002   2.8529842E-003
   1.3040000E+001   4.4502570E-002   6.0704723E-003   3.0361518E-002   2.8879613E-003
   1.3080000E+001   4.4841971E-002   5.9431489E-003   3.1109301E-002   2.9573981E-003
   1.3120000E+001   4.5204940E-002   5.8595922E-003   3.1749006E-002   2.9109506E-003
   1.3160000E+001   4.5455679E-002   5.8176767E-003   3.2385660E-002   2.9526149E-003
   1.3200001E+001   4.5864424E-002   5.7428319E-003   3.2925319E-002   2.9475709E-003
   1.3240000E+001   4.6096317E-002   5.6785965E-003   3.3415785E-002   2.9611524E-003
   1.3279999E+001   4.6555633E-002   5.6001597E-003   3.3997363E-002   3.0041150E-003
   1.3320000E+001   4.6790154E-002   5.5289636E-003   3.4587099E-002   3.0666069E-003
   1.3360000E+001   4.7250087E-002   5.4905197E-003   3.5213715E-002   3.1475193E-003
   1.3400000E+001   4.7574570E-002   5.4812271E-003   3.5655063E-002   3.1501774E-003
   1.3440000E+001   4.8080989E-002   5.5216579E-003   3.6265225E-002   3.1683441E-003
   1.3480000E+001   4.8504815E-002   5.3653717E-003   3.6797218E-002   3.1747493E-003
   1.3520000E+001   4.8777882E-002   5.3649616E-003   3.7316845E-002   3.1699648E-003
   1.3559999E+001   4.9456922E-002   5.3151527E-003   3.7929888E-002   3.2170884E-003
   1.3600000E+001   4.9630453E-002   5.2494717E-003   3.8552978E-002   3.3044367E-003
   1.3640000E+001   5.0230696E-002   5.2195649E-003   3.9106843E-002   3.3071853E-003
   1.3680000E+001   5.0666898E-002   5.1752729E-003   3.9645740E-002   3.3604126E-003
   1.3720000E+001   5.0998427E-002   5.1870251E-003   4.0157008E-002   3.3263736E-003
   1.3760000E+001   5.1455060E-002   5.1883068E-003   4.0707079E-002   3.3718168E-003
   1.3800000E+001   5.1714862E-002   5.1455365E-003   4.1372258E-002   3.4327301E-003
   1.3839999E+001   5.2033908E-002   5.1603211E-003   4.1928700E-002   3.4226560E-003
   1.3880000E+001   5.2482818E-002   5.1077338E-003   4.2631206E-002   3.4856780E-003
   1.3920000E+001   5.3119524E-002   5.0899589E-003   4.3232392E-002   3.5520268E-003
   1.3960000E+001   5.3539613E-002   5.0996647E-003   4.3714394E-002   3.5260381E-003
   1.4000000E+001   5.4141573E-002   5.0079394E-003   4.4246572E-002   3.5182073E-003
   1.4040000E+001   5.4832377E-002   5.0385358E-003   4.4695454E-002   3.5604373E-003
   1.4080000E+001   5.5235744E-002   4.8649979E-003   4.5352675E-002   3.5819011E-003
   1.4119999E+001   5.5743576E-002   4.9057729E-003   4.6039606E-002   3.6462657E-003
   1.4160000E+001   5.6358847E-002   4.9168547E-003   4.6517814E-002   3.6700568E-003
   1.4200000E+001   5.6785019E-002   4.8663866E-003   4.7161715E-002   3.6740531E-003
   1.4240000E+001   5.7295134E-002   4.9316069E-003   4.7623915E-002   3.7141737E-003
   1.4280000E+001   5.7925429E-002   4.8899076E-003   4.8254249E-002   3.7023229E-003
   1.4320000E+001   5.8381483E-002   4.7875543E-003   4.8718133E-002   3.7742540E-003
   1.4360000E+001   5.8961090E-002   4.7719405E-003   4.9321461E-002   3.7404937E-003
   1.4400001E+001   5.9395684E-002   4.6666915E-003   4.9901255E-002   3.7874353E-003
   1.4440000E+001   5.9940364E-002   4.6487405E-003   5.0636586E-002   3.7671090E-003
   1.4480000E+001   6.0649582E-002   4.6674959E-003   5.1254694E-002   3.7949841E-003
   1.4520000E+001   6.0974799E-002   4.6562876E-003   5.1924612E-002   3.8014082E-003
   1.4560000E+001   6.1326016E-002   4.5739436E-003   5.2676081E-002   3.8072274E-003
   1.4600000E+001   6.1743725E-002   4.5515307E-003   5.3314879E-002   3.7880549E-003
   1.4640000E+001   6.2469893E-002   4.4973687E-003   5.4074097E-002   3.8391268E-003
   1.4680001E+001   6.3034624E-002   4.3874331E-003   5.4722463E-002   3.8805691E-003
   1.4720000E+001   6.3695913E-002   4.3725877E-003   5.5384312E-002   3.8260788E-003
   1.4760000E+001   6.4231594E-002   4.3317503E-003   5.6144138E-002   3.7964950E-003
   1.4800000E+001   6.4576154E-002   4.2716321E-003   5.6974238E-002   3.8276634E-003
   1.4840000E+001   6.5129133E-002   4.2348957E-003   5.7580139E-002   3.8526867E-003
   1.4880000E+001   6.5848757E-002   4.2282710E-003   5.8355816E-002   3.9270523E-003
   1.4920000E+001   6.6377830E-002   4.2207929E-003   5.8815763E-002   3.9400184E-003
   1.4960001E+001   6.6857093E-002   4.1637851E-003   5.9360747E-002   3.9250261E-003
   1.5000000E+001   6.7419552E-002   4.1207791E-003   6.0041344E-002   3.8841046E-003
   1.5039999E+001   6.7967917E-002   4.0971196E-003   6.0887142E-002   3.9618025E-003
   1.5080000E+001   6.8521265E-002   4.0451761E-003   6.1697615E-002   3.9092766E-003
   1.5120000E+001   6.9368099E-002   4.0298027E-003   6.2346376E-002   3.9124131E-003
   1.5160000E+001   7.0036974E-002   4.0476919E-003   6.2917513E-002   3.9159465E-003
   1.5200000E+001   7.0650324E-002   4.0222670E-003   6.3710147E-002   3.8782323E-003
   1.5240000E+001   7.1163546E-002   3.9317235E-003   6.4430276E-002   3.8542480E-003
   1.5280000E+001   7.1782672E-002   3.9656964E-003   6.5244468E-002   3.8595631E-003
   1.5319999E+001   7.2322003E-002   4.0172074E-003   6.6005762E-002   3.9053415E-003
   1.5360000E+001   7.3033022E-002   3.9658846E-003   6.6725735E-002   3.9598693E-003
   1.5400000E+001   7.3506491E-002   3.8977197E-003   6.7552436E-002   4.0310447E-003
   1.5440000E+001   7.4423085E-002   3.9266740E-003   6.8314295E-002   4.1055695E-003
   1.5480000E+001   7.5122170E-002   3.9132438E-003   6.8993116E-002   4.1987363E-003
   1.5520000E+001   7.5668485E-002   3.9381301E-003   6.9832538E-002   4.1628921E-003
   1.5560000E+001   7.6459944E-002   3.8827592E-003   7.0648540E-002   4.1398173E-003
   1.5599999E+001   7.7327715E-002   3.9090300E-003   7.1522389E-002   4.2132559E-003
   1.5640000E+001   7.7956231E-002   3.9473816E-003   7.2383897E-002   4.2309539E-003
   1.5680000E+001   7.8619032E-002   3.9347431E-003   7.2956759E-002   4.3364576E-003
   1.5720000E+001   7.9523538E-002   3.9450283E-003   7.3603576E-002   4.2850294E-003
   1.5760000E+001   8.0337044E-002   3.9624831E-003   7.4191166E-002   4.3242554E-003
   1.5800000E+001   8.0777388E-002   3.9409021E-003   7.4897006E-002   4.4066590E-003
   1.5840000E+001   8.1576244E-002   3.8944290E-003   7.5899823E-002   4.4704086E-003
   1.5880001E+001   8.2193544E-002   3.8818069E-003   7.6757516E-002   4.5706080E-003
   1.5920000E+001   8.2768186E-002   3.8974445E-003   7.7502409E-002   4.6527636E-003
   1.5960000E+001   8.3681155E-002   3.8832476E-003   7.8381202E-002   4.6863703E-003
   1.6000000E+001   8.4416745E-002   3.8984517E-003   7.8792410E-002   4.6908063E-003
   1.6040000E+001   8.4818817E-002   3.9142193E-003   7.9611514E-002   4.7312074E-003
   1.6080000E+001   8.5569977E-002   3.9164423E-003   8.0284826E-002   4.8814021E-003
   1.6120000E+001   8.6225906E-002   3.9135672E-003   8.1337699E-002   4.9544392E-003
   1.6160001E+001   8.6904100E-002   3.9470381E-003   8.2078228E-002   5.1242001E-003
   1.6200000E+001   8.7315017E-002   4.0454024E-003   8.2815536E-002   5.2598129E-003
   1.6240000E+001   8.7940842E-002   3.9669442E-003   8.3967393E-002   5.3960131E-003
   1.6280000E+001   8.8712281E-002   4.0064034E-003   8.4614602E-002   5.4547737E-003
   1.6320000E+001   8.9193153E-002   4.0701844E-003   8.5417017E-002   5.4712210E-003
   1.6360000E+001   8.9775593E-002   4.0968482E-003   8.6095072E-002   5.4502602E-003
   1.6400000E+001   9.0532063E-002   4.2248627E-003   8.6917533E-002   5.5832235E-003
   1.6440001E+001   9.1312011E-002   4.3425513E-003   8.7945161E-002   5.6978754E-003
   1.6480000E+001   9.1944042E-002   4.4712180E-003   8.8793901E-002   5.9059452E-003
   1.6520000E+001   9.3062269E-002   4.5961064E-003   8.9881177E-002   5.9945594E-003
   1.6560000E+001   9.3748115E-002   4.6346584E-003   9.0602756E-002   6.3136218E-003
   1.6600000E+001   9.4353444E-002   4.7374029E-003   9.1114107E-002   6.3464915E-003
   1.6640000E+001   9.5073317E-002   4.8777020E-003   9.2009212E-002   6.5070154E-003
   1.6680000E+001   9.5826547E-002   4.9903976E-003   9.2900295E-002   6.7476313E-003
   1.6720001E+001   9.6848600E-002   5.3264700E-003   9.3728553E-002   6.9583957E-003
   1.6760000E+001   9.7690666E-002   5.2830817E-003   9.4341248E-002   7.0321019E-003
   1.6799999E+001   9.8268549E-002   5.4616718E-003   9.5071965E-002   7.0629567E-003
   1.6840000E+001   9.9434732E-002   5.4983982E-003   9.6039711E-002   7.3753278E-003
   1.6880000E+001   1.0011404E-001   5.6961583E-003   9.6848495E-002   7.5352328E-003
   1.6920000E+001   1.0083374E-001   5.8117406E-003   9.7738604E-002   7.8809117E-003
   1.6960000E+001   1.0166158E-001   6.2137656E-003   9.8754164E-002   8.1821802E-003
   1.7000000E+001   1.0251464E-001   6.3785183E-003   9.9611071E-002   8.2525886E-003
   1.7040000E+001   1.0366536E-001   7.1507206E-003   1.0070059E-001   8.6844432E-003
   1.7079999E+001   1.0419840E-001   7.0059601E-003   1.0163769E-001   8.9373654E-003
   1.7120000E+001   1.0512669E-001   7.6152955E-003   1.0254713E-001   9.2721368E-003
   1.7160000E+001   1.0613130E-001   7.7452714E-003   1.0373285E-001   9.6119746E-003
   1.7200000E+001   1.0694122E-001   8.1590187E-003   1.0454246E-001   9.8548146E-003
   1.7240000E+001   1.0786927E-001   8.0674530E-003   1.0551301E-001   1.0078384E-002
   1.7280000E+001   1.0865699E-001   8.4274922E-003   1.0654073E-001   1.0397909E-002
   1.7320000E+001   1.0955327E-001   8.4563343E-003   1.0768837E-001   1.0740557E-002
   1.7359999E+001   1.1049543E-001   8.7093404E-003   1.0876587E-001   1.0865523E-002
   1.7400000E+001   1.1127707E-001   9.0955456E-003   1.0960044E-001   1.1180625E-002
   1.7440000E+001   1.1216775E-001   9.5139835E-003   1.1044523E-001   1.1219717E-002
   1.7480000E+001   1.1294745E-001   9.7908907E-003   1.1140427E-001   1.1264954E-002
   1.7520000E+001   1.1389768E-001   9.8719029E-003   1.1267463E-001   1.1740316E-002
   1.7560000E+001   1.1467295E-001   1.0213947E-002   1.1386757E-001   1.1778805E-002
   1.7600000E+001   1.1552308E-001   1.0475203E-002   1.1480024E-001   1.1847930E-002
   1.7640001E+001   1.1650831E-001   1.0778409E-002   1.1577828E-001   1.2286991E-002
   1.7680000E+001   1.1733639E-001   1.1165121E-002   1.1693594E-001   1.2333748E-002
   1.7720000E+001   1.1804218E-001   1.1296790E-002   1.1796452E-001   1.2595207E-002
   1.7760000E+001   1.1920161E-001   1.1808483E-002   1.1889028E-001   1.3046437E-002
   1.7800000E+001   1.2013015E-001   1.2243106E-002   1.2004320E-001   1.3277057E-002
   1.7840000E+001   1.2115754E-001   1.2538408E-002   1.2094302E-001   1.3699271E-002
   1.7880000E+001   1.2189651E-001   1.2791518E-002   1.2188445E-001   1.3830143E-002
   1.7920001E+001   1.2307491E-001   1.3244667E-002   1.2304160E-001   1.4266277E-002
   1.7960000E+001   1.2374836E-001   1.3108578E-002   1.2383399E-001   1.4756654E-002
   1.8000000E+001   1.2492963E-001   1.3286958E-002   1.2507370E-001   1.5192686E-002
   1.8040000E+001   1.2584264E-001   1.3471085E-002   1.2576919E-001   1.5540482E-002
   1.8080000E+001   1.2700728E-001   1.3626803E-002   1.2686485E-001   1.5915978E-002
   1.8120000E+001   1.2810992E-001   1.3796745E-002   1.2785639E-001   1.6192774E-002
   1.8160000E+001   1.2883532E-001   1.4112545E-002   1.2893476E-001   1.6667373E-002
   1.8200001E+001   1.3008325E-001   1.4470421E-002   1.3010142E-001   1.7035688E-002
   1.8240000E+001   1.3059755E-001   1.4867275E-002   1.3107909E-001   1.7381209E-002
   1.8279999E+001   1.3172262E-001   1.5295520E-002   1.3221762E-001   1.7850278E-002
   1.8320000E+001   1.3255535E-001   1.5352143E-002   1.3348254E-001   1.8097972E-002
   1.8360000E+001   1.3397659E-001   1.5887897E-002   1.3480136E-001   1.8314881E-002
   1.8400000E+001   1.3523591E-001   1.6154327E-002   1.3574415E-001   1.8610646E-002
   1.8440000E+001   1.3629042E-001   1.6628274E-002   1.3693927E-001   1.9139652E-002
   1.8480000E+001   1.3772051E-001   1.6861817E-002   1.3809349E-001   1.9446195E-002
   1.8520000E+001   1.3860365E-001   1.7115967E-002   1.3928327E-001   1.9922718E-002
   1.8559999E+001   1.3978905E-001   1.7525480E-002   1.4013353E-001   2.0385566E-002
   1.8600000E+001   1.4059968E-001   1.7822891E-002   1.4096390E-001   2.0606001E-002
   1.8640000E+001   1.4194645E-001   1.8092395E-002   1.4175452E-001   2.0941242E-002
   1.8680000E+001   1.4274878E-001   1.8471195E-002   1.4303267E-001   2.1387191E-002
   1.8720000E+001   1.4394636E-001   1.9039011E-002   1.4387601E-001   2.1729671E-002
   1.8760000E+001   1.4475476E-001   1.9430338E-002   1.4505264E-001   2.2057797E-002
   1.8800000E+001   1.4629114E-001   1.9934139E-002   1.4635836E-001   2.2616238E-002
   1.8839999E+001   1.4721605E-001   2.0232239E-002   1.4726099E-001   2.3046589E-002
   1.8880000E+001   1.4880688E-001   2.0844689E-002   1.4836717E-001   2.3322995E-002
   1.8920000E+001   1.4973172E-001   2.1098143E-002   1.4940305E-001   2.3650942E-002
   1.8960000E+001   1.5114655E-001   2.1598600E-002   1.5081002E-001   2.4250097E-002
   1.9000000E+001   1.5231307E-001   2.1893836E-002   1.5165648E-001   2.4794990E-002
   1.9040000E+001   1.5332287E-001   2.2166169E-002   1.5274319E-001   2.4985474E-002
   1.9080000E+001   1.5458449E-001   2.2800219E-002   1.5354883E-001   2.5546454E-002
   1.9119999E+001   1.5547453E-001   2.2905115E-002   1.5495810E-001   2.6065027E-002
   1.9160000E+001   1.5668055E-001   2.3374273E-002   1.5602035E-001   2.6044219E-002
   1.9200000E+001   1.5761846E-001   2.3783945E-002   1.5717636E-001   2.6603875E-002
   1.9240000E+001   1.5899659E-001   2.4036465E-002   1.5853864E-001   2.6955931E-002
   1.9280000E+001   1.6002806E-001   2.4446712E-002   1.5984960E-001   2.7493440E-002
   1.9320000E+001   1.6126781E-001   2.4832526E-002   1.6086807E-001   2.8001587E-002
   1.9360000E+001   1.6232372E-001   2.5194082E-002   1.6192628E-001   2.8088309E-002
   1.9400001E+001   1.6334362E-001   2.5877896E-002   1.6305434E-001   2.8641610E-002
   1.9440000E+001   1.6440028E-001   2.5917072E-002   1.6421794E-001   2.9162194E-002
   1.9480000E+001   1.6530847E-001   2.6313510E-002   1.6526712E-001   2.9099341E-002
   1.9520000E+001   1.6682924E-001   2.6541838E-002   1.6676938E-001   2.9560341E-002
   1.9560000E+001   1.6761042E-001   2.7029481E-002   1.6809194E-001   2.9854529E-002
   1.9600000E+001   1.6885729E-001   2.7087921E-002   1.6964484E-001   3.0470416E-002
   1.9640000E+001   1.6994901E-001   2.7607339E-002   1.7099338E-001   3.0942990E-002
   1.9680001E+001   1.7133315E-001   2.7957343E-002   1.7256293E-001   3.1488372E-002
   1.9720000E+001   1.7275965E-001   2.8678306E-002   1.7381403E-001   3.1894999E-002
   1.9760000E+001   1.7425188E-001   2.9183502E-002   1.7525646E-001   3.2027899E-002
   1.9800000E+001   1.7549975E-001   3.0362500E-002   1.7622097E-001   3.2876449E-002
   1.9840000E+001   1.7673780E-001   3.0187141E-002   1.7754604E-001   3.3238756E-002
   1.9880000E+001   1.7808303E-001   3.0729521E-002   1.7865563E-001   3.3898592E-002
   1.9920000E+001   1.7921122E-001   3.1027604E-002   1.8023321E-001   3.4294564E-002
   1.9960001E+001   1.8060190E-001   3.1495050E-002   1.8156673E-001   3.4692664E-002
   2.0000000E+001   1.8188012E-001   3.2277105E-002   1.8230101E-001   3.4993521E-002
