   8.0000004E-002   0.0000000E+000   0.0000000E+000   0.0000000E+000   0.0000000E+000   0.0000000E+000
   1.2000000E-001   0.0000000E+000   0.0000000E+000   0.0000000E+000   0.0000000E+000   0.0000000E+000
   1.6000001E-001   0.0000000E+000   0.0000000E+000   0.0000000E+000   0.0000000E+000   0.0000000E+000
   2.0000000E-001   0.0000000E+000   0.0000000E+000   0.0000000E+000   0.0000000E+000   0.0000000E+000
   2.4000000E-001   0.0000000E+000   0.0000000E+000   0.0000000E+000   0.0000000E+000   0.0000000E+000
   2.8000001E-001   0.0000000E+000   0.0000000E+000   0.0000000E+000   0.0000000E+000   0.0000000E+000
   3.2000002E-001   0.0000000E+000   0.0000000E+000   0.0000000E+000   0.0000000E+000   0.0000000E+000
   3.5999998E-001   0.0000000E+000   0.0000000E+000   0.0000000E+000   0.0000000E+000   0.0000000E+000
   3.9999999E-001   0.0000000E+000   0.0000000E+000   0.0000000E+000   0.0000000E+000   0.0000000E+000
   4.4000000E-001   0.0000000E+000   0.0000000E+000   0.0000000E+000   0.0000000E+000   0.0000000E+000
   4.8000000E-001   0.0000000E+000   0.0000000E+000   0.0000000E+000   0.0000000E+000   0.0000000E+000
   5.2000001E-001   0.0000000E+000   0.0000000E+000   0.0000000E+000   0.0000000E+000   0.0000000E+000
   5.6000002E-001   0.0000000E+000   0.0000000E+000   0.0000000E+000   0.0000000E+000   0.0000000E+000
   5.9999999E-001   0.0000000E+000   0.0000000E+000   0.0000000E+000   0.0000000E+000   0.0000000E+000
   6.4000003E-001   0.0000000E+000   0.0000000E+000   0.0000000E+000   0.0000000E+000   0.0000000E+000
   6.8000004E-001   0.0000000E+000   0.0000000E+000   0.0000000E+000   0.0000000E+000   0.0000000E+000
   7.1999997E-001   0.0000000E+000   0.0000000E+000   0.0000000E+000   0.0000000E+000   0.0000000E+000
   7.5999998E-001   0.0000000E+000   0.0000000E+000   0.0000000E+000   0.0000000E+000   0.0000000E+000
   7.9999998E-001   0.0000000E+000   0.0000000E+000   0.0000000E+000   0.0000000E+000   0.0000000E+000
   8.3999999E-001   0.0000000E+000   0.0000000E+000   0.0000000E+000   0.0000000E+000   0.0000000E+000
   8.8000000E-001   0.0000000E+000   0.0000000E+000   0.0000000E+000   0.0000000E+000   0.0000000E+000
   9.2000000E-001   0.0000000E+000   0.0000000E+000   0.0000000E+000   0.0000000E+000   0.0000000E+000
   9.6000001E-001   0.0000000E+000   0.0000000E+000   0.0000000E+000   0.0000000E+000   0.0000000E+000
   1.0000000E+000   0.0000000E+000   0.0000000E+000   0.0000000E+000   0.0000000E+000   0.0000000E+000
   1.0400000E+000   0.0000000E+000   0.0000000E+000   0.0000000E+000   0.0000000E+000   0.0000000E+000
   1.0800000E+000   0.0000000E+000   0.0000000E+000   0.0000000E+000   0.0000000E+000   0.0000000E+000
   1.1200000E+000   0.0000000E+000   0.0000000E+000   0.0000000E+000   0.0000000E+000   0.0000000E+000
   1.1600000E+000   0.0000000E+000   0.0000000E+000   0.0000000E+000   0.0000000E+000   0.0000000E+000
   1.2000000E+000   0.0000000E+000   0.0000000E+000   0.0000000E+000   0.0000000E+000   0.0000000E+000
   1.2400000E+000   0.0000000E+000   0.0000000E+000   0.0000000E+000   0.0000000E+000   0.0000000E+000
   1.2800001E+000   0.0000000E+000   0.0000000E+000   0.0000000E+000   0.0000000E+000   0.0000000E+000
   1.3200000E+000   0.0000000E+000   0.0000000E+000   0.0000000E+000   0.0000000E+000   0.0000000E+000
   1.3600001E+000   0.0000000E+000   0.0000000E+000   0.0000000E+000   0.0000000E+000   0.0000000E+000
   1.4000000E+000   0.0000000E+000   0.0000000E+000   0.0000000E+000   0.0000000E+000   0.0000000E+000
   1.4399999E+000   0.0000000E+000   0.0000000E+000   0.0000000E+000   0.0000000E+000   0.0000000E+000
   1.4800000E+000   0.0000000E+000   0.0000000E+000   0.0000000E+000   0.0000000E+000   0.0000000E+000
   1.5200000E+000   0.0000000E+000   0.0000000E+000   0.0000000E+000   0.0000000E+000   0.0000000E+000
   1.5600000E+000   0.0000000E+000   0.0000000E+000   0.0000000E+000   0.0000000E+000   0.0000000E+000
   1.6000000E+000   0.0000000E+000   0.0000000E+000   0.0000000E+000   0.0000000E+000   0.0000000E+000
   1.6400000E+000   0.0000000E+000   0.0000000E+000   0.0000000E+000   0.0000000E+000   0.0000000E+000
   1.6800000E+000   0.0000000E+000   0.0000000E+000   0.0000000E+000   0.0000000E+000   0.0000000E+000
   1.7200001E+000   0.0000000E+000   0.0000000E+000   0.0000000E+000   0.0000000E+000   0.0000000E+000
   1.7600000E+000   0.0000000E+000   0.0000000E+000   0.0000000E+000   0.0000000E+000   0.0000000E+000
   1.8000001E+000   0.0000000E+000   0.0000000E+000   0.0000000E+000   0.0000000E+000   0.0000000E+000
   1.8400000E+000   0.0000000E+000   0.0000000E+000   0.0000000E+000   0.0000000E+000   0.0000000E+000
   1.8799999E+000   0.0000000E+000   0.0000000E+000   0.0000000E+000   0.0000000E+000   0.0000000E+000
   1.9200000E+000   0.0000000E+000   0.0000000E+000   0.0000000E+000   0.0000000E+000   0.0000000E+000
   1.9599999E+000   0.0000000E+000   0.0000000E+000   0.0000000E+000   0.0000000E+000   0.0000000E+000
   2.0000000E+000   0.0000000E+000   0.0000000E+000   0.0000000E+000   0.0000000E+000   0.0000000E+000
   2.0400000E+000   0.0000000E+000   0.0000000E+000   0.0000000E+000   0.0000000E+000   0.0000000E+000
   2.0800000E+000   0.0000000E+000   0.0000000E+000   0.0000000E+000   0.0000000E+000   0.0000000E+000
   2.1200000E+000   0.0000000E+000   0.0000000E+000   0.0000000E+000   0.0000000E+000   0.0000000E+000
   2.1600001E+000   0.0000000E+000   0.0000000E+000   0.0000000E+000   0.0000000E+000   0.0000000E+000
   2.2000000E+000   0.0000000E+000   0.0000000E+000   0.0000000E+000   0.0000000E+000   0.0000000E+000
   2.2400001E+000   0.0000000E+000   0.0000000E+000   0.0000000E+000   0.0000000E+000   0.0000000E+000
   2.2800000E+000   0.0000000E+000   0.0000000E+000   0.0000000E+000   0.0000000E+000   0.0000000E+000
   2.3199999E+000   0.0000000E+000   0.0000000E+000   0.0000000E+000   0.0000000E+000   0.0000000E+000
   2.3600000E+000   0.0000000E+000   0.0000000E+000   0.0000000E+000   0.0000000E+000   0.0000000E+000
   2.3999999E+000   0.0000000E+000   0.0000000E+000   0.0000000E+000   0.0000000E+000   0.0000000E+000
   2.4400000E+000   0.0000000E+000   0.0000000E+000   0.0000000E+000   0.0000000E+000   0.0000000E+000
   2.4800000E+000   0.0000000E+000   0.0000000E+000   0.0000000E+000   0.0000000E+000   0.0000000E+000
   2.5200000E+000   0.0000000E+000   0.0000000E+000   0.0000000E+000   0.0000000E+000   0.0000000E+000
   2.5600001E+000   0.0000000E+000   0.0000000E+000   0.0000000E+000   0.0000000E+000   0.0000000E+000
   2.5999999E+000   0.0000000E+000   0.0000000E+000   0.0000000E+000   0.0000000E+000   0.0000000E+000
   2.6400000E+000   0.0000000E+000   0.0000000E+000   0.0000000E+000   0.0000000E+000   0.0000000E+000
   2.6800001E+000   0.0000000E+000   0.0000000E+000   0.0000000E+000   0.0000000E+000   0.0000000E+000
   2.7200001E+000   0.0000000E+000   0.0000000E+000   0.0000000E+000   0.0000000E+000   0.0000000E+000
   2.7599999E+000   0.0000000E+000   0.0000000E+000   0.0000000E+000   0.0000000E+000   0.0000000E+000
   2.8000000E+000   0.0000000E+000   0.0000000E+000   0.0000000E+000   0.0000000E+000   0.0000000E+000
   2.8400001E+000   0.0000000E+000   0.0000000E+000   0.0000000E+000   0.0000000E+000   0.0000000E+000
   2.8799999E+000   0.0000000E+000   0.0000000E+000   0.0000000E+000   0.0000000E+000   0.0000000E+000
   2.9200000E+000   0.0000000E+000   0.0000000E+000   0.0000000E+000   0.0000000E+000   0.0000000E+000
   2.9600000E+000   0.0000000E+000   0.0000000E+000   0.0000000E+000   0.0000000E+000   0.0000000E+000
   3.0000001E+000   0.0000000E+000   0.0000000E+000   0.0000000E+000   0.0000000E+000   0.0000000E+000
   3.0399999E+000   0.0000000E+000   0.0000000E+000   0.0000000E+000   0.0000000E+000   0.0000000E+000
   3.0800000E+000   0.0000000E+000   0.0000000E+000   0.0000000E+000   0.0000000E+000   0.0000000E+000
   3.1200001E+000   0.0000000E+000   0.0000000E+000   0.0000000E+000   0.0000000E+000   0.0000000E+000
   3.1600001E+000   0.0000000E+000   0.0000000E+000   0.0000000E+000   0.0000000E+000   0.0000000E+000
   3.1999999E+000   0.0000000E+000   0.0000000E+000   0.0000000E+000   0.0000000E+000   0.0000000E+000
   3.2400000E+000   0.0000000E+000   0.0000000E+000   0.0000000E+000   0.0000000E+000   0.0000000E+000
   3.2800001E+000   0.0000000E+000   0.0000000E+000   0.0000000E+000   0.0000000E+000   0.0000000E+000
   3.3199999E+000   0.0000000E+000   0.0000000E+000   0.0000000E+000   0.0000000E+000   0.0000000E+000
   3.3600000E+000   0.0000000E+000   0.0000000E+000   0.0000000E+000   0.0000000E+000   0.0000000E+000
   3.4000000E+000   0.0000000E+000   0.0000000E+000   0.0000000E+000   0.0000000E+000   0.0000000E+000
   3.4400001E+000   0.0000000E+000   0.0000000E+000   0.0000000E+000   0.0000000E+000   0.0000000E+000
   3.4799999E+000   0.0000000E+000   0.0000000E+000   0.0000000E+000   0.0000000E+000   0.0000000E+000
   3.5200000E+000   0.0000000E+000   0.0000000E+000   0.0000000E+000   0.0000000E+000   0.0000000E+000
   3.5600001E+000   0.0000000E+000   0.0000000E+000   0.0000000E+000   0.0000000E+000   0.0000000E+000
   3.6000001E+000   0.0000000E+000   0.0000000E+000   0.0000000E+000   0.0000000E+000   0.0000000E+000
   3.6399999E+000   0.0000000E+000   0.0000000E+000   0.0000000E+000   0.0000000E+000   0.0000000E+000
   3.6800000E+000   0.0000000E+000   0.0000000E+000   0.0000000E+000   0.0000000E+000   0.0000000E+000
   3.7200001E+000   0.0000000E+000   0.0000000E+000   0.0000000E+000   0.0000000E+000   0.0000000E+000
   3.7599999E+000   0.0000000E+000   0.0000000E+000   0.0000000E+000   0.0000000E+000   0.0000000E+000
   3.8000000E+000   0.0000000E+000   0.0000000E+000   0.0000000E+000   0.0000000E+000   0.0000000E+000
   3.8400000E+000   0.0000000E+000   0.0000000E+000   0.0000000E+000   0.0000000E+000   0.0000000E+000
   3.8800001E+000   0.0000000E+000   0.0000000E+000   0.0000000E+000   0.0000000E+000   0.0000000E+000
   3.9199999E+000   0.0000000E+000   0.0000000E+000   0.0000000E+000   0.0000000E+000   0.0000000E+000
   3.9600000E+000   0.0000000E+000   0.0000000E+000   0.0000000E+000   0.0000000E+000   0.0000000E+000
   4.0000001E+000   0.0000000E+000   0.0000000E+000   0.0000000E+000   0.0000000E+000   0.0000000E+000
   4.0400001E+000   0.0000000E+000   0.0000000E+000   0.0000000E+000   0.0000000E+000   0.0000000E+000
   4.0799999E+000   0.0000000E+000   0.0000000E+000   0.0000000E+000   0.0000000E+000   0.0000000E+000
   4.1200000E+000   0.0000000E+000   0.0000000E+000   0.0000000E+000   0.0000000E+000   0.0000000E+000
   4.1600001E+000   0.0000000E+000   0.0000000E+000   0.0000000E+000   0.0000000E+000   0.0000000E+000
   4.1999999E+000   0.0000000E+000   0.0000000E+000   0.0000000E+000   0.0000000E+000   0.0000000E+000
   4.2399999E+000   0.0000000E+000   0.0000000E+000   0.0000000E+000   0.0000000E+000   0.0000000E+000
   4.2800000E+000   0.0000000E+000   0.0000000E+000   0.0000000E+000   0.0000000E+000   0.0000000E+000
   4.3200001E+000   0.0000000E+000   0.0000000E+000   0.0000000E+000   0.0000000E+000   0.0000000E+000
   4.3599999E+000   0.0000000E+000   0.0000000E+000   0.0000000E+000   0.0000000E+000   0.0000000E+000
   4.4000000E+000   0.0000000E+000   0.0000000E+000   0.0000000E+000   0.0000000E+000   0.0000000E+000
   4.4400001E+000   0.0000000E+000   0.0000000E+000   0.0000000E+000   0.0000000E+000   0.0000000E+000
   4.4800001E+000   0.0000000E+000   0.0000000E+000   0.0000000E+000   0.0000000E+000   0.0000000E+000
   4.5199999E+000   0.0000000E+000   0.0000000E+000   0.0000000E+000   0.0000000E+000   0.0000000E+000
   4.5600000E+000   0.0000000E+000   0.0000000E+000   0.0000000E+000   0.0000000E+000   0.0000000E+000
   4.6000001E+000   0.0000000E+000   0.0000000E+000   0.0000000E+000   0.0000000E+000   0.0000000E+000
   4.6399999E+000   0.0000000E+000   0.0000000E+000   0.0000000E+000   0.0000000E+000   0.0000000E+000
   4.6799999E+000   0.0000000E+000   0.0000000E+000   0.0000000E+000   0.0000000E+000   0.0000000E+000
   4.7200000E+000   0.0000000E+000   0.0000000E+000   0.0000000E+000   0.0000000E+000   0.0000000E+000
   4.7600001E+000   0.0000000E+000   0.0000000E+000   0.0000000E+000   0.0000000E+000   0.0000000E+000
   4.7999999E+000   0.0000000E+000   0.0000000E+000   0.0000000E+000   0.0000000E+000   0.0000000E+000
   4.8400000E+000   0.0000000E+000   0.0000000E+000   0.0000000E+000   0.0000000E+000   0.0000000E+000
   4.8800001E+000   0.0000000E+000   0.0000000E+000   0.0000000E+000   0.0000000E+000   0.0000000E+000
   4.9200001E+000   0.0000000E+000   0.0000000E+000   0.0000000E+000   0.0000000E+000   0.0000000E+000
   4.9599999E+000   0.0000000E+000   0.0000000E+000   0.0000000E+000   0.0000000E+000   0.0000000E+000
   5.0000000E+000   0.0000000E+000   0.0000000E+000   0.0000000E+000   0.0000000E+000   0.0000000E+000
   5.0400001E+000   0.0000000E+000   0.0000000E+000   0.0000000E+000   0.0000000E+000   0.0000000E+000
   5.0800002E+000   0.0000000E+000   0.0000000E+000   0.0000000E+000   0.0000000E+000   0.0000000E+000
   5.1200002E+000   0.0000000E+000   0.0000000E+000   0.0000000E+000   0.0000000E+000   0.0000000E+000
   5.1599997E+000   0.0000000E+000   0.0000000E+000   0.0000000E+000   0.0000000E+000   0.0000000E+000
   5.1999998E+000   0.0000000E+000   0.0000000E+000   0.0000000E+000   0.0000000E+000   0.0000000E+000
   5.2399999E+000   0.0000000E+000   0.0000000E+000   0.0000000E+000   0.0000000E+000   0.0000000E+000
   5.2800000E+000   0.0000000E+000   0.0000000E+000   0.0000000E+000   0.0000000E+000   0.0000000E+000
   5.3200001E+000   0.0000000E+000   0.0000000E+000   0.0000000E+000   0.0000000E+000   0.0000000E+000
   5.3600001E+000   0.0000000E+000   0.0000000E+000   0.0000000E+000   0.0000000E+000   0.0000000E+000
   5.4000002E+000   0.0000000E+000   0.0000000E+000   0.0000000E+000   0.0000000E+000   0.0000000E+000
   5.4400003E+000   0.0000000E+000   0.0000000E+000   0.0000000E+000   0.0000000E+000   0.0000000E+000
   5.4799998E+000   0.0000000E+000   0.0000000E+000   0.0000000E+000   0.0000000E+000   3.4909096E-276
   5.5199999E+000   0.0000000E+000   0.0000000E+000   2.6420550E-120   4.7758122E-122   3.2046018E-180
   5.5599999E+000   0.0000000E+000   0.0000000E+000   3.0755564E-078   4.5625031E-080   1.2665885E-116
   5.6000000E+000   0.0000000E+000   0.0000000E+000   1.2192563E-050   1.4664638E-052   9.9035930E-075
   5.6400001E+000   0.0000000E+000   0.0000000E+000   1.2264002E-032   1.0768322E-034   2.5882517E-047
   5.6800002E+000   0.0000000E+000   0.0000000E+000   5.8041338E-021   4.5906952E-023   1.6906510E-029
   5.7200003E+000   0.0000000E+000   0.0000000E+000   1.9129687E-013   1.0238750E-015   5.1240323E-018
   5.7599998E+000   0.0000000E+000   0.0000000E+000   1.2466275E-008   5.6211210E-011   1.0906345E-010
   5.7999998E+000   0.0000000E+000   0.0000000E+000   1.4502752E-005   4.8420965E-008   4.5484066E-006
   5.8399999E+000   0.0000000E+000   0.0000000E+000   1.2339508E-003   3.5860061E-006   3.3351645E-003
   5.8800000E+000   0.0000000E+000   0.0000000E+000   1.9083788E-002   4.5324991E-005   1.8107257E-001
   5.9200001E+000   0.0000000E+000   0.0000000E+000   9.3746625E-002   2.1069176E-004   1.8561938E+000
   5.9600002E+000   0.0000000E+000   0.0000000E+000   2.0997441E-001   7.0539749E-004   6.5831787E+000
   6.0000002E+000   0.0000000E+000   0.0000000E+000   2.6473310E-001   1.6436932E-003   1.1920447E+001
   6.0399997E+000   0.0000000E+000   0.0000000E+000   2.1545460E-001   2.1452380E-003   1.4126571E+001
   6.0799998E+000   0.0000000E+000   0.0000000E+000   1.3124115E-001   1.7526954E-003   1.2822827E+001
   6.1199999E+000   0.0000000E+000   0.0000000E+000   7.2261790E-002   8.8520042E-004   9.8418731E+000
   6.1600000E+000   0.0000000E+000   0.0000000E+000   3.9336019E-002   6.6341496E-004   6.7934806E+000
   6.2000000E+000   0.0000000E+000   0.0000000E+000   2.2077372E-002   5.1771705E-004   4.3809603E+000
   6.2400001E+000   0.0000000E+000   0.0000000E+000   1.2904757E-002   3.0193147E-004   2.7016194E+000
   6.2800002E+000   0.0000000E+000   0.0000000E+000   7.5050556E-003   2.0796924E-004   1.6157218E+000
   6.3200003E+000   0.0000000E+000   0.0000000E+000   4.4867955E-003   1.1901563E-004   9.4499189E-001
   6.3599998E+000   0.0000000E+000   0.0000000E+000   2.6557065E-003   7.1512809E-005   5.4314821E-001
   6.3999999E+000   0.0000000E+000   0.0000000E+000   1.5593584E-003   3.9971643E-005   3.0762324E-001
   6.4399999E+000   0.0000000E+000   0.0000000E+000   8.9715049E-004   2.9593138E-005   1.7192917E-001
   6.4800000E+000   0.0000000E+000   0.0000000E+000   5.1566759E-004   1.7166225E-005   9.4883073E-002
   6.5200001E+000   0.0000000E+000   0.0000000E+000   2.8697967E-004   8.3796567E-006   5.1714260E-002
   6.5600002E+000   0.0000000E+000   0.0000000E+000   1.5874609E-004   4.8274018E-006   2.7833153E-002
   6.6000003E+000   0.0000000E+000   0.0000000E+000   8.7839391E-005   2.6060388E-006   1.4788181E-002
   6.6399997E+000   0.0000000E+000   0.0000000E+000   4.6986775E-005   1.2871478E-006   7.7532883E-003
   6.6799998E+000   0.0000000E+000   0.0000000E+000   2.4915032E-005   7.3800246E-007   4.0092071E-003
   6.7199999E+000   0.0000000E+000   0.0000000E+000   1.2921126E-005   3.7517530E-007   2.0435589E-003
   6.7600000E+000   0.0000000E+000   0.0000000E+000   6.6149243E-006   1.8627852E-007   1.0261309E-003
   6.8000001E+000   0.0000000E+000   0.0000000E+000   3.3060525E-006   8.4023709E-008   5.0724019E-004
   6.8400002E+000   0.0000000E+000   0.0000000E+000   1.6353806E-006   4.1476840E-008   2.4666392E-004
   6.8800002E+000   0.0000000E+000   0.0000000E+000   7.9081351E-007   1.9486941E-008   1.1790733E-004
   6.9199997E+000   0.0000000E+000   0.0000000E+000   3.7435285E-007   1.0141426E-008   5.5354891E-005
   6.9599998E+000   0.0000000E+000   0.0000000E+000   1.7429614E-007   4.6638883E-009   2.5501191E-005
   6.9999999E+000   0.0000000E+000   0.0000000E+000   7.8939391E-008   2.0795970E-009   1.1516837E-005
   7.0400000E+000   0.0000000E+000   0.0000000E+000   3.5226681E-008   8.4955121E-010   5.0935427E-006
   7.0800000E+000   0.0000000E+000   0.0000000E+000   1.5212510E-008   3.2518106E-010   2.2035833E-006
   7.1200001E+000   0.0000000E+000   0.0000000E+000   6.5201345E-009   1.5077141E-010   9.3138583E-007
   7.1600002E+000   0.0000000E+000   0.0000000E+000   2.7326014E-009   5.6652882E-011   3.8409852E-007
   7.2000003E+000   0.0000000E+000   0.0000000E+000   1.0982980E-009   2.2750672E-011   1.5432621E-007
   7.2399998E+000   0.0000000E+000   0.0000000E+000   4.2841659E-010   8.9137037E-012   6.0316326E-008
   7.2799999E+000   0.0000000E+000   0.0000000E+000   1.6297849E-010   3.1477353E-012   2.2891690E-008
   7.3199999E+000   0.0000000E+000   0.0000000E+000   6.0583181E-011   1.2640481E-012   8.4206517E-009
   7.3600000E+000   0.0000000E+000   0.0000000E+000   2.1468263E-011   5.4576381E-013   2.9959405E-009
   7.4000001E+000   0.0000000E+000   0.0000000E+000   7.3558768E-012   1.8460633E-013   1.0285877E-009
   7.4400002E+000   0.0000000E+000   0.0000000E+000   2.4469881E-012   5.8688281E-014   3.3991020E-010
   7.4800003E+000   0.0000000E+000   0.0000000E+000   7.7376299E-013   1.6685665E-014   1.0781341E-010
   7.5199997E+000   0.0000000E+000   0.0000000E+000   2.3320542E-013   6.7558383E-015   3.2718718E-011
   7.5599998E+000   0.0000000E+000   0.0000000E+000   6.7193883E-014   1.7669301E-015   9.4667150E-012
   7.5999999E+000   0.0000000E+000   0.0000000E+000   1.8222802E-014   4.2414417E-016   2.6010842E-012
   7.6400000E+000   0.0000000E+000   0.0000000E+000   4.7190926E-015   1.2140043E-016   6.7562972E-013
   7.6800001E+000   0.0000000E+000   0.0000000E+000   1.1329998E-015   2.5010622E-017   1.6506042E-013
   7.7200001E+000   0.0000000E+000   0.0000000E+000   2.5437707E-016   4.8412575E-018   3.7706861E-014
   7.7600002E+000   0.0000000E+000   0.0000000E+000   5.3345179E-017   1.1734274E-018   8.0006199E-015
   7.7999997E+000   0.0000000E+000   0.0000000E+000   1.0185121E-017   2.2202709E-019   1.5644953E-015
   7.8399998E+000   0.0000000E+000   0.0000000E+000   1.7846498E-018   3.8700401E-020   2.7940244E-016
   7.8799999E+000   0.0000000E+000   0.0000000E+000   2.7818588E-019   5.9517553E-021   4.5087168E-017
   7.9200000E+000   0.0000000E+000   0.0000000E+000   3.8777911E-020   7.1870493E-022   6.4913246E-018
   7.9600000E+000   0.0000000E+000   0.0000000E+000   4.6907105E-021   7.6724301E-023   8.2121856E-019
   8.0000001E+000   0.0000000E+000   0.0000000E+000   4.9486388E-022   7.8815813E-024   8.9618467E-020
   8.0400002E+000   0.0000000E+000   0.0000000E+000   4.3215833E-023   6.7455945E-025   8.2463372E-021
   8.0800003E+000   0.0000000E+000   0.0000000E+000   3.0669427E-024   4.4493392E-026   6.2184728E-022
   8.1199998E+000   0.0000000E+000   0.0000000E+000   1.6804840E-025   2.6138493E-027   3.7061156E-023
   8.1599998E+000   0.0000000E+000   0.0000000E+000   6.9469421E-027   1.3540997E-028   1.6652615E-024
   8.1999999E+000   0.0000000E+000   0.0000000E+000   2.0265329E-028   4.3367753E-030   5.2970904E-026
   8.2400000E+000   0.0000000E+000   0.0000000E+000   3.6906121E-030   5.9412892E-032   1.0938301E-027
   8.2800001E+000   0.0000000E+000   0.0000000E+000   3.8415057E-032   7.4440260E-034   1.2952832E-029
   8.3200002E+000   0.0000000E+000   0.0000000E+000   1.8594364E-034   4.9371937E-036   7.2995159E-032
   8.3600003E+000   0.0000000E+000   0.0000000E+000   3.0130825E-037   5.6481217E-039   1.4509038E-034
   8.3999997E+000   0.0000000E+000   0.0000000E+000   9.9521394E-041   2.0675638E-042   6.0001217E-038
   8.4399998E+000   0.0000000E+000   0.0000000E+000   2.0671564E-045   4.6832546E-047   1.7708874E-042
   8.4799999E+000   0.0000000E+000   0.0000000E+000   1.7155110E-052   4.8504012E-054   2.3489822E-049
   8.5200000E+000   0.0000000E+000   0.0000000E+000   1.8203050E-067   3.8458868E-069   3.8029518E-064
   8.5600001E+000   0.0000000E+000   0.0000000E+000   1.6828485E-052   3.0455837E-054  -3.8029518E-064
   8.6000001E+000   0.0000000E+000   0.0000000E+000   2.1766203E-045   4.0253281E-047  -2.3489822E-049
   8.6400002E+000   0.0000000E+000   0.0000000E+000   1.0220689E-040   1.6228709E-042  -1.7708874E-042
   8.6799997E+000   0.0000000E+000   0.0000000E+000   3.2005359E-037   6.4468043E-039  -6.0001217E-038
   8.7199998E+000   0.0000000E+000   0.0000000E+000   1.9682180E-034   4.0528836E-036  -1.4509038E-034
   8.7599999E+000   0.0000000E+000   0.0000000E+000   4.1314741E-032   7.0018970E-034  -7.2995159E-032
   8.8000000E+000   0.0000000E+000   0.0000000E+000   4.0021387E-030   8.1628439E-032  -1.2952832E-029
   8.8400000E+000   0.0000000E+000   0.0000000E+000   2.1792113E-028   6.2751149E-030  -1.0938301E-027
   8.8800001E+000   0.0000000E+000   0.0000000E+000   7.6671476E-027   1.6017610E-028  -5.2970904E-026
   8.9200002E+000   0.0000000E+000   0.0000000E+000   1.8608311E-025   3.8230734E-027  -1.6652615E-024
   8.9600003E+000   0.0000000E+000   0.0000000E+000   3.3522856E-024   7.9206324E-026  -3.7061156E-023
   8.9999998E+000   0.0000000E+000   0.0000000E+000   4.8025117E-023   1.2055394E-024  -6.2184728E-022
   9.0399998E+000   0.0000000E+000   0.0000000E+000   5.5641921E-022   1.3732023E-023  -8.2463372E-021
   9.0799999E+000   0.0000000E+000   0.0000000E+000   5.3893236E-021   1.0306824E-022  -8.9618467E-020
   9.1200000E+000   0.0000000E+000   0.0000000E+000   4.5128521E-020   1.1054983E-021  -8.2121856E-019
   9.1600001E+000   0.0000000E+000   0.0000000E+000   3.2456602E-019   7.6309552E-021  -6.4913246E-018
   9.2000002E+000   0.0000000E+000   0.0000000E+000   2.0904887E-018   4.5680251E-020  -4.5087168E-017
   9.2400002E+000   0.0000000E+000   0.0000000E+000   1.2132164E-017   2.1602173E-019  -2.7940244E-016
   9.2799997E+000   0.0000000E+000   0.0000000E+000   6.3714668E-017   1.2336202E-018  -1.5644953E-015
   9.3199998E+000   0.0000000E+000   0.0000000E+000   3.0852202E-016   5.8594546E-018  -8.0006199E-015
   9.3599999E+000   0.0000000E+000   0.0000000E+000   1.3866769E-015   2.6080140E-017  -3.7706861E-014
   9.4000000E+000   0.0000000E+000   0.0000000E+000   5.7920870E-015   8.4528881E-017  -1.6506042E-013
   9.4400001E+000   0.0000000E+000   0.0000000E+000   2.3142993E-014   3.9256535E-016  -6.7562972E-013
   9.4800001E+000   0.0000000E+000   0.0000000E+000   8.5425891E-014   1.2434525E-015  -2.6010842E-012
   9.5200002E+000   0.0000000E+000   0.0000000E+000   2.9880911E-013   4.5182729E-015  -9.4667150E-012
   9.5599997E+000   0.0000000E+000   0.0000000E+000   9.9724706E-013   1.3611359E-014  -3.2718718E-011
   9.5999998E+000   0.0000000E+000   0.0000000E+000   3.2205359E-012   4.4473293E-014  -1.0781341E-010
   9.6399999E+000   0.0000000E+000   0.0000000E+000   9.8886159E-012   1.2879820E-013  -3.3991020E-010
   9.6799999E+000   0.0000000E+000   0.0000000E+000   2.9189478E-011   4.3276693E-013  -1.0285877E-009
   9.7200000E+000   0.0000000E+000   0.0000000E+000   8.2605287E-011   1.0235984E-012  -2.9959405E-009
   9.7600001E+000   0.0000000E+000   0.0000000E+000   2.2812527E-010   2.6105325E-012  -8.4206517E-009
   9.8000002E+000   0.0000000E+000   0.0000000E+000   6.0690284E-010   7.6898088E-012  -2.2891690E-008
   9.8400003E+000   0.0000000E+000   0.0000000E+000   1.5659512E-009   1.9756107E-011  -6.0316326E-008
   9.8799998E+000   0.0000000E+000   0.0000000E+000   3.9743156E-009   5.4191380E-011  -1.5432621E-007
   9.9199998E+000   0.0000000E+000   0.0000000E+000   9.7164810E-009   1.2880858E-010  -3.8409852E-007
   9.9599999E+000   0.0000000E+000   0.0000000E+000   2.3113591E-008   2.9038386E-010  -9.3138583E-007
   1.0000000E+001   0.0000000E+000   0.0000000E+000   5.3451559E-008   7.2591226E-010  -2.2035833E-006
   1.0039999E+001   0.0000000E+000   0.0000000E+000   1.2175681E-007   1.5709420E-009  -5.0935427E-006
   1.0080000E+001   0.0000000E+000   0.0000000E+000   2.7133825E-007   3.8452043E-009  -1.1516837E-005
   1.0120000E+001   0.0000000E+000   0.0000000E+000   5.9401617E-007   8.7856865E-009  -2.5501191E-005
   1.0160000E+001   0.0000000E+000   0.0000000E+000   1.2691969E-006   1.8266609E-008  -5.5354891E-005
   1.0200000E+001   0.0000000E+000   0.0000000E+000   2.6662202E-006   3.6264273E-008  -1.1790733E-004
   1.0240000E+001   0.0000000E+000   0.0000000E+000   5.4315110E-006   9.2354164E-008  -2.4666392E-004
   1.0280000E+001   0.0000000E+000   0.0000000E+000   1.1042444E-005   1.7068049E-007  -5.0724019E-004
   1.0319999E+001   0.0000000E+000   0.0000000E+000   2.1708527E-005   3.0154899E-007  -1.0261309E-003
   1.0360000E+001   0.0000000E+000   0.0000000E+000   4.2238318E-005   4.7529884E-007  -2.0435589E-003
   1.0400000E+001   0.0000000E+000   0.0000000E+000   8.1830322E-005   8.9737988E-007  -4.0092071E-003
   1.0440000E+001   0.0000000E+000   0.0000000E+000   1.5376204E-004   2.0326530E-006  -7.7532883E-003
   1.0480000E+001   0.0000000E+000   0.0000000E+000   2.8829990E-004   3.4398016E-006  -1.4788181E-002
   1.0520000E+001   0.0000000E+000   0.0000000E+000   5.2879614E-004   6.8158350E-006  -2.7833153E-002
   1.0560000E+001   0.0000000E+000   0.0000000E+000   9.5842172E-004   1.1385918E-005  -5.1714260E-002
   1.0599999E+001   0.0000000E+000   0.0000000E+000   1.7234115E-003   2.3323811E-005  -9.4883073E-002
   1.0640000E+001   0.0000000E+000   0.0000000E+000   3.1053270E-003   3.5865102E-005  -1.7192917E-001
   1.0680000E+001   0.0000000E+000   0.0000000E+000   5.4554083E-003   6.3752519E-005  -3.0762324E-001
   1.0720000E+001   0.0000000E+000   0.0000000E+000   9.5399960E-003   1.1344086E-004  -5.4314821E-001
   1.0760000E+001   0.0000000E+000   0.0000000E+000   1.6406689E-002   1.7781274E-004  -9.4499189E-001
   1.0800000E+001   0.0000000E+000   0.0000000E+000   2.8378708E-002   3.0514064E-004  -1.6157218E+000
   1.0840000E+001   0.0000000E+000   0.0000000E+000   4.9303516E-002   5.1118114E-004  -2.7016194E+000
   1.0880001E+001   0.0000000E+000   0.0000000E+000   8.6619185E-002   8.0262503E-004  -4.3809603E+000
   1.0920000E+001   0.0000000E+000   0.0000000E+000   1.5156672E-001   1.0129369E-003  -6.7934806E+000
   1.0960000E+001   0.0000000E+000   0.0000000E+000   2.4521114E-001   9.2306767E-004  -9.8418731E+000
   1.1000000E+001   0.0000000E+000   0.0000000E+000   3.2873938E-001   4.7047491E-004  -1.2822827E+001
   1.1040000E+001   0.0000000E+000   0.0000000E+000   3.2983666E-001   1.0858009E-004  -1.4126571E+001
   1.1080000E+001   0.0000000E+000   0.0000000E+000   2.3076762E-001   6.2741556E-005  -1.1920447E+001
   1.1120000E+001   0.0000000E+000   0.0000000E+000   9.8203941E-002   4.2439388E-005  -6.5831787E+000
   1.1160001E+001   0.0000000E+000   0.0000000E+000   1.9672417E-002   1.4244981E-005  -1.8561938E+000
   1.1200000E+001   0.0000000E+000   0.0000000E+000   1.2672980E-003   1.3196415E-006  -1.8107257E-001
   1.1240000E+001   0.0000000E+000   0.0000000E+000   1.4942084E-005   1.9893727E-008  -3.3351645E-003
   1.1280000E+001   0.0000000E+000   0.0000000E+000   1.2931316E-008   2.4074899E-011  -4.5484066E-006
   1.1320000E+001   0.0000000E+000   0.0000000E+000   1.9848043E-013   5.1363490E-016  -1.0906345E-010
   1.1360000E+001   0.0000000E+000   0.0000000E+000   5.9462678E-021   2.4679031E-023  -5.1240323E-018
   1.1400000E+001   0.0000000E+000   0.0000000E+000   1.2724896E-032   5.3731031E-035  -1.6906510E-029
   1.1440001E+001   0.0000000E+000   0.0000000E+000   1.2758911E-050   6.7514870E-053  -2.5882517E-047
   1.1480000E+001   0.0000000E+000   0.0000000E+000   3.1822051E-078   2.0337557E-080  -9.9035930E-075
   1.1520000E+001   0.0000000E+000   0.0000000E+000   2.6827655E-120   2.3087260E-122  -1.2665885E-116
   1.1560000E+001   0.0000000E+000   0.0000000E+000   0.0000000E+000   0.0000000E+000  -3.2046018E-180
   1.1600000E+001   0.0000000E+000   0.0000000E+000   0.0000000E+000   0.0000000E+000  -3.4909096E-276
   1.1640000E+001   0.0000000E+000   0.0000000E+000   0.0000000E+000   0.0000000E+000   0.0000000E+000
   1.1680000E+001   0.0000000E+000   0.0000000E+000   0.0000000E+000   0.0000000E+000   0.0000000E+000
   1.1720001E+001   0.0000000E+000   0.0000000E+000   0.0000000E+000   0.0000000E+000   0.0000000E+000
   1.1760000E+001   0.0000000E+000   0.0000000E+000   0.0000000E+000   0.0000000E+000   0.0000000E+000
   1.1799999E+001   0.0000000E+000   0.0000000E+000   0.0000000E+000   0.0000000E+000   0.0000000E+000
   1.1840000E+001   0.0000000E+000   0.0000000E+000   0.0000000E+000   0.0000000E+000   0.0000000E+000
   1.1880000E+001   0.0000000E+000   0.0000000E+000   0.0000000E+000   0.0000000E+000   0.0000000E+000
   1.1920000E+001   0.0000000E+000   0.0000000E+000   0.0000000E+000   0.0000000E+000   0.0000000E+000
   1.1960000E+001   0.0000000E+000   0.0000000E+000   0.0000000E+000   0.0000000E+000   0.0000000E+000
   1.2000000E+001   0.0000000E+000   0.0000000E+000   0.0000000E+000   0.0000000E+000   0.0000000E+000
   1.2040000E+001   0.0000000E+000   0.0000000E+000   0.0000000E+000   0.0000000E+000   0.0000000E+000
   1.2079999E+001   0.0000000E+000   0.0000000E+000   0.0000000E+000   0.0000000E+000   0.0000000E+000
   1.2120000E+001   0.0000000E+000   0.0000000E+000   0.0000000E+000   0.0000000E+000   0.0000000E+000
   1.2160000E+001   0.0000000E+000   0.0000000E+000   0.0000000E+000   0.0000000E+000   0.0000000E+000
   1.2200000E+001   0.0000000E+000   0.0000000E+000   0.0000000E+000   0.0000000E+000   0.0000000E+000
   1.2240000E+001   0.0000000E+000   0.0000000E+000   0.0000000E+000   0.0000000E+000   0.0000000E+000
   1.2280000E+001   0.0000000E+000   0.0000000E+000   0.0000000E+000   0.0000000E+000   0.0000000E+000
   1.2320000E+001   0.0000000E+000   0.0000000E+000   0.0000000E+000   0.0000000E+000   0.0000000E+000
   1.2359999E+001   0.0000000E+000   0.0000000E+000   0.0000000E+000   0.0000000E+000   0.0000000E+000
   1.2400000E+001   0.0000000E+000   0.0000000E+000   0.0000000E+000   0.0000000E+000   0.0000000E+000
   1.2440000E+001   0.0000000E+000   0.0000000E+000   0.0000000E+000   0.0000000E+000   0.0000000E+000
   1.2480000E+001   0.0000000E+000   0.0000000E+000   0.0000000E+000   0.0000000E+000   0.0000000E+000
   1.2520000E+001   0.0000000E+000   0.0000000E+000   0.0000000E+000   0.0000000E+000   0.0000000E+000
   1.2560000E+001   0.0000000E+000   0.0000000E+000   0.0000000E+000   0.0000000E+000   0.0000000E+000
   1.2600000E+001   0.0000000E+000   0.0000000E+000   0.0000000E+000   0.0000000E+000   0.0000000E+000
   1.2640001E+001   0.0000000E+000   0.0000000E+000   0.0000000E+000   0.0000000E+000   0.0000000E+000
   1.2680000E+001   0.0000000E+000   0.0000000E+000   0.0000000E+000   0.0000000E+000   0.0000000E+000
   1.2720000E+001   0.0000000E+000   0.0000000E+000   0.0000000E+000   0.0000000E+000   0.0000000E+000
   1.2760000E+001   0.0000000E+000   0.0000000E+000   0.0000000E+000   0.0000000E+000   0.0000000E+000
   1.2800000E+001   0.0000000E+000   0.0000000E+000   0.0000000E+000   0.0000000E+000   0.0000000E+000
   1.2840000E+001   0.0000000E+000   0.0000000E+000   0.0000000E+000   0.0000000E+000   0.0000000E+000
   1.2880000E+001   0.0000000E+000   0.0000000E+000   0.0000000E+000   0.0000000E+000   0.0000000E+000
   1.2920001E+001   0.0000000E+000   0.0000000E+000   0.0000000E+000   0.0000000E+000   0.0000000E+000
   1.2960000E+001   0.0000000E+000   0.0000000E+000   0.0000000E+000   0.0000000E+000   0.0000000E+000
   1.3000000E+001   0.0000000E+000   0.0000000E+000   0.0000000E+000   0.0000000E+000   0.0000000E+000
   1.3040000E+001   0.0000000E+000   0.0000000E+000   0.0000000E+000   0.0000000E+000   0.0000000E+000
   1.3080000E+001   0.0000000E+000   0.0000000E+000   0.0000000E+000   0.0000000E+000   0.0000000E+000
   1.3120000E+001   0.0000000E+000   0.0000000E+000   0.0000000E+000   0.0000000E+000   0.0000000E+000
   1.3160000E+001   0.0000000E+000   0.0000000E+000   0.0000000E+000   0.0000000E+000   0.0000000E+000
   1.3200001E+001   0.0000000E+000   0.0000000E+000   0.0000000E+000   0.0000000E+000   0.0000000E+000
   1.3240000E+001   0.0000000E+000   0.0000000E+000   0.0000000E+000   0.0000000E+000   0.0000000E+000
   1.3279999E+001   0.0000000E+000   0.0000000E+000   0.0000000E+000   0.0000000E+000   0.0000000E+000
   1.3320000E+001   0.0000000E+000   0.0000000E+000   0.0000000E+000   0.0000000E+000   0.0000000E+000
   1.3360000E+001   0.0000000E+000   0.0000000E+000   0.0000000E+000   0.0000000E+000   0.0000000E+000
   1.3400000E+001   0.0000000E+000   0.0000000E+000   0.0000000E+000   0.0000000E+000   0.0000000E+000
   1.3440000E+001   0.0000000E+000   0.0000000E+000   0.0000000E+000   0.0000000E+000   0.0000000E+000
   1.3480000E+001   0.0000000E+000   0.0000000E+000   0.0000000E+000   0.0000000E+000   0.0000000E+000
   1.3520000E+001   0.0000000E+000   0.0000000E+000   0.0000000E+000   0.0000000E+000   0.0000000E+000
   1.3559999E+001   0.0000000E+000   0.0000000E+000   0.0000000E+000   0.0000000E+000   0.0000000E+000
   1.3600000E+001   0.0000000E+000   0.0000000E+000   0.0000000E+000   0.0000000E+000   0.0000000E+000
   1.3640000E+001   0.0000000E+000   0.0000000E+000   0.0000000E+000   0.0000000E+000   0.0000000E+000
   1.3680000E+001   0.0000000E+000   0.0000000E+000   0.0000000E+000   0.0000000E+000   0.0000000E+000
   1.3720000E+001   0.0000000E+000   0.0000000E+000   0.0000000E+000   0.0000000E+000   0.0000000E+000
   1.3760000E+001   0.0000000E+000   0.0000000E+000   0.0000000E+000   0.0000000E+000   0.0000000E+000
   1.3800000E+001   0.0000000E+000   0.0000000E+000   0.0000000E+000   0.0000000E+000   0.0000000E+000
   1.3839999E+001   0.0000000E+000   0.0000000E+000   0.0000000E+000   0.0000000E+000   0.0000000E+000
   1.3880000E+001   0.0000000E+000   0.0000000E+000   0.0000000E+000   0.0000000E+000   0.0000000E+000
   1.3920000E+001   0.0000000E+000   0.0000000E+000   0.0000000E+000   0.0000000E+000   0.0000000E+000
   1.3960000E+001   0.0000000E+000   0.0000000E+000   0.0000000E+000   0.0000000E+000   0.0000000E+000
   1.4000000E+001   0.0000000E+000   0.0000000E+000   0.0000000E+000   0.0000000E+000   0.0000000E+000
   1.4040000E+001   0.0000000E+000   0.0000000E+000   0.0000000E+000   0.0000000E+000   0.0000000E+000
   1.4080000E+001   0.0000000E+000   0.0000000E+000   0.0000000E+000   0.0000000E+000   0.0000000E+000
   1.4119999E+001   0.0000000E+000   0.0000000E+000   0.0000000E+000   0.0000000E+000   0.0000000E+000
   1.4160000E+001   0.0000000E+000   0.0000000E+000   0.0000000E+000   0.0000000E+000   0.0000000E+000
   1.4200000E+001   0.0000000E+000   0.0000000E+000   0.0000000E+000   0.0000000E+000   0.0000000E+000
   1.4240000E+001   0.0000000E+000   0.0000000E+000   0.0000000E+000   0.0000000E+000   0.0000000E+000
   1.4280000E+001   0.0000000E+000   0.0000000E+000   0.0000000E+000   0.0000000E+000   0.0000000E+000
   1.4320000E+001   0.0000000E+000   0.0000000E+000   0.0000000E+000   0.0000000E+000   0.0000000E+000
   1.4360000E+001   0.0000000E+000   0.0000000E+000   0.0000000E+000   0.0000000E+000   0.0000000E+000
   1.4400001E+001   0.0000000E+000   0.0000000E+000   0.0000000E+000   0.0000000E+000   0.0000000E+000
   1.4440000E+001   0.0000000E+000   0.0000000E+000   0.0000000E+000   0.0000000E+000   0.0000000E+000
   1.4480000E+001   0.0000000E+000   0.0000000E+000   0.0000000E+000   0.0000000E+000   0.0000000E+000
   1.4520000E+001   0.0000000E+000   0.0000000E+000   0.0000000E+000   0.0000000E+000   0.0000000E+000
   1.4560000E+001   0.0000000E+000   0.0000000E+000   0.0000000E+000   0.0000000E+000   0.0000000E+000
   1.4600000E+001   0.0000000E+000   0.0000000E+000   0.0000000E+000   0.0000000E+000   0.0000000E+000
   1.4640000E+001   0.0000000E+000   0.0000000E+000   0.0000000E+000   0.0000000E+000   0.0000000E+000
   1.4680001E+001   0.0000000E+000   0.0000000E+000   0.0000000E+000   0.0000000E+000   0.0000000E+000
   1.4720000E+001   0.0000000E+000   0.0000000E+000   0.0000000E+000   0.0000000E+000   0.0000000E+000
   1.4760000E+001   0.0000000E+000   0.0000000E+000   0.0000000E+000   0.0000000E+000   0.0000000E+000
   1.4800000E+001   0.0000000E+000   0.0000000E+000   0.0000000E+000   0.0000000E+000   0.0000000E+000
   1.4840000E+001   0.0000000E+000   0.0000000E+000   0.0000000E+000   0.0000000E+000   0.0000000E+000
   1.4880000E+001   0.0000000E+000   0.0000000E+000   0.0000000E+000   0.0000000E+000   0.0000000E+000
   1.4920000E+001   0.0000000E+000   0.0000000E+000   0.0000000E+000   0.0000000E+000   0.0000000E+000
   1.4960001E+001   0.0000000E+000   0.0000000E+000   0.0000000E+000   0.0000000E+000   0.0000000E+000
   1.5000000E+001   0.0000000E+000   0.0000000E+000   0.0000000E+000   0.0000000E+000   0.0000000E+000
   1.5039999E+001   0.0000000E+000   0.0000000E+000   0.0000000E+000   0.0000000E+000   0.0000000E+000
   1.5080000E+001   0.0000000E+000   0.0000000E+000   0.0000000E+000   0.0000000E+000   0.0000000E+000
   1.5120000E+001   0.0000000E+000   0.0000000E+000   0.0000000E+000   0.0000000E+000   0.0000000E+000
   1.5160000E+001   0.0000000E+000   0.0000000E+000   0.0000000E+000   0.0000000E+000   0.0000000E+000
   1.5200000E+001   0.0000000E+000   0.0000000E+000   0.0000000E+000   0.0000000E+000   0.0000000E+000
   1.5240000E+001   0.0000000E+000   0.0000000E+000   0.0000000E+000   0.0000000E+000   0.0000000E+000
   1.5280000E+001   0.0000000E+000   0.0000000E+000   0.0000000E+000   0.0000000E+000   0.0000000E+000
   1.5319999E+001   0.0000000E+000   0.0000000E+000   0.0000000E+000   0.0000000E+000   0.0000000E+000
   1.5360000E+001   0.0000000E+000   0.0000000E+000   0.0000000E+000   0.0000000E+000   0.0000000E+000
   1.5400000E+001   0.0000000E+000   0.0000000E+000   0.0000000E+000   0.0000000E+000   0.0000000E+000
   1.5440000E+001   0.0000000E+000   0.0000000E+000   0.0000000E+000   0.0000000E+000   0.0000000E+000
   1.5480000E+001   0.0000000E+000   0.0000000E+000   0.0000000E+000   0.0000000E+000   0.0000000E+000
   1.5520000E+001   0.0000000E+000   0.0000000E+000   0.0000000E+000   0.0000000E+000   0.0000000E+000
   1.5560000E+001   0.0000000E+000   0.0000000E+000   0.0000000E+000   0.0000000E+000   0.0000000E+000
   1.5599999E+001   0.0000000E+000   0.0000000E+000   0.0000000E+000   0.0000000E+000   0.0000000E+000
   1.5640000E+001   0.0000000E+000   0.0000000E+000   0.0000000E+000   0.0000000E+000   0.0000000E+000
   1.5680000E+001   0.0000000E+000   0.0000000E+000   0.0000000E+000   0.0000000E+000   0.0000000E+000
   1.5720000E+001   0.0000000E+000   0.0000000E+000   0.0000000E+000   0.0000000E+000   0.0000000E+000
   1.5760000E+001   0.0000000E+000   0.0000000E+000   0.0000000E+000   0.0000000E+000   0.0000000E+000
   1.5800000E+001   0.0000000E+000   0.0000000E+000   0.0000000E+000   0.0000000E+000   0.0000000E+000
   1.5840000E+001   0.0000000E+000   0.0000000E+000   0.0000000E+000   0.0000000E+000   0.0000000E+000
   1.5880001E+001   0.0000000E+000   0.0000000E+000   0.0000000E+000   0.0000000E+000   0.0000000E+000
   1.5920000E+001   0.0000000E+000   0.0000000E+000   0.0000000E+000   0.0000000E+000   0.0000000E+000
   1.5960000E+001   0.0000000E+000   0.0000000E+000   0.0000000E+000   0.0000000E+000   0.0000000E+000
   1.6000000E+001   0.0000000E+000   0.0000000E+000   0.0000000E+000   0.0000000E+000   0.0000000E+000
   1.6040000E+001   0.0000000E+000   0.0000000E+000   0.0000000E+000   0.0000000E+000   0.0000000E+000
   1.6080000E+001   0.0000000E+000   0.0000000E+000   0.0000000E+000   0.0000000E+000   0.0000000E+000
   1.6120000E+001   0.0000000E+000   0.0000000E+000   0.0000000E+000   0.0000000E+000   0.0000000E+000
   1.6160001E+001   0.0000000E+000   0.0000000E+000   0.0000000E+000   0.0000000E+000   0.0000000E+000
   1.6200000E+001   0.0000000E+000   0.0000000E+000   0.0000000E+000   0.0000000E+000   0.0000000E+000
   1.6240000E+001   0.0000000E+000   0.0000000E+000   0.0000000E+000   0.0000000E+000   0.0000000E+000
   1.6280000E+001   0.0000000E+000   0.0000000E+000   0.0000000E+000   0.0000000E+000   0.0000000E+000
   1.6320000E+001   0.0000000E+000   0.0000000E+000   0.0000000E+000   0.0000000E+000   0.0000000E+000
   1.6360000E+001   0.0000000E+000   0.0000000E+000   0.0000000E+000   0.0000000E+000   0.0000000E+000
   1.6400000E+001   0.0000000E+000   0.0000000E+000   0.0000000E+000   0.0000000E+000   0.0000000E+000
   1.6440001E+001   0.0000000E+000   0.0000000E+000   0.0000000E+000   0.0000000E+000   0.0000000E+000
   1.6480000E+001   0.0000000E+000   0.0000000E+000   0.0000000E+000   0.0000000E+000   0.0000000E+000
   1.6520000E+001   0.0000000E+000   0.0000000E+000   0.0000000E+000   0.0000000E+000   0.0000000E+000
   1.6560000E+001   0.0000000E+000   0.0000000E+000   0.0000000E+000   0.0000000E+000   0.0000000E+000
   1.6600000E+001   0.0000000E+000   0.0000000E+000   0.0000000E+000   0.0000000E+000   0.0000000E+000
   1.6640000E+001   0.0000000E+000   0.0000000E+000   0.0000000E+000   0.0000000E+000   0.0000000E+000
   1.6680000E+001   0.0000000E+000   0.0000000E+000   0.0000000E+000   0.0000000E+000   0.0000000E+000
   1.6720001E+001   0.0000000E+000   0.0000000E+000   0.0000000E+000   0.0000000E+000   0.0000000E+000
   1.6760000E+001   0.0000000E+000   0.0000000E+000   0.0000000E+000   0.0000000E+000   0.0000000E+000
   1.6799999E+001   0.0000000E+000   0.0000000E+000   0.0000000E+000   0.0000000E+000   0.0000000E+000
   1.6840000E+001   0.0000000E+000   0.0000000E+000   0.0000000E+000   0.0000000E+000   0.0000000E+000
   1.6880000E+001   0.0000000E+000   0.0000000E+000   0.0000000E+000   0.0000000E+000   0.0000000E+000
   1.6920000E+001   0.0000000E+000   0.0000000E+000   0.0000000E+000   0.0000000E+000   0.0000000E+000
   1.6960000E+001   0.0000000E+000   0.0000000E+000   0.0000000E+000   0.0000000E+000   0.0000000E+000
   1.7000000E+001   0.0000000E+000   0.0000000E+000   0.0000000E+000   0.0000000E+000   0.0000000E+000
   1.7040000E+001   0.0000000E+000   0.0000000E+000   0.0000000E+000   0.0000000E+000   0.0000000E+000
   1.7079999E+001   0.0000000E+000   0.0000000E+000   0.0000000E+000   0.0000000E+000   0.0000000E+000
   1.7120000E+001   0.0000000E+000   0.0000000E+000   0.0000000E+000   0.0000000E+000   0.0000000E+000
   1.7160000E+001   0.0000000E+000   0.0000000E+000   0.0000000E+000   0.0000000E+000   0.0000000E+000
   1.7200000E+001   0.0000000E+000   0.0000000E+000   0.0000000E+000   0.0000000E+000   0.0000000E+000
   1.7240000E+001   0.0000000E+000   0.0000000E+000   0.0000000E+000   0.0000000E+000   0.0000000E+000
   1.7280000E+001   0.0000000E+000   0.0000000E+000   0.0000000E+000   0.0000000E+000   0.0000000E+000
   1.7320000E+001   0.0000000E+000   0.0000000E+000   0.0000000E+000   0.0000000E+000   0.0000000E+000
   1.7359999E+001   0.0000000E+000   0.0000000E+000   0.0000000E+000   0.0000000E+000   0.0000000E+000
   1.7400000E+001   0.0000000E+000   0.0000000E+000   0.0000000E+000   0.0000000E+000   0.0000000E+000
   1.7440000E+001   0.0000000E+000   0.0000000E+000   0.0000000E+000   0.0000000E+000   0.0000000E+000
   1.7480000E+001   0.0000000E+000   0.0000000E+000   0.0000000E+000   0.0000000E+000   0.0000000E+000
   1.7520000E+001   0.0000000E+000   0.0000000E+000   0.0000000E+000   0.0000000E+000   0.0000000E+000
   1.7560000E+001   0.0000000E+000   0.0000000E+000   0.0000000E+000   0.0000000E+000   0.0000000E+000
   1.7600000E+001   0.0000000E+000   0.0000000E+000   0.0000000E+000   0.0000000E+000   0.0000000E+000
   1.7640001E+001   0.0000000E+000   0.0000000E+000   0.0000000E+000   0.0000000E+000   0.0000000E+000
   1.7680000E+001   0.0000000E+000   0.0000000E+000   0.0000000E+000   0.0000000E+000   0.0000000E+000
   1.7720000E+001   0.0000000E+000   0.0000000E+000   0.0000000E+000   0.0000000E+000   0.0000000E+000
   1.7760000E+001   0.0000000E+000   0.0000000E+000   0.0000000E+000   0.0000000E+000   0.0000000E+000
   1.7800000E+001   0.0000000E+000   0.0000000E+000   0.0000000E+000   0.0000000E+000   0.0000000E+000
   1.7840000E+001   0.0000000E+000   0.0000000E+000   0.0000000E+000   0.0000000E+000   0.0000000E+000
   1.7880000E+001   0.0000000E+000   0.0000000E+000   0.0000000E+000   0.0000000E+000   0.0000000E+000
   1.7920001E+001   0.0000000E+000   0.0000000E+000   0.0000000E+000   0.0000000E+000   0.0000000E+000
   1.7960000E+001   0.0000000E+000   0.0000000E+000   0.0000000E+000   0.0000000E+000   0.0000000E+000
   1.8000000E+001   0.0000000E+000   0.0000000E+000   0.0000000E+000   0.0000000E+000   0.0000000E+000
   1.8040000E+001   0.0000000E+000   0.0000000E+000   0.0000000E+000   0.0000000E+000   0.0000000E+000
   1.8080000E+001   0.0000000E+000   0.0000000E+000   0.0000000E+000   0.0000000E+000   0.0000000E+000
   1.8120000E+001   0.0000000E+000   0.0000000E+000   0.0000000E+000   0.0000000E+000   0.0000000E+000
   1.8160000E+001   0.0000000E+000   0.0000000E+000   0.0000000E+000   0.0000000E+000   0.0000000E+000
   1.8200001E+001   0.0000000E+000   0.0000000E+000   0.0000000E+000   0.0000000E+000   0.0000000E+000
   1.8240000E+001   0.0000000E+000   0.0000000E+000   0.0000000E+000   0.0000000E+000   0.0000000E+000
   1.8279999E+001   0.0000000E+000   0.0000000E+000   0.0000000E+000   0.0000000E+000   0.0000000E+000
   1.8320000E+001   0.0000000E+000   0.0000000E+000   0.0000000E+000   0.0000000E+000   0.0000000E+000
   1.8360000E+001   0.0000000E+000   0.0000000E+000   0.0000000E+000   0.0000000E+000   0.0000000E+000
   1.8400000E+001   0.0000000E+000   0.0000000E+000   0.0000000E+000   0.0000000E+000   0.0000000E+000
   1.8440000E+001   0.0000000E+000   0.0000000E+000   0.0000000E+000   0.0000000E+000   0.0000000E+000
   1.8480000E+001   0.0000000E+000   0.0000000E+000   0.0000000E+000   0.0000000E+000   0.0000000E+000
   1.8520000E+001   0.0000000E+000   0.0000000E+000   0.0000000E+000   0.0000000E+000   0.0000000E+000
   1.8559999E+001   0.0000000E+000   0.0000000E+000   0.0000000E+000   0.0000000E+000   0.0000000E+000
   1.8600000E+001   0.0000000E+000   0.0000000E+000   0.0000000E+000   0.0000000E+000   0.0000000E+000
   1.8640000E+001   0.0000000E+000   0.0000000E+000   0.0000000E+000   0.0000000E+000   0.0000000E+000
   1.8680000E+001   0.0000000E+000   0.0000000E+000   0.0000000E+000   0.0000000E+000   0.0000000E+000
   1.8720000E+001   0.0000000E+000   0.0000000E+000   0.0000000E+000   0.0000000E+000   0.0000000E+000
   1.8760000E+001   0.0000000E+000   0.0000000E+000   0.0000000E+000   0.0000000E+000   0.0000000E+000
   1.8800000E+001   0.0000000E+000   0.0000000E+000   0.0000000E+000   0.0000000E+000   0.0000000E+000
   1.8839999E+001   0.0000000E+000   0.0000000E+000   0.0000000E+000   0.0000000E+000   0.0000000E+000
   1.8880000E+001   0.0000000E+000   0.0000000E+000   0.0000000E+000   0.0000000E+000   0.0000000E+000
   1.8920000E+001   0.0000000E+000   0.0000000E+000   0.0000000E+000   0.0000000E+000   0.0000000E+000
   1.8960000E+001   0.0000000E+000   0.0000000E+000   0.0000000E+000   0.0000000E+000   0.0000000E+000
   1.9000000E+001   0.0000000E+000   0.0000000E+000   0.0000000E+000   0.0000000E+000   0.0000000E+000
   1.9040000E+001   0.0000000E+000   0.0000000E+000   0.0000000E+000   0.0000000E+000   0.0000000E+000
   1.9080000E+001   0.0000000E+000   0.0000000E+000   0.0000000E+000   0.0000000E+000   0.0000000E+000
   1.9119999E+001   0.0000000E+000   0.0000000E+000   0.0000000E+000   0.0000000E+000   0.0000000E+000
   1.9160000E+001   0.0000000E+000   0.0000000E+000   0.0000000E+000   0.0000000E+000   0.0000000E+000
   1.9200000E+001   0.0000000E+000   0.0000000E+000   0.0000000E+000   0.0000000E+000   0.0000000E+000
   1.9240000E+001   0.0000000E+000   0.0000000E+000   0.0000000E+000   0.0000000E+000   0.0000000E+000
   1.9280000E+001   0.0000000E+000   0.0000000E+000   0.0000000E+000   0.0000000E+000   0.0000000E+000
   1.9320000E+001   0.0000000E+000   0.0000000E+000   0.0000000E+000   0.0000000E+000   0.0000000E+000
   1.9360000E+001   0.0000000E+000   0.0000000E+000   0.0000000E+000   0.0000000E+000   0.0000000E+000
   1.9400001E+001   0.0000000E+000   0.0000000E+000   0.0000000E+000   0.0000000E+000   0.0000000E+000
   1.9440000E+001   0.0000000E+000   0.0000000E+000   0.0000000E+000   0.0000000E+000   0.0000000E+000
   1.9480000E+001   0.0000000E+000   0.0000000E+000   0.0000000E+000   0.0000000E+000   0.0000000E+000
   1.9520000E+001   0.0000000E+000   0.0000000E+000   0.0000000E+000   0.0000000E+000   0.0000000E+000
   1.9560000E+001   0.0000000E+000   0.0000000E+000   0.0000000E+000   0.0000000E+000   0.0000000E+000
   1.9600000E+001   0.0000000E+000   0.0000000E+000   0.0000000E+000   0.0000000E+000   0.0000000E+000
   1.9640000E+001   0.0000000E+000   0.0000000E+000   0.0000000E+000   0.0000000E+000   0.0000000E+000
   1.9680001E+001   0.0000000E+000   0.0000000E+000   0.0000000E+000   0.0000000E+000   0.0000000E+000
   1.9720000E+001   0.0000000E+000   0.0000000E+000   0.0000000E+000   0.0000000E+000   0.0000000E+000
   1.9760000E+001   0.0000000E+000   0.0000000E+000   0.0000000E+000   0.0000000E+000   0.0000000E+000
   1.9800000E+001   0.0000000E+000   0.0000000E+000   0.0000000E+000   0.0000000E+000   0.0000000E+000
   1.9840000E+001   0.0000000E+000   0.0000000E+000   0.0000000E+000   0.0000000E+000   0.0000000E+000
   1.9880000E+001   0.0000000E+000   0.0000000E+000   0.0000000E+000   0.0000000E+000   0.0000000E+000
   1.9920000E+001   0.0000000E+000   0.0000000E+000   0.0000000E+000   0.0000000E+000   0.0000000E+000
   1.9960001E+001   0.0000000E+000   0.0000000E+000   0.0000000E+000   0.0000000E+000   0.0000000E+000
   2.0000000E+001   0.0000000E+000   0.0000000E+000   0.0000000E+000   0.0000000E+000   0.0000000E+000
