   8.0000004E-002   0.0000000E+000   0.0000000E+000   0.0000000E+000   0.0000000E+000
   1.2000000E-001   0.0000000E+000   0.0000000E+000   0.0000000E+000   0.0000000E+000
   1.6000001E-001   0.0000000E+000   0.0000000E+000   0.0000000E+000   0.0000000E+000
   2.0000000E-001   0.0000000E+000   0.0000000E+000   0.0000000E+000   0.0000000E+000
   2.4000000E-001   0.0000000E+000   0.0000000E+000   0.0000000E+000   0.0000000E+000
   2.8000001E-001   0.0000000E+000   0.0000000E+000   0.0000000E+000   0.0000000E+000
   3.2000002E-001   0.0000000E+000   0.0000000E+000   0.0000000E+000   0.0000000E+000
   3.5999998E-001   0.0000000E+000   0.0000000E+000   0.0000000E+000   0.0000000E+000
   3.9999999E-001   0.0000000E+000   0.0000000E+000   0.0000000E+000   0.0000000E+000
   4.4000000E-001   0.0000000E+000   0.0000000E+000   0.0000000E+000   0.0000000E+000
   4.8000000E-001   0.0000000E+000   0.0000000E+000   0.0000000E+000   0.0000000E+000
   5.2000001E-001   0.0000000E+000   0.0000000E+000   0.0000000E+000   0.0000000E+000
   5.6000002E-001   0.0000000E+000   0.0000000E+000   0.0000000E+000   0.0000000E+000
   5.9999999E-001   0.0000000E+000   0.0000000E+000   0.0000000E+000   0.0000000E+000
   6.4000003E-001   0.0000000E+000   0.0000000E+000   0.0000000E+000   0.0000000E+000
   6.8000004E-001   0.0000000E+000   0.0000000E+000   0.0000000E+000   0.0000000E+000
   7.1999997E-001   0.0000000E+000   0.0000000E+000   0.0000000E+000   0.0000000E+000
   7.5999998E-001   0.0000000E+000   0.0000000E+000   0.0000000E+000   0.0000000E+000
   7.9999998E-001   0.0000000E+000   0.0000000E+000   0.0000000E+000   0.0000000E+000
   8.3999999E-001   0.0000000E+000   0.0000000E+000   0.0000000E+000   0.0000000E+000
   8.8000000E-001   0.0000000E+000   0.0000000E+000   0.0000000E+000   0.0000000E+000
   9.2000000E-001   0.0000000E+000   0.0000000E+000   0.0000000E+000   0.0000000E+000
   9.6000001E-001   0.0000000E+000   0.0000000E+000   0.0000000E+000   0.0000000E+000
   1.0000000E+000   0.0000000E+000   0.0000000E+000   0.0000000E+000   0.0000000E+000
   1.0400000E+000   9.2381569E-006   1.5049778E-006   9.3967025E-006   1.5904447E-006
   1.0800000E+000   1.7442729E-005   2.5173092E-006   1.7294414E-005   2.6816204E-006
   1.1200000E+000   2.6651951E-005   6.6335906E-006   2.5775196E-005   4.0733692E-006
   1.1600000E+000   3.5951915E-005   9.3521659E-006   3.6432761E-005   5.4511723E-006
   1.2000000E+000   4.6428952E-005   1.2105580E-005   5.0643842E-005   7.7133999E-006
   1.2400000E+000   5.9976837E-005   1.5156626E-005   5.8010057E-005   1.6026101E-005
   1.2800001E+000   7.6791825E-005   1.8459443E-005   7.0463848E-005   2.7858286E-005
   1.3200000E+000   8.7986905E-005   1.9981372E-005   8.3818324E-005   1.6267919E-005
   1.3600001E+000   1.0190683E-004   2.3508526E-005   9.8056625E-005   3.8531601E-005
   1.4000000E+000   1.1348590E-004   2.4581057E-005   1.1531437E-004   4.5476852E-005
   1.4399999E+000   1.3565815E-004   2.9661085E-005   1.3448517E-004   5.9996057E-005
   1.4800000E+000   1.4555993E-004   3.2308306E-005   1.5682898E-004   6.8153449E-005
   1.5200000E+000   1.5884852E-004   3.4682445E-005   1.6760070E-004   7.3948449E-005
   1.5600000E+000   1.7409826E-004   3.8727836E-005   1.7878988E-004   7.6603023E-005
   1.6000000E+000   1.8378439E-004   4.0448117E-005   2.0157511E-004   9.7711637E-005
   1.6400000E+000   2.0049947E-004   4.2627705E-005   2.1067637E-004   9.8312417E-005
   1.6800000E+000   2.0621470E-004   4.2363651E-005   2.2148161E-004   1.0232821E-004
   1.7200001E+000   2.2826712E-004   8.3906956E-005   2.3130074E-004   1.1323786E-004
   1.7600000E+000   2.3239358E-004   8.6432825E-005   2.4689891E-004   1.1274210E-004
   1.8000001E+000   2.5182182E-004   1.0924324E-004   2.6932153E-004   1.1996891E-004
   1.8400000E+000   2.6451786E-004   9.8803701E-005   2.9168531E-004   1.2461794E-004
   1.8799999E+000   2.8538937E-004   1.2348001E-004   3.2871775E-004   1.5415726E-004
   1.9200000E+000   3.0663451E-004   1.1310581E-004   3.3893818E-004   1.5453061E-004
   1.9599999E+000   3.2382716E-004   1.2417652E-004   3.6733842E-004   1.7005751E-004
   2.0000000E+000   3.4263684E-004   1.3275757E-004   3.9044914E-004   1.7944083E-004
   2.0400000E+000   3.5483954E-004   1.3801137E-004   4.3111633E-004   1.9284879E-004
   2.0800000E+000   3.6994675E-004   1.5989359E-004   4.5115194E-004   1.9922469E-004
   2.1200000E+000   3.8503179E-004   1.7108968E-004   4.8166963E-004   2.1651625E-004
   2.1600001E+000   4.0622543E-004   1.7951250E-004   4.9203112E-004   2.2448291E-004
   2.2000000E+000   4.3415805E-004   1.9641961E-004   5.2408199E-004   2.4114559E-004
   2.2400001E+000   4.3557247E-004   1.8822645E-004   5.5175127E-004   2.5330840E-004
   2.2800000E+000   4.5526672E-004   1.8874509E-004   5.8469612E-004   2.6790378E-004
   2.3199999E+000   4.6867310E-004   2.0154772E-004   6.3365151E-004   2.9781418E-004
   2.3600000E+000   4.7766322E-004   2.0004131E-004   6.6491263E-004   3.0870694E-004
   2.3999999E+000   4.7857638E-004   1.9845449E-004   7.0121243E-004   3.3761584E-004
   2.4400000E+000   5.0579028E-004   2.0937344E-004   7.4270508E-004   3.4875013E-004
   2.4800000E+000   5.0940454E-004   2.1435215E-004   7.6259386E-004   3.5304241E-004
   2.5200000E+000   5.4418215E-004   2.1171089E-004   8.1688924E-004   3.9391676E-004
   2.5600001E+000   5.4406090E-004   2.2208770E-004   8.2470889E-004   3.9334069E-004
   2.5999999E+000   5.8076515E-004   2.4023469E-004   8.4000563E-004   4.0890410E-004
   2.6400000E+000   5.7151687E-004   2.4114748E-004   8.9325859E-004   4.3292800E-004
   2.6800001E+000   6.3037662E-004   2.7297437E-004   9.5068408E-004   4.6437958E-004
   2.7200001E+000   6.6567273E-004   2.8264339E-004   9.8808701E-004   4.6432362E-004
   2.7599999E+000   6.7743928E-004   2.8689114E-004   1.0175558E-003   4.7049731E-004
   2.8000000E+000   6.8883298E-004   2.8473114E-004   1.0678890E-003   4.9434216E-004
   2.8400001E+000   7.1962509E-004   3.1517811E-004   1.0924945E-003   5.1470512E-004
   2.8799999E+000   7.3523976E-004   3.0290993E-004   1.1484656E-003   5.3001663E-004
   2.9200000E+000   7.6728412E-004   3.1928000E-004   1.1670726E-003   5.4970421E-004
   2.9600000E+000   7.9046441E-004   3.3144737E-004   1.2213556E-003   5.8525718E-004
   3.0000001E+000   8.2268897E-004   3.5745283E-004   1.2520512E-003   6.0910245E-004
   3.0399999E+000   8.4017407E-004   3.5956670E-004   1.2988103E-003   6.2879472E-004
   3.0800000E+000   8.4632222E-004   3.6298424E-004   1.2979391E-003   6.2587851E-004
   3.1200001E+000   8.8563066E-004   3.8600303E-004   1.3254709E-003   6.2972991E-004
   3.1600001E+000   9.0041388E-004   3.8270375E-004   1.4122952E-003   6.7126007E-004
   3.1999999E+000   9.3100740E-004   3.9651960E-004   1.4636101E-003   7.0776333E-004
   3.2400000E+000   9.5009797E-004   4.0947878E-004   1.4767834E-003   7.1585445E-004
   3.2800001E+000   9.9916464E-004   4.3735953E-004   1.5163628E-003   7.4942971E-004
   3.3199999E+000   1.0114734E-003   4.3276966E-004   1.5812867E-003   7.9147943E-004
   3.3600000E+000   1.0639451E-003   4.5681173E-004   1.6364098E-003   8.1472019E-004
   3.4000000E+000   1.0642348E-003   4.4959277E-004   1.7045856E-003   8.4768771E-004
   3.4400001E+000   1.1165237E-003   4.8434757E-004   1.7952385E-003   8.9662939E-004
   3.4799999E+000   1.1419838E-003   4.8529010E-004   1.8554180E-003   9.1886264E-004
   3.5200000E+000   1.1943995E-003   5.0912743E-004   1.8999014E-003   9.5463855E-004
   3.5600001E+000   1.2303291E-003   5.3999621E-004   1.9254193E-003   9.4773864E-004
   3.6000001E+000   1.2628490E-003   5.4667842E-004   1.9794319E-003   9.5848723E-004
   3.6399999E+000   1.3028329E-003   5.6131043E-004   2.0373496E-003   9.8950967E-004
   3.6800000E+000   1.3340133E-003   5.7687965E-004   2.1113895E-003   1.0251676E-003
   3.7200001E+000   1.3667212E-003   5.8841941E-004   2.1797326E-003   1.0619351E-003
   3.7599999E+000   1.3862663E-003   5.8396627E-004   2.2279007E-003   1.0878649E-003
   3.8000000E+000   1.4191826E-003   5.9484015E-004   2.2323090E-003   1.0833601E-003
   3.8400000E+000   1.4731530E-003   6.2298621E-004   2.3178229E-003   1.1211820E-003
   3.8800001E+000   1.5250620E-003   6.4493307E-004   2.3848805E-003   1.1445520E-003
   3.9199999E+000   1.5552015E-003   6.6461868E-004   2.4218099E-003   1.1394105E-003
   3.9600000E+000   1.6310705E-003   6.9501857E-004   2.4621013E-003   1.1620252E-003
   4.0000001E+000   1.6625932E-003   6.9370292E-004   2.5131085E-003   1.1790320E-003
   4.0400001E+000   1.7162089E-003   7.0761290E-004   2.6152966E-003   1.2258147E-003
   4.0799999E+000   1.7445686E-003   7.1558415E-004   2.7222377E-003   1.2511300E-003
   4.1200000E+000   1.7583148E-003   7.1841560E-004   2.7919466E-003   1.2925655E-003
   4.1600001E+000   1.7650731E-003   7.1283343E-004   2.8274296E-003   1.3027510E-003
   4.1999999E+000   1.8039825E-003   7.2753634E-004   2.8744120E-003   1.3179355E-003
   4.2399999E+000   1.8202514E-003   7.4315418E-004   2.9350689E-003   1.3540774E-003
   4.2800000E+000   1.8407245E-003   7.7361067E-004   3.0239278E-003   1.3952351E-003
   4.3200001E+000   1.9018442E-003   7.8650165E-004   3.0862320E-003   1.4161260E-003
   4.3599999E+000   1.9218715E-003   7.9322645E-004   3.1361325E-003   1.4299563E-003
   4.4000000E+000   1.9702707E-003   8.0633946E-004   3.2392856E-003   1.4557752E-003
   4.4400001E+000   2.0331560E-003   8.1989434E-004   3.3342137E-003   1.5140365E-003
   4.4800001E+000   2.0575412E-003   8.3291535E-004   3.4203622E-003   1.5456152E-003
   4.5199999E+000   2.1280871E-003   8.5830947E-004   3.5157905E-003   1.5807904E-003
   4.5600000E+000   2.1912609E-003   8.7433903E-004   3.5965327E-003   1.6248040E-003
   4.6000001E+000   2.2047437E-003   8.7735369E-004   3.6873656E-003   1.6799769E-003
   4.6399999E+000   2.2625183E-003   9.0818263E-004   3.7858231E-003   1.7138240E-003
   4.6799999E+000   2.3124183E-003   9.4185056E-004   3.8998558E-003   1.7518984E-003
   4.7200000E+000   2.3485481E-003   9.5754935E-004   3.9970748E-003   1.8006647E-003
   4.7600001E+000   2.4418079E-003   1.0054860E-003   4.0948149E-003   1.8717532E-003
   4.7999999E+000   2.4928180E-003   1.0132938E-003   4.1758457E-003   1.9094542E-003
   4.8400000E+000   2.5196290E-003   1.0106861E-003   4.2662802E-003   1.9157344E-003
   4.8800001E+000   2.5585397E-003   1.0374020E-003   4.3581903E-003   1.9655237E-003
   4.9200001E+000   2.5920899E-003   1.0719476E-003   4.4089120E-003   1.9909275E-003
   4.9599999E+000   2.6698959E-003   1.0961816E-003   4.5184828E-003   2.0349361E-003
   5.0000000E+000   2.7180536E-003   1.1125326E-003   4.5646961E-003   2.0507915E-003
   5.0400001E+000   2.7637735E-003   1.1232787E-003   4.6841005E-003   2.0906249E-003
   5.0800002E+000   2.8346185E-003   1.1367352E-003   4.7140687E-003   2.0927227E-003
   5.1200002E+000   2.8675826E-003   1.1598010E-003   4.8925465E-003   2.1505137E-003
   5.1599997E+000   2.8921371E-003   1.1503380E-003   4.9169544E-003   2.1821041E-003
   5.1999998E+000   2.9155354E-003   1.1443961E-003   5.1001950E-003   2.2578148E-003
   5.2399999E+000   3.0041158E-003   1.1739915E-003   5.2021248E-003   2.2631441E-003
   5.2800000E+000   3.0630736E-003   1.1811617E-003   5.3417264E-003   2.3171134E-003
   5.3200001E+000   3.0914177E-003   1.2038961E-003   5.4549702E-003   2.3465136E-003
   5.3600001E+000   3.1689435E-003   1.2337252E-003   5.4858412E-003   2.3332537E-003
   5.4000002E+000   3.2354619E-003   1.2470449E-003   5.6265002E-003   2.4038415E-003
   5.4400003E+000   3.3079562E-003   1.2807732E-003   5.6629770E-003   2.4268261E-003
   5.4799998E+000   3.3453032E-003   1.2846489E-003   5.7868963E-003   2.4850367E-003
   5.5199999E+000   3.4008755E-003   1.3162556E-003   5.8502875E-003   2.5321661E-003
   5.5599999E+000   3.4685917E-003   1.3457661E-003   5.9610942E-003   2.5897848E-003
   5.6000000E+000   3.5295891E-003   1.3660974E-003   6.0950906E-003   2.6361659E-003
   5.6400001E+000   3.5398569E-003   1.3699709E-003   6.2111188E-003   2.7027725E-003
   5.6800002E+000   3.6053234E-003   1.3887435E-003   6.3129956E-003   2.7347582E-003
   5.7200003E+000   3.6687579E-003   1.4074318E-003   6.3558577E-003   2.7493730E-003
   5.7599998E+000   3.7097338E-003   1.4384597E-003   6.4418531E-003   2.7724417E-003
   5.7999998E+000   3.7767260E-003   1.4748282E-003   6.5060969E-003   2.7847202E-003
   5.8399999E+000   3.8120224E-003   1.4894582E-003   6.4927240E-003   2.7654605E-003
   5.8800000E+000   3.9366448E-003   1.5098986E-003   6.4915147E-003   2.7836475E-003
   5.9200001E+000   3.9466066E-003   1.5152736E-003   5.8712566E-003   2.5372120E-003
   5.9600002E+000   4.0379905E-003   1.5506390E-003   4.6070717E-003   1.9790235E-003
   6.0000002E+000   4.0674323E-003   1.5394076E-003   3.0782620E-003   1.3141477E-003
   6.0399997E+000   4.1019825E-003   1.5545204E-003   1.8835892E-003   7.9075392E-004
   6.0799998E+000   4.2100214E-003   1.5903717E-003   1.1950188E-003   5.0374585E-004
   6.1199999E+000   4.2360605E-003   1.5991122E-003   8.2737322E-004   3.5367838E-004
   6.1600000E+000   4.3066114E-003   1.6348404E-003   6.4884758E-004   2.7910609E-004
   6.2000000E+000   4.4135127E-003   1.6972029E-003   6.0376141E-004   2.5379125E-004
   6.2400001E+000   4.5055280E-003   1.7226123E-003   5.8854463E-004   2.4959439E-004
   6.2800002E+000   4.6045534E-003   1.7188079E-003   5.8240771E-004   2.4156326E-004
   6.3200003E+000   4.7265294E-003   1.7431681E-003   5.9745565E-004   2.3969731E-004
   6.3599998E+000   4.7201227E-003   1.7445846E-003   6.1719322E-004   2.4018531E-004
   6.3999999E+000   4.8412299E-003   1.7681780E-003   6.5276929E-004   2.4731228E-004
   6.4399999E+000   4.8642473E-003   1.7539763E-003   6.9205907E-004   2.3646147E-004
   6.4800000E+000   4.9389455E-003   1.7851682E-003   7.2435768E-004   2.4060379E-004
   6.5200001E+000   4.9850802E-003   1.8191479E-003   7.6508220E-004   2.4710296E-004
   6.5600002E+000   5.0268467E-003   1.8590400E-003   7.7389160E-004   2.3573621E-004
   6.6000003E+000   5.0765910E-003   1.8484955E-003   7.7889839E-004   2.5529672E-004
   6.6399997E+000   5.1354956E-003   1.8722475E-003   8.2416260E-004   2.7796391E-004
   6.6799998E+000   5.2443225E-003   1.9175345E-003   8.4728531E-004   2.8613023E-004
   6.7199999E+000   5.2854538E-003   1.9190293E-003   8.8832475E-004   2.8873344E-004
   6.7600000E+000   5.3187635E-003   1.9238503E-003   9.2402551E-004   3.0237219E-004
   6.8000001E+000   5.4229944E-003   1.9576226E-003   9.8047819E-004   3.3040896E-004
   6.8400002E+000   5.5147534E-003   1.9872168E-003   1.0353974E-003   3.3571216E-004
   6.8800002E+000   5.5680069E-003   1.9999083E-003   1.0693115E-003   3.4576383E-004
   6.9199997E+000   5.6382730E-003   2.0111787E-003   1.1174578E-003   3.6536180E-004
   6.9599998E+000   5.6975829E-003   2.0293484E-003   1.1767018E-003   3.8468475E-004
   6.9999999E+000   5.7671749E-003   2.0258420E-003   1.2108991E-003   4.0588545E-004
   7.0400000E+000   5.7505163E-003   2.0148040E-003   1.2433024E-003   3.9943340E-004
   7.0800000E+000   5.8573490E-003   2.0012573E-003   1.3002012E-003   4.1571106E-004
   7.1200001E+000   5.9512141E-003   2.0003637E-003   1.3188747E-003   4.1542896E-004
   7.1600002E+000   6.0034518E-003   2.0015849E-003   1.3759672E-003   4.3533546E-004
   7.2000003E+000   6.0533630E-003   2.0493605E-003   1.4406917E-003   4.6735985E-004
   7.2399998E+000   6.2149338E-003   2.0850004E-003   1.4753584E-003   4.7223858E-004
   7.2799999E+000   6.3098470E-003   2.1226415E-003   1.5401458E-003   4.9118087E-004
   7.3199999E+000   6.4047809E-003   2.1188996E-003   1.5707189E-003   4.8834243E-004
   7.3600000E+000   6.4903573E-003   2.1475448E-003   1.6237195E-003   5.2321612E-004
   7.4000001E+000   6.6408024E-003   2.2002099E-003   1.6629423E-003   5.1488636E-004
   7.4400002E+000   6.7013290E-003   2.2167353E-003   1.6920536E-003   5.3550174E-004
   7.4800003E+000   6.8045498E-003   2.2540361E-003   1.7254874E-003   5.3638970E-004
   7.5199997E+000   6.8974177E-003   2.2646193E-003   1.7562896E-003   5.4048232E-004
   7.5599998E+000   7.0405765E-003   2.3250311E-003   1.7790063E-003   5.3083592E-004
   7.5999999E+000   7.1180588E-003   2.3120415E-003   1.8095879E-003   5.3717863E-004
   7.6400000E+000   7.2543168E-003   2.3626409E-003   1.8563141E-003   5.5211810E-004
   7.6800001E+000   7.3386749E-003   2.3613047E-003   1.8688850E-003   5.6760921E-004
   7.7200001E+000   7.4561549E-003   2.4180840E-003   1.9153692E-003   5.7673921E-004
   7.7600002E+000   7.5741284E-003   2.4732809E-003   1.9313282E-003   5.6918288E-004
   7.7999997E+000   7.6806161E-003   2.4794827E-003   1.9653677E-003   5.6438940E-004
   7.8399998E+000   7.8044977E-003   2.5511088E-003   2.0538362E-003   6.1478530E-004
   7.8799999E+000   7.9330640E-003   2.5632968E-003   2.1079927E-003   6.2446518E-004
   7.9200000E+000   8.0060466E-003   2.5754458E-003   2.1291618E-003   6.2624658E-004
   7.9600000E+000   8.0994451E-003   2.5622634E-003   2.2043041E-003   6.5118267E-004
   8.0000001E+000   8.1935855E-003   2.5585841E-003   2.2422252E-003   6.6390895E-004
   8.0400002E+000   8.3438048E-003   2.5889082E-003   2.2880164E-003   6.8175448E-004
   8.0800003E+000   8.4431787E-003   2.5994546E-003   2.2935920E-003   6.6215919E-004
   8.1199998E+000   8.6107661E-003   2.6532842E-003   2.3438035E-003   6.9862256E-004
   8.1599998E+000   8.7658756E-003   2.6669519E-003   2.3677963E-003   6.8955613E-004
   8.1999999E+000   8.8511650E-003   2.6940878E-003   2.3862947E-003   6.9961915E-004
   8.2400000E+000   9.0005638E-003   2.7542038E-003   2.4078383E-003   7.0431032E-004
   8.2800001E+000   9.1574261E-003   2.7873906E-003   2.4377186E-003   7.2789140E-004
   8.3200002E+000   9.3294746E-003   2.7972644E-003   2.4457652E-003   7.0278851E-004
   8.3600003E+000   9.5298528E-003   2.8502763E-003   2.5171311E-003   7.4268946E-004
   8.3999997E+000   9.6152870E-003   2.8648523E-003   2.5197074E-003   7.6272585E-004
   8.4399998E+000   9.7580743E-003   2.9172614E-003   2.5331864E-003   7.5438726E-004
   8.4799999E+000   1.0010470E-002   2.9683578E-003   2.5306016E-003   7.5060769E-004
   8.5200000E+000   1.0124222E-002   3.0106206E-003   2.5898832E-003   7.6444342E-004
   8.5600001E+000   1.0349386E-002   3.0618670E-003   2.6213276E-003   7.7615893E-004
   8.6000001E+000   1.0542634E-002   3.1041135E-003   2.6428245E-003   7.4049193E-004
   8.6400002E+000   1.0599843E-002   3.0440711E-003   2.6794127E-003   7.5748058E-004
   8.6799997E+000   1.0788465E-002   3.1144709E-003   2.7654876E-003   7.9011542E-004
   8.7199998E+000   1.0885948E-002   3.0861840E-003   2.7707412E-003   7.9662298E-004
   8.7599999E+000   1.1070455E-002   3.1492793E-003   2.7775418E-003   7.7137723E-004
   8.8000000E+000   1.1247022E-002   3.1809785E-003   2.8467299E-003   7.9268022E-004
   8.8400000E+000   1.1332901E-002   3.1987051E-003   2.8469952E-003   7.9492166E-004
   8.8800001E+000   1.1462270E-002   3.2382898E-003   2.8715285E-003   7.9979010E-004
   8.9200002E+000   1.1612469E-002   3.3042382E-003   2.9127621E-003   8.1914859E-004
   8.9600003E+000   1.1777652E-002   3.3692292E-003   2.9455518E-003   8.2988747E-004
   8.9999998E+000   1.2037037E-002   3.4099666E-003   2.9220875E-003   8.3538324E-004
   9.0399998E+000   1.2108223E-002   3.4359964E-003   2.9396987E-003   8.4608076E-004
   9.0799999E+000   1.2386117E-002   3.4727346E-003   2.9636652E-003   8.5730426E-004
   9.1200000E+000   1.2584053E-002   3.5100307E-003   2.9688465E-003   8.8257036E-004
   9.1600001E+000   1.2743995E-002   3.4908353E-003   2.9728914E-003   8.7762533E-004
   9.2000002E+000   1.2990001E-002   3.5239726E-003   2.9368671E-003   8.9553522E-004
   9.2400002E+000   1.3215814E-002   3.5678569E-003   2.9204953E-003   8.8336287E-004
   9.2799997E+000   1.3435963E-002   3.6635472E-003   2.9225075E-003   8.7739140E-004
   9.3199998E+000   1.3598070E-002   3.6816562E-003   2.9410584E-003   8.8825524E-004
   9.3599999E+000   1.3831304E-002   3.7508712E-003   2.9772565E-003   9.2214470E-004
   9.4000000E+000   1.4048013E-002   3.8357394E-003   3.0264760E-003   9.3323672E-004
   9.4400001E+000   1.4227508E-002   3.8149175E-003   3.0029893E-003   9.4289393E-004
   9.4800001E+000   1.4504218E-002   3.9057745E-003   3.0207342E-003   9.3991257E-004
   9.5200002E+000   1.4712917E-002   3.8920965E-003   3.0317184E-003   9.4693279E-004
   9.5599997E+000   1.4858881E-002   3.8467994E-003   3.0364339E-003   9.6621931E-004
   9.5999998E+000   1.5110358E-002   3.8989908E-003   3.0580609E-003   9.7317281E-004
   9.6399999E+000   1.5313347E-002   3.8586287E-003   3.0670376E-003   9.8435657E-004
   9.6799999E+000   1.5561867E-002   3.9794202E-003   3.0942992E-003   9.9195784E-004
   9.7200000E+000   1.5771136E-002   4.0578118E-003   3.0750584E-003   9.6589517E-004
   9.7600001E+000   1.5977173E-002   4.1060609E-003   3.0639112E-003   9.6001921E-004
   9.8000002E+000   1.6047344E-002   4.0134708E-003   3.0588886E-003   9.6408776E-004
   9.8400003E+000   1.6370868E-002   4.0465835E-003   3.0107539E-003   9.1695920E-004
   9.8799998E+000   1.6658282E-002   4.0729594E-003   3.0018083E-003   9.0742825E-004
   9.9199998E+000   1.6929868E-002   4.1453857E-003   2.9843982E-003   8.8564762E-004
   9.9599999E+000   1.7180329E-002   4.1580718E-003   3.0167758E-003   8.7755092E-004
   1.0000000E+001   1.7384532E-002   4.1935033E-003   3.0227841E-003   8.6717276E-004
   1.0039999E+001   1.7723695E-002   4.2485441E-003   3.0234212E-003   8.5934446E-004
   1.0080000E+001   1.8069552E-002   4.3038521E-003   2.9957745E-003   8.3668621E-004
   1.0120000E+001   1.8458880E-002   4.3848448E-003   2.9824617E-003   8.3192693E-004
   1.0160000E+001   1.8763019E-002   4.4424651E-003   2.9654696E-003   8.2107952E-004
   1.0200000E+001   1.9069935E-002   4.4679985E-003   2.9475778E-003   8.2749166E-004
   1.0240000E+001   1.9345959E-002   4.5046911E-003   2.9360268E-003   7.7885544E-004
   1.0280000E+001   1.9675791E-002   4.4916914E-003   2.8889320E-003   7.5693656E-004
   1.0319999E+001   1.9961958E-002   4.5521866E-003   2.8581865E-003   7.4393524E-004
   1.0360000E+001   2.0056658E-002   4.5428545E-003   2.7897817E-003   7.1578194E-004
   1.0400000E+001   2.0329331E-002   4.6132380E-003   2.7088816E-003   7.2292628E-004
   1.0440000E+001   2.0555298E-002   4.6391641E-003   2.6630149E-003   6.7790286E-004
   1.0480000E+001   2.0885754E-002   4.7685887E-003   2.6035741E-003   6.3499301E-004
   1.0520000E+001   2.1170234E-002   4.7374618E-003   2.5659460E-003   6.0108202E-004
   1.0560000E+001   2.1653866E-002   4.8216712E-003   2.4929421E-003   5.4727033E-004
   1.0599999E+001   2.2025948E-002   4.9035997E-003   2.4296750E-003   5.2344899E-004
   1.0640000E+001   2.2319458E-002   4.8698983E-003   2.4065924E-003   5.2732922E-004
   1.0680000E+001   2.2686148E-002   4.8683358E-003   2.4016176E-003   5.0432087E-004
   1.0720000E+001   2.2917304E-002   4.8617372E-003   2.4058215E-003   5.1117378E-004
   1.0760000E+001   2.3227443E-002   4.8624840E-003   2.4259666E-003   5.1761644E-004
   1.0800000E+001   2.3544479E-002   4.8785838E-003   2.5386994E-003   5.1880348E-004
   1.0840000E+001   2.3899290E-002   4.8854071E-003   2.7847578E-003   5.5945516E-004
   1.0880001E+001   2.4191310E-002   4.9288921E-003   3.2839382E-003   6.3613985E-004
   1.0920000E+001   2.4552481E-002   4.9346328E-003   4.2602706E-003   7.9762302E-004
   1.0960000E+001   2.4922529E-002   4.9500326E-003   6.3671988E-003   1.1840323E-003
   1.1000000E+001   2.5381700E-002   5.0226106E-003   1.0515486E-002   1.9234319E-003
   1.1040000E+001   2.5699985E-002   5.0957305E-003   1.7561767E-002   3.1797386E-003
   1.1080000E+001   2.6126896E-002   5.1494640E-003   2.6858118E-002   4.8834857E-003
   1.1120000E+001   2.6521374E-002   5.2114939E-003   3.4916519E-002   6.3833347E-003
   1.1160001E+001   2.6826443E-002   5.2839434E-003   3.9098941E-002   7.1250271E-003
   1.1200000E+001   2.7297590E-002   5.3318371E-003   4.0471296E-002   7.3017907E-003
   1.1240000E+001   2.7733022E-002   5.3452192E-003   4.0847482E-002   7.3248702E-003
   1.1280000E+001   2.8143896E-002   5.4080033E-003   4.1146932E-002   7.3759250E-003
   1.1320000E+001   2.8662636E-002   5.4310005E-003   4.1374656E-002   7.3547089E-003
   1.1360000E+001   2.9002053E-002   5.4829651E-003   4.1658221E-002   7.3461203E-003
   1.1400000E+001   2.9508820E-002   5.4942057E-003   4.1913400E-002   7.3873924E-003
   1.1440001E+001   2.9967313E-002   5.5396485E-003   4.2034598E-002   7.3870748E-003
   1.1480000E+001   3.0255431E-002   5.5880549E-003   4.2331946E-002   7.3976631E-003
   1.1520000E+001   3.0672556E-002   5.5586209E-003   4.2446794E-002   7.3659026E-003
   1.1560000E+001   3.1026902E-002   5.6201901E-003   4.2533617E-002   7.3872588E-003
   1.1600000E+001   3.1406384E-002   5.6604019E-003   4.2600932E-002   7.3727353E-003
   1.1640000E+001   3.1846992E-002   5.6397522E-003   4.2894768E-002   7.3783434E-003
   1.1680000E+001   3.2148500E-002   5.7634337E-003   4.3130287E-002   7.4031097E-003
   1.1720001E+001   3.2530946E-002   5.8246509E-003   4.3346720E-002   7.4666825E-003
   1.1760000E+001   3.2852126E-002   5.8656680E-003   4.3596932E-002   7.4579045E-003
   1.1799999E+001   3.3336383E-002   5.9392676E-003   4.3929367E-002   7.4303099E-003
   1.1840000E+001   3.3875869E-002   5.9875577E-003   4.4206947E-002   7.5197066E-003
   1.1880000E+001   3.4426267E-002   6.0638940E-003   4.4432700E-002   7.4863937E-003
   1.1920000E+001   3.4869556E-002   6.0931938E-003   4.4802707E-002   7.5300627E-003
   1.1960000E+001   3.5422833E-002   6.1487484E-003   4.5177520E-002   7.6301324E-003
   1.2000000E+001   3.5714046E-002   6.1832965E-003   4.5391757E-002   7.6716039E-003
   1.2040000E+001   3.6242550E-002   6.2647620E-003   4.5621720E-002   7.6425761E-003
   1.2079999E+001   3.6685042E-002   6.2736605E-003   4.5999653E-002   7.6235907E-003
   1.2120000E+001   3.7119881E-002   6.3396991E-003   4.6316142E-002   7.6054584E-003
   1.2160000E+001   3.7517105E-002   6.3574529E-003   4.6501992E-002   7.6259410E-003
   1.2200000E+001   3.8008544E-002   6.3696758E-003   4.6727345E-002   7.6622877E-003
   1.2240000E+001   3.8523691E-002   6.4235165E-003   4.7053556E-002   7.5734187E-003
   1.2280000E+001   3.8947808E-002   6.3986854E-003   4.7248501E-002   7.6465802E-003
   1.2320000E+001   3.9522144E-002   6.4444023E-003   4.7606858E-002   7.7179112E-003
   1.2359999E+001   3.9900539E-002   6.4596175E-003   4.7902851E-002   7.8116487E-003
   1.2400000E+001   4.0358450E-002   6.4672946E-003   4.8207034E-002   7.8057501E-003
   1.2440000E+001   4.0802658E-002   6.5185970E-003   4.8583658E-002   7.7537338E-003
   1.2480000E+001   4.1183003E-002   6.4350761E-003   4.8919101E-002   7.7506075E-003
   1.2520000E+001   4.1661265E-002   6.4984619E-003   4.9249346E-002   7.7976622E-003
   1.2560000E+001   4.2055785E-002   6.6059947E-003   4.9490159E-002   7.7109150E-003
   1.2600000E+001   4.2596414E-002   6.6114997E-003   4.9870756E-002   7.7911506E-003
   1.2640001E+001   4.2900079E-002   6.5278446E-003   5.0262586E-002   7.7231201E-003
   1.2680000E+001   4.3442335E-002   6.5992196E-003   5.0678970E-002   7.7229064E-003
   1.2720000E+001   4.3962802E-002   6.6246581E-003   5.1190887E-002   7.7179257E-003
   1.2760000E+001   4.4280339E-002   6.5787913E-003   5.1331388E-002   7.5971928E-003
   1.2800000E+001   4.4803300E-002   6.6441053E-003   5.1792539E-002   7.6947128E-003
   1.2840000E+001   4.5131204E-002   6.6090196E-003   5.2051671E-002   7.6726804E-003
   1.2880000E+001   4.5641103E-002   6.5519431E-003   5.2493410E-002   7.7085782E-003
   1.2920001E+001   4.5968619E-002   6.5981791E-003   5.2796875E-002   7.6950559E-003
   1.2960000E+001   4.6344364E-002   6.5353098E-003   5.3073302E-002   7.6776234E-003
   1.3000000E+001   4.6782176E-002   6.5148798E-003   5.3569288E-002   7.7417309E-003
   1.3040000E+001   4.7303423E-002   6.5537871E-003   5.3913966E-002   7.7523726E-003
   1.3080000E+001   4.7665672E-002   6.5408392E-003   5.4231872E-002   7.6559456E-003
   1.3120000E+001   4.8246662E-002   6.5481949E-003   5.4961541E-002   7.6780338E-003
   1.3160000E+001   4.8772967E-002   6.5952749E-003   5.5530004E-002   7.6889939E-003
   1.3200001E+001   4.9290665E-002   6.7424212E-003   5.5958683E-002   7.6947475E-003
   1.3240000E+001   4.9697283E-002   6.7222504E-003   5.6690608E-002   7.6798454E-003
   1.3279999E+001   5.0297390E-002   6.8053528E-003   5.7082880E-002   7.6536680E-003
   1.3320000E+001   5.0846623E-002   6.8147771E-003   5.7506438E-002   7.6695928E-003
   1.3360000E+001   5.1483692E-002   6.8603766E-003   5.8090397E-002   7.6106226E-003
   1.3400000E+001   5.2139703E-002   6.9169800E-003   5.8470860E-002   7.6445540E-003
   1.3440000E+001   5.2746280E-002   6.8857131E-003   5.8845105E-002   7.6575347E-003
   1.3480000E+001   5.3176887E-002   6.9393182E-003   5.9362994E-002   7.5806682E-003
   1.3520000E+001   5.3697414E-002   6.9738542E-003   5.9682055E-002   7.6774003E-003
   1.3559999E+001   5.4342001E-002   7.0330503E-003   6.0135524E-002   7.6778962E-003
   1.3600000E+001   5.4942630E-002   6.9061675E-003   6.0584800E-002   7.6749609E-003
   1.3640000E+001   5.5443942E-002   6.8382706E-003   6.0957378E-002   7.6904064E-003
   1.3680000E+001   5.5877920E-002   6.8653747E-003   6.1663086E-002   7.6940071E-003
   1.3720000E+001   5.6489791E-002   6.8655198E-003   6.2076549E-002   7.5777070E-003
   1.3760000E+001   5.7113251E-002   6.8858425E-003   6.2287118E-002   7.4820241E-003
   1.3800000E+001   5.7741617E-002   6.9029138E-003   6.2776303E-002   7.3683392E-003
   1.3839999E+001   5.8211329E-002   6.8781351E-003   6.3143007E-002   7.3561110E-003
   1.3880000E+001   5.8781661E-002   6.8676235E-003   6.3589034E-002   7.3313986E-003
   1.3920000E+001   5.9481274E-002   6.7917861E-003   6.3984095E-002   7.3160377E-003
   1.3960000E+001   5.9791776E-002   6.6861858E-003   6.4446950E-002   7.3246223E-003
   1.4000000E+001   6.0617875E-002   6.7520918E-003   6.4870200E-002   7.2788220E-003
   1.4040000E+001   6.1137112E-002   6.7331843E-003   6.5429216E-002   7.1895850E-003
   1.4080000E+001   6.1827314E-002   6.7142611E-003   6.6079397E-002   7.2074413E-003
   1.4119999E+001   6.2344983E-002   6.5713218E-003   6.6423076E-002   7.0870652E-003
   1.4160000E+001   6.2926948E-002   6.5993030E-003   6.6927312E-002   7.1032866E-003
   1.4200000E+001   6.3841517E-002   6.5986218E-003   6.7648068E-002   7.2069251E-003
   1.4240000E+001   6.4493932E-002   6.4863623E-003   6.8103538E-002   7.1760786E-003
   1.4280000E+001   6.5133582E-002   6.6195128E-003   6.8598497E-002   7.1107545E-003
   1.4320000E+001   6.5976585E-002   6.5731903E-003   6.9062505E-002   7.1121851E-003
   1.4360000E+001   6.6675050E-002   6.5857440E-003   6.9713971E-002   7.0776032E-003
   1.4400001E+001   6.7333239E-002   6.4360840E-003   7.0332238E-002   7.0584866E-003
   1.4440000E+001   6.7985900E-002   6.3887264E-003   7.1125463E-002   6.9486914E-003
   1.4480000E+001   6.8720616E-002   6.3895442E-003   7.1922751E-002   7.0077337E-003
   1.4520000E+001   6.9394418E-002   6.1849509E-003   7.2327406E-002   6.8632962E-003
   1.4560000E+001   6.9843108E-002   6.1190985E-003   7.3021878E-002   6.8539402E-003
   1.4600000E+001   7.0451542E-002   5.9817251E-003   7.3584055E-002   6.8861831E-003
   1.4640000E+001   7.1040438E-002   5.8769469E-003   7.4074096E-002   6.7037434E-003
   1.4680001E+001   7.1643202E-002   5.8599572E-003   7.4627813E-002   6.7145243E-003
   1.4720000E+001   7.2035374E-002   5.8054370E-003   7.5209844E-002   6.6817998E-003
   1.4760000E+001   7.2554547E-002   5.5913245E-003   7.5848971E-002   6.6472198E-003
   1.4800000E+001   7.3283237E-002   5.4997376E-003   7.6370557E-002   6.5199516E-003
   1.4840000E+001   7.3736313E-002   5.4383319E-003   7.6910814E-002   6.5216547E-003
   1.4880000E+001   7.4175708E-002   5.4353990E-003   7.7529209E-002   6.5538692E-003
   1.4920000E+001   7.4813676E-002   5.3343807E-003   7.7899515E-002   6.3281381E-003
   1.4960001E+001   7.5448532E-002   5.2959326E-003   7.8508086E-002   6.0862385E-003
   1.5000000E+001   7.6117772E-002   5.2467446E-003   7.9025471E-002   5.9853953E-003
   1.5039999E+001   7.6555217E-002   5.3001186E-003   7.9634005E-002   5.9455871E-003
   1.5080000E+001   7.7372883E-002   5.2682898E-003   8.0472126E-002   5.8283248E-003
   1.5120000E+001   7.8103457E-002   5.2842792E-003   8.1095408E-002   5.8206480E-003
   1.5160000E+001   7.8646800E-002   5.2778542E-003   8.1680201E-002   5.7926010E-003
   1.5200000E+001   7.9259157E-002   5.1962691E-003   8.1895464E-002   5.7226615E-003
   1.5240000E+001   7.9819359E-002   5.0976170E-003   8.2620101E-002   5.6584572E-003
   1.5280000E+001   8.0750236E-002   5.0437637E-003   8.3189283E-002   5.4202071E-003
   1.5319999E+001   8.1469491E-002   4.9347769E-003   8.3898804E-002   5.3034053E-003
   1.5360000E+001   8.2257704E-002   4.8785614E-003   8.4648275E-002   5.2668263E-003
   1.5400000E+001   8.2643908E-002   4.7762257E-003   8.5314715E-002   5.1514440E-003
   1.5440000E+001   8.3154680E-002   4.7282080E-003   8.5880349E-002   5.0611665E-003
   1.5480000E+001   8.3955993E-002   4.6796605E-003   8.6526140E-002   4.9465946E-003
   1.5520000E+001   8.4689170E-002   4.6000309E-003   8.7202444E-002   4.8729354E-003
   1.5560000E+001   8.5389364E-002   4.4765951E-003   8.8033606E-002   4.8435712E-003
   1.5599999E+001   8.5991787E-002   4.4521615E-003   8.8784378E-002   4.7517390E-003
   1.5640000E+001   8.6822392E-002   4.4035348E-003   8.9451159E-002   4.7065707E-003
   1.5680000E+001   8.7388072E-002   4.2778726E-003   8.9890950E-002   4.6356762E-003
   1.5720000E+001   8.8192150E-002   4.2660059E-003   9.0568281E-002   4.5514988E-003
   1.5760000E+001   8.8945015E-002   4.1602253E-003   9.1147614E-002   4.4826701E-003
   1.5800000E+001   8.9278757E-002   4.1027660E-003   9.1870899E-002   4.4377902E-003
   1.5840000E+001   9.0008675E-002   4.0426606E-003   9.2500903E-002   4.3484171E-003
   1.5880001E+001   9.0527122E-002   3.9305753E-003   9.3172486E-002   4.3217608E-003
   1.5920000E+001   9.1105317E-002   3.8221553E-003   9.3842947E-002   4.2499669E-003
   1.5960000E+001   9.1720050E-002   3.7408803E-003   9.4346831E-002   4.0612483E-003
   1.6000000E+001   9.2574510E-002   3.7008604E-003   9.4886946E-002   3.9998334E-003
   1.6040000E+001   9.3366590E-002   3.6767909E-003   9.5486294E-002   3.8882941E-003
   1.6080000E+001   9.4006413E-002   3.6210624E-003   9.6251802E-002   3.8747044E-003
   1.6120000E+001   9.4502423E-002   3.5069314E-003   9.7146903E-002   3.7440166E-003
   1.6160001E+001   9.5559914E-002   3.4914503E-003   9.7689075E-002   3.7026014E-003
   1.6200000E+001   9.6494251E-002   3.4036456E-003   9.8526323E-002   3.5983277E-003
   1.6240000E+001   9.7057591E-002   3.4075369E-003   9.9537849E-002   3.5524474E-003
   1.6280000E+001   9.8066485E-002   3.3626289E-003   1.0014635E-001   3.5167620E-003
   1.6320000E+001   9.8760446E-002   3.2982553E-003   1.0097151E-001   3.4215876E-003
   1.6360000E+001   9.9553591E-002   3.2056355E-003   1.0171240E-001   3.3720135E-003
   1.6400000E+001   1.0050642E-001   3.1997679E-003   1.0228385E-001   3.3703940E-003
   1.6440001E+001   1.0129374E-001   3.1519855E-003   1.0323965E-001   3.3441976E-003
   1.6480000E+001   1.0202242E-001   3.1511785E-003   1.0366649E-001   3.2708085E-003
   1.6520000E+001   1.0272070E-001   3.1360279E-003   1.0457683E-001   3.2286168E-003
   1.6560000E+001   1.0349767E-001   3.0780930E-003   1.0527980E-001   3.1764725E-003
   1.6600000E+001   1.0466138E-001   3.0969155E-003   1.0617815E-001   3.1220906E-003
   1.6640000E+001   1.0528908E-001   3.0665015E-003   1.0700367E-001   3.0569626E-003
   1.6680000E+001   1.0617661E-001   3.0781142E-003   1.0785013E-001   3.0480292E-003
   1.6720001E+001   1.0709734E-001   3.0877131E-003   1.0839997E-001   3.0290243E-003
   1.6760000E+001   1.0778413E-001   3.0242968E-003   1.0907030E-001   2.9790006E-003
   1.6799999E+001   1.0864816E-001   2.9644122E-003   1.1023249E-001   3.0542708E-003
   1.6840000E+001   1.0928184E-001   2.9131258E-003   1.1098440E-001   3.0101897E-003
   1.6880000E+001   1.1023005E-001   2.9664602E-003   1.1190278E-001   3.0279850E-003
   1.6920000E+001   1.1131762E-001   2.9948912E-003   1.1249130E-001   2.9116477E-003
   1.6960000E+001   1.1181445E-001   3.0132587E-003   1.1340438E-001   2.9615737E-003
   1.7000000E+001   1.1252775E-001   3.0971128E-003   1.1413990E-001   2.9172906E-003
   1.7040000E+001   1.1341945E-001   3.1380584E-003   1.1532169E-001   2.9066707E-003
   1.7079999E+001   1.1421435E-001   3.2374438E-003   1.1591867E-001   2.9848972E-003
   1.7120000E+001   1.1504373E-001   3.3619420E-003   1.1666027E-001   3.1323722E-003
   1.7160000E+001   1.1577528E-001   3.3962583E-003   1.1735291E-001   3.2107975E-003
   1.7200000E+001   1.1655339E-001   3.5984658E-003   1.1829472E-001   3.2224312E-003
   1.7240000E+001   1.1748189E-001   3.8072800E-003   1.1954893E-001   3.4696196E-003
   1.7280000E+001   1.1841161E-001   4.2122275E-003   1.2026484E-001   3.4916559E-003
   1.7320000E+001   1.1937018E-001   4.4197509E-003   1.2122462E-001   3.6233358E-003
   1.7359999E+001   1.2054790E-001   4.7163134E-003   1.2221455E-001   3.7933654E-003
   1.7400000E+001   1.2168488E-001   5.3540588E-003   1.2316588E-001   3.8956493E-003
   1.7440000E+001   1.2264370E-001   5.5880003E-003   1.2398069E-001   4.0757493E-003
   1.7480000E+001   1.2354046E-001   5.8379798E-003   1.2493798E-001   4.2389327E-003
   1.7520000E+001   1.2455540E-001   6.1046932E-003   1.2592794E-001   4.8146728E-003
   1.7560000E+001   1.2524900E-001   6.2064596E-003   1.2688362E-001   5.0934425E-003
   1.7600000E+001   1.2649882E-001   6.5320639E-003   1.2752140E-001   5.4041295E-003
   1.7640001E+001   1.2722907E-001   6.6232329E-003   1.2851656E-001   5.8460201E-003
   1.7680000E+001   1.2812082E-001   6.8250372E-003   1.2962589E-001   5.8726665E-003
   1.7720000E+001   1.2903958E-001   7.1665379E-003   1.3062536E-001   6.2879972E-003
   1.7760000E+001   1.2986653E-001   7.5548520E-003   1.3159195E-001   6.6206820E-003
   1.7800000E+001   1.3101820E-001   7.9131470E-003   1.3262665E-001   6.7961362E-003
   1.7840000E+001   1.3188206E-001   8.0867399E-003   1.3391376E-001   7.3013786E-003
   1.7880000E+001   1.3268174E-001   8.3556737E-003   1.3500478E-001   7.7382715E-003
   1.7920001E+001   1.3381735E-001   8.7860387E-003   1.3585905E-001   7.9624281E-003
   1.7960000E+001   1.3481189E-001   8.9999851E-003   1.3667081E-001   8.2053017E-003
   1.8000000E+001   1.3587318E-001   9.3438964E-003   1.3777532E-001   8.4175426E-003
   1.8040000E+001   1.3683328E-001   9.7822222E-003   1.3833375E-001   8.6165998E-003
   1.8080000E+001   1.3780558E-001   1.0148867E-002   1.3905800E-001   8.8670542E-003
   1.8120000E+001   1.3877438E-001   1.0522921E-002   1.4020133E-001   9.3011573E-003
   1.8160000E+001   1.3999175E-001   1.0954407E-002   1.4120184E-001   9.5142088E-003
   1.8200001E+001   1.4088275E-001   1.1257399E-002   1.4240570E-001   9.8425490E-003
   1.8240000E+001   1.4197715E-001   1.1538664E-002   1.4356174E-001   1.0536793E-002
   1.8279999E+001   1.4287129E-001   1.2007143E-002   1.4485600E-001   1.0798543E-002
   1.8320000E+001   1.4412465E-001   1.2545137E-002   1.4598692E-001   1.1337908E-002
   1.8360000E+001   1.4544475E-001   1.2988593E-002   1.4734832E-001   1.1861552E-002
   1.8400000E+001   1.4650516E-001   1.3314645E-002   1.4846402E-001   1.2046899E-002
   1.8440000E+001   1.4770925E-001   1.3804055E-002   1.4944305E-001   1.2322876E-002
   1.8480000E+001   1.4864602E-001   1.3845224E-002   1.5050073E-001   1.2699509E-002
   1.8520000E+001   1.5008232E-001   1.4195340E-002   1.5171372E-001   1.3085434E-002
   1.8559999E+001   1.5089535E-001   1.4560979E-002   1.5292540E-001   1.3599065E-002
   1.8600000E+001   1.5211880E-001   1.5026804E-002   1.5396355E-001   1.3733553E-002
   1.8640000E+001   1.5317775E-001   1.5281344E-002   1.5496271E-001   1.4006986E-002
   1.8680000E+001   1.5484759E-001   1.5622020E-002   1.5605561E-001   1.4666817E-002
   1.8720000E+001   1.5580451E-001   1.6015173E-002   1.5712821E-001   1.4816818E-002
   1.8760000E+001   1.5700258E-001   1.6192799E-002   1.5837385E-001   1.5080747E-002
   1.8800000E+001   1.5804318E-001   1.6396437E-002   1.5939398E-001   1.5750787E-002
   1.8839999E+001   1.5946245E-001   1.6908703E-002   1.6036884E-001   1.5931042E-002
   1.8880000E+001   1.6054583E-001   1.7288467E-002   1.6157427E-001   1.6302105E-002
   1.8920000E+001   1.6186654E-001   1.7559857E-002   1.6248776E-001   1.6678742E-002
   1.8960000E+001   1.6344002E-001   1.7897736E-002   1.6369001E-001   1.7090885E-002
   1.9000000E+001   1.6475380E-001   1.8301031E-002   1.6467622E-001   1.7404803E-002
   1.9040000E+001   1.6622529E-001   1.8782820E-002   1.6552088E-001   1.7840379E-002
   1.9080000E+001   1.6746293E-001   1.9173065E-002   1.6697681E-001   1.7991652E-002
   1.9119999E+001   1.6873780E-001   1.9546691E-002   1.6843949E-001   1.8556907E-002
   1.9160000E+001   1.7008949E-001   2.0111102E-002   1.6942572E-001   1.9142481E-002
   1.9200000E+001   1.7150086E-001   2.0666843E-002   1.7067224E-001   1.9599761E-002
   1.9240000E+001   1.7269248E-001   2.1188785E-002   1.7170288E-001   2.0069931E-002
   1.9280000E+001   1.7392521E-001   2.1639643E-002   1.7298150E-001   2.0718076E-002
   1.9320000E+001   1.7499523E-001   2.1828702E-002   1.7438568E-001   2.1020753E-002
   1.9360000E+001   1.7637529E-001   2.2438500E-002   1.7559972E-001   2.1485949E-002
   1.9400001E+001   1.7785896E-001   2.2846707E-002   1.7692315E-001   2.2079097E-002
   1.9440000E+001   1.7896480E-001   2.3283237E-002   1.7833007E-001   2.2579130E-002
   1.9480000E+001   1.8021042E-001   2.3612237E-002   1.7937416E-001   2.3057518E-002
   1.9520000E+001   1.8107577E-001   2.4086103E-002   1.8064606E-001   2.3374266E-002
   1.9560000E+001   1.8261395E-001   2.4654190E-002   1.8178082E-001   2.3775734E-002
   1.9600000E+001   1.8411619E-001   2.4972928E-002   1.8331440E-001   2.4382977E-002
   1.9640000E+001   1.8532695E-001   2.5351629E-002   1.8460849E-001   2.4408510E-002
   1.9680001E+001   1.8648939E-001   2.5765666E-002   1.8591239E-001   2.4810186E-002
   1.9720000E+001   1.8775299E-001   2.6249191E-002   1.8713507E-001   2.5355253E-002
   1.9760000E+001   1.8879277E-001   2.6546934E-002   1.8824045E-001   2.5609106E-002
   1.9800000E+001   1.8985944E-001   2.6727986E-002   1.8933889E-001   2.5911417E-002
   1.9840000E+001   1.9121684E-001   2.7057117E-002   1.9070017E-001   2.6483238E-002
   1.9880000E+001   1.9266157E-001   2.7773635E-002   1.9237010E-001   2.6813915E-002
   1.9920000E+001   1.9387070E-001   2.8409130E-002   1.9352521E-001   2.7038561E-002
   1.9960001E+001   1.9533642E-001   2.9023751E-002   1.9528563E-001   2.7512148E-002
   2.0000000E+001   1.9647101E-001   2.9163300E-002   1.9620443E-001   2.7418364E-002
