   8.0000004E-002   0.0000000E+000   0.0000000E+000   0.0000000E+000   0.0000000E+000
   1.2000000E-001   0.0000000E+000   0.0000000E+000   0.0000000E+000   0.0000000E+000
   1.6000001E-001   0.0000000E+000   0.0000000E+000   0.0000000E+000   0.0000000E+000
   2.0000000E-001   0.0000000E+000   0.0000000E+000   0.0000000E+000   0.0000000E+000
   2.4000000E-001   0.0000000E+000   0.0000000E+000   0.0000000E+000   0.0000000E+000
   2.8000001E-001   0.0000000E+000   0.0000000E+000   0.0000000E+000   0.0000000E+000
   3.2000002E-001   0.0000000E+000   0.0000000E+000   0.0000000E+000   0.0000000E+000
   3.5999998E-001   0.0000000E+000   0.0000000E+000   0.0000000E+000   0.0000000E+000
   3.9999999E-001   0.0000000E+000   0.0000000E+000   0.0000000E+000   0.0000000E+000
   4.4000000E-001   0.0000000E+000   0.0000000E+000   0.0000000E+000   0.0000000E+000
   4.8000000E-001   0.0000000E+000   0.0000000E+000   0.0000000E+000   0.0000000E+000
   5.2000001E-001   0.0000000E+000   0.0000000E+000   0.0000000E+000   0.0000000E+000
   5.6000002E-001   0.0000000E+000   0.0000000E+000   0.0000000E+000   0.0000000E+000
   5.9999999E-001   0.0000000E+000   0.0000000E+000   0.0000000E+000   0.0000000E+000
   6.4000003E-001   0.0000000E+000   0.0000000E+000   0.0000000E+000   0.0000000E+000
   6.8000004E-001   0.0000000E+000   0.0000000E+000   0.0000000E+000   0.0000000E+000
   7.1999997E-001   0.0000000E+000   0.0000000E+000   0.0000000E+000   0.0000000E+000
   7.5999998E-001   0.0000000E+000   0.0000000E+000   0.0000000E+000   0.0000000E+000
   7.9999998E-001   0.0000000E+000   0.0000000E+000   0.0000000E+000   0.0000000E+000
   8.3999999E-001   0.0000000E+000   0.0000000E+000   0.0000000E+000   0.0000000E+000
   8.8000000E-001   0.0000000E+000   0.0000000E+000   0.0000000E+000   0.0000000E+000
   9.2000000E-001   0.0000000E+000   0.0000000E+000   0.0000000E+000   0.0000000E+000
   9.6000001E-001   0.0000000E+000   0.0000000E+000   0.0000000E+000   0.0000000E+000
   1.0000000E+000   0.0000000E+000   0.0000000E+000   0.0000000E+000   0.0000000E+000
   1.0400000E+000   1.0835232E-006   1.1381238E-007   0.0000000E+000   0.0000000E+000
   1.0800000E+000   2.7175472E-006   2.9240899E-007   0.0000000E+000   0.0000000E+000
   1.1200000E+000   4.3853794E-006   4.4619982E-007   0.0000000E+000   0.0000000E+000
   1.1600000E+000   6.0895006E-006   6.1885578E-007   0.0000000E+000   0.0000000E+000
   1.2000000E+000   8.0028956E-006   7.7205640E-007   0.0000000E+000   0.0000000E+000
   1.2400000E+000   1.0087822E-005   9.3441259E-007   0.0000000E+000   0.0000000E+000
   1.2800001E+000   1.2556982E-005   1.0937995E-006   0.0000000E+000   0.0000000E+000
   1.3200000E+000   1.5585180E-005   1.2774331E-006   0.0000000E+000   0.0000000E+000
   1.3600001E+000   1.8163539E-005   1.3753336E-006   0.0000000E+000   0.0000000E+000
   1.4000000E+000   2.0634574E-005   1.6198623E-006   0.0000000E+000   0.0000000E+000
   1.4399999E+000   2.3499191E-005   1.8780063E-006   0.0000000E+000   0.0000000E+000
   1.4800000E+000   2.6785368E-005   1.8177204E-006   0.0000000E+000   0.0000000E+000
   1.5200000E+000   2.9586365E-005   2.2166294E-006   0.0000000E+000   0.0000000E+000
   1.5600000E+000   3.2928105E-005   2.3981862E-006   0.0000000E+000   0.0000000E+000
   1.6000000E+000   3.5379288E-005   2.3181052E-006   0.0000000E+000   0.0000000E+000
   1.6400000E+000   3.8554002E-005   2.3690899E-006   0.0000000E+000   0.0000000E+000
   1.6800000E+000   4.2164695E-005   2.8664310E-006   0.0000000E+000   0.0000000E+000
   1.7200001E+000   4.7103251E-005   3.1026767E-006   0.0000000E+000   0.0000000E+000
   1.7600000E+000   5.0596594E-005   3.2383579E-006   0.0000000E+000   0.0000000E+000
   1.8000001E+000   5.3482056E-005   3.1284178E-006   0.0000000E+000   0.0000000E+000
   1.8400000E+000   5.8938626E-005   3.3746340E-006   0.0000000E+000   0.0000000E+000
   1.8799999E+000   6.4318466E-005   3.5625631E-006   0.0000000E+000   0.0000000E+000
   1.9200000E+000   6.9340305E-005   3.7769437E-006   0.0000000E+000   0.0000000E+000
   1.9599999E+000   7.3545178E-005   3.7979113E-006   0.0000000E+000   0.0000000E+000
   2.0000000E+000   7.8022963E-005   3.8869074E-006   0.0000000E+000   0.0000000E+000
   2.0400000E+000   8.2491454E-005   4.0612105E-006   0.0000000E+000   0.0000000E+000
   2.0800000E+000   8.6271110E-005   4.2248765E-006   0.0000000E+000   0.0000000E+000
   2.1200000E+000   9.0525038E-005   4.2276168E-006   0.0000000E+000   0.0000000E+000
   2.1600001E+000   9.5864319E-005   4.6803821E-006   0.0000000E+000   0.0000000E+000
   2.2000000E+000   1.0095628E-004   5.2348058E-006   0.0000000E+000   0.0000000E+000
   2.2400001E+000   1.0585366E-004   5.2683565E-006   0.0000000E+000   0.0000000E+000
   2.2800000E+000   1.1033138E-004   5.2398941E-006   0.0000000E+000   0.0000000E+000
   2.3199999E+000   1.1369215E-004   5.0672043E-006   0.0000000E+000   0.0000000E+000
   2.3600000E+000   1.1745471E-004   5.2207191E-006   0.0000000E+000   0.0000000E+000
   2.3999999E+000   1.2014522E-004   5.1223320E-006   0.0000000E+000   0.0000000E+000
   2.4400000E+000   1.2823170E-004   5.4449226E-006   0.0000000E+000   0.0000000E+000
   2.4800000E+000   1.3737708E-004   6.4212478E-006   0.0000000E+000   0.0000000E+000
   2.5200000E+000   1.4565411E-004   7.0638703E-006   0.0000000E+000   0.0000000E+000
   2.5600001E+000   1.5341110E-004   7.1444962E-006   0.0000000E+000   0.0000000E+000
   2.5999999E+000   1.6200148E-004   7.3218913E-006   0.0000000E+000   0.0000000E+000
   2.6400000E+000   1.6881434E-004   7.0612551E-006   0.0000000E+000   0.0000000E+000
   2.6800001E+000   1.7486582E-004   7.5297585E-006   0.0000000E+000   0.0000000E+000
   2.7200001E+000   1.7883881E-004   7.7945179E-006   0.0000000E+000   0.0000000E+000
   2.7599999E+000   1.8529658E-004   7.7374284E-006   0.0000000E+000   0.0000000E+000
   2.8000000E+000   1.9210160E-004   7.2385209E-006   0.0000000E+000   0.0000000E+000
   2.8400001E+000   1.9644036E-004   6.9873075E-006   0.0000000E+000   0.0000000E+000
   2.8799999E+000   2.0241327E-004   7.0428663E-006   0.0000000E+000   0.0000000E+000
   2.9200000E+000   2.0646153E-004   7.2345854E-006   0.0000000E+000   0.0000000E+000
   2.9600000E+000   2.1276856E-004   7.9795594E-006   0.0000000E+000   0.0000000E+000
   3.0000001E+000   2.1888871E-004   8.1991597E-006   0.0000000E+000   0.0000000E+000
   3.0399999E+000   2.2580326E-004   8.9954279E-006   0.0000000E+000   0.0000000E+000
   3.0800000E+000   2.3609156E-004   9.5273175E-006   0.0000000E+000   0.0000000E+000
   3.1200001E+000   2.4591717E-004   1.0276096E-005   0.0000000E+000   0.0000000E+000
   3.1600001E+000   2.5327695E-004   1.0584810E-005   0.0000000E+000   0.0000000E+000
   3.1999999E+000   2.6035606E-004   1.1916545E-005   0.0000000E+000   0.0000000E+000
   3.2400000E+000   2.6718575E-004   1.2512359E-005   0.0000000E+000   0.0000000E+000
   3.2800001E+000   2.7806085E-004   1.3054302E-005   0.0000000E+000   0.0000000E+000
   3.3199999E+000   2.8719143E-004   1.4024438E-005   0.0000000E+000   0.0000000E+000
   3.3600000E+000   2.9553497E-004   1.4710946E-005   0.0000000E+000   0.0000000E+000
   3.4000000E+000   3.0554923E-004   1.5275013E-005   0.0000000E+000   0.0000000E+000
   3.4400001E+000   3.1733520E-004   1.5886097E-005   0.0000000E+000   0.0000000E+000
   3.4799999E+000   3.2572411E-004   1.4279272E-005   0.0000000E+000   0.0000000E+000
   3.5200000E+000   3.3177652E-004   1.4066073E-005   0.0000000E+000   0.0000000E+000
   3.5600001E+000   3.3558119E-004   1.3581252E-005   0.0000000E+000   0.0000000E+000
   3.6000001E+000   3.4207240E-004   1.3946293E-005   0.0000000E+000   0.0000000E+000
   3.6399999E+000   3.5067531E-004   1.3855890E-005   0.0000000E+000   0.0000000E+000
   3.6800000E+000   3.6262407E-004   1.3252747E-005   0.0000000E+000   0.0000000E+000
   3.7200001E+000   3.7588001E-004   1.1423462E-005   0.0000000E+000   0.0000000E+000
   3.7599999E+000   3.8568695E-004   1.1721974E-005   0.0000000E+000   0.0000000E+000
   3.8000000E+000   3.9689033E-004   1.1420906E-005   0.0000000E+000   0.0000000E+000
   3.8400000E+000   4.0808779E-004   1.1371770E-005   0.0000000E+000   0.0000000E+000
   3.8800001E+000   4.2102624E-004   1.3090736E-005   0.0000000E+000   0.0000000E+000
   3.9199999E+000   4.2904398E-004   1.1288288E-005   0.0000000E+000   0.0000000E+000
   3.9600000E+000   4.4003218E-004   1.0670767E-005   0.0000000E+000   0.0000000E+000
   4.0000001E+000   4.5239731E-004   9.8991595E-006   0.0000000E+000   0.0000000E+000
   4.0400001E+000   4.6839541E-004   9.6584083E-006   0.0000000E+000   0.0000000E+000
   4.0799999E+000   4.7522939E-004   9.2720272E-006   0.0000000E+000   0.0000000E+000
   4.1200000E+000   4.8741606E-004   9.4691075E-006   0.0000000E+000   0.0000000E+000
   4.1600001E+000   4.9824695E-004   9.7787156E-006   0.0000000E+000   0.0000000E+000
   4.1999999E+000   5.0385822E-004   1.1233715E-005   0.0000000E+000   0.0000000E+000
   4.2399999E+000   5.1269048E-004   1.1049340E-005   0.0000000E+000   0.0000000E+000
   4.2800000E+000   5.2468098E-004   1.1843700E-005   0.0000000E+000   0.0000000E+000
   4.3200001E+000   5.3393342E-004   1.1505806E-005   0.0000000E+000   0.0000000E+000
   4.3599999E+000   5.4489631E-004   1.2373888E-005   0.0000000E+000   0.0000000E+000
   4.4000000E+000   5.5464332E-004   1.2217062E-005   0.0000000E+000   0.0000000E+000
   4.4400001E+000   5.6303957E-004   1.0842640E-005   0.0000000E+000   0.0000000E+000
   4.4800001E+000   5.7679957E-004   7.5832219E-006   0.0000000E+000   0.0000000E+000
   4.5199999E+000   5.8239195E-004   8.3857333E-006   0.0000000E+000   0.0000000E+000
   4.5600000E+000   5.9119390E-004   7.7053441E-006   0.0000000E+000   0.0000000E+000
   4.6000001E+000   6.0125546E-004   8.9972849E-006   0.0000000E+000   0.0000000E+000
   4.6399999E+000   6.1330315E-004   9.2301008E-006   0.0000000E+000   0.0000000E+000
   4.6799999E+000   6.2227988E-004   9.6095663E-006   0.0000000E+000   0.0000000E+000
   4.7200000E+000   6.3994967E-004   1.0338569E-005   0.0000000E+000   0.0000000E+000
   4.7600001E+000   6.5595592E-004   1.0736977E-005   0.0000000E+000   0.0000000E+000
   4.7999999E+000   6.6491458E-004   1.1288706E-005   0.0000000E+000   0.0000000E+000
   4.8400000E+000   6.7009863E-004   1.1645883E-005   0.0000000E+000   0.0000000E+000
   4.8800001E+000   6.7842198E-004   1.0865129E-005   0.0000000E+000   0.0000000E+000
   4.9200001E+000   6.9031356E-004   1.0990361E-005   0.0000000E+000   0.0000000E+000
   4.9599999E+000   7.0946259E-004   1.1874998E-005   0.0000000E+000   0.0000000E+000
   5.0000000E+000   7.1986906E-004   1.2470865E-005   0.0000000E+000   0.0000000E+000
   5.0400001E+000   7.3092983E-004   1.2530295E-005   0.0000000E+000   0.0000000E+000
   5.0800002E+000   7.4400645E-004   1.2231281E-005   0.0000000E+000   0.0000000E+000
   5.1200002E+000   7.5457804E-004   1.1192750E-005   0.0000000E+000   0.0000000E+000
   5.1599997E+000   7.6078566E-004   1.1751149E-005   0.0000000E+000   0.0000000E+000
   5.1999998E+000   7.7486971E-004   1.1341367E-005   0.0000000E+000   0.0000000E+000
   5.2399999E+000   7.8889657E-004   1.1587770E-005   0.0000000E+000   0.0000000E+000
   5.2800000E+000   8.0476107E-004   1.1393558E-005   0.0000000E+000   0.0000000E+000
   5.3200001E+000   8.2533469E-004   1.3465718E-005   0.0000000E+000   0.0000000E+000
   5.3600001E+000   8.3915137E-004   1.4418449E-005   0.0000000E+000   0.0000000E+000
   5.4000002E+000   8.5388559E-004   1.4019163E-005   0.0000000E+000   0.0000000E+000
   5.4400003E+000   8.7167322E-004   1.4414528E-005   0.0000000E+000   0.0000000E+000
   5.4799998E+000   8.8196013E-004   1.5097563E-005   0.0000000E+000   0.0000000E+000
   5.5199999E+000   8.9730254E-004   1.5132650E-005   0.0000000E+000   0.0000000E+000
   5.5599999E+000   9.1290439E-004   1.5485632E-005   0.0000000E+000   0.0000000E+000
   5.6000000E+000   9.2686660E-004   1.5901088E-005   0.0000000E+000   0.0000000E+000
   5.6400001E+000   9.4079358E-004   1.6215475E-005   0.0000000E+000   0.0000000E+000
   5.6800002E+000   9.5468405E-004   1.6275996E-005   0.0000000E+000   0.0000000E+000
   5.7200003E+000   9.6982335E-004   1.7059542E-005   0.0000000E+000   0.0000000E+000
   5.7599998E+000   9.8424305E-004   1.6076105E-005   0.0000000E+000   0.0000000E+000
   5.7999998E+000   9.9799614E-004   1.6082807E-005   0.0000000E+000   0.0000000E+000
   5.8399999E+000   1.0120094E-003   1.4520206E-005   0.0000000E+000   0.0000000E+000
   5.8800000E+000   1.0253194E-003   1.4497398E-005   0.0000000E+000   0.0000000E+000
   5.9200001E+000   1.0337725E-003   1.4551516E-005   0.0000000E+000   0.0000000E+000
   5.9600002E+000   1.0513190E-003   1.4438103E-005   0.0000000E+000   0.0000000E+000
   6.0000002E+000   1.0752215E-003   1.6832643E-005   0.0000000E+000   0.0000000E+000
   6.0399997E+000   1.0909660E-003   1.5022258E-005   0.0000000E+000   0.0000000E+000
   6.0799998E+000   1.1070652E-003   1.5406450E-005   0.0000000E+000   0.0000000E+000
   6.1199999E+000   1.1213020E-003   1.4937659E-005   0.0000000E+000   0.0000000E+000
   6.1600000E+000   1.1355670E-003   1.4824731E-005   0.0000000E+000   0.0000000E+000
   6.2000000E+000   1.1529359E-003   1.5240286E-005   0.0000000E+000   0.0000000E+000
   6.2400001E+000   1.1677556E-003   1.5660818E-005   0.0000000E+000   0.0000000E+000
   6.2800002E+000   1.1796629E-003   1.5668387E-005   0.0000000E+000   0.0000000E+000
   6.3200003E+000   1.1986247E-003   1.5735980E-005   0.0000000E+000   0.0000000E+000
   6.3599998E+000   1.2224411E-003   1.6854635E-005   0.0000000E+000   0.0000000E+000
   6.3999999E+000   1.2418807E-003   1.7486131E-005   0.0000000E+000   0.0000000E+000
   6.4399999E+000   1.2596727E-003   1.8134717E-005   0.0000000E+000   0.0000000E+000
   6.4800000E+000   1.2739260E-003   1.8660920E-005   0.0000000E+000   0.0000000E+000
   6.5200001E+000   1.2914951E-003   1.9190501E-005   0.0000000E+000   0.0000000E+000
   6.5600002E+000   1.3057105E-003   1.8091321E-005   0.0000000E+000   0.0000000E+000
   6.6000003E+000   1.3226495E-003   1.8658674E-005   0.0000000E+000   0.0000000E+000
   6.6399997E+000   1.3420166E-003   1.8733151E-005   0.0000000E+000   0.0000000E+000
   6.6799998E+000   1.3559301E-003   1.8422467E-005   0.0000000E+000   0.0000000E+000
   6.7199999E+000   1.3698400E-003   1.8756841E-005   0.0000000E+000   0.0000000E+000
   6.7600000E+000   1.3873070E-003   1.9487162E-005   0.0000000E+000   0.0000000E+000
   6.8000001E+000   1.4004044E-003   1.8683614E-005   0.0000000E+000   0.0000000E+000
   6.8400002E+000   1.4200284E-003   1.8540484E-005   0.0000000E+000   0.0000000E+000
   6.8800002E+000   1.4394628E-003   1.7854159E-005   0.0000000E+000   0.0000000E+000
   6.9199997E+000   1.4566128E-003   1.6329387E-005   0.0000000E+000   0.0000000E+000
   6.9599998E+000   1.4732036E-003   1.6349808E-005   0.0000000E+000   0.0000000E+000
   6.9999999E+000   1.4944232E-003   1.5703661E-005   0.0000000E+000   0.0000000E+000
   7.0400000E+000   1.5143253E-003   1.4465506E-005   0.0000000E+000   0.0000000E+000
   7.0800000E+000   1.5368385E-003   1.5186359E-005   0.0000000E+000   0.0000000E+000
   7.1200001E+000   1.5544689E-003   1.7974234E-005   0.0000000E+000   0.0000000E+000
   7.1600002E+000   1.5727985E-003   1.7455148E-005   0.0000000E+000   0.0000000E+000
   7.2000003E+000   1.5955513E-003   1.7653337E-005   0.0000000E+000   0.0000000E+000
   7.2399998E+000   1.6192590E-003   1.8444506E-005   0.0000000E+000   0.0000000E+000
   7.2799999E+000   1.6426568E-003   1.9025942E-005   0.0000000E+000   0.0000000E+000
   7.3199999E+000   1.6714205E-003   1.9741047E-005   0.0000000E+000   0.0000000E+000
   7.3600000E+000   1.6914054E-003   2.1161576E-005   0.0000000E+000   0.0000000E+000
   7.4000001E+000   1.7196258E-003   2.4169622E-005   0.0000000E+000   0.0000000E+000
   7.4400002E+000   1.7473571E-003   2.6043990E-005   0.0000000E+000   0.0000000E+000
   7.4800003E+000   1.7616442E-003   2.4907879E-005   0.0000000E+000   0.0000000E+000
   7.5199997E+000   1.7720393E-003   2.1882646E-005   0.0000000E+000   0.0000000E+000
   7.5599998E+000   1.7900143E-003   2.2694041E-005   0.0000000E+000   0.0000000E+000
   7.5999999E+000   1.8126938E-003   2.3080615E-005   0.0000000E+000   0.0000000E+000
   7.6400000E+000   1.8459279E-003   2.3487132E-005   0.0000000E+000   0.0000000E+000
   7.6800001E+000   1.8749077E-003   2.3488300E-005   0.0000000E+000   0.0000000E+000
   7.7200001E+000   1.8999755E-003   2.2785786E-005   0.0000000E+000   0.0000000E+000
   7.7600002E+000   1.9249910E-003   2.3190155E-005   0.0000000E+000   0.0000000E+000
   7.7999997E+000   1.9498507E-003   2.2592167E-005   0.0000000E+000   0.0000000E+000
   7.8399998E+000   1.9701515E-003   2.4997392E-005   0.0000000E+000   0.0000000E+000
   7.8799999E+000   1.9930415E-003   2.6152397E-005   0.0000000E+000   0.0000000E+000
   7.9200000E+000   2.0132886E-003   2.6189965E-005   0.0000000E+000   0.0000000E+000
   7.9600000E+000   2.0342180E-003   2.3765776E-005   0.0000000E+000   0.0000000E+000
   8.0000001E+000   2.0549726E-003   2.2619446E-005   0.0000000E+000   0.0000000E+000
   8.0400002E+000   2.0725294E-003   2.1634306E-005   0.0000000E+000   0.0000000E+000
   8.0800003E+000   2.0965130E-003   2.2609841E-005   0.0000000E+000   0.0000000E+000
   8.1199998E+000   2.1192674E-003   2.2154635E-005   0.0000000E+000   0.0000000E+000
   8.1599998E+000   2.1400519E-003   2.4860275E-005   0.0000000E+000   0.0000000E+000
   8.1999999E+000   2.1635779E-003   2.4245105E-005   0.0000000E+000   0.0000000E+000
   8.2400000E+000   2.1808082E-003   2.3432794E-005   0.0000000E+000   0.0000000E+000
   8.2800001E+000   2.1974996E-003   1.9150132E-005   0.0000000E+000   0.0000000E+000
   8.3200002E+000   2.2244750E-003   1.8664227E-005   0.0000000E+000   0.0000000E+000
   8.3600003E+000   2.2486319E-003   1.8280770E-005   0.0000000E+000   0.0000000E+000
   8.3999997E+000   2.2783428E-003   2.0643324E-005   0.0000000E+000   0.0000000E+000
   8.4399998E+000   2.2954186E-003   2.2124419E-005   0.0000000E+000   0.0000000E+000
   8.4799999E+000   2.3130997E-003   2.3243297E-005   0.0000000E+000   0.0000000E+000
   8.5200000E+000   2.3382481E-003   2.3633845E-005   0.0000000E+000   0.0000000E+000
   8.5600001E+000   2.3612632E-003   2.5968721E-005   0.0000000E+000   0.0000000E+000
   8.6000001E+000   2.3765078E-003   2.9799401E-005   0.0000000E+000   0.0000000E+000
   8.6400002E+000   2.4063723E-003   2.3486070E-005   0.0000000E+000   0.0000000E+000
   8.6799997E+000   2.4314047E-003   2.0931706E-005   0.0000000E+000   0.0000000E+000
   8.7199998E+000   2.4483651E-003   2.0980231E-005   0.0000000E+000   0.0000000E+000
   8.7599999E+000   2.4678691E-003   2.0939841E-005   0.0000000E+000   0.0000000E+000
   8.8000000E+000   2.4836366E-003   2.0526705E-005   0.0000000E+000   0.0000000E+000
   8.8400000E+000   2.5130385E-003   2.0685319E-005   0.0000000E+000   0.0000000E+000
   8.8800001E+000   2.5437361E-003   2.0932196E-005   0.0000000E+000   0.0000000E+000
   8.9200002E+000   2.5674577E-003   2.2769713E-005   0.0000000E+000   0.0000000E+000
   8.9600003E+000   2.5870713E-003   2.1810737E-005   0.0000000E+000   0.0000000E+000
   8.9999998E+000   2.6112925E-003   2.0314547E-005   0.0000000E+000   0.0000000E+000
   9.0399998E+000   2.6359450E-003   2.1549701E-005   0.0000000E+000   0.0000000E+000
   9.0799999E+000   2.6661490E-003   2.2086611E-005   0.0000000E+000   0.0000000E+000
   9.1200000E+000   2.6885785E-003   2.3766047E-005   0.0000000E+000   0.0000000E+000
   9.1600001E+000   2.7063695E-003   2.4795935E-005   0.0000000E+000   0.0000000E+000
   9.2000002E+000   2.7253853E-003   2.4584123E-005   0.0000000E+000   0.0000000E+000
   9.2400002E+000   2.7412606E-003   2.5908504E-005   0.0000000E+000   0.0000000E+000
   9.2799997E+000   2.7592253E-003   2.7416612E-005   0.0000000E+000   0.0000000E+000
   9.3199998E+000   2.7873781E-003   2.6049669E-005   0.0000000E+000   0.0000000E+000
   9.3599999E+000   2.8122073E-003   2.5511028E-005   0.0000000E+000   0.0000000E+000
   9.4000000E+000   2.8349193E-003   2.5826105E-005   0.0000000E+000   0.0000000E+000
   9.4400001E+000   2.8608562E-003   2.3600386E-005   0.0000000E+000   0.0000000E+000
   9.4800001E+000   2.8841230E-003   2.4655041E-005   0.0000000E+000   0.0000000E+000
   9.5200002E+000   2.9062119E-003   2.1621972E-005   0.0000000E+000   0.0000000E+000
   9.5599997E+000   2.9232114E-003   2.1159185E-005   0.0000000E+000   0.0000000E+000
   9.5999998E+000   2.9465692E-003   2.7456523E-005   0.0000000E+000   0.0000000E+000
   9.6399999E+000   2.9782625E-003   2.6401851E-005   0.0000000E+000   0.0000000E+000
   9.6799999E+000   3.0048693E-003   2.2791078E-005   0.0000000E+000   0.0000000E+000
   9.7200000E+000   3.0218346E-003   2.4425242E-005   0.0000000E+000   0.0000000E+000
   9.7600001E+000   3.0446031E-003   2.4362519E-005   0.0000000E+000   0.0000000E+000
   9.8000002E+000   3.0784867E-003   2.6842700E-005   0.0000000E+000   0.0000000E+000
   9.8400003E+000   3.0953768E-003   2.5537374E-005   0.0000000E+000   0.0000000E+000
   9.8799998E+000   3.1156436E-003   2.5856928E-005   0.0000000E+000   0.0000000E+000
   9.9199998E+000   3.1468461E-003   2.5974564E-005   0.0000000E+000   0.0000000E+000
   9.9599999E+000   3.1771721E-003   2.6890516E-005   0.0000000E+000   0.0000000E+000
   1.0000000E+001   3.1988046E-003   2.9329209E-005   0.0000000E+000   0.0000000E+000
   1.0039999E+001   3.2327417E-003   2.9774836E-005   0.0000000E+000   0.0000000E+000
   1.0080000E+001   3.2696544E-003   3.0132207E-005   0.0000000E+000   0.0000000E+000
   1.0120000E+001   3.3030084E-003   3.0247967E-005   0.0000000E+000   0.0000000E+000
   1.0160000E+001   3.3414679E-003   3.0073558E-005   0.0000000E+000   0.0000000E+000
   1.0200000E+001   3.3738465E-003   3.1680288E-005   0.0000000E+000   0.0000000E+000
   1.0240000E+001   3.4139294E-003   3.2436803E-005   0.0000000E+000   0.0000000E+000
   1.0280000E+001   3.4300596E-003   3.2182931E-005   0.0000000E+000   0.0000000E+000
   1.0319999E+001   3.4546829E-003   3.2560164E-005   0.0000000E+000   0.0000000E+000
   1.0360000E+001   3.4840914E-003   3.1865696E-005   0.0000000E+000   0.0000000E+000
   1.0400000E+001   3.5085323E-003   3.1661334E-005   0.0000000E+000   0.0000000E+000
   1.0440000E+001   3.5423926E-003   3.1939792E-005   0.0000000E+000   0.0000000E+000
   1.0480000E+001   3.5792836E-003   3.3220577E-005   0.0000000E+000   0.0000000E+000
   1.0520000E+001   3.6212533E-003   4.0414447E-005   0.0000000E+000   0.0000000E+000
   1.0560000E+001   3.6523602E-003   4.1515016E-005   0.0000000E+000   0.0000000E+000
   1.0599999E+001   3.6825216E-003   3.6326894E-005   0.0000000E+000   0.0000000E+000
   1.0640000E+001   3.7128560E-003   3.6179729E-005   0.0000000E+000   0.0000000E+000
   1.0680000E+001   3.7377806E-003   3.5923302E-005   0.0000000E+000   0.0000000E+000
   1.0720000E+001   3.7613202E-003   3.6116404E-005   0.0000000E+000   0.0000000E+000
   1.0760000E+001   3.7991928E-003   3.8909230E-005   0.0000000E+000   0.0000000E+000
   1.0800000E+001   3.8290404E-003   3.8979134E-005   0.0000000E+000   0.0000000E+000
   1.0840000E+001   3.8472044E-003   3.9253328E-005   0.0000000E+000   0.0000000E+000
   1.0880001E+001   3.8677138E-003   3.7177730E-005   0.0000000E+000   0.0000000E+000
   1.0920000E+001   3.8914784E-003   3.3760913E-005   0.0000000E+000   0.0000000E+000
   1.0960000E+001   3.9149385E-003   3.4082440E-005   0.0000000E+000   0.0000000E+000
   1.1000000E+001   3.9537951E-003   3.3666005E-005   0.0000000E+000   0.0000000E+000
   1.1040000E+001   3.9771428E-003   2.9915616E-005   4.7267378E-003   4.2016068E-005
   1.1080000E+001   4.0142566E-003   3.1641226E-005   5.0426399E-003   4.5340801E-005
   1.1120000E+001   4.0452148E-003   2.9617872E-005   5.0893943E-003   4.5156066E-005
   1.1160001E+001   4.0786348E-003   3.0981192E-005   5.1367783E-003   4.2704174E-005
   1.1200000E+001   4.1068858E-003   3.1824705E-005   5.1730489E-003   4.4560675E-005
   1.1240000E+001   4.1388292E-003   3.5471317E-005   5.2058370E-003   4.6356341E-005
   1.1280000E+001   4.1647385E-003   3.8911648E-005   5.2521560E-003   4.8053941E-005
   1.1320000E+001   4.1891616E-003   3.6405655E-005   5.3037060E-003   5.0427170E-005
   1.1360000E+001   4.2065715E-003   3.5332897E-005   5.3338972E-003   5.0671882E-005
   1.1400000E+001   4.2360264E-003   3.2996260E-005   5.3607653E-003   5.0278386E-005
   1.1440001E+001   4.2595438E-003   3.0861738E-005   5.3963931E-003   5.0139219E-005
   1.1480000E+001   4.2866102E-003   2.8516530E-005   5.4365740E-003   5.3416843E-005
   1.1520000E+001   4.3127209E-003   3.0200637E-005   5.4576079E-003   5.2479839E-005
   1.1560000E+001   4.3361840E-003   3.0574943E-005   5.4841076E-003   5.4055644E-005
   1.1600000E+001   4.3684080E-003   3.1343969E-005   5.5102502E-003   4.4740331E-005
   1.1640000E+001   4.3970417E-003   3.2511072E-005   5.5520197E-003   5.7758609E-005
   1.1680000E+001   4.4194434E-003   3.1640548E-005   5.5930283E-003   4.1831465E-005
   1.1720001E+001   4.4358760E-003   3.0209036E-005   5.6350308E-003   5.3533922E-005
   1.1760000E+001   4.4559680E-003   3.0378998E-005   5.6765416E-003   5.1907777E-005
   1.1799999E+001   4.4935228E-003   3.0726813E-005   5.7097949E-003   5.0990606E-005
   1.1840000E+001   4.5258150E-003   2.9975802E-005   5.7506636E-003   5.8351931E-005
   1.1880000E+001   4.5467219E-003   3.0870271E-005   5.7823518E-003   5.7828426E-005
   1.1920000E+001   4.5834309E-003   3.3201114E-005   5.8287146E-003   5.6380355E-005
   1.1960000E+001   4.6237904E-003   3.4926861E-005   5.8854283E-003   5.3204137E-005
   1.2000000E+001   4.6436908E-003   3.6636566E-005   5.9240456E-003   5.2651633E-005
   1.2040000E+001   4.6714412E-003   3.6074343E-005   5.9540496E-003   4.9674903E-005
   1.2079999E+001   4.7128714E-003   3.6045706E-005   6.0004534E-003   5.0982629E-005
   1.2120000E+001   4.7428715E-003   3.8607181E-005   6.0395567E-003   3.7371719E-005
   1.2160000E+001   4.7632204E-003   4.2449903E-005   6.0582884E-003   4.8277499E-005
   1.2200000E+001   4.8016987E-003   3.8570338E-005   6.0862323E-003   4.6589750E-005
   1.2240000E+001   4.8447078E-003   3.7779662E-005   6.1069855E-003   4.7968880E-005
   1.2280000E+001   4.8871268E-003   3.6366401E-005   6.1338542E-003   4.8172161E-005
   1.2320000E+001   4.9047554E-003   3.7433452E-005   6.1759171E-003   4.6857132E-005
   1.2359999E+001   4.9427044E-003   3.7349415E-005   6.2155640E-003   4.5943418E-005
   1.2400000E+001   4.9695342E-003   3.5609262E-005   6.2519752E-003   4.0629212E-005
   1.2440000E+001   4.9862954E-003   3.5171255E-005   6.3096891E-003   3.6415817E-005
   1.2480000E+001   5.0290682E-003   4.6652873E-005   6.3594498E-003   3.0013456E-005
   1.2520000E+001   5.0680722E-003   4.3468934E-005   6.3763338E-003   3.8568552E-005
   1.2560000E+001   5.1071558E-003   4.3411350E-005   6.4026301E-003   3.5827919E-005
   1.2600000E+001   5.1421383E-003   4.6105050E-005   6.4299988E-003   3.9154968E-005
   1.2640001E+001   5.1803122E-003   5.6024011E-005   6.4637936E-003   3.9591275E-005
   1.2680000E+001   5.2092529E-003   5.7268623E-005   6.5087455E-003   4.8053618E-005
   1.2720000E+001   5.2271140E-003   5.7592864E-005   6.5516614E-003   3.9234136E-005
   1.2760000E+001   5.2429926E-003   5.0941861E-005   6.5914539E-003   3.8840668E-005
   1.2800000E+001   5.2820034E-003   5.0965351E-005   6.6350034E-003   3.1065004E-005
   1.2840000E+001   5.3268941E-003   4.6985695E-005   6.6943395E-003   2.9771994E-005
   1.2880000E+001   5.3715402E-003   4.6029614E-005   6.7606362E-003   3.2058829E-005
   1.2920001E+001   5.4127638E-003   4.0151551E-005   6.8022750E-003   4.7463872E-005
   1.2960000E+001   5.4606340E-003   3.7728222E-005   6.8572745E-003   4.9416344E-005
   1.3000000E+001   5.5028082E-003   3.6842346E-005   6.9055178E-003   3.2306946E-005
   1.3040000E+001   5.5437183E-003   3.8368291E-005   6.9603302E-003   3.4816054E-005
   1.3080000E+001   5.5847444E-003   3.9915942E-005   7.0150124E-003   3.4146581E-005
   1.3120000E+001   5.6133236E-003   3.9316996E-005   7.0583694E-003   3.4828489E-005
   1.3160000E+001   5.6595898E-003   4.0227281E-005   7.0858172E-003   3.9651211E-005
   1.3200001E+001   5.6988502E-003   3.8280546E-005   7.1366027E-003   4.8530653E-005
   1.3240000E+001   5.7396445E-003   3.9341314E-005   7.1877075E-003   4.7302645E-005
   1.3279999E+001   5.7969546E-003   3.9750418E-005   7.2271218E-003   4.7958448E-005
   1.3320000E+001   5.8546532E-003   3.4660489E-005   7.2963553E-003   6.0814087E-005
   1.3360000E+001   5.8918367E-003   3.2412105E-005   7.3540950E-003   6.0488313E-005
   1.3400000E+001   5.9155346E-003   3.1334467E-005   7.4023249E-003   5.7156401E-005
   1.3440000E+001   5.9595380E-003   3.1311030E-005   7.4300059E-003   6.1810890E-005
   1.3480000E+001   6.0139837E-003   3.0503949E-005   7.4561488E-003   6.4053315E-005
   1.3520000E+001   6.0599262E-003   2.9296054E-005   7.4888890E-003   6.5856730E-005
   1.3559999E+001   6.0901039E-003   2.8837584E-005   7.5255975E-003   6.3447026E-005
   1.3600000E+001   6.1352887E-003   2.9945330E-005   7.5559396E-003   6.1632336E-005
   1.3640000E+001   6.1836742E-003   3.1324877E-005   7.5782878E-003   5.7356574E-005
   1.3680000E+001   6.2277952E-003   3.0932638E-005   7.6481165E-003   5.5013982E-005
   1.3720000E+001   6.2679639E-003   3.1310112E-005   7.7120483E-003   5.6086827E-005
   1.3760000E+001   6.3065077E-003   3.1282466E-005   7.7686087E-003   5.6503544E-005
   1.3800000E+001   6.3328962E-003   3.0458005E-005   7.8294952E-003   5.8460447E-005
   1.3839999E+001   6.3774208E-003   3.0809054E-005   7.8883534E-003   5.8761551E-005
   1.3880000E+001   6.4064760E-003   3.1968658E-005   7.9278362E-003   6.2154131E-005
   1.3920000E+001   6.4380292E-003   3.3215988E-005   7.9756706E-003   6.1339374E-005
   1.3960000E+001   6.4719326E-003   3.2788643E-005   8.0248535E-003   5.9311436E-005
   1.4000000E+001   6.5105717E-003   3.3667623E-005   8.0908587E-003   5.8092261E-005
   1.4040000E+001   6.5667249E-003   3.5916925E-005   8.1310002E-003   5.5215587E-005
   1.4080000E+001   6.5953924E-003   3.5514204E-005   8.1805674E-003   5.4552387E-005
   1.4119999E+001   6.6357035E-003   3.4661201E-005   8.2308401E-003   5.3054813E-005
   1.4160000E+001   6.6702661E-003   3.3247414E-005   8.2705751E-003   4.9613075E-005
   1.4200000E+001   6.6857428E-003   3.5526931E-005   8.3190183E-003   5.1718132E-005
   1.4240000E+001   6.7075889E-003   3.4801424E-005   8.3532175E-003   4.6561904E-005
   1.4280000E+001   6.7483834E-003   4.3721758E-005   8.4169982E-003   4.5541732E-005
   1.4320000E+001   6.7904945E-003   4.4213383E-005   8.4716592E-003   4.6418989E-005
   1.4360000E+001   6.8312838E-003   4.6648279E-005   8.5018573E-003   5.3176845E-005
   1.4400001E+001   6.8663812E-003   4.3878950E-005   8.5485483E-003   5.7245514E-005
   1.4440000E+001   6.9006324E-003   4.2269620E-005   8.6037460E-003   5.6089171E-005
   1.4480000E+001   6.9325608E-003   3.7952935E-005   8.6578324E-003   5.4889852E-005
   1.4520000E+001   6.9811315E-003   4.4552924E-005   8.7012128E-003   5.7794889E-005
   1.4560000E+001   7.0405057E-003   3.0518455E-005   8.7437191E-003   6.0678598E-005
   1.4600000E+001   7.0897271E-003   3.6835098E-005   8.8173453E-003   5.8685269E-005
   1.4640000E+001   7.1276672E-003   4.0504106E-005   8.8817799E-003   5.2920410E-005
   1.4680001E+001   7.1712233E-003   3.6339464E-005   8.9328137E-003   4.9945344E-005
   1.4720000E+001   7.2236164E-003   4.4172332E-005   8.9718219E-003   5.2333613E-005
   1.4760000E+001   7.2659707E-003   4.2111025E-005   9.0344585E-003   4.5496834E-005
   1.4800000E+001   7.3168053E-003   4.6469534E-005   9.0950110E-003   4.0902415E-005
   1.4840000E+001   7.3796461E-003   3.4503940E-005   9.1356642E-003   4.2004020E-005
   1.4880000E+001   7.4254952E-003   4.4042274E-005   9.2082667E-003   4.1678511E-005
   1.4920000E+001   7.4686497E-003   3.6280865E-005   9.2704960E-003   4.2294748E-005
   1.4960001E+001   7.5148741E-003   3.5004862E-005   9.3115453E-003   4.0665132E-005
   1.5000000E+001   7.5533532E-003   3.9488820E-005   9.3828396E-003   3.7574018E-005
   1.5039999E+001   7.6037001E-003   4.0396887E-005   9.4483104E-003   3.7099905E-005
   1.5080000E+001   7.6306836E-003   3.5346832E-005   9.4977678E-003   3.8311959E-005
   1.5120000E+001   7.6578894E-003   3.4540085E-005   9.5749374E-003   3.9530947E-005
   1.5160000E+001   7.6935241E-003   3.5225781E-005   9.6213600E-003   3.7604716E-005
   1.5200000E+001   7.7236173E-003   3.6150893E-005   9.6687282E-003   3.7566636E-005
   1.5240000E+001   7.7450576E-003   3.7574947E-005   9.7103200E-003   3.7566258E-005
   1.5280000E+001   7.7850647E-003   3.9483497E-005   9.7421684E-003   3.8509866E-005
   1.5319999E+001   7.7995481E-003   3.9065254E-005   9.7975965E-003   4.0264222E-005
   1.5360000E+001   7.8340685E-003   3.7431547E-005   9.8528425E-003   3.8924118E-005
   1.5400000E+001   7.9051027E-003   3.5474956E-005   9.9048586E-003   3.8240265E-005
   1.5440000E+001   7.9417858E-003   3.5279244E-005   9.9793381E-003   3.7217017E-005
   1.5480000E+001   7.9819898E-003   3.5107396E-005   1.0038613E-002   3.4531409E-005
   1.5520000E+001   8.0122063E-003   3.4310379E-005   1.0083562E-002   3.5674935E-005
   1.5560000E+001   8.0658991E-003   3.9588817E-005   1.0145559E-002   3.7047533E-005
   1.5599999E+001   8.1197728E-003   3.7341266E-005   1.0192279E-002   4.3351287E-005
   1.5640000E+001   8.1556796E-003   3.6429391E-005   1.0239895E-002   3.8471084E-005
   1.5680000E+001   8.2019040E-003   3.7533933E-005   1.0302606E-002   3.7209061E-005
   1.5720000E+001   8.2482272E-003   3.6751212E-005   1.0349718E-002   3.7812488E-005
   1.5760000E+001   8.2949647E-003   4.5143798E-005   1.0374608E-002   3.5858365E-005
   1.5800000E+001   8.3335523E-003   4.7079067E-005   1.0447523E-002   3.8335497E-005
   1.5840000E+001   8.4069234E-003   4.3822139E-005   1.0482326E-002   3.9199680E-005
   1.5880001E+001   8.4604313E-003   3.6536558E-005   1.0533524E-002   3.9853227E-005
   1.5920000E+001   8.5139636E-003   5.1310221E-005   1.0581315E-002   3.9652355E-005
   1.5960000E+001   8.5725111E-003   5.4314041E-005   1.0608830E-002   4.1607745E-005
   1.6000000E+001   8.6173281E-003   5.4542423E-005   1.0646473E-002   4.0918439E-005
   1.6040000E+001   8.6929097E-003   5.6228192E-005   1.0686550E-002   4.1749298E-005
   1.6080000E+001   8.7411808E-003   5.0127994E-005   1.0736360E-002   4.1907471E-005
   1.6120000E+001   8.7779407E-003   4.7110416E-005   1.0782572E-002   4.1864649E-005
   1.6160001E+001   8.8353056E-003   4.8496577E-005   1.0852589E-002   4.2304711E-005
   1.6200000E+001   8.8758683E-003   5.0018580E-005   1.0888469E-002   4.0840168E-005
   1.6240000E+001   8.9106561E-003   5.4411944E-005   1.0930575E-002   4.1612201E-005
   1.6280000E+001   8.9537857E-003   5.2486177E-005   1.1008312E-002   4.2813834E-005
   1.6320000E+001   8.9827155E-003   5.2392456E-005   1.1059285E-002   4.9044963E-005
   1.6360000E+001   9.0055870E-003   5.1206646E-005   1.1091221E-002   5.0664388E-005
   1.6400000E+001   9.0703757E-003   5.3562080E-005   1.1143185E-002   5.1495393E-005
   1.6440001E+001   9.1077059E-003   5.5343852E-005   1.1179757E-002   5.3461261E-005
   1.6480000E+001   9.1387785E-003   5.7233232E-005   1.1226230E-002   5.3503624E-005
   1.6520000E+001   9.1801380E-003   6.0258783E-005   1.1277416E-002   5.2089316E-005
   1.6560000E+001   9.2201603E-003   6.0270968E-005   1.1339823E-002   5.0953743E-005
   1.6600000E+001   9.2695700E-003   5.4177372E-005   1.1399085E-002   5.8239343E-005
   1.6640000E+001   9.3058999E-003   5.3978219E-005   1.1448020E-002   5.9755053E-005
   1.6680000E+001   9.3286430E-003   5.5381249E-005   1.1513669E-002   5.9193299E-005
   1.6720001E+001   9.3750621E-003   5.5508446E-005   1.1580666E-002   6.0419185E-005
   1.6760000E+001   9.4108273E-003   5.4280344E-005   1.1655209E-002   5.9606417E-005
   1.6799999E+001   9.4456556E-003   5.8051498E-005   1.1691408E-002   6.0928584E-005
   1.6840000E+001   9.5055383E-003   6.9999956E-005   1.1731879E-002   5.9466738E-005
   1.6880000E+001   9.5531758E-003   6.8776208E-005   1.1796853E-002   5.8401003E-005
   1.6920000E+001   9.6020198E-003   6.4798679E-005   1.1848539E-002   5.9376289E-005
   1.6960000E+001   9.6584407E-003   6.9312652E-005   1.1915298E-002   5.7128880E-005
   1.7000000E+001   9.6903564E-003   6.9471664E-005   1.1958774E-002   5.3231227E-005
   1.7040000E+001   9.7219907E-003   7.7633860E-005   1.2024430E-002   5.3169682E-005
   1.7079999E+001   9.7578256E-003   7.3225728E-005   1.2082367E-002   5.4169744E-005
   1.7120000E+001   9.8000376E-003   7.2819229E-005   1.2180406E-002   5.5575972E-005
   1.7160000E+001   9.8233665E-003   6.7773353E-005   1.2238894E-002   5.3534404E-005
   1.7200000E+001   9.8595339E-003   6.2458947E-005   1.2289600E-002   4.3739346E-005
   1.7240000E+001   9.9046440E-003   6.3152700E-005   1.2350512E-002   5.2889687E-005
   1.7280000E+001   9.9470685E-003   6.2932537E-005   1.2424049E-002   7.0712970E-005
   1.7320000E+001   1.0007271E-002   6.1597545E-005   1.2474360E-002   5.8845842E-005
   1.7359999E+001   1.0063675E-002   6.0309916E-005   1.2530361E-002   4.6637816E-005
   1.7400000E+001   1.0105857E-002   5.1730620E-005   1.2575320E-002   4.5811415E-005
   1.7440000E+001   1.0159500E-002   3.9199819E-005   1.2641710E-002   4.7767246E-005
   1.7480000E+001   1.0207306E-002   3.8108686E-005   1.2707283E-002   5.0126803E-005
   1.7520000E+001   1.0250031E-002   3.8753314E-005   1.2738518E-002   4.5757396E-005
   1.7560000E+001   1.0287020E-002   3.8177899E-005   1.2804612E-002   5.3697753E-005
   1.7600000E+001   1.0338276E-002   4.3362303E-005   1.2839414E-002   5.6422007E-005
   1.7640001E+001   1.0378068E-002   4.9931066E-005   1.2895074E-002   5.1100510E-005
   1.7680000E+001   1.0422885E-002   5.1381450E-005   1.2953315E-002   4.6988457E-005
   1.7720000E+001   1.0458924E-002   5.5246633E-005   1.3012000E-002   5.1347095E-005
   1.7760000E+001   1.0516978E-002   4.9476774E-005   1.3079228E-002   4.8395535E-005
   1.7800000E+001   1.0539300E-002   4.9004868E-005   1.3145110E-002   4.5347006E-005
   1.7840000E+001   1.0568955E-002   4.3640765E-005   1.3170396E-002   4.6745829E-005
   1.7880000E+001   1.0603624E-002   4.1364479E-005   1.3214545E-002   4.9608607E-005
   1.7920001E+001   1.0632797E-002   3.5582988E-005   1.3260085E-002   5.6146049E-005
   1.7960000E+001   1.0672614E-002   3.5014209E-005   1.3335792E-002   6.1449553E-005
   1.8000000E+001   1.0689843E-002   3.6708783E-005   1.3400517E-002   5.7765149E-005
   1.8040000E+001   1.0696558E-002   3.5079509E-005   1.3451810E-002   4.9767463E-005
   1.8080000E+001   1.0742725E-002   3.2091711E-005   1.3522366E-002   4.8093399E-005
   1.8120000E+001   1.0799552E-002   3.2862911E-005   1.3590257E-002   4.9438809E-005
   1.8160000E+001   1.0875036E-002   3.4554617E-005   1.3679450E-002   5.1608347E-005
   1.8200001E+001   1.0935069E-002   3.3291938E-005   1.3776287E-002   5.1226199E-005
   1.8240000E+001   1.0991053E-002   3.3580791E-005   1.3842809E-002   5.3423481E-005
   1.8279999E+001   1.0999710E-002   3.4608244E-005   1.3917768E-002   5.2713148E-005
   1.8320000E+001   1.1030831E-002   3.3994479E-005   1.4002292E-002   5.0090354E-005
   1.8360000E+001   1.1068387E-002   3.5531061E-005   1.4081350E-002   4.9450444E-005
   1.8400000E+001   1.1118378E-002   3.7877757E-005   1.4124297E-002   4.6376007E-005
   1.8440000E+001   1.1176852E-002   4.1347746E-005   1.4167236E-002   4.6436132E-005
   1.8480000E+001   1.1255515E-002   5.1720175E-005   1.4210464E-002   4.5894215E-005
   1.8520000E+001   1.1325060E-002   4.9377670E-005   1.4287668E-002   4.5529120E-005
   1.8559999E+001   1.1369711E-002   4.8403294E-005   1.4360374E-002   4.5656552E-005
   1.8600000E+001   1.1418146E-002   4.6695702E-005   1.4424342E-002   4.4350102E-005
   1.8640000E+001   1.1468749E-002   4.7320656E-005   1.4468473E-002   4.3264897E-005
   1.8680000E+001   1.1521637E-002   4.9277255E-005   1.4496129E-002   4.2551209E-005
   1.8720000E+001   1.1557589E-002   5.0738329E-005   1.4559005E-002   4.0921141E-005
   1.8760000E+001   1.1614170E-002   5.2035733E-005   1.4599078E-002   4.0852605E-005
   1.8800000E+001   1.1689158E-002   5.5611208E-005   1.4653863E-002   4.5420949E-005
   1.8839999E+001   1.1730003E-002   4.9616941E-005   1.4717524E-002   4.6461020E-005
   1.8880000E+001   1.1769829E-002   5.0953789E-005   1.4810903E-002   4.2971459E-005
   1.8920000E+001   1.1835091E-002   5.0898350E-005   1.4846939E-002   4.1071422E-005
   1.8960000E+001   1.1869208E-002   5.1618042E-005   1.4909888E-002   4.2684263E-005
   1.9000000E+001   1.1917496E-002   5.1161635E-005   1.5000138E-002   5.3327649E-005
   1.9040000E+001   1.1975077E-002   5.0165690E-005   1.5047907E-002   5.5432396E-005
   1.9080000E+001   1.2037578E-002   4.6589624E-005   1.5088192E-002   4.1569443E-005
   1.9119999E+001   1.2088437E-002   4.6220794E-005   1.5133826E-002   4.0964241E-005
   1.9160000E+001   1.2153719E-002   4.7236437E-005   1.5169717E-002   4.4150281E-005
   1.9200000E+001   1.2224943E-002   5.6134001E-005   1.5227843E-002   4.4752155E-005
   1.9240000E+001   1.2294825E-002   4.9981588E-005   1.5288789E-002   4.4643455E-005
   1.9280000E+001   1.2327464E-002   3.9199680E-005   1.5338114E-002   4.5257730E-005
   1.9320000E+001   1.2383633E-002   4.0060447E-005   1.5410083E-002   4.7127896E-005
   1.9360000E+001   1.2431360E-002   4.1977237E-005   1.5452540E-002   4.8965930E-005
   1.9400001E+001   1.2480857E-002   4.5675702E-005   1.5524352E-002   5.2136462E-005
   1.9440000E+001   1.2535695E-002   4.9350405E-005   1.5585306E-002   5.4671586E-005
   1.9480000E+001   1.2580608E-002   5.4759278E-005   1.5664794E-002   5.2180815E-005
   1.9520000E+001   1.2650670E-002   5.5278477E-005   1.5729440E-002   5.3210516E-005
   1.9560000E+001   1.2722217E-002   6.1811363E-005   1.5812630E-002   6.0620358E-005
   1.9600000E+001   1.2765265E-002   6.2149079E-005   1.5862556E-002   5.9512847E-005
   1.9640000E+001   1.2831529E-002   6.5235558E-005   1.5926013E-002   6.0723983E-005
   1.9680001E+001   1.2910098E-002   6.7783738E-005   1.5981962E-002   6.0801990E-005
   1.9720000E+001   1.2954926E-002   7.0814718E-005   1.6027929E-002   6.5947775E-005
   1.9760000E+001   1.3001725E-002   7.0898108E-005   1.6098408E-002   6.9221720E-005
   1.9800000E+001   1.3050889E-002   6.7614612E-005   1.6164528E-002   7.0944610E-005
   1.9840000E+001   1.3093884E-002   6.8006233E-005   1.6224555E-002   7.4787644E-005
   1.9880000E+001   1.3151078E-002   7.1914891E-005   1.6323565E-002   8.2254468E-005
   1.9920000E+001   1.3193201E-002   7.6616187E-005   1.6403515E-002   8.8695090E-005
   1.9960001E+001   1.3240433E-002   7.7946443E-005   1.6453247E-002   9.3624688E-005
   2.0000000E+001   1.3305881E-002   7.0984696E-005   1.6501406E-002   9.8891442E-005
