         0.0800         0.0000         0.0000         0.0000         0.0000         0.0000
         0.1200         0.0000         0.0000         0.0000         0.0000         0.0000
         0.1600         0.0000         0.0000         0.0000         0.0000         0.0000
         0.2000         0.0000         0.0000         0.0000         0.0000         0.0000
         0.2400         0.0000         0.0000         0.0000         0.0000         0.0000
         0.2800         0.0000         0.0000         0.0000         0.0000         0.0000
         0.3200         0.0000         0.0000         0.0000         0.0000         0.0000
         0.3600         0.0000         0.0000         0.0000         0.0000         0.0000
         0.4000         0.0000         0.0000         0.0000         0.0000         0.0000
         0.4400         0.0000         0.0000         0.0000         0.0000         0.0000
         0.4800         0.0000         0.0000         0.0000         0.0000         0.0000
         0.5200         0.0000         0.0000         0.0000         0.0000         0.0000
         0.5600         0.0000         0.0000         0.0000         0.0000         0.0000
         0.6000         0.0000         0.0000         0.0000         0.0000         0.0000
         0.6400         0.0000         0.0000         0.0000         0.0000         0.0000
         0.6800         0.0000         0.0000         0.0000         0.0000         0.0000
         0.7200         0.0000         0.0000         0.0000         0.0000         0.0000
         0.7600         0.0000         0.0000         0.0000         0.0000         0.0000
         0.8000         0.0000         0.0000         0.0000         0.0000         0.0000
         0.8400         0.0000         0.0000         0.0000         0.0000         0.0000
         0.8800         0.0000         0.0000         0.0000         0.0000         0.0000
         0.9200         0.0000         0.0000         0.0000         0.0000         0.0000
         0.9600         0.0001         0.0000         0.0002         0.0000         0.0000
         1.0000         0.0006         0.0000         0.0008         0.0000         0.0000
         1.0400         0.0018         0.0001         0.0027         0.0002         0.0000
         1.0800         0.0035         0.0003         0.0049         0.0003         0.0000
         1.1200         0.0053         0.0004         0.0075         0.0005         0.0000
         1.1600         0.0072         0.0005         0.0105         0.0007         0.0000
         1.2000         0.0096         0.0006         0.0130         0.0008         0.0000
         1.2400         0.0117         0.0008         0.0168         0.0010         0.0000
         1.2800         0.0144         0.0010         0.0201         0.0011         0.0000
         1.3200         0.0173         0.0011         0.0230         0.0013         0.0000
         1.3600         0.0202         0.0013         0.0263         0.0014         0.0000
         1.4000         0.0236         0.0014         0.0299         0.0015         0.0000
         1.4400         0.0266         0.0015         0.0338         0.0017         0.0000
         1.4800         0.0301         0.0016         0.0393         0.0019         0.0000
         1.5200         0.0323         0.0017         0.0427         0.0021         0.0000
         1.5600         0.0360         0.0019         0.0463         0.0021         0.0000
         1.6000         0.0397         0.0021         0.0505         0.0022         0.0000
         1.6400         0.0425         0.0021         0.0555         0.0024         0.0000
         1.6800         0.0457         0.0021         0.0602         0.0026         0.0000
         1.7200         0.0483         0.0023         0.0654         0.0027         0.0000
         1.7600         0.0524         0.0024         0.0705         0.0030         0.0000
         1.8000         0.0561         0.0026         0.0754         0.0033         0.0000
         1.8400         0.0594         0.0030         0.0811         0.0034         0.0000
         1.8800         0.0637         0.0032         0.0882         0.0038         0.0000
         1.9200         0.0678         0.0030         0.0941         0.0039         0.0000
         1.9600         0.0720         0.0034         0.0991         0.0038         0.0000
         2.0000         0.0764         0.0034         0.1070         0.0040         0.0000
         2.0400         0.0811         0.0036         0.1126         0.0043         0.0000
         2.0800         0.0858         0.0038         0.1200         0.0045         0.0000
         2.1200         0.0895         0.0037         0.1247         0.0062         0.0000
         2.1600         0.0950         0.0039         0.1327         0.0048         0.0000
         2.2000         0.1007         0.0041         0.1400         0.0050         0.0000
         2.2400         0.1054         0.0041         0.1502         0.0071         0.0000
         2.2800         0.1122         0.0045         0.1589         0.0074         0.0000
         2.3200         0.1169         0.0047         0.1665         0.0073         0.0000
         2.3600         0.1219         0.0046         0.1730         0.0075         0.0000
         2.4000         0.1269         0.0052         0.1800         0.0073         0.0000
         2.4400         0.1346         0.0056         0.1888         0.0070         0.0000
         2.4800         0.1403         0.0058         0.1960         0.0074         0.0000
         2.5200         0.1463         0.0060         0.2067         0.0073         0.0000
         2.5600         0.1520         0.0063         0.2178         0.0084         0.0000
         2.6000         0.1577         0.0062         0.2261         0.0081         0.0000
         2.6400         0.1618         0.0062         0.2347         0.0088         0.0000
         2.6800         0.1674         0.0064         0.2441         0.0081         0.0000
         2.7200         0.1739         0.0068         0.2539         0.0082         0.0000
         2.7600         0.1811         0.0069         0.2638         0.0083         0.0000
         2.8000         0.1881         0.0073         0.2721         0.0086         0.0000
         2.8400         0.1918         0.0073         0.2837         0.0088         0.0000
         2.8800         0.1962         0.0069         0.2931         0.0090         0.0000
         2.9200         0.2049         0.0071         0.3047         0.0090         0.0000
         2.9600         0.2092         0.0068         0.3142         0.0087         0.0000
         3.0000         0.2166         0.0069         0.3258         0.0096         0.0000
         3.0400         0.2237         0.0074         0.3399         0.0095         0.0000
         3.0800         0.2330         0.0077         0.3509         0.0104         0.0000
         3.1200         0.2391         0.0084         0.3634         0.0110         0.0000
         3.1600         0.2442         0.0082         0.3780         0.0109         0.0000
         3.2000         0.2502         0.0082         0.3900         0.0110         0.0000
         3.2400         0.2602         0.0087         0.4027         0.0111         0.0000
         3.2800         0.2676         0.0087         0.4181         0.0096         0.0000
         3.3200         0.2759         0.0088         0.4299         0.0094         0.0000
         3.3600         0.2835         0.0090         0.4463         0.0096         0.0000
         3.4000         0.2922         0.0096         0.4617         0.0103         0.0000
         3.4400         0.2988         0.0099         0.4761         0.0110         0.0000
         3.4800         0.3064         0.0099         0.4928         0.0111         0.0000
         3.5200         0.3155         0.0097         0.5095         0.0110         0.0000
         3.5600         0.3257         0.0099         0.5240         0.0113         0.0000
         3.6000         0.3327         0.0107         0.5340         0.0119         0.0000
         3.6400         0.3384         0.0107         0.5514         0.0116         0.0000
         3.6800         0.3450         0.0108         0.5674         0.0131         0.0000
         3.7200         0.3501         0.0107         0.5817         0.0134         0.0000
         3.7600         0.3552         0.0106         0.5986         0.0163         0.0000
         3.8000         0.3632         0.0112         0.6163         0.0180         0.0000
         3.8400         0.3749         0.0112         0.6321         0.0185         0.0000
         3.8800         0.3820         0.0110         0.6493         0.0194         0.0000
         3.9200         0.3897         0.0115         0.6645         0.0208         0.0000
         3.9600         0.3960         0.0117         0.6835         0.0212         0.0000
         4.0000         0.4042         0.0083         0.6999         0.0225         0.0000
         4.0400         0.4133         0.0116         0.7205         0.0204         0.0000
         4.0800         0.4197         0.0125         0.7401         0.0203         0.0000
         4.1200         0.4301         0.0125         0.7618         0.0203         0.0000
         4.1600         0.4441         0.0127         0.7844         0.0208         0.0000
         4.2000         0.4547         0.0122         0.8061         0.0214         0.0000
         4.2400         0.4665         0.0126         0.8272         0.0228         0.0000
         4.2800         0.4745         0.0129         0.8503         0.0231         0.0000
         4.3200         0.4839         0.0134         0.8640         0.0239         0.0000
         4.3600         0.4927         0.0137         0.8870         0.0244         0.0000
         4.4000         0.5017         0.0128         0.9111         0.0242         0.0000
         4.4400         0.5127         0.0136         0.9314         0.0235         0.0000
         4.4800         0.5193         0.0137         0.9545         0.0231         0.0000
         4.5200         0.5257         0.0122         0.9775         0.0225         0.0000
         4.5600         0.5386         0.0117         0.9983         0.0258         0.0000
         4.6000         0.5512         0.0139         1.0135         0.0271         0.0000
         4.6400         0.5624         0.0141         1.0408         0.0281         0.0000
         4.6800         0.5751         0.0152         1.0608         0.0296         0.0000
         4.7200         0.5836         0.0155         1.0856         0.0316         0.0000
         4.7600         0.5920         0.0157         1.1078         0.0309         0.0000
         4.8000         0.6014         0.0149         1.1284         0.0317         0.0000
         4.8400         0.6100         0.0159         1.1510         0.0328         0.0000
         4.8800         0.6203         0.0160         1.1748         0.0365         0.0000
         4.9200         0.6290         0.0159         1.2016         0.0355         0.0000
         4.9600         0.6399         0.0161         1.2273         0.0330         0.0000
         5.0000         0.6545         0.0162         1.2484         0.0316         0.0000
         5.0400         0.6636         0.0160         1.2765         0.0319         0.0000
         5.0800         0.6762         0.0165         1.3031         0.0329         0.0000
         5.1200         0.6868         0.0164         1.3257         0.0342         0.0000
         5.1600         0.6964         0.0158         1.3437         0.0361         0.0000
         5.2000         0.7057         0.0163         1.3682         0.0327         0.0000
         5.2400         0.7148         0.0166         1.3870         0.0322         0.0000
         5.2800         0.7216         0.0175         1.4139         0.0317         0.0000
         5.3200         0.7333         0.0170         1.4353         0.0310         0.0000
         5.3600         0.7406         0.0162         1.4655         0.0332         0.0000
         5.4000         0.7553         0.0153         1.4910         0.0329         0.0000
         5.4400         0.7632         0.0178         1.5162         0.0327         0.0000
         5.4800         0.7736         0.0181         1.5508         0.0337         0.0000
         5.5200         0.7798         0.0169         1.5810         0.0333         0.0000
         5.5600         0.7921         0.0187         1.6107         0.0371         0.0000
         5.6000         0.8006         0.0190         1.6388         0.0377         0.0000
         5.6400         0.8095         0.0191         1.6646         0.0388         0.0000
         5.6800         0.8200         0.0183         1.6950         0.0372         0.0000
         5.7200         0.8283         0.0187         1.7257         0.0389         0.0000
         5.7600         0.8348         0.0189         1.7486         0.0385         0.0000
         5.8000         0.8422         0.0192         1.7739         0.0417         0.0000
         5.8400         0.8500         0.0199         1.7958         0.0390         0.0000
         5.8800         0.8584         0.0203         1.7751         0.0378         0.0021
         5.9200         0.8694         0.0198         1.6163         0.0350         0.0339
         5.9600         0.8811         0.0194         1.2749         0.0268         0.1937
         6.0000         0.8890         0.0189         0.8564         0.0187         0.5693
         6.0400         0.8982         0.0191         0.5200         0.0119         1.1036
         6.0800         0.9073         0.0201         0.3227         0.0058         1.6517
         6.1200         0.9161         0.0190         0.2242         0.0037         2.1073
         6.1600         0.9273         0.0198         0.1767         0.0031         2.4386
         6.2000         0.9355         0.0203         0.1534         0.0028         2.6595
         6.2400         0.9480         0.0218         0.1455         0.0028         2.7989
         6.2800         0.9593         0.0206         0.1435         0.0030         2.8836
         6.3200         0.9671         0.0206         0.1463         0.0026         2.9337
         6.3600         0.9754         0.0212         0.1512         0.0034         2.9628
         6.4000         0.9831         0.0194         0.1571         0.0036         2.9794
         6.4400         0.9902         0.0187         0.1632         0.0039         2.9887
         6.4800         0.9986         0.0172         0.1686         0.0035         2.9939
         6.5200         1.0146         0.0161         0.1772         0.0040         2.9967
         6.5600         1.0233         0.0158         0.1848         0.0041         2.9983
         6.6000         1.0358         0.0166         0.1915         0.0043         2.9991
         6.6400         1.0432         0.0175         0.1966         0.0042         2.9995
         6.6800         1.0502         0.0173         0.2050         0.0047         2.9998
         6.7200         1.0577         0.0209         0.2121         0.0049         2.9999
         6.7600         1.0719         0.0241         0.2199         0.0054         2.9999
         6.8000         1.0808         0.0273         0.2296         0.0057         3.0000
         6.8400         1.0947         0.0269         0.2374         0.0057         3.0000
         6.8800         1.1039         0.0278         0.2430         0.0060         3.0000
         6.9200         1.1182         0.0276         0.2513         0.0075         3.0000
         6.9600         1.1279         0.0220         0.2586         0.0081         3.0000
         7.0000         1.1450         0.0229         0.2638         0.0084         3.0000
         7.0400         1.1589         0.0267         0.2711         0.0098         3.0000
         7.0800         1.1681         0.0276         0.2775         0.0100         3.0000
         7.1200         1.1791         0.0236         0.2832         0.0098         3.0000
         7.1600         1.1964         0.0240         0.2903         0.0105         3.0000
         7.2000         1.2086         0.0234         0.2978         0.0086         3.0000
         7.2400         1.2198         0.0277         0.3034         0.0086         3.0000
         7.2800         1.2273         0.0271         0.3076         0.0110         3.0000
         7.3200         1.2392         0.0255         0.3153         0.0112         3.0000
         7.3600         1.2500         0.0251         0.3238         0.0121         3.0000
         7.4000         1.2652         0.0244         0.3288         0.0118         3.0000
         7.4400         1.2780         0.0213         0.3373         0.0122         3.0000
         7.4800         1.2966         0.0209         0.3441         0.0115         3.0000
         7.5200         1.3150         0.0200         0.3515         0.0124         3.0000
         7.5600         1.3320         0.0198         0.3583         0.0122         3.0000
         7.6000         1.3436         0.0216         0.3650         0.0103         3.0000
         7.6400         1.3623         0.0190         0.3700         0.0111         3.0000
         7.6800         1.3734         0.0204         0.3740         0.0107         3.0000
         7.7200         1.3879         0.0191         0.3819         0.0108         3.0000
         7.7600         1.3962         0.0186         0.3863         0.0101         3.0000
         7.8000         1.4121         0.0186         0.3920         0.0104         3.0000
         7.8400         1.4295         0.0183         0.3977         0.0101         3.0000
         7.8800         1.4432         0.0182         0.4074         0.0101         3.0000
         7.9200         1.4597         0.0190         0.4128         0.0105         3.0000
         7.9600         1.4736         0.0200         0.4187         0.0100         3.0000
         8.0000         1.4866         0.0200         0.4250         0.0102         3.0000
         8.0400         1.5032         0.0211         0.4282         0.0104         3.0000
         8.0800         1.5189         0.0217         0.4343         0.0105         3.0000
         8.1200         1.5378         0.0207         0.4368         0.0106         3.0000
         8.1600         1.5538         0.0198         0.4428         0.0113         3.0000
         8.2000         1.5696         0.0194         0.4489         0.0118         3.0000
         8.2400         1.5849         0.0199         0.4515         0.0121         3.0000
         8.2800         1.6066         0.0210         0.4552         0.0128         3.0000
         8.3200         1.6263         0.0218         0.4584         0.0133         3.0000
         8.3600         1.6418         0.0256         0.4644         0.0128         3.0000
         8.4000         1.6590         0.0266         0.4670         0.0121         3.0000
         8.4400         1.6747         0.0271         0.4685         0.0116         3.0000
         8.4800         1.6930         0.0264         0.4728         0.0114         3.0000
         8.5200         1.7100         0.0261         0.4758         0.0109         3.0000
         8.5600         1.7322         0.0247         0.4783         0.0113         3.0000
         8.6000         1.7581         0.0225         0.4834         0.0110         3.0000
         8.6400         1.7765         0.0238         0.4856         0.0104         3.0000
         8.6800         1.8029         0.0257         0.4895         0.0112         3.0000
         8.7200         1.8254         0.0246         0.4921         0.0104         3.0000
         8.7600         1.8419         0.0232         0.4952         0.0107         3.0000
         8.8000         1.8686         0.0244         0.5010         0.0104         3.0000
         8.8400         1.8898         0.0249         0.5052         0.0106         3.0000
         8.8800         1.9152         0.0242         0.5109         0.0103         3.0000
         8.9200         1.9400         0.0233         0.5142         0.0106         3.0000
         8.9600         1.9694         0.0205         0.5212         0.0112         3.0000
         9.0000         1.9932         0.0197         0.5225         0.0109         3.0000
         9.0400         2.0248         0.0208         0.5236         0.0109         3.0000
         9.0800         2.0488         0.0211         0.5237         0.0109         3.0000
         9.1200         2.0753         0.0218         0.5266         0.0111         3.0000
         9.1600         2.1043         0.0230         0.5258         0.0102         3.0000
         9.2000         2.1311         0.0226         0.5295         0.0106         3.0000
         9.2400         2.1559         0.0220         0.5284         0.0104         3.0000
         9.2800         2.1808         0.0209         0.5325         0.0100         3.0000
         9.3200         2.2046         0.0211         0.5329         0.0104         3.0000
         9.3600         2.2328         0.0203         0.5353         0.0102         3.0000
         9.4000         2.2639         0.0221         0.5353         0.0097         3.0000
         9.4400         2.2916         0.0224         0.5362         0.0109         3.0000
         9.4800         2.3206         0.0239         0.5349         0.0113         3.0000
         9.5200         2.3465         0.0319         0.5360         0.0111         3.0000
         9.5600         2.3723         0.0270         0.5293         0.0113         3.0000
         9.6000         2.4084         0.0268         0.5270         0.0106         3.0000
         9.6400         2.4372         0.0268         0.5259         0.0115         3.0000
         9.6800         2.4618         0.0360         0.5227         0.0111         3.0000
         9.7200         2.4889         0.0370         0.5202         0.0095         3.0000
         9.7600         2.5257         0.0376         0.5151         0.0105         3.0000
         9.8000         2.5556         0.0372         0.5173         0.0107         3.0000
         9.8400         2.5849         0.0343         0.5114         0.0104         3.0000
         9.8800         2.6206         0.0346         0.5044         0.0108         3.0000
         9.9200         2.6491         0.0379         0.4990         0.0106         3.0000
         9.9600         2.6787         0.0388         0.4939         0.0090         3.0000
        10.0000         2.7117         0.0329         0.4885         0.0088         3.0000
        10.0400         2.7458         0.0302         0.4811         0.0090         3.0000
        10.0800         2.7800         0.0313         0.4784         0.0089         3.0000
        10.1200         2.8212         0.0316         0.4748         0.0086         3.0000
        10.1600         2.8512         0.0307         0.4657         0.0085         3.0000
        10.2000         2.8906         0.0303         0.4624         0.0082         3.0000
        10.2400         2.9179         0.0308         0.4534         0.0085         3.0000
        10.2800         2.9516         0.0301         0.4485         0.0084         3.0000
        10.3200         2.9821         0.0298         0.4434         0.0079         2.9999
        10.3600         3.0208         0.0313         0.4363         0.0081         2.9999
        10.4000         3.0566         0.0321         0.4289         0.0078         2.9998
        10.4400         3.0916         0.0326         0.4194         0.0071         2.9995
        10.4800         3.1321         0.0333         0.4100         0.0066         2.9991
        10.5200         3.1784         0.0326         0.4002         0.0066         2.9983
        10.5600         3.2258         0.0341         0.3887         0.0059         2.9967
        10.6000         3.2652         0.0369         0.3808         0.0055         2.9939
        10.6400         3.3052         0.0355         0.3731         0.0049         2.9887
        10.6800         3.3410         0.0353         0.3677         0.0049         2.9794
        10.7200         3.3789         0.0323         0.3636         0.0049         2.9628
        10.7600         3.4269         0.0343         0.3700         0.0048         2.9337
        10.8000         3.4752         0.0345         0.3863         0.0047         2.8836
        10.8400         3.5157         0.0344         0.4224         0.0049         2.7989
        10.8800         3.5626         0.0362         0.4981         0.0055         2.6595
        10.9200         3.6029         0.0347         0.6498         0.0061         2.4386
        10.9600         3.6562         0.0369         0.9602         0.0086         2.1073
        11.0000         3.7009         0.0365         1.5780         0.0134         1.6517
        11.0400         3.7403         0.0348         2.6333         0.0200         1.1036
        11.0800         3.7915         0.0380         4.0056         0.0300         0.5693
        11.1200         3.8482         0.0359         5.1806         0.0395         0.1937
        11.1600         3.9043         0.0373         5.7900         0.0434         0.0339
        11.2000         3.9466         0.0377         5.9626         0.0443         0.0021
        11.2400         3.9869         0.0385         5.9953         0.0439         0.0000
        11.2800         4.0323         0.0384         6.0196         0.0432         0.0000
        11.3200         4.0746         0.0393         6.0378         0.0421         0.0000
        11.3600         4.1218         0.0369         6.0574         0.0430         0.0000
        11.4000         4.1776         0.0372         6.0897         0.0458         0.0000
        11.4400         4.2291         0.0381         6.1211         0.0448         0.0000
        11.4800         4.2793         0.0413         6.1515         0.0440         0.0000
        11.5200         4.3332         0.0378         6.1858         0.0446         0.0000
        11.5600         4.3875         0.0365         6.2165         0.0467         0.0000
        11.6000         4.4472         0.0363         6.2446         0.0472         0.0000
        11.6400         4.5001         0.0356         6.2781         0.0492         0.0000
        11.6800         4.5535         0.0346         6.3038         0.0467         0.0000
        11.7200         4.6054         0.0340         6.3255         0.0451         0.0000
        11.7600         4.6515         0.0332         6.3577         0.0435         0.0000
        11.8000         4.7009         0.0331         6.3892         0.0429         0.0000
        11.8400         4.7482         0.0340         6.4109         0.0444         0.0000
        11.8800         4.8042         0.0347         6.4336         0.0458         0.0000
        11.9200         4.8442         0.0318         6.4626         0.0454         0.0000
        11.9600         4.8899         0.0330         6.4975         0.0431         0.0000
        12.0000         4.9395         0.0352         6.5238         0.0452         0.0000
        12.0400         4.9943         0.0316         6.5634         0.0432         0.0000
        12.0800         5.0448         0.0339         6.5862         0.0438         0.0000
        12.1200         5.1023         0.0344         6.6243         0.0434         0.0000
        12.1600         5.1571         0.0334         6.6342         0.0432         0.0000
        12.2000         5.2093         0.0333         6.6809         0.0437         0.0000
        12.2400         5.2583         0.0341         6.7186         0.0440         0.0000
        12.2800         5.3055         0.0334         6.7632         0.0447         0.0000
        12.3200         5.3621         0.0351         6.7942         0.0438         0.0000
        12.3600         5.4116         0.0352         6.8422         0.0435         0.0000
        12.4000         5.4724         0.0359         6.8913         0.0434         0.0000
        12.4400         5.5217         0.0356         6.9243         0.0467         0.0000
        12.4800         5.5759         0.0349         6.9502         0.0474         0.0000
        12.5200         5.6180         0.0341         6.9862         0.0438         0.0000
        12.5600         5.6564         0.0342         7.0130         0.0440         0.0000
        12.6000         5.7181         0.0337         7.0544         0.0463         0.0000
        12.6400         5.7650         0.0340         7.0879         0.0470         0.0000
        12.6800         5.8200         0.0338         7.1139         0.0469         0.0000
        12.7200         5.8876         0.0332         7.1477         0.0455         0.0000
        12.7600         5.9469         0.0345         7.1808         0.0469         0.0000
        12.8000         5.9852         0.0343         7.2108         0.0477         0.0000
        12.8400         6.0410         0.0343         7.2336         0.0514         0.0000
        12.8800         6.0761         0.0356         7.2842         0.0510         0.0000
        12.9200         6.1306         0.0369         7.3158         0.0529         0.0000
        12.9600         6.1824         0.0371         7.3511         0.0530         0.0000
        13.0000         6.2383         0.0375         7.4012         0.0549         0.0000
        13.0400         6.2865         0.0363         7.4245         0.0524         0.0000
        13.0800         6.3355         0.0380         7.4591         0.0540         0.0000
        13.1200         6.3787         0.0389         7.4852         0.0623         0.0000
        13.1600         6.4376         0.0460         7.5186         0.0637         0.0000
        13.2000         6.4915         0.0384         7.5612         0.0633         0.0000
        13.2400         6.5528         0.0371         7.5893         0.0629         0.0000
        13.2800         6.6107         0.0355         7.6283         0.0651         0.0000
        13.3200         6.6618         0.0365         7.6712         0.0651         0.0000
        13.3600         6.6906         0.0362         7.7058         0.0611         0.0000
        13.4000         6.7460         0.0363         7.7444         0.0629         0.0000
        13.4400         6.7869         0.0355         7.7963         0.0655         0.0000
        13.4800         6.8394         0.0353         7.8367         0.0591         0.0000
        13.5200         6.8903         0.0363         7.8816         0.0582         0.0000
        13.5600         6.9359         0.0353         7.9153         0.0586         0.0000
        13.6000         6.9797         0.0351         7.9439         0.0513         0.0000
        13.6400         7.0361         0.0366         7.9845         0.0498         0.0000
        13.6800         7.0969         0.0361         8.0372         0.0488         0.0000
        13.7200         7.1575         0.0317         8.0802         0.0502         0.0000
        13.7600         7.2177         0.0325         8.1292         0.0498         0.0000
        13.8000         7.2766         0.0349         8.1724         0.0521         0.0000
        13.8400         7.3333         0.0309         8.2184         0.0485         0.0000
        13.8800         7.3884         0.0316         8.2701         0.0502         0.0000
        13.9200         7.4389         0.0350         8.3118         0.0492         0.0000
        13.9600         7.5018         0.0349         8.3522         0.0490         0.0000
        14.0000         7.5648         0.0358         8.3997         0.0465         0.0000
        14.0400         7.6135         0.0370         8.4463         0.0472         0.0000
        14.0800         7.6573         0.0387         8.4989         0.0449         0.0000
        14.1200         7.7048         0.0374         8.5303         0.0434         0.0000
        14.1600         7.7650         0.0384         8.5616         0.0424         0.0000
        14.2000         7.8236         0.0388         8.6124         0.0378         0.0000
        14.2400         7.8655         0.0382         8.6689         0.0367         0.0000
        14.2800         7.9293         0.0376         8.7035         0.0369         0.0000
        14.3200         7.9618         0.0378         8.7521         0.0366         0.0000
        14.3600         8.0307         0.0361         8.7991         0.0384         0.0000
        14.4000         8.0885         0.0346         8.8228         0.0372         0.0000
        14.4400         8.1549         0.0356         8.8624         0.0381         0.0000
        14.4800         8.2089         0.0361         8.9123         0.0411         0.0000
        14.5200         8.2594         0.0390         8.9656         0.0449         0.0000
        14.5600         8.3124         0.0388         9.0177         0.0454         0.0000
        14.6000         8.3630         0.0400         9.0487         0.0433         0.0000
        14.6400         8.4093         0.0414         9.0942         0.0375         0.0000
        14.6800         8.4632         0.0437         9.1352         0.0444         0.0000
        14.7200         8.5151         0.0468         9.1811         0.0468         0.0000
        14.7600         8.5710         0.0457         9.2451         0.0474         0.0000
        14.8000         8.6300         0.0439         9.3026         0.0497         0.0000
        14.8400         8.6769         0.0431         9.3589         0.0486         0.0000
        14.8800         8.7283         0.0461         9.4152         0.0500         0.0000
        14.9200         8.8066         0.0489         9.4656         0.0491         0.0000
        14.9600         8.8760         0.0476         9.5182         0.0476         0.0000
        15.0000         8.9379         0.0526         9.5707         0.0460         0.0000
        15.0400         8.9901         0.0470         9.6413         0.0444         0.0000
        15.0800         9.0453         0.0453         9.6888         0.0456         0.0000
        15.1200         9.0965         0.0466         9.7452         0.0496         0.0000
        15.1600         9.1506         0.0450         9.8100         0.0482         0.0000
        15.2000         9.1934         0.0462         9.8427         0.0500         0.0000
        15.2400         9.2391         0.0482         9.8957         0.0510         0.0000
        15.2800         9.2956         0.0459         9.9474         0.0538         0.0000
        15.3200         9.3608         0.0561         9.9964         0.0470         0.0000
        15.3600         9.4316         0.0585        10.0345         0.0480         0.0000
        15.4000         9.5007         0.0513        10.0710         0.0457         0.0000
        15.4400         9.5592         0.0519        10.1213         0.0490         0.0000
        15.4800         9.6087         0.0527        10.1560         0.0477         0.0000
        15.5200         9.6741         0.0541        10.1939         0.0479         0.0000
        15.5600         9.7344         0.0545        10.2242         0.0486         0.0000
        15.6000         9.8052         0.0563        10.2736         0.0486         0.0000
        15.6400         9.8538         0.0546        10.3309         0.0482         0.0000
        15.6800         9.9090         0.0521        10.3938         0.0474         0.0000
        15.7200         9.9730         0.0539        10.4356         0.0477         0.0000
        15.7600        10.0138         0.0533        10.4845         0.0501         0.0000
        15.8000        10.0812         0.0561        10.5439         0.0491         0.0000
        15.8400        10.1409         0.0552        10.6007         0.0519         0.0000
        15.8800        10.1893         0.0522        10.6351         0.0480         0.0000
        15.9200        10.2554         0.0554        10.6905         0.0466         0.0000
        15.9600        10.3027         0.0570        10.7466         0.0448         0.0000
        16.0000        10.3609         0.0580        10.8087         0.0439         0.0000
        16.0400        10.4201         0.0553        10.8588         0.0432         0.0000
        16.0800        10.4811         0.0527        10.9097         0.0480         0.0000
        16.1200        10.5501         0.0507        10.9634         0.0489         0.0000
        16.1600        10.6098         0.0496        11.0219         0.0444         0.0000
        16.2000        10.6736         0.0497        11.0797         0.0479         0.0000
        16.2400        10.7421         0.0511        11.1329         0.0507         0.0000
        16.2800        10.8090         0.0527        11.1673         0.0545         0.0000
        16.3200        10.8624         0.0527        11.2073         0.0514         0.0000
        16.3600        10.9250         0.0557        11.2559         0.0530         0.0000
        16.4000        10.9859         0.0567        11.2970         0.0486         0.0000
        16.4400        11.0474         0.0576        11.3488         0.0468         0.0000
        16.4800        11.0954         0.0601        11.4155         0.0477         0.0000
        16.5200        11.1690         0.0614        11.4602         0.0504         0.0000
        16.5600        11.2172         0.0561        11.5134         0.0500         0.0000
        16.6000        11.2625         0.0564        11.5737         0.0529         0.0000
        16.6400        11.3340         0.0572        11.6388         0.0559         0.0000
        16.6800        11.3987         0.0545        11.6716         0.0528         0.0000
        16.7200        11.4622         0.0561        11.7336         0.0545         0.0000
        16.7600        11.5286         0.0565        11.8022         0.0602         0.0000
        16.8000        11.5853         0.0564        11.8597         0.0621         0.0000
        16.8400        11.6424         0.0557        11.9120         0.0632         0.0000
        16.8800        11.7078         0.0579        11.9736         0.0639         0.0000
        16.9200        11.7683         0.0555        12.0147         0.0643         0.0000
        16.9600        11.8215         0.0564        12.0640         0.0641         0.0000
        17.0000        11.8977         0.0545        12.1172         0.0656         0.0000
        17.0400        11.9670         0.0528        12.1725         0.0641         0.0000
        17.0800        12.0297         0.0496        12.2257         0.0605         0.0000
        17.1200        12.0786         0.0526        12.2768         0.0586         0.0000
        17.1600        12.1539         0.0624        12.3268         0.0576         0.0000
        17.2000        12.2097         0.0481        12.3769         0.0586         0.0000
        17.2400        12.2567         0.0508        12.4377         0.0611         0.0000
        17.2800        12.3181         0.0520        12.4870         0.0576         0.0000
        17.3200        12.3626         0.0536        12.5442         0.0548         0.0000
        17.3600        12.4142         0.0624        12.6023         0.0415         0.0000
        17.4000        12.4567         0.0628        12.6492         0.0535         0.0000
        17.4400        12.5212         0.0618        12.6983         0.0538         0.0000
        17.4800        12.6032         0.0575        12.7634         0.0549         0.0000
        17.5200        12.6674         0.0547        12.8392         0.0554         0.0000
        17.5600        12.7388         0.0493        12.9034         0.0568         0.0000
        17.6000        12.8021         0.0547        12.9477         0.0609         0.0000
        17.6400        12.8610         0.0599        12.9977         0.0699         0.0000
        17.6800        12.9172         0.0525        13.0660         0.0683         0.0000
        17.7200        12.9907         0.0569        13.1310         0.0677         0.0000
        17.7600        13.0450         0.0568        13.1837         0.0693         0.0000
        17.8000        13.0982         0.0561        13.2364         0.0625         0.0000
        17.8400        13.1615         0.0563        13.3034         0.0653         0.0000
        17.8800        13.2210         0.0548        13.3594         0.0627         0.0000
        17.9200        13.2775         0.0534        13.4070         0.0600         0.0000
        17.9600        13.3666         0.0445        13.4690         0.0532         0.0000
        18.0000        13.4329         0.0459        13.5197         0.0512         0.0000
        18.0400        13.5100         0.0522        13.5805         0.0525         0.0000
        18.0800        13.5674         0.0543        13.6458         0.0505         0.0000
        18.1200        13.6326         0.0558        13.7001         0.0533         0.0000
        18.1600        13.6952         0.0575        13.7645         0.0630         0.0000
        18.2000        13.7417         0.0576        13.8206         0.0549         0.0000
        18.2400        13.7975         0.0550        13.8859         0.0548         0.0000
        18.2800        13.8445         0.0552        13.9461         0.0542         0.0000
        18.3200        13.9411         0.0539        14.0250         0.0558         0.0000
        18.3600        13.9955         0.0575        14.0818         0.0528         0.0000
        18.4000        14.0449         0.0619        14.1480         0.0513         0.0000
        18.4400        14.0983         0.0591        14.2153         0.0519         0.0000
        18.4800        14.1362         0.0610        14.2630         0.0515         0.0000
        18.5200        14.2203         0.0603        14.3293         0.0602         0.0000
        18.5600        14.2976         0.0666        14.3775         0.0605         0.0000
        18.6000        14.3622         0.0661        14.4400         0.0614         0.0000
        18.6400        14.4321         0.0673        14.5167         0.0633         0.0000
        18.6800        14.5000         0.0656        14.5836         0.0653         0.0000
        18.7200        14.5564         0.0640        14.6620         0.0685         0.0000
        18.7600        14.5910         0.0627        14.7273         0.0656         0.0000
        18.8000        14.6569         0.0617        14.7938         0.0666         0.0000
        18.8400        14.7257         0.0602        14.8499         0.0663         0.0000
        18.8800        14.7826         0.0623        14.9200         0.0662         0.0000
        18.9200        14.8471         0.0617        14.9885         0.0707         0.0000
        18.9600        14.8890         0.0614        15.0561         0.0720         0.0000
        19.0000        14.9357         0.0634        15.1314         0.0702         0.0000
        19.0400        14.9881         0.0653        15.2059         0.0708         0.0000
        19.0800        15.0487         0.0667        15.2872         0.0706         0.0000
        19.1200        15.0998         0.0665        15.3572         0.0741         0.0000
        19.1600        15.1530         0.0709        15.4277         0.0685         0.0000
        19.2000        15.2150         0.0731        15.4835         0.0748         0.0000
        19.2400        15.2866         0.0733        15.5438         0.0718         0.0000
        19.2800        15.3483         0.0749        15.6240         0.0754         0.0000
        19.3200        15.3936         0.0748        15.6913         0.0806         0.0000
        19.3600        15.4647         0.0723        15.7587         0.0793         0.0000
        19.4000        15.5479         0.0699        15.8274         0.0800         0.0000
        19.4400        15.6233         0.0731        15.8894         0.0859         0.0000
        19.4800        15.6909         0.0721        15.9643         0.0823         0.0000
        19.5200        15.7765         0.0758        16.0087         0.0906         0.0000
        19.5600        15.8246         0.0785        16.0702         0.0918         0.0000
        19.6000        15.8653         0.0787        16.1388         0.0926         0.0000
        19.6400        15.9150         0.0794        16.2142         0.0904         0.0000
        19.6800        16.0078         0.0789        16.2605         0.0925         0.0000
        19.7200        16.0721         0.0769        16.3323         0.0936         0.0000
        19.7600        16.1323         0.0750        16.3832         0.0932         0.0000
        19.8000        16.1987         0.0795        16.4479         0.0949         0.0000
        19.8400        16.2758         0.0837        16.5122         0.0970         0.0000
        19.8800        16.3462         0.0868        16.5856         0.0971         0.0000
        19.9200        16.3145         0.0902        16.5478         0.1001         0.0000
        19.9600        15.3417         0.0830        15.5689         0.0987         0.0000
        20.0000        11.3993         0.0629        11.5642         0.0688         0.0000
