         0.0800         0.0000         0.0000         0.0000         0.0000         0.0000
         0.1200         0.0000         0.0000         0.0000         0.0000         0.0000
         0.1600         0.0000         0.0000         0.0000         0.0000         0.0000
         0.2000         0.0000         0.0000         0.0000         0.0000         0.0000
         0.2400         0.0000         0.0000         0.0000         0.0000         0.0000
         0.2800         0.0000         0.0000         0.0000         0.0000         0.0000
         0.3200         0.0000         0.0000         0.0000         0.0000         0.0000
         0.3600         0.0000         0.0000         0.0000         0.0000         0.0000
         0.4000         0.0000         0.0000         0.0000         0.0000         0.0000
         0.4400         0.0000         0.0000         0.0000         0.0000         0.0000
         0.4800         0.0000         0.0000         0.0000         0.0000         0.0000
         0.5200         0.0000         0.0000         0.0000         0.0000         0.0000
         0.5600         0.0000         0.0000         0.0000         0.0000         0.0000
         0.6000         0.0000         0.0000         0.0000         0.0000         0.0000
         0.6400         0.0000         0.0000         0.0000         0.0000         0.0000
         0.6800         0.0000         0.0000         0.0000         0.0000         0.0000
         0.7200         0.0000         0.0000         0.0000         0.0000         0.0000
         0.7600         0.0000         0.0000         0.0000         0.0000         0.0000
         0.8000         0.0000         0.0000         0.0000         0.0000         0.0000
         0.8400         0.0000         0.0000         0.0000         0.0000         0.0000
         0.8800         0.0000         0.0000         0.0000         0.0000         0.0000
         0.9200         0.0000         0.0000         0.0000         0.0000         0.0000
         0.9600         0.0001         0.0000         0.0002         0.0000         0.0000
         1.0000         0.0006         0.0000         0.0009         0.0000         0.0000
         1.0400         0.0020         0.0001         0.0026         0.0002         0.0000
         1.0800         0.0034         0.0003         0.0052         0.0003         0.0000
         1.1200         0.0052         0.0004         0.0085         0.0004         0.0000
         1.1600         0.0072         0.0006         0.0118         0.0006         0.0000
         1.2000         0.0091         0.0007         0.0149         0.0007         0.0000
         1.2400         0.0113         0.0008         0.0176         0.0008         0.0000
         1.2800         0.0135         0.0009         0.0216         0.0011         0.0000
         1.3200         0.0159         0.0009         0.0245         0.0012         0.0000
         1.3600         0.0185         0.0011         0.0287         0.0017         0.0000
         1.4000         0.0208         0.0012         0.0334         0.0016         0.0000
         1.4400         0.0237         0.0013         0.0374         0.0017         0.0000
         1.4800         0.0269         0.0015         0.0415         0.0019         0.0000
         1.5200         0.0309         0.0017         0.0479         0.0022         0.0000
         1.5600         0.0348         0.0018         0.0528         0.0023         0.0000
         1.6000         0.0394         0.0019         0.0582         0.0028         0.0000
         1.6400         0.0432         0.0022         0.0631         0.0030         0.0000
         1.6800         0.0469         0.0022         0.0693         0.0033         0.0000
         1.7200         0.0506         0.0023         0.0765         0.0037         0.0000
         1.7600         0.0547         0.0026         0.0824         0.0039         0.0000
         1.8000         0.0589         0.0027         0.0901         0.0041         0.0000
         1.8400         0.0627         0.0028         0.0973         0.0035         0.0000
         1.8800         0.0677         0.0033         0.1021         0.0036         0.0000
         1.9200         0.0717         0.0033         0.1081         0.0037         0.0000
         1.9600         0.0775         0.0038         0.1163         0.0039         0.0000
         2.0000         0.0820         0.0040         0.1236         0.0038         0.0000
         2.0400         0.0867         0.0045         0.1306         0.0039         0.0000
         2.0800         0.0924         0.0050         0.1386         0.0045         0.0000
         2.1200         0.0966         0.0050         0.1472         0.0047         0.0000
         2.1600         0.1026         0.0057         0.1560         0.0049         0.0000
         2.2000         0.1080         0.0057         0.1631         0.0051         0.0000
         2.2400         0.1136         0.0056         0.1696         0.0050         0.0000
         2.2800         0.1188         0.0062         0.1773         0.0051         0.0000
         2.3200         0.1239         0.0059         0.1863         0.0051         0.0000
         2.3600         0.1281         0.0056         0.1961         0.0052         0.0000
         2.4000         0.1342         0.0061         0.2056         0.0057         0.0000
         2.4400         0.1408         0.0064         0.2141         0.0062         0.0000
         2.4800         0.1474         0.0066         0.2242         0.0063         0.0000
         2.5200         0.1561         0.0069         0.2339         0.0067         0.0000
         2.5600         0.1638         0.0081         0.2439         0.0069         0.0000
         2.6000         0.1723         0.0074         0.2525         0.0066         0.0000
         2.6400         0.1790         0.0075         0.2617         0.0065         0.0000
         2.6800         0.1868         0.0077         0.2716         0.0067         0.0000
         2.7200         0.1944         0.0077         0.2822         0.0068         0.0000
         2.7600         0.2004         0.0075         0.2948         0.0068         0.0000
         2.8000         0.2056         0.0084         0.3063         0.0070         0.0000
         2.8400         0.2119         0.0092         0.3151         0.0073         0.0000
         2.8800         0.2189         0.0093         0.3260         0.0073         0.0000
         2.9200         0.2251         0.0098         0.3393         0.0074         0.0000
         2.9600         0.2325         0.0103         0.3530         0.0074         0.0000
         3.0000         0.2408         0.0101         0.3654         0.0079         0.0000
         3.0400         0.2472         0.0107         0.3778         0.0078         0.0000
         3.0800         0.2559         0.0111         0.3925         0.0079         0.0000
         3.1200         0.2620         0.0114         0.4077         0.0081         0.0000
         3.1600         0.2696         0.0115         0.4202         0.0079         0.0000
         3.2000         0.2761         0.0107         0.4338         0.0080         0.0000
         3.2400         0.2834         0.0104         0.4463         0.0090         0.0000
         3.2800         0.2939         0.0105         0.4619         0.0092         0.0000
         3.3200         0.2988         0.0105         0.4702         0.0087         0.0000
         3.3600         0.3062         0.0126         0.4790         0.0082         0.0000
         3.4000         0.3133         0.0129         0.4926         0.0087         0.0000
         3.4400         0.3212         0.0126         0.5061         0.0091         0.0000
         3.4800         0.3298         0.0125         0.5193         0.0094         0.0000
         3.5200         0.3378         0.0125         0.5373         0.0109         0.0000
         3.5600         0.3447         0.0133         0.5530         0.0115         0.0000
         3.6000         0.3540         0.0134         0.5675         0.0118         0.0000
         3.6400         0.3632         0.0137         0.5839         0.0125         0.0000
         3.6800         0.3679         0.0128         0.6022         0.0141         0.0000
         3.7200         0.3776         0.0130         0.6203         0.0144         0.0000
         3.7600         0.3858         0.0135         0.6389         0.0137         0.0000
         3.8000         0.3945         0.0138         0.6498         0.0157         0.0000
         3.8400         0.4009         0.0144         0.6642         0.0152         0.0000
         3.8800         0.4112         0.0142         0.6802         0.0134         0.0000
         3.9200         0.4208         0.0133         0.6975         0.0133         0.0000
         3.9600         0.4294         0.0129         0.7129         0.0135         0.0000
         4.0000         0.4412         0.0112         0.7330         0.0161         0.0000
         4.0400         0.4544         0.0123         0.7475         0.0171         0.0000
         4.0800         0.4660         0.0126         0.7642         0.0148         0.0000
         4.1200         0.4768         0.0129         0.7808         0.0165         0.0000
         4.1600         0.4835         0.0132         0.8073         0.0152         0.0000
         4.2000         0.4923         0.0131         0.8228         0.0151         0.0000
         4.2400         0.5012         0.0135         0.8463         0.0153         0.0000
         4.2800         0.5105         0.0136         0.8653         0.0154         0.0000
         4.3200         0.5172         0.0142         0.8829         0.0156         0.0000
         4.3600         0.5266         0.0138         0.9023         0.0158         0.0000
         4.4000         0.5379         0.0139         0.9194         0.0160         0.0000
         4.4400         0.5464         0.0133         0.9436         0.0130         0.0000
         4.4800         0.5550         0.0119         0.9650         0.0168         0.0000
         4.5200         0.5659         0.0141         0.9899         0.0174         0.0000
         4.5600         0.5747         0.0149         1.0148         0.0186         0.0000
         4.6000         0.5852         0.0156         1.0383         0.0177         0.0000
         4.6400         0.5926         0.0156         1.0607         0.0176         0.0000
         4.6800         0.6045         0.0162         1.0817         0.0178         0.0000
         4.7200         0.6149         0.0177         1.0964         0.0174         0.0000
         4.7600         0.6260         0.0171         1.1151         0.0188         0.0000
         4.8000         0.6324         0.0176         1.1391         0.0249         0.0000
         4.8400         0.6394         0.0181         1.1655         0.0250         0.0000
         4.8800         0.6456         0.0181         1.1913         0.0266         0.0000
         4.9200         0.6556         0.0192         1.2167         0.0377         0.0000
         4.9600         0.6635         0.0191         1.2430         0.0392         0.0000
         5.0000         0.6729         0.0187         1.2577         0.0413         0.0000
         5.0400         0.6812         0.0198         1.2911         0.0412         0.0000
         5.0800         0.6923         0.0202         1.3122         0.0447         0.0000
         5.1200         0.6970         0.0200         1.3387         0.0452         0.0000
         5.1600         0.7105         0.0206         1.3643         0.0462         0.0000
         5.2000         0.7207         0.0205         1.3906         0.0481         0.0000
         5.2400         0.7325         0.0198         1.4218         0.0476         0.0000
         5.2800         0.7395         0.0192         1.4615         0.0474         0.0000
         5.3200         0.7490         0.0197         1.4837         0.0455         0.0000
         5.3600         0.7592         0.0202         1.5141         0.0457         0.0000
         5.4000         0.7716         0.0211         1.5444         0.0494         0.0000
         5.4400         0.7786         0.0210         1.5693         0.0513         0.0000
         5.4800         0.7867         0.0209         1.5952         0.0523         0.0000
         5.5200         0.7969         0.0208         1.6322         0.0545         0.0000
         5.5600         0.8045         0.0216         1.6617         0.0545         0.0000
         5.6000         0.8175         0.0227         1.6875         0.0540         0.0000
         5.6400         0.8311         0.0222         1.7178         0.0536         0.0000
         5.6800         0.8438         0.0227         1.7522         0.0544         0.0000
         5.7200         0.8586         0.0226         1.7814         0.0560         0.0000
         5.7600         0.8685         0.0223         1.8117         0.0568         0.0000
         5.8000         0.8726         0.0226         1.8360         0.0577         0.0000
         5.8400         0.8840         0.0218         1.8620         0.0598         0.0000
         5.8800         0.8911         0.0215         1.8449         0.0592         0.0021
         5.9200         0.8968         0.0231         1.6838         0.0547         0.0339
         5.9600         0.9069         0.0252         1.3281         0.0430         0.1937
         6.0000         0.9114         0.0254         0.8931         0.0292         0.5693
         6.0400         0.9254         0.0255         0.5433         0.0176         1.1036
         6.0800         0.9355         0.0253         0.3393         0.0105         1.6517
         6.1200         0.9421         0.0259         0.2339         0.0062         2.1073
         6.1600         0.9497         0.0252         0.1856         0.0044         2.4386
         6.2000         0.9613         0.0270         0.1614         0.0056         2.6595
         6.2400         0.9694         0.0264         0.1513         0.0054         2.7989
         6.2800         0.9790         0.0265         0.1503         0.0056         2.8836
         6.3200         0.9850         0.0265         0.1511         0.0036         2.9337
         6.3600         0.9906         0.0266         0.1556         0.0033         2.9628
         6.4000         1.0016         0.0286         0.1621         0.0040         2.9794
         6.4400         1.0135         0.0287         0.1694         0.0040         2.9887
         6.4800         1.0212         0.0284         0.1770         0.0043         2.9939
         6.5200         1.0295         0.0281         0.1834         0.0046         2.9967
         6.5600         1.0369         0.0279         0.1899         0.0047         2.9983
         6.6000         1.0452         0.0274         0.1983         0.0049         2.9991
         6.6400         1.0557         0.0251         0.2029         0.0051         2.9995
         6.6800         1.0687         0.0252         0.2115         0.0054         2.9998
         6.7200         1.0763         0.0256         0.2207         0.0055         2.9999
         6.7600         1.0896         0.0263         0.2298         0.0055         2.9999
         6.8000         1.0968         0.0256         0.2369         0.0056         3.0000
         6.8400         1.1122         0.0257         0.2450         0.0060         3.0000
         6.8800         1.1204         0.0251         0.2533         0.0065         3.0000
         6.9200         1.1306         0.0224         0.2602         0.0083         3.0000
         6.9600         1.1501         0.0234         0.2667         0.0085         3.0000
         7.0000         1.1620         0.0225         0.2723         0.0086         3.0000
         7.0400         1.1761         0.0229         0.2795         0.0072         3.0000
         7.0800         1.1890         0.0229         0.2843         0.0084         3.0000
         7.1200         1.1966         0.0227         0.2911         0.0091         3.0000
         7.1600         1.2079         0.0222         0.2961         0.0081         3.0000
         7.2000         1.2176         0.0212         0.3025         0.0094         3.0000
         7.2400         1.2371         0.0221         0.3075         0.0091         3.0000
         7.2800         1.2523         0.0229         0.3146         0.0081         3.0000
         7.3200         1.2634         0.0269         0.3239         0.0078         3.0000
         7.3600         1.2757         0.0267         0.3337         0.0080         3.0000
         7.4000         1.2815         0.0267         0.3414         0.0080         3.0000
         7.4400         1.2981         0.0277         0.3498         0.0085         3.0000
         7.4800         1.3119         0.0267         0.3575         0.0088         3.0000
         7.5200         1.3336         0.0270         0.3679         0.0093         3.0000
         7.5600         1.3527         0.0281         0.3721         0.0096         3.0000
         7.6000         1.3704         0.0280         0.3788         0.0090         3.0000
         7.6400         1.3825         0.0297         0.3846         0.0086         3.0000
         7.6800         1.3951         0.0320         0.3901         0.0084         3.0000
         7.7200         1.4104         0.0317         0.3938         0.0089         3.0000
         7.7600         1.4288         0.0327         0.3980         0.0089         3.0000
         7.8000         1.4498         0.0335         0.4063         0.0085         3.0000
         7.8400         1.4674         0.0330         0.4115         0.0083         3.0000
         7.8800         1.4811         0.0315         0.4148         0.0085         3.0000
         7.9200         1.4983         0.0322         0.4203         0.0086         3.0000
         7.9600         1.5113         0.0329         0.4206         0.0091         3.0000
         8.0000         1.5251         0.0321         0.4272         0.0089         3.0000
         8.0400         1.5327         0.0324         0.4328         0.0091         3.0000
         8.0800         1.5460         0.0327         0.4349         0.0090         3.0000
         8.1200         1.5607         0.0324         0.4388         0.0095         3.0000
         8.1600         1.5788         0.0297         0.4416         0.0091         3.0000
         8.2000         1.5963         0.0288         0.4440         0.0091         3.0000
         8.2400         1.6181         0.0281         0.4456         0.0093         3.0000
         8.2800         1.6411         0.0279         0.4526         0.0099         3.0000
         8.3200         1.6575         0.0293         0.4566         0.0092         3.0000
         8.3600         1.6736         0.0270         0.4634         0.0096         3.0000
         8.4000         1.6935         0.0274         0.4639         0.0099         3.0000
         8.4400         1.7175         0.0289         0.4694         0.0098         3.0000
         8.4800         1.7393         0.0293         0.4720         0.0099         3.0000
         8.5200         1.7602         0.0257         0.4787         0.0098         3.0000
         8.5600         1.7784         0.0317         0.4838         0.0098         3.0000
         8.6000         1.8018         0.0274         0.4865         0.0096         3.0000
         8.6400         1.8206         0.0260         0.4887         0.0101         3.0000
         8.6800         1.8458         0.0266         0.4936         0.0100         3.0000
         8.7200         1.8702         0.0269         0.5008         0.0097         3.0000
         8.7600         1.8908         0.0269         0.5040         0.0097         3.0000
         8.8000         1.9112         0.0265         0.5088         0.0100         3.0000
         8.8400         1.9305         0.0305         0.5065         0.0100         3.0000
         8.8800         1.9545         0.0296         0.5084         0.0098         3.0000
         8.9200         1.9764         0.0292         0.5057         0.0094         3.0000
         8.9600         1.9986         0.0341         0.5089         0.0096         3.0000
         9.0000         2.0166         0.0293         0.5087         0.0098         3.0000
         9.0400         2.0430         0.0354         0.5098         0.0100         3.0000
         9.0800         2.0684         0.0374         0.5105         0.0100         3.0000
         9.1200         2.0997         0.0398         0.5151         0.0104         3.0000
         9.1600         2.1273         0.0401         0.5165         0.0099         3.0000
         9.2000         2.1499         0.0401         0.5172         0.0093         3.0000
         9.2400         2.1782         0.0348         0.5223         0.0095         3.0000
         9.2800         2.2017         0.0336         0.5239         0.0091         3.0000
         9.3200         2.2244         0.0256         0.5235         0.0093         3.0000
         9.3600         2.2461         0.0377         0.5278         0.0095         3.0000
         9.4000         2.2715         0.0325         0.5288         0.0097         3.0000
         9.4400         2.2957         0.0273         0.5298         0.0099         3.0000
         9.4800         2.3204         0.0274         0.5304         0.0095         3.0000
         9.5200         2.3518         0.0286         0.5253         0.0100         3.0000
         9.5600         2.3824         0.0271         0.5266         0.0100         3.0000
         9.6000         2.4144         0.0269         0.5236         0.0100         3.0000
         9.6400         2.4490         0.0262         0.5185         0.0098         3.0000
         9.6800         2.4764         0.0256         0.5132         0.0100         3.0000
         9.7200         2.5077         0.0252         0.5144         0.0097         3.0000
         9.7600         2.5354         0.0256         0.5135         0.0094         3.0000
         9.8000         2.5648         0.0258         0.5149         0.0094         3.0000
         9.8400         2.5918         0.0234         0.5145         0.0095         3.0000
         9.8800         2.6175         0.0228         0.5122         0.0091         3.0000
         9.9200         2.6526         0.0236         0.5108         0.0091         3.0000
         9.9600         2.6958         0.0241         0.5072         0.0087         3.0000
        10.0000         2.7319         0.0224         0.5023         0.0078         3.0000
        10.0400         2.7695         0.0233         0.4977         0.0076         3.0000
        10.0800         2.8064         0.0250         0.4937         0.0076         3.0000
        10.1200         2.8437         0.0255         0.4866         0.0072         3.0000
        10.1600         2.8802         0.0265         0.4792         0.0071         3.0000
        10.2000         2.9051         0.0262         0.4701         0.0069         3.0000
        10.2400         2.9426         0.0263         0.4627         0.0069         3.0000
        10.2800         2.9841         0.0258         0.4558         0.0069         3.0000
        10.3200         3.0405         0.0248         0.4483         0.0066         2.9999
        10.3600         3.0827         0.0279         0.4435         0.0063         2.9999
        10.4000         3.1220         0.0300         0.4314         0.0061         2.9998
        10.4400         3.1560         0.0303         0.4228         0.0057         2.9995
        10.4800         3.2014         0.0311         0.4138         0.0058         2.9991
        10.5200         3.2399         0.0300         0.4033         0.0055         2.9983
        10.5600         3.2835         0.0310         0.3934         0.0050         2.9967
        10.6000         3.3303         0.0303         0.3830         0.0047         2.9939
        10.6400         3.3661         0.0306         0.3742         0.0045         2.9887
        10.6800         3.4152         0.0302         0.3686         0.0044         2.9794
        10.7200         3.4638         0.0320         0.3673         0.0041         2.9628
        10.7600         3.5162         0.0315         0.3718         0.0038         2.9337
        10.8000         3.5661         0.0317         0.3846         0.0038         2.8836
        10.8400         3.6161         0.0316         0.4161         0.0040         2.7989
        10.8800         3.6618         0.0356         0.4891         0.0043         2.6595
        10.9200         3.7028         0.0311         0.6413         0.0050         2.4386
        10.9600         3.7541         0.0317         0.9525         0.0106         2.1073
        11.0000         3.7953         0.0239         1.5626         0.0153         1.6517
        11.0400         3.8488         0.0220         2.6096         0.0188         1.1036
        11.0800         3.9092         0.0227         3.9662         0.0287         0.5693
        11.1200         3.9646         0.0229         5.1389         0.0373         0.1937
        11.1600         4.0064         0.0229         5.7406         0.0495         0.0339
        11.2000         4.0655         0.0241         5.9134         0.0489         0.0021
        11.2400         4.1061         0.0229         5.9455         0.0501         0.0000
        11.2800         4.1584         0.0243         5.9696         0.0482         0.0000
        11.3200         4.2167         0.0246         5.9865         0.0481         0.0000
        11.3600         4.2712         0.0253         6.0056         0.0465         0.0000
        11.4000         4.3280         0.0251         6.0325         0.0458         0.0000
        11.4400         4.3679         0.0255         6.0606         0.0451         0.0000
        11.4800         4.4136         0.0250         6.0928         0.0444         0.0000
        11.5200         4.4544         0.0257         6.1112         0.0426         0.0000
        11.5600         4.5069         0.0253         6.1467         0.0444         0.0000
        11.6000         4.5444         0.0251         6.1733         0.0431         0.0000
        11.6400         4.5897         0.0249         6.2068         0.0434         0.0000
        11.6800         4.6389         0.0258         6.2413         0.0425         0.0000
        11.7200         4.6928         0.0266         6.2769         0.0436         0.0000
        11.7600         4.7575         0.0303         6.3051         0.0466         0.0000
        11.8000         4.8091         0.0301         6.3480         0.0471         0.0000
        11.8400         4.8667         0.0283         6.3707         0.0491         0.0000
        11.8800         4.9171         0.0283         6.4092         0.0471         0.0000
        11.9200         4.9679         0.0316         6.4532         0.0452         0.0000
        11.9600         5.0135         0.0330         6.4831         0.0426         0.0000
        12.0000         5.0633         0.0311         6.5114         0.0428         0.0000
        12.0400         5.1139         0.0316         6.5507         0.0432         0.0000
        12.0800         5.1611         0.0300         6.5837         0.0446         0.0000
        12.1200         5.2193         0.0307         6.6166         0.0442         0.0000
        12.1600         5.2595         0.0312         6.6472         0.0492         0.0000
        12.2000         5.3180         0.0308         6.6933         0.0490         0.0000
        12.2400         5.3659         0.0301         6.7254         0.0500         0.0000
        12.2800         5.4086         0.0298         6.7604         0.0506         0.0000
        12.3200         5.4526         0.0292         6.7893         0.0517         0.0000
        12.3600         5.5016         0.0284         6.8302         0.0521         0.0000
        12.4000         5.5307         0.0284         6.8601         0.0566         0.0000
        12.4400         5.5767         0.0272         6.8933         0.0545         0.0000
        12.4800         5.6272         0.0273         6.9223         0.0505         0.0000
        12.5200         5.6701         0.0282         6.9601         0.0423         0.0000
        12.5600         5.7263         0.0288         6.9921         0.0434         0.0000
        12.6000         5.7827         0.0322         7.0425         0.0422         0.0000
        12.6400         5.8413         0.0316         7.0755         0.0522         0.0000
        12.6800         5.8999         0.0321         7.1225         0.0523         0.0000
        12.7200         5.9539         0.0339         7.1663         0.0502         0.0000
        12.7600         6.0136         0.0360         7.2155         0.0494         0.0000
        12.8000         6.0714         0.0378         7.2453         0.0471         0.0000
        12.8400         6.1190         0.0403         7.2732         0.0454         0.0000
        12.8800         6.1729         0.0405         7.3001         0.0455         0.0000
        12.9200         6.2278         0.0393         7.3361         0.0496         0.0000
        12.9600         6.2859         0.0410         7.3735         0.0530         0.0000
        13.0000         6.3284         0.0414         7.4156         0.0537         0.0000
        13.0400         6.3842         0.0405         7.4497         0.0556         0.0000
        13.0800         6.4235         0.0382         7.4899         0.0541         0.0000
        13.1200         6.4620         0.0391         7.5245         0.0559         0.0000
        13.1600         6.5149         0.0404         7.5746         0.0625         0.0000
        13.2000         6.5656         0.0392         7.6195         0.0631         0.0000
        13.2400         6.6099         0.0398         7.6707         0.0642         0.0000
        13.2800         6.6613         0.0417         7.7064         0.0489         0.0000
        13.3200         6.7124         0.0454         7.7479         0.0490         0.0000
        13.3600         6.7645         0.0465         7.7918         0.0450         0.0000
        13.4000         6.8124         0.0458         7.8432         0.0444         0.0000
        13.4400         6.8624         0.0455         7.8733         0.0434         0.0000
        13.4800         6.9067         0.0465         7.9090         0.0408         0.0000
        13.5200         6.9585         0.0476         7.9480         0.0395         0.0000
        13.5600         7.0082         0.0473         7.9823         0.0407         0.0000
        13.6000         7.0547         0.0452         8.0108         0.0433         0.0000
        13.6400         7.1099         0.0431         8.0446         0.0447         0.0000
        13.6800         7.1651         0.0400         8.0693         0.0426         0.0000
        13.7200         7.2208         0.0377         8.1155         0.0476         0.0000
        13.7600         7.2656         0.0331         8.1616         0.0481         0.0000
        13.8000         7.3147         0.0337         8.1998         0.0400         0.0000
        13.8400         7.3666         0.0347         8.2483         0.0376         0.0000
        13.8800         7.4237         0.0371         8.2993         0.0369         0.0000
        13.9200         7.4654         0.0335         8.3445         0.0387         0.0000
        13.9600         7.5153         0.0362         8.3953         0.0396         0.0000
        14.0000         7.5672         0.0339         8.4400         0.0395         0.0000
        14.0400         7.6286         0.0285         8.4941         0.0377         0.0000
        14.0800         7.6940         0.0293         8.5400         0.0407         0.0000
        14.1200         7.7464         0.0292         8.5890         0.0433         0.0000
        14.1600         7.8036         0.0289         8.6356         0.0442         0.0000
        14.2000         7.8470         0.0307         8.6730         0.0452         0.0000
        14.2400         7.8908         0.0325         8.7047         0.0470         0.0000
        14.2800         7.9355         0.0325         8.7604         0.0475         0.0000
        14.3200         7.9898         0.0309         8.8044         0.0433         0.0000
        14.3600         8.0601         0.0312         8.8411         0.0427         0.0000
        14.4000         8.1191         0.0320         8.8832         0.0467         0.0000
        14.4400         8.1695         0.0319         8.9241         0.0506         0.0000
        14.4800         8.2092         0.0318         8.9608         0.0496         0.0000
        14.5200         8.2618         0.0315         9.0127         0.0510         0.0000
        14.5600         8.3361         0.0310         9.0662         0.0513         0.0000
        14.6000         8.3961         0.0355         9.1055         0.0497         0.0000
        14.6400         8.4587         0.0316         9.1539         0.0497         0.0000
        14.6800         8.5067         0.0391         9.2135         0.0523         0.0000
        14.7200         8.5560         0.0411         9.2473         0.0590         0.0000
        14.7600         8.6142         0.0417         9.2759         0.0582         0.0000
        14.8000         8.6622         0.0411         9.3135         0.0553         0.0000
        14.8400         8.7201         0.0439         9.3489         0.0510         0.0000
        14.8800         8.7760         0.0447         9.4156         0.0491         0.0000
        14.9200         8.8345         0.0435         9.4626         0.0508         0.0000
        14.9600         8.8910         0.0625         9.5058         0.0530         0.0000
        15.0000         8.9331         0.0634         9.5539         0.0527         0.0000
        15.0400         8.9777         0.0674         9.5937         0.0519         0.0000
        15.0800         9.0243         0.0646         9.6509         0.0519         0.0000
        15.1200         9.0792         0.0604         9.6844         0.0488         0.0000
        15.1600         9.1345         0.0570         9.7319         0.0511         0.0000
        15.2000         9.1944         0.0625         9.7744         0.0486         0.0000
        15.2400         9.2358         0.0590         9.8193         0.0468         0.0000
        15.2800         9.2919         0.0632         9.8517         0.0493         0.0000
        15.3200         9.3411         0.0658         9.9094         0.0491         0.0000
        15.3600         9.3954         0.0685         9.9629         0.0481         0.0000
        15.4000         9.4456         0.0621         9.9979         0.0490         0.0000
        15.4400         9.4901         0.0622        10.0439         0.0481         0.0000
        15.4800         9.5388         0.0482        10.0893         0.0463         0.0000
        15.5200         9.5920         0.0599        10.1330         0.0455         0.0000
        15.5600         9.6614         0.0547        10.1801         0.0445         0.0000
        15.6000         9.7016         0.0548        10.2064         0.0436         0.0000
        15.6400         9.7625         0.0578        10.2515         0.0430         0.0000
        15.6800         9.8057         0.0538        10.3064         0.0428         0.0000
        15.7200         9.8575         0.0577        10.3487         0.0431         0.0000
        15.7600         9.9181         0.0577        10.4113         0.0417         0.0000
        15.8000         9.9832         0.0584        10.4341         0.0407         0.0000
        15.8400        10.0350         0.0580        10.4993         0.0401         0.0000
        15.8800        10.1021         0.0602        10.5428         0.0382         0.0000
        15.9200        10.1688         0.0512        10.5861         0.0398         0.0000
        15.9600        10.2151         0.0494        10.6556         0.0397         0.0000
        16.0000        10.2787         0.0467        10.6947         0.0407         0.0000
        16.0400        10.3427         0.0464        10.7420         0.0415         0.0000
        16.0800        10.3915         0.0468        10.7950         0.0421         0.0000
        16.1200        10.4705         0.0457        10.8592         0.0424         0.0000
        16.1600        10.5251         0.0506        10.9192         0.0443         0.0000
        16.2000        10.5857         0.0586        10.9713         0.0451         0.0000
        16.2400        10.6390         0.0617        11.0218         0.0447         0.0000
        16.2800        10.6780         0.0556        11.0696         0.0450         0.0000
        16.3200        10.7191         0.0537        11.0956         0.0444         0.0000
        16.3600        10.7738         0.0515        11.1587         0.0435         0.0000
        16.4000        10.8347         0.0536        11.2208         0.0469         0.0000
        16.4400        10.8873         0.0550        11.2886         0.0479         0.0000
        16.4800        10.9270         0.0535        11.3352         0.0467         0.0000
        16.5200        10.9833         0.0550        11.3975         0.0490         0.0000
        16.5600        11.0550         0.0539        11.4600         0.0504         0.0000
        16.6000        11.1259         0.0522        11.5168         0.0494         0.0000
        16.6400        11.1920         0.0481        11.5606         0.0514         0.0000
        16.6800        11.2600         0.0476        11.6092         0.0516         0.0000
        16.7200        11.3138         0.0462        11.6493         0.0535         0.0000
        16.7600        11.3632         0.0453        11.7240         0.0554         0.0000
        16.8000        11.4157         0.0461        11.7798         0.0551         0.0000
        16.8400        11.4781         0.0483        11.8330         0.0544         0.0000
        16.8800        11.5198         0.0561        11.9073         0.0566         0.0000
        16.9200        11.5805         0.0552        11.9639         0.0553         0.0000
        16.9600        11.6371         0.0568        12.0240         0.0544         0.0000
        17.0000        11.6981         0.0580        12.0769         0.0549         0.0000
        17.0400        11.7574         0.0571        12.1423         0.0550         0.0000
        17.0800        11.8028         0.0537        12.1720         0.0514         0.0000
        17.1200        11.8858         0.0528        12.2257         0.0518         0.0000
        17.1600        11.9525         0.0531        12.2826         0.0508         0.0000
        17.2000        12.0198         0.0507        12.3401         0.0516         0.0000
        17.2400        12.0766         0.0503        12.4023         0.0506         0.0000
        17.2800        12.1248         0.0504        12.4478         0.0495         0.0000
        17.3200        12.1768         0.0499        12.4977         0.0491         0.0000
        17.3600        12.2460         0.0525        12.5542         0.0491         0.0000
        17.4000        12.3174         0.0493        12.6023         0.0496         0.0000
        17.4400        12.3721         0.0499        12.6729         0.0485         0.0000
        17.4800        12.4424         0.0520        12.7297         0.0502         0.0000
        17.5200        12.4992         0.0554        12.7918         0.0517         0.0000
        17.5600        12.5761         0.0539        12.8333         0.0536         0.0000
        17.6000        12.6350         0.0582        12.8829         0.0553         0.0000
        17.6400        12.7018         0.0596        12.9387         0.0533         0.0000
        17.6800        12.7646         0.0567        12.9959         0.0542         0.0000
        17.7200        12.8207         0.0551        13.0727         0.0567         0.0000
        17.7600        12.8721         0.0542        13.1346         0.0574         0.0000
        17.8000        12.9308         0.0542        13.1871         0.0544         0.0000
        17.8400        13.0062         0.0482        13.2556         0.0544         0.0000
        17.8800        13.0712         0.0543        13.3126         0.0566         0.0000
        17.9200        13.1105         0.0529        13.3496         0.0544         0.0000
        17.9600        13.1680         0.0501        13.4143         0.0544         0.0000
        18.0000        13.2507         0.0516        13.4628         0.0530         0.0000
        18.0400        13.3318         0.0566        13.5307         0.0526         0.0000
        18.0800        13.3865         0.0624        13.5976         0.0538         0.0000
        18.1200        13.4292         0.0620        13.6813         0.0554         0.0000
        18.1600        13.4894         0.0594        13.7528         0.0542         0.0000
        18.2000        13.5586         0.0558        13.8282         0.0542         0.0000
        18.2400        13.6215         0.0618        13.8943         0.0642         0.0000
        18.2800        13.6830         0.0605        13.9466         0.0597         0.0000
        18.3200        13.7595         0.0595        14.0095         0.0598         0.0000
        18.3600        13.8422         0.0570        14.0766         0.0636         0.0000
        18.4000        13.9075         0.0554        14.1467         0.0576         0.0000
        18.4400        13.9874         0.0545        14.2175         0.0512         0.0000
        18.4800        14.0523         0.0549        14.2812         0.0501         0.0000
        18.5200        14.1257         0.0547        14.3475         0.0511         0.0000
        18.5600        14.1746         0.0550        14.3983         0.0507         0.0000
        18.6000        14.2305         0.0603        14.4742         0.0520         0.0000
        18.6400        14.2830         0.0545        14.5428         0.0506         0.0000
        18.6800        14.3304         0.0551        14.6280         0.0549         0.0000
        18.7200        14.3783         0.0540        14.7107         0.0615         0.0000
        18.7600        14.4308         0.0562        14.7702         0.0619         0.0000
        18.8000        14.4917         0.0577        14.8422         0.0614         0.0000
        18.8400        14.5662         0.0613        14.9141         0.0625         0.0000
        18.8800        14.6240         0.0622        14.9700         0.0587         0.0000
        18.9200        14.6982         0.0656        15.0297         0.0586         0.0000
        18.9600        14.7565         0.0660        15.0783         0.0591         0.0000
        19.0000        14.8410         0.0648        15.1505         0.0597         0.0000
        19.0400        14.9006         0.0649        15.2108         0.0636         0.0000
        19.0800        14.9829         0.0647        15.2824         0.0644         0.0000
        19.1200        15.0472         0.0660        15.3657         0.0606         0.0000
        19.1600        15.1326         0.0634        15.4332         0.0613         0.0000
        19.2000        15.1971         0.0665        15.4803         0.0644         0.0000
        19.2400        15.2521         0.0665        15.5612         0.0644         0.0000
        19.2800        15.3056         0.0705        15.6315         0.0646         0.0000
        19.3200        15.3740         0.0691        15.6943         0.0640         0.0000
        19.3600        15.4259         0.0727        15.7547         0.0662         0.0000
        19.4000        15.5057         0.0744        15.8225         0.0669         0.0000
        19.4400        15.5750         0.0764        15.8832         0.0681         0.0000
        19.4800        15.6342         0.0760        15.9630         0.0665         0.0000
        19.5200        15.6980         0.0733        16.0337         0.0697         0.0000
        19.5600        15.7781         0.0747        16.1032         0.0723         0.0000
        19.6000        15.8482         0.0732        16.1837         0.0708         0.0000
        19.6400        15.9239         0.0745        16.2414         0.0727         0.0000
        19.6800        16.0017         0.0714        16.3001         0.0703         0.0000
        19.7200        16.0685         0.0739        16.3541         0.0746         0.0000
        19.7600        16.1271         0.0744        16.4270         0.0784         0.0000
        19.8000        16.2066         0.0757        16.5008         0.0801         0.0000
        19.8400        16.2848         0.0752        16.5643         0.0793         0.0000
        19.8800        16.3376         0.0794        16.6272         0.0816         0.0000
        19.9200        16.2960         0.0820        16.5873         0.0828         0.0000
        19.9600        15.3269         0.0778        15.5916         0.0794         0.0000
        20.0000        11.3741         0.0576        11.5779         0.0603         0.0000
