         0.0800         0.0000         0.0000         0.0000         0.0000         0.0000
         0.1200         0.0000         0.0000         0.0000         0.0000         0.0000
         0.1600         0.0000         0.0000         0.0000         0.0000         0.0000
         0.2000         0.0000         0.0000         0.0000         0.0000         0.0000
         0.2400         0.0000         0.0000         0.0000         0.0000         0.0000
         0.2800         0.0000         0.0000         0.0000         0.0000         0.0000
         0.3200         0.0000         0.0000         0.0000         0.0000         0.0000
         0.3600         0.0000         0.0000         0.0000         0.0000         0.0000
         0.4000         0.0000         0.0000         0.0000         0.0000         0.0000
         0.4400         0.0000         0.0000         0.0000         0.0000         0.0000
         0.4800         0.0000         0.0000         0.0000         0.0000         0.0000
         0.5200         0.0000         0.0000         0.0000         0.0000         0.0000
         0.5600         0.0000         0.0000         0.0000         0.0000         0.0000
         0.6000         0.0000         0.0000         0.0000         0.0000         0.0000
         0.6400         0.0000         0.0000         0.0000         0.0000         0.0000
         0.6800         0.0000         0.0000         0.0000         0.0000         0.0000
         0.7200         0.0000         0.0000         0.0000         0.0000         0.0000
         0.7600         0.0000         0.0000         0.0000         0.0000         0.0000
         0.8000         0.0000         0.0000         0.0000         0.0000         0.0000
         0.8400         0.0000         0.0000         0.0000         0.0000         0.0000
         0.8800         0.0000         0.0000         0.0000         0.0000         0.0000
         0.9200         0.0000         0.0000         0.0000         0.0000         0.0000
         0.9600         0.0001         0.0000         0.0002         0.0000         0.0000
         1.0000         0.0005         0.0000         0.0008         0.0000         0.0000
         1.0400         0.0013         0.0001         0.0023         0.0002         0.0000
         1.0800         0.0026         0.0002         0.0045         0.0004         0.0000
         1.1200         0.0042         0.0003         0.0072         0.0006         0.0000
         1.1600         0.0058         0.0005         0.0096         0.0008         0.0000
         1.2000         0.0075         0.0006         0.0126         0.0009         0.0000
         1.2400         0.0090         0.0008         0.0153         0.0011         0.0000
         1.2800         0.0111         0.0009         0.0187         0.0014         0.0000
         1.3200         0.0128         0.0010         0.0225         0.0016         0.0000
         1.3600         0.0151         0.0012         0.0262         0.0018         0.0000
         1.4000         0.0173         0.0014         0.0296         0.0029         0.0000
         1.4400         0.0193         0.0016         0.0321         0.0032         0.0000
         1.4800         0.0210         0.0018         0.0361         0.0038         0.0000
         1.5200         0.0229         0.0019         0.0400         0.0042         0.0000
         1.5600         0.0258         0.0021         0.0440         0.0048         0.0000
         1.6000         0.0290         0.0024         0.0487         0.0053         0.0000
         1.6400         0.0328         0.0026         0.0527         0.0056         0.0000
         1.6800         0.0360         0.0029         0.0570         0.0060         0.0000
         1.7200         0.0394         0.0037         0.0620         0.0065         0.0000
         1.7600         0.0428         0.0041         0.0671         0.0070         0.0000
         1.8000         0.0472         0.0044         0.0736         0.0077         0.0000
         1.8400         0.0507         0.0048         0.0795         0.0084         0.0000
         1.8800         0.0540         0.0051         0.0839         0.0099         0.0000
         1.9200         0.0586         0.0071         0.0896         0.0108         0.0000
         1.9600         0.0627         0.0078         0.0960         0.0128         0.0000
         2.0000         0.0659         0.0083         0.1027         0.0134         0.0000
         2.0400         0.0687         0.0085         0.1093         0.0139         0.0000
         2.0800         0.0735         0.0094         0.1176         0.0138         0.0000
         2.1200         0.0778         0.0100         0.1246         0.0143         0.0000
         2.1600         0.0828         0.0113         0.1320         0.0182         0.0000
         2.2000         0.0884         0.0135         0.1379         0.0164         0.0000
         2.2400         0.0932         0.0145         0.1448         0.0170         0.0000
         2.2800         0.0968         0.0149         0.1511         0.0180         0.0000
         2.3200         0.1010         0.0128         0.1569         0.0188         0.0000
         2.3600         0.1070         0.0153         0.1651         0.0199         0.0000
         2.4000         0.1096         0.0151         0.1744         0.0255         0.0000
         2.4400         0.1129         0.0160         0.1806         0.0257         0.0000
         2.4800         0.1180         0.0170         0.1888         0.0265         0.0000
         2.5200         0.1222         0.0184         0.1981         0.0273         0.0000
         2.5600         0.1267         0.0184         0.2050         0.0280         0.0000
         2.6000         0.1313         0.0190         0.2141         0.0300         0.0000
         2.6400         0.1363         0.0201         0.2221         0.0305         0.0000
         2.6800         0.1434         0.0205         0.2298         0.0307         0.0000
         2.7200         0.1506         0.0223         0.2378         0.0311         0.0000
         2.7600         0.1556         0.0231         0.2473         0.0314         0.0000
         2.8000         0.1608         0.0231         0.2570         0.0325         0.0000
         2.8400         0.1660         0.0224         0.2655         0.0340         0.0000
         2.8800         0.1720         0.0227         0.2776         0.0327         0.0000
         2.9200         0.1772         0.0232         0.2864         0.0368         0.0000
         2.9600         0.1833         0.0237         0.2964         0.0388         0.0000
         3.0000         0.1876         0.0240         0.3086         0.0399         0.0000
         3.0400         0.1931         0.0241         0.3187         0.0419         0.0000
         3.0800         0.2005         0.0250         0.3291         0.0434         0.0000
         3.1200         0.2073         0.0248         0.3365         0.0443         0.0000
         3.1600         0.2132         0.0260         0.3470         0.0460         0.0000
         3.2000         0.2195         0.0279         0.3606         0.0476         0.0000
         3.2400         0.2229         0.0285         0.3692         0.0494         0.0000
         3.2800         0.2306         0.0299         0.3807         0.0506         0.0000
         3.3200         0.2378         0.0309         0.3936         0.0521         0.0000
         3.3600         0.2469         0.0316         0.4088         0.0541         0.0000
         3.4000         0.2529         0.0322         0.4232         0.0567         0.0000
         3.4400         0.2594         0.0335         0.4387         0.0593         0.0000
         3.4800         0.2654         0.0342         0.4512         0.0599         0.0000
         3.5200         0.2726         0.0346         0.4657         0.0614         0.0000
         3.5600         0.2796         0.0357         0.4829         0.0644         0.0000
         3.6000         0.2867         0.0370         0.4983         0.0686         0.0000
         3.6400         0.2947         0.0386         0.5151         0.0706         0.0000
         3.6800         0.3054         0.0398         0.5269         0.0721         0.0000
         3.7200         0.3106         0.0402         0.5394         0.0740         0.0000
         3.7600         0.3199         0.0406         0.5544         0.0755         0.0000
         3.8000         0.3291         0.0423         0.5661         0.0755         0.0000
         3.8400         0.3364         0.0429         0.5805         0.0779         0.0000
         3.8800         0.3424         0.0437         0.5926         0.0799         0.0000
         3.9200         0.3518         0.0458         0.6087         0.0821         0.0000
         3.9600         0.3597         0.0483         0.6190         0.0843         0.0000
         4.0000         0.3688         0.0478         0.6310         0.0868         0.0000
         4.0400         0.3769         0.0486         0.6382         0.0865         0.0000
         4.0800         0.3826         0.0489         0.6533         0.0900         0.0000
         4.1200         0.3915         0.0498         0.6692         0.0913         0.0000
         4.1600         0.4008         0.0511         0.6891         0.0945         0.0000
         4.2000         0.4077         0.0524         0.7065         0.0963         0.0000
         4.2400         0.4171         0.0537         0.7247         0.0979         0.0000
         4.2800         0.4258         0.0544         0.7413         0.0984         0.0000
         4.3200         0.4304         0.0552         0.7566         0.1008         0.0000
         4.3600         0.4388         0.0581         0.7752         0.1030         0.0000
         4.4000         0.4484         0.0576         0.7938         0.1048         0.0000
         4.4400         0.4556         0.0573         0.8075         0.1077         0.0000
         4.4800         0.4659         0.0582         0.8332         0.1091         0.0000
         4.5200         0.4790         0.0591         0.8482         0.1126         0.0000
         4.5600         0.4888         0.0604         0.8699         0.1148         0.0000
         4.6000         0.4962         0.0617         0.8919         0.1173         0.0000
         4.6400         0.5011         0.0619         0.9091         0.1204         0.0000
         4.6800         0.5104         0.0636         0.9331         0.1233         0.0000
         4.7200         0.5151         0.0647         0.9515         0.1301         0.0000
         4.7600         0.5246         0.0669         0.9741         0.1314         0.0000
         4.8000         0.5324         0.0680         0.9985         0.1327         0.0000
         4.8400         0.5403         0.0682         1.0191         0.1353         0.0000
         4.8800         0.5466         0.0671         1.0424         0.1376         0.0000
         4.9200         0.5577         0.0681         1.0696         0.1420         0.0000
         4.9600         0.5641         0.0687         1.0856         0.1439         0.0000
         5.0000         0.5709         0.0697         1.1083         0.1458         0.0000
         5.0400         0.5802         0.0717         1.1263         0.1499         0.0000
         5.0800         0.5890         0.0713         1.1551         0.1534         0.0000
         5.1200         0.5973         0.0721         1.1731         0.1553         0.0000
         5.1600         0.6052         0.0741         1.1942         0.1563         0.0000
         5.2000         0.6137         0.0741         1.2138         0.1594         0.0000
         5.2400         0.6197         0.0725         1.2346         0.1609         0.0000
         5.2800         0.6287         0.0735         1.2540         0.1663         0.0000
         5.3200         0.6375         0.0741         1.2761         0.1703         0.0000
         5.3600         0.6448         0.0752         1.2956         0.1741         0.0000
         5.4000         0.6530         0.0766         1.3230         0.1791         0.0000
         5.4400         0.6578         0.0765         1.3494         0.1806         0.0000
         5.4800         0.6650         0.0763         1.3705         0.1843         0.0000
         5.5200         0.6710         0.0770         1.3957         0.1879         0.0000
         5.5600         0.6773         0.0779         1.4224         0.1909         0.0000
         5.6000         0.6845         0.0769         1.4527         0.1937         0.0000
         5.6400         0.6875         0.0774         1.4788         0.1976         0.0000
         5.6800         0.7015         0.0799         1.5036         0.2017         0.0000
         5.7200         0.7112         0.0811         1.5322         0.2053         0.0000
         5.7600         0.7189         0.0809         1.5595         0.2087         0.0000
         5.8000         0.7279         0.0806         1.5845         0.2112         0.0000
         5.8400         0.7375         0.0819         1.6158         0.2138         0.0000
         5.8800         0.7452         0.0824         1.6063         0.2130         0.0021
         5.9200         0.7580         0.0844         1.4679         0.1942         0.0339
         5.9600         0.7692         0.0865         1.1599         0.1527         0.1937
         6.0000         0.7769         0.0873         0.7769         0.1019         0.5693
         6.0400         0.7848         0.0874         0.4749         0.0625         1.1036
         6.0800         0.7903         0.0878         0.2951         0.0387         1.6517
         6.1200         0.8005         0.0897         0.2052         0.0277         2.1073
         6.1600         0.8102         0.0901         0.1612         0.0221         2.4386
         6.2000         0.8167         0.0901         0.1411         0.0186         2.6595
         6.2400         0.8241         0.0912         0.1322         0.0176         2.7989
         6.2800         0.8327         0.0900         0.1320         0.0180         2.8836
         6.3200         0.8405         0.0908         0.1329         0.0163         2.9337
         6.3600         0.8491         0.0902         0.1380         0.0169         2.9628
         6.4000         0.8589         0.0905         0.1440         0.0172         2.9794
         6.4400         0.8682         0.0906         0.1501         0.0159         2.9887
         6.4800         0.8747         0.0919         0.1569         0.0167         2.9939
         6.5200         0.8868         0.0937         0.1622         0.0172         2.9967
         6.5600         0.8983         0.0954         0.1669         0.0170         2.9983
         6.6000         0.9104         0.0960         0.1728         0.0173         2.9991
         6.6400         0.9217         0.0973         0.1781         0.0183         2.9995
         6.6800         0.9319         0.0975         0.1856         0.0206         2.9998
         6.7200         0.9442         0.0991         0.1900         0.0216         2.9999
         6.7600         0.9570         0.1012         0.1976         0.0215         2.9999
         6.8000         0.9676         0.1004         0.2046         0.0222         3.0000
         6.8400         0.9788         0.1009         0.2137         0.0249         3.0000
         6.8800         0.9930         0.1029         0.2218         0.0245         3.0000
         6.9200         1.0006         0.1004         0.2282         0.0231         3.0000
         6.9600         1.0151         0.1006         0.2392         0.0237         3.0000
         7.0000         1.0289         0.1027         0.2428         0.0241         3.0000
         7.0400         1.0417         0.1032         0.2494         0.0245         3.0000
         7.0800         1.0509         0.1043         0.2587         0.0257         3.0000
         7.1200         1.0629         0.1016         0.2658         0.0259         3.0000
         7.1600         1.0766         0.1047         0.2708         0.0260         3.0000
         7.2000         1.0864         0.1049         0.2774         0.0261         3.0000
         7.2400         1.1013         0.1060         0.2848         0.0271         3.0000
         7.2800         1.1160         0.1070         0.2928         0.0280         3.0000
         7.3200         1.1234         0.1060         0.2997         0.0288         3.0000
         7.3600         1.1374         0.1074         0.3063         0.0289         3.0000
         7.4000         1.1577         0.1096         0.3116         0.0282         3.0000
         7.4400         1.1714         0.1112         0.3198         0.0287         3.0000
         7.4800         1.1841         0.1103         0.3254         0.0293         3.0000
         7.5200         1.1975         0.1115         0.3304         0.0296         3.0000
         7.5600         1.2083         0.1107         0.3371         0.0306         3.0000
         7.6000         1.2254         0.1121         0.3446         0.0304         3.0000
         7.6400         1.2405         0.1127         0.3501         0.0310         3.0000
         7.6800         1.2539         0.1126         0.3570         0.0307         3.0000
         7.7200         1.2720         0.1146         0.3660         0.0311         3.0000
         7.7600         1.2876         0.1149         0.3702         0.0308         3.0000
         7.8000         1.3037         0.1153         0.3765         0.0316         3.0000
         7.8400         1.3190         0.1139         0.3845         0.0324         3.0000
         7.8800         1.3397         0.1139         0.3873         0.0330         3.0000
         7.9200         1.3589         0.1141         0.3949         0.0341         3.0000
         7.9600         1.3821         0.1130         0.3984         0.0345         3.0000
         8.0000         1.4039         0.1098         0.3993         0.0343         3.0000
         8.0400         1.4182         0.1056         0.4050         0.0351         3.0000
         8.0800         1.4364         0.1054         0.4130         0.0355         3.0000
         8.1200         1.4475         0.1036         0.4182         0.0359         3.0000
         8.1600         1.4704         0.1042         0.4211         0.0363         3.0000
         8.2000         1.4844         0.1041         0.4289         0.0374         3.0000
         8.2400         1.4980         0.1050         0.4306         0.0382         3.0000
         8.2800         1.5203         0.1062         0.4354         0.0391         3.0000
         8.3200         1.5351         0.1068         0.4391         0.0395         3.0000
         8.3600         1.5546         0.1082         0.4433         0.0405         3.0000
         8.4000         1.5726         0.1093         0.4494         0.0404         3.0000
         8.4400         1.5925         0.1103         0.4535         0.0398         3.0000
         8.4800         1.6131         0.1113         0.4594         0.0393         3.0000
         8.5200         1.6346         0.1127         0.4622         0.0396         3.0000
         8.5600         1.6524         0.1127         0.4664         0.0388         3.0000
         8.6000         1.6745         0.1123         0.4666         0.0374         3.0000
         8.6400         1.6866         0.1130         0.4697         0.0381         3.0000
         8.6800         1.7128         0.1149         0.4707         0.0366         3.0000
         8.7200         1.7331         0.1153         0.4770         0.0359         3.0000
         8.7600         1.7525         0.1155         0.4830         0.0366         3.0000
         8.8000         1.7749         0.1199         0.4855         0.0372         3.0000
         8.8400         1.8038         0.1191         0.4879         0.0378         3.0000
         8.8800         1.8262         0.1197         0.4891         0.0374         3.0000
         8.9200         1.8477         0.1204         0.4912         0.0395         3.0000
         8.9600         1.8783         0.1217         0.4929         0.0387         3.0000
         9.0000         1.8982         0.1208         0.4952         0.0383         3.0000
         9.0400         1.9200         0.1223         0.4951         0.0381         3.0000
         9.0800         1.9411         0.1230         0.4952         0.0370         3.0000
         9.1200         1.9615         0.1219         0.4931         0.0363         3.0000
         9.1600         1.9833         0.1217         0.4960         0.0369         3.0000
         9.2000         2.0061         0.1230         0.4997         0.0370         3.0000
         9.2400         2.0356         0.1237         0.4970         0.0366         3.0000
         9.2800         2.0574         0.1252         0.5001         0.0380         3.0000
         9.3200         2.0787         0.1233         0.5005         0.0394         3.0000
         9.3600         2.1076         0.1243         0.4974         0.0387         3.0000
         9.4000         2.1310         0.1237         0.4981         0.0380         3.0000
         9.4400         2.1607         0.1258         0.4994         0.0385         3.0000
         9.4800         2.1894         0.1274         0.4977         0.0366         3.0000
         9.5200         2.2155         0.1267         0.4969         0.0362         3.0000
         9.5600         2.2462         0.1302         0.4933         0.0348         3.0000
         9.6000         2.2769         0.1329         0.4928         0.0338         3.0000
         9.6400         2.3040         0.1351         0.4944         0.0340         3.0000
         9.6800         2.3225         0.1354         0.4912         0.0344         3.0000
         9.7200         2.3556         0.1370         0.4887         0.0329         3.0000
         9.7600         2.3794         0.1388         0.4863         0.0319         3.0000
         9.8000         2.4065         0.1385         0.4823         0.0312         3.0000
         9.8400         2.4359         0.1388         0.4821         0.0278         3.0000
         9.8800         2.4678         0.1395         0.4790         0.0290         3.0000
         9.9200         2.5019         0.1425         0.4728         0.0284         3.0000
         9.9600         2.5332         0.1455         0.4695         0.0294         3.0000
        10.0000         2.5687         0.1485         0.4660         0.0255         3.0000
        10.0400         2.6062         0.1498         0.4605         0.0252         3.0000
        10.0800         2.6455         0.1518         0.4561         0.0248         3.0000
        10.1200         2.6743         0.1526         0.4522         0.0248         3.0000
        10.1600         2.7126         0.1533         0.4434         0.0242         3.0000
        10.2000         2.7562         0.1554         0.4365         0.0233         3.0000
        10.2400         2.7965         0.1581         0.4348         0.0234         3.0000
        10.2800         2.8327         0.1586         0.4303         0.0232         3.0000
        10.3200         2.8796         0.1594         0.4219         0.0227         2.9999
        10.3600         2.9148         0.1575         0.4158         0.0223         2.9999
        10.4000         2.9608         0.1590         0.4079         0.0219         2.9998
        10.4400         3.0006         0.1586         0.3970         0.0209         2.9995
        10.4800         3.0407         0.1600         0.3901         0.0202         2.9991
        10.5200         3.0863         0.1587         0.3799         0.0189         2.9983
        10.5600         3.1224         0.1596         0.3740         0.0189         2.9967
        10.6000         3.1635         0.1652         0.3649         0.0178         2.9939
        10.6400         3.1997         0.1660         0.3561         0.0178         2.9887
        10.6800         3.2422         0.1656         0.3509         0.0183         2.9794
        10.7200         3.2823         0.1683         0.3524         0.0172         2.9628
        10.7600         3.3247         0.1661         0.3561         0.0182         2.9337
        10.8000         3.3690         0.1683         0.3698         0.0180         2.8836
        10.8400         3.4015         0.1703         0.4035         0.0195         2.7989
        10.8800         3.4422         0.1743         0.4738         0.0228         2.6595
        10.9200         3.4799         0.1760         0.6188         0.0295         2.4386
        10.9600         3.5323         0.1736         0.9118         0.0426         2.1073
        11.0000         3.5778         0.1782         1.4980         0.0693         1.6517
        11.0400         3.6339         0.1788         2.5061         0.1166         1.1036
        11.0800         3.6762         0.1793         3.8193         0.1765         0.5693
        11.1200         3.7224         0.1814         4.9542         0.2280         0.1937
        11.1600         3.7683         0.1799         5.5329         0.2539         0.0339
        11.2000         3.8088         0.1796         5.7192         0.2633         0.0021
        11.2400         3.8539         0.1801         5.7617         0.2613         0.0000
        11.2800         3.9034         0.1799         5.7866         0.2663         0.0000
        11.3200         3.9561         0.1846         5.8119         0.2671         0.0000
        11.3600         4.0065         0.1849         5.8398         0.2673         0.0000
        11.4000         4.0535         0.1883         5.8679         0.2700         0.0000
        11.4400         4.1064         0.1878         5.8953         0.2703         0.0000
        11.4800         4.1499         0.1897         5.9244         0.2698         0.0000
        11.5200         4.1976         0.1930         5.9481         0.2721         0.0000
        11.5600         4.2471         0.1932         5.9716         0.2672         0.0000
        11.6000         4.3026         0.1879         6.0010         0.2680         0.0000
        11.6400         4.3692         0.1971         6.0322         0.2733         0.0000
        11.6800         4.4160         0.1935         6.0642         0.2702         0.0000
        11.7200         4.4565         0.1946         6.0853         0.2687         0.0000
        11.7600         4.5054         0.1967         6.0983         0.2693         0.0000
        11.8000         4.5561         0.2001         6.1195         0.2691         0.0000
        11.8400         4.5928         0.2013         6.1580         0.2677         0.0000
        11.8800         4.6478         0.2086         6.1805         0.2711         0.0000
        11.9200         4.6971         0.2116         6.2102         0.2679         0.0000
        11.9600         4.7477         0.2133         6.2580         0.2661         0.0000
        12.0000         4.7963         0.2091         6.2901         0.2667         0.0000
        12.0400         4.8482         0.2095         6.3145         0.2658         0.0000
        12.0800         4.8934         0.2097         6.3509         0.2646         0.0000
        12.1200         4.9283         0.2092         6.3877         0.2634         0.0000
        12.1600         4.9649         0.2088         6.4081         0.2615         0.0000
        12.2000         5.0289         0.2047         6.4366         0.2579         0.0000
        12.2400         5.0804         0.2116         6.4565         0.2633         0.0000
        12.2800         5.1440         0.2081         6.4839         0.2607         0.0000
        12.3200         5.1882         0.2129         6.5241         0.2617         0.0000
        12.3600         5.2326         0.2100         6.5451         0.2602         0.0000
        12.4000         5.2858         0.2126         6.5637         0.2588         0.0000
        12.4400         5.3328         0.2059         6.5935         0.2553         0.0000
        12.4800         5.3855         0.2033         6.6255         0.2564         0.0000
        12.5200         5.4412         0.2018         6.6492         0.2568         0.0000
        12.5600         5.5010         0.2025         6.6857         0.2572         0.0000
        12.6000         5.5489         0.2021         6.7130         0.2536         0.0000
        12.6400         5.5930         0.2025         6.7486         0.2514         0.0000
        12.6800         5.6488         0.1989         6.7813         0.2496         0.0000
        12.7200         5.7100         0.1972         6.8165         0.2475         0.0000
        12.7600         5.7700         0.1963         6.8599         0.2459         0.0000
        12.8000         5.8354         0.1971         6.9099         0.2467         0.0000
        12.8400         5.8830         0.1966         6.9519         0.2521         0.0000
        12.8800         5.9403         0.1948         6.9705         0.2467         0.0000
        12.9200         5.9804         0.1910         7.0141         0.2481         0.0000
        12.9600         6.0266         0.1924         7.0492         0.2459         0.0000
        13.0000         6.0767         0.1918         7.0924         0.2485         0.0000
        13.0400         6.1393         0.1905         7.1219         0.2442         0.0000
        13.0800         6.1886         0.1886         7.1650         0.2457         0.0000
        13.1200         6.2451         0.1892         7.2023         0.2481         0.0000
        13.1600         6.2930         0.1897         7.2424         0.2459         0.0000
        13.2000         6.3361         0.1887         7.2762         0.2431         0.0000
        13.2400         6.3879         0.1893         7.3166         0.2406         0.0000
        13.2800         6.4457         0.1901         7.3505         0.2371         0.0000
        13.3200         6.4951         0.1912         7.3964         0.2379         0.0000
        13.3600         6.5392         0.1942         7.4202         0.2374         0.0000
        13.4000         6.5852         0.1968         7.4563         0.2334         0.0000
        13.4400         6.6363         0.1939         7.4868         0.2354         0.0000
        13.4800         6.6871         0.1955         7.5381         0.2337         0.0000
        13.5200         6.7299         0.1956         7.5825         0.2344         0.0000
        13.5600         6.7864         0.1959         7.6131         0.2321         0.0000
        13.6000         6.8349         0.1937         7.6515         0.2305         0.0000
        13.6400         6.8918         0.1941         7.6902         0.2277         0.0000
        13.6800         6.9382         0.1963         7.7283         0.2270         0.0000
        13.7200         6.9932         0.1994         7.7700         0.2242         0.0000
        13.7600         7.0556         0.1979         7.8157         0.2240         0.0000
        13.8000         7.0918         0.1946         7.8678         0.2229         0.0000
        13.8400         7.1540         0.1905         7.9100         0.2227         0.0000
        13.8800         7.2148         0.1900         7.9602         0.2218         0.0000
        13.9200         7.2491         0.1897         8.0142         0.2179         0.0000
        13.9600         7.3137         0.1885         8.0600         0.2159         0.0000
        14.0000         7.3669         0.1891         8.0918         0.2069         0.0000
        14.0400         7.4117         0.1805         8.1478         0.2047         0.0000
        14.0800         7.4730         0.1762         8.1983         0.1993         0.0000
        14.1200         7.5114         0.1736         8.2535         0.1998         0.0000
        14.1600         7.5543         0.1685         8.2947         0.1993         0.0000
        14.2000         7.6077         0.1657         8.3380         0.2004         0.0000
        14.2400         7.6692         0.1649         8.3851         0.1990         0.0000
        14.2800         7.7269         0.1649         8.4468         0.1979         0.0000
        14.3200         7.7829         0.1649         8.4968         0.1973         0.0000
        14.3600         7.8441         0.1643         8.5525         0.1929         0.0000
        14.4000         7.9030         0.1637         8.6120         0.1905         0.0000
        14.4400         7.9553         0.1607         8.6737         0.1877         0.0000
        14.4800         7.9970         0.1604         8.7092         0.1852         0.0000
        14.5200         8.0556         0.1593         8.7459         0.1805         0.0000
        14.5600         8.1059         0.1546         8.7941         0.1756         0.0000
        14.6000         8.1409         0.1547         8.8368         0.1724         0.0000
        14.6400         8.2034         0.1526         8.8845         0.1677         0.0000
        14.6800         8.2837         0.1511         8.9408         0.1698         0.0000
        14.7200         8.3520         0.1489         8.9990         0.1659         0.0000
        14.7600         8.4241         0.1517         9.0451         0.1651         0.0000
        14.8000         8.4789         0.1497         9.0980         0.1646         0.0000
        14.8400         8.5344         0.1490         9.1483         0.1607         0.0000
        14.8800         8.5926         0.1464         9.1991         0.1598         0.0000
        14.9200         8.6549         0.1471         9.2587         0.1564         0.0000
        14.9600         8.7163         0.1444         9.3250         0.1522         0.0000
        15.0000         8.7550         0.1439         9.3686         0.1477         0.0000
        15.0400         8.8196         0.1382         9.4251         0.1428         0.0000
        15.0800         8.8770         0.1339         9.4657         0.1419         0.0000
        15.1200         8.9305         0.1305         9.5202         0.1400         0.0000
        15.1600         8.9759         0.1301         9.5719         0.1377         0.0000
        15.2000         9.0332         0.1258         9.6248         0.1371         0.0000
        15.2400         9.0912         0.1245         9.6703         0.1369         0.0000
        15.2800         9.1476         0.1196         9.7186         0.1382         0.0000
        15.3200         9.2115         0.1176         9.7854         0.1370         0.0000
        15.3600         9.2739         0.1154         9.8445         0.1373         0.0000
        15.4000         9.3435         0.1144         9.9034         0.1350         0.0000
        15.4400         9.4181         0.1123         9.9555         0.1338         0.0000
        15.4800         9.4880         0.1110        10.0087         0.1330         0.0000
        15.5200         9.5505         0.1100        10.0627         0.1322         0.0000
        15.5600         9.6004         0.1092        10.1116         0.1266         0.0000
        15.6000         9.6683         0.1066        10.1635         0.1234         0.0000
        15.6400         9.7375         0.1044        10.2244         0.1165         0.0000
        15.6800         9.8057         0.1000        10.2899         0.1138         0.0000
        15.7200         9.8532         0.0993        10.3441         0.1129         0.0000
        15.7600         9.9144         0.0987        10.4242         0.1121         0.0000
        15.8000         9.9759         0.0958        10.4738         0.1077         0.0000
        15.8400        10.0400         0.0940        10.5342         0.1062         0.0000
        15.8800        10.0934         0.0907        10.5732         0.1042         0.0000
        15.9200        10.1650         0.0905        10.6208         0.1050         0.0000
        15.9600        10.2421         0.0898        10.6685         0.1029         0.0000
        16.0000        10.3111         0.0909        10.7124         0.1033         0.0000
        16.0400        10.3755         0.0897        10.7846         0.1024         0.0000
        16.0800        10.4360         0.0897        10.8183         0.1064         0.0000
        16.1200        10.5045         0.0890        10.8832         0.1027         0.0000
        16.1600        10.5456         0.0857        10.9391         0.1019         0.0000
        16.2000        10.6129         0.0879        10.9890         0.1017         0.0000
        16.2400        10.6709         0.0881        11.0585         0.0992         0.0000
        16.2800        10.7371         0.0877        11.1091         0.0982         0.0000
        16.3200        10.7959         0.0829        11.1623         0.0981         0.0000
        16.3600        10.8782         0.0845        11.2218         0.0947         0.0000
        16.4000        10.9173         0.0832        11.2727         0.0946         0.0000
        16.4400        11.0011         0.0831        11.3472         0.0981         0.0000
        16.4800        11.0669         0.0852        11.4166         0.0961         0.0000
        16.5200        11.1299         0.0871        11.4994         0.0959         0.0000
        16.5600        11.2009         0.0892        11.5693         0.0982         0.0000
        16.6000        11.2534         0.0916        11.6295         0.0975         0.0000
        16.6400        11.3220         0.0915        11.6998         0.0967         0.0000
        16.6800        11.3879         0.0935        11.7502         0.0975         0.0000
        16.7200        11.4401         0.0978        11.8110         0.0963         0.0000
        16.7600        11.5030         0.1004        11.8630         0.0976         0.0000
        16.8000        11.5644         0.1028        11.9269         0.0982         0.0000
        16.8400        11.6272         0.1028        11.9825         0.0988         0.0000
        16.8800        11.6928         0.1051        12.0325         0.0990         0.0000
        16.9200        11.7444         0.1085        12.0815         0.1057         0.0000
        16.9600        11.8122         0.1163        12.1504         0.1102         0.0000
        17.0000        11.8835         0.1197        12.2233         0.1106         0.0000
        17.0400        11.9661         0.1248        12.2766         0.1137         0.0000
        17.0800        12.0199         0.1220        12.3347         0.1171         0.0000
        17.1200        12.1028         0.1233        12.3986         0.1222         0.0000
        17.1600        12.1744         0.1286        12.4556         0.1507         0.0000
        17.2000        12.2427         0.1601        12.5183         0.1513         0.0000
        17.2400        12.3181         0.1660        12.6015         0.1579         0.0000
        17.2800        12.3816         0.1728        12.6719         0.1603         0.0000
        17.3200        12.4458         0.1788        12.7356         0.1702         0.0000
        17.3600        12.5170         0.1856        12.8180         0.1774         0.0000
        17.4000        12.5818         0.1915        12.8728         0.1967         0.0000
        17.4400        12.6400         0.1979        12.9344         0.1888         0.0000
        17.4800        12.7164         0.2092        13.0149         0.1957         0.0000
        17.5200        12.7924         0.2521        13.0860         0.2211         0.0000
        17.5600        12.8582         0.2607        13.1503         0.2300         0.0000
        17.6000        12.9445         0.2684        13.2138         0.2375         0.0000
        17.6400        13.0291         0.2620        13.2919         0.2428         0.0000
        17.6800        13.0998         0.2734        13.3537         0.2469         0.0000
        17.7200        13.1658         0.2705        13.4310         0.2521         0.0000
        17.7600        13.2259         0.2924        13.5031         0.2551         0.0000
        17.8000        13.3076         0.3097        13.5679         0.2595         0.0000
        17.8400        13.3837         0.3250        13.6304         0.2683         0.0000
        17.8800        13.4620         0.3220        13.6779         0.2815         0.0000
        17.9200        13.5406         0.3251        13.7414         0.2899         0.0000
        17.9600        13.6132         0.3320        13.8394         0.2942         0.0000
        18.0000        13.6847         0.3327        13.9184         0.3004         0.0000
        18.0400        13.7481         0.3475        13.9823         0.3122         0.0000
        18.0800        13.8267         0.3493        14.0636         0.3282         0.0000
        18.1200        13.8953         0.3588        14.1332         0.3421         0.0000
        18.1600        13.9676         0.3578        14.2107         0.3474         0.0000
        18.2000        14.0601         0.3711        14.2900         0.3554         0.0000
        18.2400        14.1329         0.3856        14.3573         0.3639         0.0000
        18.2800        14.2124         0.3817        14.4236         0.3780         0.0000
        18.3200        14.2905         0.3918        14.4972         0.3854         0.0000
        18.3600        14.3737         0.3951        14.5806         0.3945         0.0000
        18.4000        14.4548         0.4094        14.6633         0.4048         0.0000
        18.4400        14.5285         0.4138        14.7362         0.4102         0.0000
        18.4800        14.6207         0.4310        14.8178         0.4247         0.0000
        18.5200        14.7024         0.4500        14.9008         0.4283         0.0000
        18.5600        14.7756         0.4669        14.9749         0.4425         0.0000
        18.6000        14.8276         0.4736        15.0435         0.4581         0.0000
        18.6400        14.9057         0.4870        15.1269         0.4659         0.0000
        18.6800        14.9956         0.5078        15.2006         0.4759         0.0000
        18.7200        15.0787         0.5286        15.2870         0.4961         0.0000
        18.7600        15.1426         0.5469        15.3648         0.5075         0.0000
        18.8000        15.2199         0.5567        15.4492         0.5201         0.0000
        18.8400        15.2728         0.5597        15.4957         0.5282         0.0000
        18.8800        15.3559         0.5740        15.5879         0.5405         0.0000
        18.9200        15.4394         0.5752        15.6874         0.5486         0.0000
        18.9600        15.5225         0.5893        15.7843         0.5617         0.0000
        19.0000        15.6070         0.6021        15.8957         0.5709         0.0000
        19.0400        15.6809         0.6148        15.9679         0.5793         0.0000
        19.0800        15.7686         0.6274        16.0410         0.5981         0.0000
        19.1200        15.8283         0.6402        16.1129         0.6046         0.0000
        19.1600        15.8938         0.6539        16.1889         0.6164         0.0000
        19.2000        15.9782         0.6606        16.2796         0.6256         0.0000
        19.2400        16.0834         0.6693        16.3578         0.6352         0.0000
        19.2800        16.1695         0.6811        16.4330         0.6436         0.0000
        19.3200        16.2386         0.6933        16.5223         0.6384         0.0000
        19.3600        16.3406         0.7144        16.5898         0.6416         0.0000
        19.4000        16.4194         0.7219        16.6802         0.6578         0.0000
        19.4400        16.5075         0.7438        16.7655         0.6606         0.0000
        19.4800        16.6039         0.7648        16.8474         0.6786         0.0000
        19.5200        16.6678         0.7817        16.9535         0.7022         0.0000
        19.5600        16.7475         0.7947        17.0353         0.7089         0.0000
        19.6000        16.8340         0.8013        17.1199         0.7249         0.0000
        19.6400        16.9233         0.8214        17.2009         0.7312         0.0000
        19.6800        16.9898         0.8441        17.2925         0.7516         0.0000
        19.7200        17.0664         0.8557        17.3685         0.7715         0.0000
        19.7600        17.1429         0.8705        17.4770         0.7803         0.0000
        19.8000        17.2352         0.8890        17.5727         0.8014         0.0000
        19.8400        17.3145         0.9000        17.6385         0.8056         0.0000
        19.8800        17.4039         0.9117        17.7136         0.8204         0.0000
        19.9200        17.3600         0.9158        17.6900         0.8308         0.0000
        19.9600        16.3449         0.8761        16.6421         0.7849         0.0000
        20.0000        12.1371         0.6339        12.3835         0.5900         0.0000
