         0.0800         0.0000         0.0000         0.0000         0.0000         0.0000
         0.1200         0.0000         0.0000         0.0000         0.0000         0.0000
         0.1600         0.0000         0.0000         0.0000         0.0000         0.0000
         0.2000         0.0000         0.0000         0.0000         0.0000         0.0000
         0.2400         0.0000         0.0000         0.0000         0.0000         0.0000
         0.2800         0.0000         0.0000         0.0000         0.0000         0.0000
         0.3200         0.0000         0.0000         0.0000         0.0000         0.0000
         0.3600         0.0000         0.0000         0.0000         0.0000         0.0000
         0.4000         0.0000         0.0000         0.0000         0.0000         0.0000
         0.4400         0.0000         0.0000         0.0000         0.0000         0.0000
         0.4800         0.0000         0.0000         0.0000         0.0000         0.0000
         0.5200         0.0000         0.0000         0.0000         0.0000         0.0000
         0.5600         0.0000         0.0000         0.0000         0.0000         0.0000
         0.6000         0.0000         0.0000         0.0000         0.0000         0.0000
         0.6400         0.0000         0.0000         0.0000         0.0000         0.0000
         0.6800         0.0000         0.0000         0.0000         0.0000         0.0000
         0.7200         0.0000         0.0000         0.0000         0.0000         0.0000
         0.7600         0.0000         0.0000         0.0000         0.0000         0.0000
         0.8000         0.0000         0.0000         0.0000         0.0000         0.0000
         0.8400         0.0000         0.0000         0.0000         0.0000         0.0000
         0.8800         0.0000         0.0000         0.0000         0.0000         0.0000
         0.9200         0.0000         0.0000         0.0000         0.0000         0.0000
         0.9600         0.0001         0.0000         0.0001         0.0000         0.0000
         1.0000         0.0006         0.0000         0.0009         0.0000         0.0000
         1.0400         0.0018         0.0001         0.0026         0.0002         0.0000
         1.0800         0.0035         0.0003         0.0051         0.0003         0.0000
         1.1200         0.0056         0.0004         0.0077         0.0004         0.0000
         1.1600         0.0074         0.0005         0.0107         0.0006         0.0000
         1.2000         0.0096         0.0006         0.0139         0.0007         0.0000
         1.2400         0.0119         0.0007         0.0172         0.0009         0.0000
         1.2800         0.0135         0.0009         0.0213         0.0011         0.0000
         1.3200         0.0159         0.0010         0.0254         0.0013         0.0000
         1.3600         0.0181         0.0011         0.0301         0.0015         0.0000
         1.4000         0.0207         0.0012         0.0346         0.0016         0.0000
         1.4400         0.0238         0.0014         0.0387         0.0017         0.0000
         1.4800         0.0261         0.0015         0.0443         0.0019         0.0000
         1.5200         0.0296         0.0016         0.0483         0.0020         0.0000
         1.5600         0.0321         0.0017         0.0526         0.0021         0.0000
         1.6000         0.0354         0.0018         0.0583         0.0023         0.0000
         1.6400         0.0387         0.0019         0.0625         0.0024         0.0000
         1.6800         0.0412         0.0021         0.0660         0.0024         0.0000
         1.7200         0.0447         0.0024         0.0720         0.0026         0.0000
         1.7600         0.0480         0.0025         0.0757         0.0027         0.0000
         1.8000         0.0516         0.0025         0.0812         0.0028         0.0000
         1.8400         0.0546         0.0026         0.0876         0.0031         0.0000
         1.8800         0.0587         0.0028         0.0915         0.0031         0.0000
         1.9200         0.0620         0.0029         0.0967         0.0030         0.0000
         1.9600         0.0647         0.0029         0.1029         0.0031         0.0000
         2.0000         0.0677         0.0030         0.1095         0.0033         0.0000
         2.0400         0.0724         0.0031         0.1143         0.0033         0.0000
         2.0800         0.0754         0.0032         0.1195         0.0034         0.0000
         2.1200         0.0805         0.0032         0.1267         0.0034         0.0000
         2.1600         0.0854         0.0032         0.1330         0.0035         0.0000
         2.2000         0.0893         0.0034         0.1410         0.0036         0.0000
         2.2400         0.0944         0.0032         0.1498         0.0037         0.0000
         2.2800         0.0998         0.0034         0.1566         0.0037         0.0000
         2.3200         0.1043         0.0036         0.1634         0.0038         0.0000
         2.3600         0.1086         0.0037         0.1713         0.0040         0.0000
         2.4000         0.1126         0.0037         0.1811         0.0042         0.0000
         2.4400         0.1174         0.0041         0.1917         0.0044         0.0000
         2.4800         0.1223         0.0042         0.1999         0.0044         0.0000
         2.5200         0.1281         0.0044         0.2104         0.0048         0.0000
         2.5600         0.1340         0.0045         0.2222         0.0051         0.0000
         2.6000         0.1400         0.0043         0.2324         0.0053         0.0000
         2.6400         0.1462         0.0046         0.2434         0.0052         0.0000
         2.6800         0.1523         0.0044         0.2519         0.0053         0.0000
         2.7200         0.1573         0.0045         0.2588         0.0055         0.0000
         2.7600         0.1643         0.0047         0.2662         0.0054         0.0000
         2.8000         0.1725         0.0049         0.2754         0.0057         0.0000
         2.8400         0.1789         0.0049         0.2849         0.0059         0.0000
         2.8800         0.1861         0.0049         0.2967         0.0060         0.0000
         2.9200         0.1925         0.0054         0.3075         0.0060         0.0000
         2.9600         0.1982         0.0055         0.3192         0.0062         0.0000
         3.0000         0.2066         0.0058         0.3294         0.0063         0.0000
         3.0400         0.2159         0.0058         0.3410         0.0067         0.0000
         3.0800         0.2239         0.0059         0.3532         0.0073         0.0000
         3.1200         0.2331         0.0062         0.3665         0.0073         0.0000
         3.1600         0.2399         0.0062         0.3756         0.0073         0.0000
         3.2000         0.2445         0.0075         0.3866         0.0074         0.0000
         3.2400         0.2511         0.0063         0.4004         0.0081         0.0000
         3.2800         0.2600         0.0072         0.4146         0.0089         0.0000
         3.3200         0.2683         0.0070         0.4310         0.0088         0.0000
         3.3600         0.2750         0.0070         0.4452         0.0098         0.0000
         3.4000         0.2816         0.0071         0.4560         0.0099         0.0000
         3.4400         0.2884         0.0069         0.4664         0.0099         0.0000
         3.4800         0.2945         0.0069         0.4790         0.0103         0.0000
         3.5200         0.3048         0.0078         0.4909         0.0105         0.0000
         3.5600         0.3133         0.0079         0.5045         0.0104         0.0000
         3.6000         0.3215         0.0083         0.5213         0.0102         0.0000
         3.6400         0.3297         0.0077         0.5358         0.0101         0.0000
         3.6800         0.3404         0.0080         0.5545         0.0103         0.0000
         3.7200         0.3489         0.0091         0.5752         0.0105         0.0000
         3.7600         0.3610         0.0097         0.5898         0.0107         0.0000
         3.8000         0.3691         0.0096         0.6052         0.0122         0.0000
         3.8400         0.3771         0.0091         0.6209         0.0121         0.0000
         3.8800         0.3871         0.0093         0.6337         0.0123         0.0000
         3.9200         0.3918         0.0091         0.6501         0.0116         0.0000
         3.9600         0.4014         0.0087         0.6669         0.0126         0.0000
         4.0000         0.4106         0.0083         0.6867         0.0113         0.0000
         4.0400         0.4188         0.0088         0.7078         0.0139         0.0000
         4.0800         0.4241         0.0087         0.7250         0.0140         0.0000
         4.1200         0.4349         0.0084         0.7408         0.0145         0.0000
         4.1600         0.4472         0.0082         0.7557         0.0147         0.0000
         4.2000         0.4576         0.0082         0.7740         0.0151         0.0000
         4.2400         0.4710         0.0095         0.7950         0.0151         0.0000
         4.2800         0.4794         0.0095         0.8175         0.0168         0.0000
         4.3200         0.4918         0.0100         0.8398         0.0161         0.0000
         4.3600         0.5002         0.0097         0.8581         0.0157         0.0000
         4.4000         0.5117         0.0106         0.8809         0.0169         0.0000
         4.4400         0.5230         0.0106         0.9015         0.0175         0.0000
         4.4800         0.5333         0.0098         0.9187         0.0185         0.0000
         4.5200         0.5414         0.0096         0.9411         0.0176         0.0000
         4.5600         0.5572         0.0098         0.9652         0.0169         0.0000
         4.6000         0.5708         0.0094         0.9892         0.0182         0.0000
         4.6400         0.5800         0.0102         1.0058         0.0180         0.0000
         4.6800         0.5870         0.0096         1.0303         0.0202         0.0000
         4.7200         0.5958         0.0096         1.0540         0.0195         0.0000
         4.7600         0.6076         0.0101         1.0780         0.0202         0.0000
         4.8000         0.6145         0.0102         1.1005         0.0203         0.0000
         4.8400         0.6248         0.0092         1.1261         0.0205         0.0000
         4.8800         0.6367         0.0084         1.1515         0.0201         0.0000
         4.9200         0.6465         0.0087         1.1761         0.0211         0.0000
         4.9600         0.6546         0.0084         1.1993         0.0249         0.0000
         5.0000         0.6674         0.0087         1.2236         0.0253         0.0000
         5.0400         0.6808         0.0089         1.2501         0.0263         0.0000
         5.0800         0.6961         0.0089         1.2716         0.0262         0.0000
         5.1200         0.7094         0.0092         1.2965         0.0265         0.0000
         5.1600         0.7183         0.0091         1.3164         0.0253         0.0000
         5.2000         0.7283         0.0095         1.3421         0.0260         0.0000
         5.2400         0.7348         0.0093         1.3724         0.0259         0.0000
         5.2800         0.7436         0.0097         1.4051         0.0254         0.0000
         5.3200         0.7536         0.0093         1.4293         0.0262         0.0000
         5.3600         0.7666         0.0093         1.4574         0.0282         0.0000
         5.4000         0.7783         0.0098         1.4817         0.0289         0.0000
         5.4400         0.7881         0.0101         1.5068         0.0312         0.0000
         5.4800         0.8019         0.0104         1.5366         0.0319         0.0000
         5.5200         0.8127         0.0105         1.5645         0.0315         0.0000
         5.5600         0.8193         0.0105         1.5925         0.0321         0.0000
         5.6000         0.8257         0.0106         1.6231         0.0322         0.0000
         5.6400         0.8360         0.0105         1.6555         0.0306         0.0000
         5.6800         0.8435         0.0111         1.6862         0.0334         0.0000
         5.7200         0.8503         0.0109         1.7161         0.0338         0.0000
         5.7600         0.8580         0.0109         1.7445         0.0358         0.0000
         5.8000         0.8655         0.0111         1.7755         0.0358         0.0000
         5.8400         0.8771         0.0105         1.7977         0.0376         0.0000
         5.8800         0.8857         0.0110         1.7780         0.0366         0.0021
         5.9200         0.8940         0.0115         1.6190         0.0320         0.0339
         5.9600         0.9078         0.0121         1.2721         0.0267         0.1937
         6.0000         0.9126         0.0121         0.8559         0.0180         0.5693
         6.0400         0.9223         0.0117         0.5227         0.0086         1.1036
         6.0800         0.9321         0.0121         0.3269         0.0054         1.6517
         6.1200         0.9401         0.0125         0.2252         0.0035         2.1073
         6.1600         0.9471         0.0136         0.1761         0.0026         2.4386
         6.2000         0.9573         0.0130         0.1527         0.0024         2.6595
         6.2400         0.9668         0.0127         0.1460         0.0027         2.7989
         6.2800         0.9802         0.0123         0.1436         0.0028         2.8836
         6.3200         0.9836         0.0127         0.1455         0.0029         2.9337
         6.3600         0.9939         0.0128         0.1511         0.0033         2.9628
         6.4000         1.0069         0.0128         0.1580         0.0034         2.9794
         6.4400         1.0125         0.0124         0.1681         0.0038         2.9887
         6.4800         1.0225         0.0123         0.1733         0.0038         2.9939
         6.5200         1.0334         0.0124         0.1795         0.0038         2.9967
         6.5600         1.0406         0.0120         0.1892         0.0040         2.9983
         6.6000         1.0489         0.0124         0.1977         0.0042         2.9991
         6.6400         1.0632         0.0122         0.2071         0.0047         2.9995
         6.6800         1.0787         0.0119         0.2132         0.0048         2.9998
         6.7200         1.0928         0.0114         0.2205         0.0050         2.9999
         6.7600         1.1095         0.0116         0.2284         0.0060         2.9999
         6.8000         1.1213         0.0115         0.2351         0.0065         3.0000
         6.8400         1.1341         0.0118         0.2422         0.0062         3.0000
         6.8800         1.1437         0.0117         0.2499         0.0067         3.0000
         6.9200         1.1566         0.0124         0.2588         0.0074         3.0000
         6.9600         1.1639         0.0126         0.2670         0.0070         3.0000
         7.0000         1.1744         0.0129         0.2737         0.0074         3.0000
         7.0400         1.1863         0.0132         0.2817         0.0075         3.0000
         7.0800         1.1984         0.0131         0.2932         0.0077         3.0000
         7.1200         1.2084         0.0128         0.3002         0.0077         3.0000
         7.1600         1.2188         0.0126         0.3095         0.0091         3.0000
         7.2000         1.2241         0.0125         0.3180         0.0089         3.0000
         7.2400         1.2326         0.0130         0.3217         0.0082         3.0000
         7.2800         1.2478         0.0139         0.3299         0.0080         3.0000
         7.3200         1.2617         0.0143         0.3345         0.0082         3.0000
         7.3600         1.2794         0.0158         0.3434         0.0086         3.0000
         7.4000         1.2936         0.0166         0.3518         0.0093         3.0000
         7.4400         1.3102         0.0168         0.3579         0.0090         3.0000
         7.4800         1.3229         0.0170         0.3634         0.0090         3.0000
         7.5200         1.3383         0.0171         0.3725         0.0086         3.0000
         7.5600         1.3552         0.0214         0.3807         0.0088         3.0000
         7.6000         1.3736         0.0218         0.3870         0.0103         3.0000
         7.6400         1.3905         0.0217         0.3894         0.0113         3.0000
         7.6800         1.4041         0.0224         0.3962         0.0110         3.0000
         7.7200         1.4284         0.0227         0.4020         0.0115         3.0000
         7.7600         1.4462         0.0221         0.4055         0.0115         3.0000
         7.8000         1.4637         0.0215         0.4136         0.0121         3.0000
         7.8400         1.4784         0.0209         0.4189         0.0121         3.0000
         7.8800         1.4922         0.0211         0.4274         0.0117         3.0000
         7.9200         1.5072         0.0210         0.4350         0.0122         3.0000
         7.9600         1.5187         0.0206         0.4410         0.0124         3.0000
         8.0000         1.5437         0.0213         0.4470         0.0120         3.0000
         8.0400         1.5598         0.0210         0.4527         0.0123         3.0000
         8.0800         1.5770         0.0213         0.4580         0.0122         3.0000
         8.1200         1.5970         0.0207         0.4638         0.0126         3.0000
         8.1600         1.6093         0.0217         0.4663         0.0125         3.0000
         8.2000         1.6292         0.0210         0.4690         0.0124         3.0000
         8.2400         1.6471         0.0202         0.4738         0.0122         3.0000
         8.2800         1.6668         0.0210         0.4795         0.0116         3.0000
         8.3200         1.6840         0.0209         0.4841         0.0119         3.0000
         8.3600         1.7035         0.0213         0.4869         0.0125         3.0000
         8.4000         1.7224         0.0199         0.4904         0.0130         3.0000
         8.4400         1.7443         0.0204         0.4924         0.0124         3.0000
         8.4800         1.7686         0.0189         0.4971         0.0120         3.0000
         8.5200         1.7847         0.0193         0.5016         0.0123         3.0000
         8.5600         1.8028         0.0207         0.5070         0.0129         3.0000
         8.6000         1.8290         0.0212         0.5083         0.0129         3.0000
         8.6400         1.8495         0.0220         0.5091         0.0125         3.0000
         8.6800         1.8699         0.0229         0.5094         0.0124         3.0000
         8.7200         1.8903         0.0235         0.5103         0.0118         3.0000
         8.7600         1.9185         0.0252         0.5119         0.0115         3.0000
         8.8000         1.9389         0.0257         0.5138         0.0104         3.0000
         8.8400         1.9682         0.0251         0.5155         0.0103         3.0000
         8.8800         2.0003         0.0252         0.5182         0.0101         3.0000
         8.9200         2.0326         0.0281         0.5200         0.0102         3.0000
         8.9600         2.0584         0.0267         0.5212         0.0097         3.0000
         9.0000         2.0872         0.0262         0.5234         0.0099         3.0000
         9.0400         2.1072         0.0279         0.5253         0.0102         3.0000
         9.0800         2.1289         0.0278         0.5261         0.0101         3.0000
         9.1200         2.1613         0.0273         0.5285         0.0103         3.0000
         9.1600         2.1869         0.0269         0.5300         0.0098         3.0000
         9.2000         2.2188         0.0267         0.5268         0.0102         3.0000
         9.2400         2.2473         0.0283         0.5260         0.0108         3.0000
         9.2800         2.2751         0.0306         0.5295         0.0101         3.0000
         9.3200         2.2954         0.0315         0.5291         0.0098         3.0000
         9.3600         2.3239         0.0307         0.5332         0.0098         3.0000
         9.4000         2.3491         0.0300         0.5338         0.0101         3.0000
         9.4400         2.3714         0.0281         0.5361         0.0101         3.0000
         9.4800         2.3985         0.0277         0.5329         0.0098         3.0000
         9.5200         2.4247         0.0257         0.5349         0.0097         3.0000
         9.5600         2.4576         0.0257         0.5357         0.0095         3.0000
         9.6000         2.4827         0.0264         0.5351         0.0087         3.0000
         9.6400         2.5174         0.0263         0.5320         0.0095         3.0000
         9.6800         2.5430         0.0259         0.5376         0.0102         3.0000
         9.7200         2.5799         0.0273         0.5331         0.0099         3.0000
         9.7600         2.6111         0.0278         0.5283         0.0096         3.0000
         9.8000         2.6443         0.0295         0.5252         0.0101         3.0000
         9.8400         2.6692         0.0282         0.5251         0.0098         3.0000
         9.8800         2.7064         0.0289         0.5214         0.0098         3.0000
         9.9200         2.7380         0.0284         0.5147         0.0099         3.0000
         9.9600         2.7807         0.0270         0.5056         0.0093         3.0000
        10.0000         2.8157         0.0220         0.5013         0.0090         3.0000
        10.0400         2.8464         0.0260         0.4955         0.0090         3.0000
        10.0800         2.8828         0.0235         0.4889         0.0087         3.0000
        10.1200         2.9208         0.0230         0.4854         0.0087         3.0000
        10.1600         2.9576         0.0224         0.4799         0.0084         3.0000
        10.2000         2.9943         0.0237         0.4716         0.0082         3.0000
        10.2400         3.0297         0.0211         0.4643         0.0073         3.0000
        10.2800         3.0754         0.0206         0.4564         0.0071         3.0000
        10.3200         3.1138         0.0222         0.4500         0.0067         2.9999
        10.3600         3.1520         0.0212         0.4380         0.0063         2.9999
        10.4000         3.1875         0.0222         0.4298         0.0061         2.9998
        10.4400         3.2186         0.0226         0.4229         0.0062         2.9995
        10.4800         3.2485         0.0224         0.4105         0.0061         2.9991
        10.5200         3.2851         0.0219         0.4016         0.0058         2.9983
        10.5600         3.3319         0.0209         0.3927         0.0057         2.9967
        10.6000         3.3782         0.0209         0.3832         0.0052         2.9939
        10.6400         3.4179         0.0204         0.3767         0.0047         2.9887
        10.6800         3.4619         0.0206         0.3739         0.0046         2.9794
        10.7200         3.5131         0.0206         0.3709         0.0043         2.9628
        10.7600         3.5584         0.0214         0.3726         0.0040         2.9337
        10.8000         3.6075         0.0244         0.3876         0.0036         2.8836
        10.8400         3.6355         0.0245         0.4211         0.0035         2.7989
        10.8800         3.6872         0.0232         0.4963         0.0037         2.6595
        10.9200         3.7356         0.0233         0.6478         0.0048         2.4386
        10.9600         3.7825         0.0230         0.9626         0.0066         2.1073
        11.0000         3.8365         0.0235         1.5787         0.0102         1.6517
        11.0400         3.8810         0.0237         2.6352         0.0170         1.1036
        11.0800         3.9300         0.0258         4.0074         0.0252         0.5693
        11.1200         3.9802         0.0263         5.1891         0.0361         0.1937
        11.1600         4.0345         0.0264         5.7915         0.0412         0.0339
        11.2000         4.0966         0.0276         5.9814         0.0442         0.0021
        11.2400         4.1495         0.0271         6.0326         0.0436         0.0000
        11.2800         4.2057         0.0284         6.0732         0.0440         0.0000
        11.3200         4.2472         0.0300         6.1009         0.0441         0.0000
        11.3600         4.3017         0.0388         6.1254         0.0442         0.0000
        11.4000         4.3494         0.0301         6.1425         0.0423         0.0000
        11.4400         4.4004         0.0296         6.1782         0.0407         0.0000
        11.4800         4.4370         0.0333         6.1997         0.0409         0.0000
        11.5200         4.4734         0.0357         6.2300         0.0417         0.0000
        11.5600         4.5183         0.0356         6.2453         0.0424         0.0000
        11.6000         4.5716         0.0368         6.2770         0.0453         0.0000
        11.6400         4.6204         0.0392         6.3015         0.0458         0.0000
        11.6800         4.6692         0.0320         6.3226         0.0507         0.0000
        11.7200         4.7143         0.0347         6.3506         0.0513         0.0000
        11.7600         4.7612         0.0359         6.3689         0.0491         0.0000
        11.8000         4.7944         0.0378         6.3991         0.0483         0.0000
        11.8400         4.8466         0.0397         6.4326         0.0493         0.0000
        11.8800         4.8978         0.0406         6.4647         0.0491         0.0000
        11.9200         4.9475         0.0406         6.4964         0.0479         0.0000
        11.9600         4.9961         0.0429         6.5382         0.0516         0.0000
        12.0000         5.0407         0.0427         6.5681         0.0578         0.0000
        12.0400         5.0857         0.0439         6.6008         0.0693         0.0000
        12.0800         5.1300         0.0451         6.6368         0.0627         0.0000
        12.1200         5.1724         0.0441         6.6749         0.0639         0.0000
        12.1600         5.2297         0.0442         6.7126         0.0509         0.0000
        12.2000         5.2662         0.0433         6.7371         0.0514         0.0000
        12.2400         5.3215         0.0417         6.7717         0.0471         0.0000
        12.2800         5.3694         0.0407         6.8009         0.0417         0.0000
        12.3200         5.4261         0.0415         6.8269         0.0431         0.0000
        12.3600         5.4786         0.0406         6.8678         0.0431         0.0000
        12.4000         5.5398         0.0402         6.9011         0.0413         0.0000
        12.4400         5.5853         0.0387         6.9220         0.0391         0.0000
        12.4800         5.6463         0.0373         6.9481         0.0389         0.0000
        12.5200         5.6836         0.0378         6.9852         0.0387         0.0000
        12.5600         5.7243         0.0370         7.0121         0.0617         0.0000
        12.6000         5.7851         0.0383         7.0433         0.0519         0.0000
        12.6400         5.8264         0.0385         7.0738         0.0641         0.0000
        12.6800         5.8626         0.0368         7.1073         0.0680         0.0000
        12.7200         5.9080         0.0363         7.1457         0.0690         0.0000
        12.7600         5.9809         0.0366         7.1715         0.0704         0.0000
        12.8000         6.0214         0.0377         7.2103         0.0701         0.0000
        12.8400         6.0766         0.0405         7.2528         0.0683         0.0000
        12.8800         6.1292         0.0393         7.2871         0.0709         0.0000
        12.9200         6.1830         0.0389         7.3185         0.0686         0.0000
        12.9600         6.2478         0.0346         7.3514         0.0704         0.0000
        13.0000         6.2914         0.0403         7.3922         0.0732         0.0000
        13.0400         6.3429         0.0392         7.4273         0.0725         0.0000
        13.0800         6.3969         0.0372         7.4677         0.0725         0.0000
        13.1200         6.4445         0.0379         7.5052         0.0737         0.0000
        13.1600         6.5142         0.0366         7.5405         0.0725         0.0000
        13.2000         6.5713         0.0308         7.5848         0.0688         0.0000
        13.2400         6.6168         0.0301         7.6184         0.0631         0.0000
        13.2800         6.6677         0.0297         7.6537         0.0614         0.0000
        13.3200         6.7115         0.0300         7.6823         0.0573         0.0000
        13.3600         6.7603         0.0334         7.7195         0.0488         0.0000
        13.4000         6.8240         0.0354         7.7604         0.0565         0.0000
        13.4400         6.8780         0.0371         7.7913         0.0559         0.0000
        13.4800         6.9362         0.0375         7.8312         0.0496         0.0000
        13.5200         6.9973         0.0351         7.8687         0.0485         0.0000
        13.5600         7.0551         0.0353         7.9079         0.0455         0.0000
        13.6000         7.1011         0.0349         7.9265         0.0455         0.0000
        13.6400         7.1569         0.0360         7.9688         0.0452         0.0000
        13.6800         7.2014         0.0351         8.0134         0.0456         0.0000
        13.7200         7.2545         0.0366         8.0457         0.0457         0.0000
        13.7600         7.3041         0.0370         8.0777         0.0432         0.0000
        13.8000         7.3533         0.0375         8.1238         0.0427         0.0000
        13.8400         7.4005         0.0378         8.1703         0.0379         0.0000
        13.8800         7.4613         0.0396         8.2093         0.0391         0.0000
        13.9200         7.5137         0.0403         8.2349         0.0404         0.0000
        13.9600         7.5728         0.0405         8.2799         0.0358         0.0000
        14.0000         7.6173         0.0399         8.3321         0.0396         0.0000
        14.0400         7.6670         0.0431         8.3801         0.0411         0.0000
        14.0800         7.7211         0.0401         8.4281         0.0424         0.0000
        14.1200         7.7799         0.0362         8.4722         0.0421         0.0000
        14.1600         7.8304         0.0372         8.5194         0.0403         0.0000
        14.2000         7.8890         0.0373         8.5469         0.0413         0.0000
        14.2400         7.9299         0.0349         8.5889         0.0442         0.0000
        14.2800         7.9747         0.0361         8.6201         0.0451         0.0000
        14.3200         8.0323         0.0370         8.6677         0.0429         0.0000
        14.3600         8.0829         0.0376         8.7072         0.0420         0.0000
        14.4000         8.1437         0.0385         8.7462         0.0426         0.0000
        14.4400         8.1895         0.0387         8.7862         0.0428         0.0000
        14.4800         8.2433         0.0397         8.8364         0.0435         0.0000
        14.5200         8.2979         0.0391         8.8818         0.0477         0.0000
        14.5600         8.3460         0.0414         8.9230         0.0474         0.0000
        14.6000         8.4052         0.0409         8.9650         0.0489         0.0000
        14.6400         8.4662         0.0421         9.0041         0.0499         0.0000
        14.6800         8.5183         0.0427         9.0366         0.0504         0.0000
        14.7200         8.5885         0.0424         9.0827         0.0518         0.0000
        14.7600         8.6405         0.0438         9.1282         0.0515         0.0000
        14.8000         8.7074         0.0403         9.1859         0.0528         0.0000
        14.8400         8.7584         0.0408         9.2451         0.0551         0.0000
        14.8800         8.8160         0.0450         9.2949         0.0529         0.0000
        14.9200         8.8664         0.0443         9.3546         0.0483         0.0000
        14.9600         8.9263         0.0424         9.4110         0.0484         0.0000
        15.0000         8.9724         0.0415         9.4444         0.0475         0.0000
        15.0400         9.0193         0.0414         9.4819         0.0487         0.0000
        15.0800         9.0922         0.0435         9.5445         0.0479         0.0000
        15.1200         9.1338         0.0425         9.5989         0.0480         0.0000
        15.1600         9.1977         0.0445         9.6445         0.0475         0.0000
        15.2000         9.2556         0.0431         9.6982         0.0488         0.0000
        15.2400         9.2962         0.0461         9.7571         0.0490         0.0000
        15.2800         9.3619         0.0439         9.8134         0.0505         0.0000
        15.3200         9.4034         0.0463         9.8621         0.0511         0.0000
        15.3600         9.4603         0.0480         9.9240         0.0500         0.0000
        15.4000         9.5221         0.0442         9.9693         0.0508         0.0000
        15.4400         9.5835         0.0452        10.0235         0.0531         0.0000
        15.4800         9.6462         0.0443        10.0839         0.0539         0.0000
        15.5200         9.7049         0.0424        10.1339         0.0528         0.0000
        15.5600         9.7663         0.0460        10.1923         0.0498         0.0000
        15.6000         9.8119         0.0463        10.2512         0.0513         0.0000
        15.6400         9.8667         0.0477        10.2889         0.0537         0.0000
        15.6800         9.9205         0.0470        10.3340         0.0518         0.0000
        15.7200         9.9754         0.0453        10.3830         0.0533         0.0000
        15.7600        10.0311         0.0466        10.4377         0.0535         0.0000
        15.8000        10.0796         0.0463        10.4843         0.0551         0.0000
        15.8400        10.1377         0.0461        10.5383         0.0537         0.0000
        15.8800        10.1993         0.0490        10.5955         0.0536         0.0000
        15.9200        10.2396         0.0504        10.6373         0.0532         0.0000
        15.9600        10.2860         0.0511        10.6824         0.0531         0.0000
        16.0000        10.3403         0.0519        10.7340         0.0526         0.0000
        16.0400        10.4023         0.0529        10.8050         0.0519         0.0000
        16.0800        10.4714         0.0534        10.8415         0.0541         0.0000
        16.1200        10.5283         0.0526        10.8993         0.0554         0.0000
        16.1600        10.5875         0.0528        10.9418         0.0557         0.0000
        16.2000        10.6471         0.0536        10.9820         0.0571         0.0000
        16.2400        10.7051         0.0544        11.0543         0.0579         0.0000
        16.2800        10.7603         0.0541        11.1091         0.0629         0.0000
        16.3200        10.8133         0.0539        11.1555         0.0622         0.0000
        16.3600        10.8640         0.0574        11.2153         0.0595         0.0000
        16.4000        10.9106         0.0599        11.2571         0.0606         0.0000
        16.4400        10.9537         0.0596        11.3090         0.0562         0.0000
        16.4800        11.0117         0.0579        11.3470         0.0599         0.0000
        16.5200        11.0563         0.0596        11.3968         0.0503         0.0000
        16.5600        11.1063         0.0597        11.4497         0.0474         0.0000
        16.6000        11.1821         0.0580        11.4938         0.0553         0.0000
        16.6400        11.2508         0.0570        11.5342         0.0458         0.0000
        16.6800        11.3170         0.0571        11.5924         0.0448         0.0000
        16.7200        11.3823         0.0592        11.6469         0.0456         0.0000
        16.7600        11.4541         0.0586        11.7070         0.0445         0.0000
        16.8000        11.5215         0.0603        11.7599         0.0438         0.0000
        16.8400        11.5811         0.0611        11.8324         0.0445         0.0000
        16.8800        11.6452         0.0621        11.9097         0.0427         0.0000
        16.9200        11.6912         0.0608        11.9588         0.0423         0.0000
        16.9600        11.7440         0.0612        12.0013         0.0421         0.0000
        17.0000        11.7783         0.0601        12.0373         0.0407         0.0000
        17.0400        11.8234         0.0597        12.0783         0.0393         0.0000
        17.0800        11.8663         0.0590        12.1496         0.0387         0.0000
        17.1200        11.9210         0.0611        12.2231         0.0401         0.0000
        17.1600        11.9713         0.0602        12.2831         0.0416         0.0000
        17.2000        12.0399         0.0638        12.3427         0.0450         0.0000
        17.2400        12.1041         0.0659        12.4079         0.0436         0.0000
        17.2800        12.1579         0.0635        12.4595         0.0451         0.0000
        17.3200        12.2262         0.0585        12.5224         0.0549         0.0000
        17.3600        12.2691         0.0598        12.5881         0.0473         0.0000
        17.4000        12.3427         0.0584        12.6395         0.0591         0.0000
        17.4400        12.4071         0.0553        12.7120         0.0610         0.0000
        17.4800        12.4540         0.0543        12.7632         0.0612         0.0000
        17.5200        12.5082         0.0539        12.8213         0.0609         0.0000
        17.5600        12.5677         0.0561        12.8684         0.0587         0.0000
        17.6000        12.6243         0.0530        12.9254         0.0564         0.0000
        17.6400        12.6768         0.0549        12.9917         0.0568         0.0000
        17.6800        12.7347         0.0540        13.0581         0.0528         0.0000
        17.7200        12.7868         0.0524        13.1127         0.0542         0.0000
        17.7600        12.8587         0.0540        13.1884         0.0536         0.0000
        17.8000        12.9143         0.0566        13.2469         0.0500         0.0000
        17.8400        12.9877         0.0567        13.2995         0.0577         0.0000
        17.8800        13.0409         0.0569        13.3324         0.0439         0.0000
        17.9200        13.1002         0.0582        13.4052         0.0624         0.0000
        17.9600        13.1497         0.0527        13.4542         0.0625         0.0000
        18.0000        13.2186         0.0579        13.5048         0.0612         0.0000
        18.0400        13.2664         0.0549        13.5833         0.0627         0.0000
        18.0800        13.3140         0.0597        13.6404         0.0439         0.0000
        18.1200        13.3867         0.0593        13.7013         0.0443         0.0000
        18.1600        13.4451         0.0616        13.7698         0.0521         0.0000
        18.2000        13.5144         0.0617        13.8262         0.0481         0.0000
        18.2400        13.5560         0.0636        13.8866         0.0424         0.0000
        18.2800        13.6287         0.0602        13.9178         0.0513         0.0000
        18.3200        13.6968         0.0553        13.9872         0.0523         0.0000
        18.3600        13.7701         0.0523        14.0713         0.0570         0.0000
        18.4000        13.8405         0.0501        14.1391         0.0581         0.0000
        18.4400        13.9118         0.0459        14.2042         0.0532         0.0000
        18.4800        14.0007         0.0490        14.2509         0.0541         0.0000
        18.5200        14.0661         0.0510        14.3160         0.0525         0.0000
        18.5600        14.1146         0.0515        14.3926         0.0524         0.0000
        18.6000        14.1834         0.0486        14.4449         0.0483         0.0000
        18.6400        14.2531         0.0478        14.5008         0.0517         0.0000
        18.6800        14.3116         0.0541        14.5566         0.0523         0.0000
        18.7200        14.3747         0.0544        14.6313         0.0555         0.0000
        18.7600        14.4175         0.0518        14.6911         0.0536         0.0000
        18.8000        14.5010         0.0556        14.7667         0.0532         0.0000
        18.8400        14.5556         0.0564        14.8426         0.0570         0.0000
        18.8800        14.6374         0.0574        14.8926         0.0582         0.0000
        18.9200        14.6786         0.0539        14.9873         0.0557         0.0000
        18.9600        14.7462         0.0598        15.0525         0.0564         0.0000
        19.0000        14.8287         0.0628        15.1236         0.0584         0.0000
        19.0400        14.9005         0.0634        15.1931         0.0607         0.0000
        19.0800        14.9818         0.0637        15.2445         0.0632         0.0000
        19.1200        15.0212         0.0648        15.3359         0.0674         0.0000
        19.1600        15.0890         0.0638        15.4002         0.0707         0.0000
        19.2000        15.1582         0.0665        15.4676         0.0695         0.0000
        19.2400        15.2120         0.0712        15.5513         0.0726         0.0000
        19.2800        15.2849         0.0720        15.6266         0.0743         0.0000
        19.3200        15.3455         0.0715        15.6905         0.0725         0.0000
        19.3600        15.4304         0.0735        15.7480         0.0740         0.0000
        19.4000        15.4877         0.0788        15.8123         0.0746         0.0000
        19.4400        15.5540         0.0804        15.8955         0.0781         0.0000
        19.4800        15.6242         0.0812        15.9888         0.0801         0.0000
        19.5200        15.6982         0.0862        16.0378         0.0854         0.0000
        19.5600        15.7730         0.0811        16.1166         0.0850         0.0000
        19.6000        15.8496         0.0857        16.1763         0.0839         0.0000
        19.6400        15.9163         0.0865        16.2370         0.0820         0.0000
        19.6800        15.9834         0.0879        16.3043         0.0847         0.0000
        19.7200        16.0532         0.0861        16.3625         0.0867         0.0000
        19.7600        16.1077         0.0892        16.4325         0.0882         0.0000
        19.8000        16.1874         0.0890        16.4758         0.0880         0.0000
        19.8400        16.2464         0.0879        16.5533         0.0885         0.0000
        19.8800        16.2983         0.0873        16.5883         0.0890         0.0000
        19.9200        16.2743         0.0904        16.5349         0.0923         0.0000
        19.9600        15.3123         0.0833        15.5513         0.0874         0.0000
        20.0000        11.3807         0.0613        11.5522         0.0659         0.0000
