   8.0000004E-002   0.0000000E+000   0.0000000E+000   0.0000000E+000   0.0000000E+000
   1.2000000E-001   0.0000000E+000   0.0000000E+000   0.0000000E+000   0.0000000E+000
   1.6000001E-001   0.0000000E+000   0.0000000E+000   0.0000000E+000   0.0000000E+000
   2.0000000E-001   0.0000000E+000   0.0000000E+000   0.0000000E+000   0.0000000E+000
   2.4000000E-001   0.0000000E+000   0.0000000E+000   0.0000000E+000   0.0000000E+000
   2.8000001E-001   0.0000000E+000   0.0000000E+000   0.0000000E+000   0.0000000E+000
   3.2000002E-001   0.0000000E+000   0.0000000E+000   0.0000000E+000   0.0000000E+000
   3.5999998E-001   0.0000000E+000   0.0000000E+000   0.0000000E+000   0.0000000E+000
   3.9999999E-001   0.0000000E+000   0.0000000E+000   0.0000000E+000   0.0000000E+000
   4.4000000E-001   0.0000000E+000   0.0000000E+000   0.0000000E+000   0.0000000E+000
   4.8000000E-001   0.0000000E+000   0.0000000E+000   0.0000000E+000   0.0000000E+000
   5.2000001E-001   0.0000000E+000   0.0000000E+000   0.0000000E+000   0.0000000E+000
   5.6000002E-001   0.0000000E+000   0.0000000E+000   0.0000000E+000   0.0000000E+000
   5.9999999E-001   0.0000000E+000   0.0000000E+000   0.0000000E+000   0.0000000E+000
   6.4000003E-001   0.0000000E+000   0.0000000E+000   0.0000000E+000   0.0000000E+000
   6.8000004E-001   0.0000000E+000   0.0000000E+000   0.0000000E+000   0.0000000E+000
   7.1999997E-001   0.0000000E+000   0.0000000E+000   0.0000000E+000   0.0000000E+000
   7.5999998E-001   0.0000000E+000   0.0000000E+000   0.0000000E+000   0.0000000E+000
   7.9999998E-001   0.0000000E+000   0.0000000E+000   0.0000000E+000   0.0000000E+000
   8.3999999E-001   0.0000000E+000   0.0000000E+000   0.0000000E+000   0.0000000E+000
   8.8000000E-001   0.0000000E+000   0.0000000E+000   0.0000000E+000   0.0000000E+000
   9.2000000E-001   0.0000000E+000   0.0000000E+000   0.0000000E+000   0.0000000E+000
   9.6000001E-001   0.0000000E+000   0.0000000E+000   0.0000000E+000   0.0000000E+000
   1.0000000E+000   0.0000000E+000   0.0000000E+000   0.0000000E+000   0.0000000E+000
   1.0400000E+000   5.8351674E-006   5.5287926E-007   1.0308201E-005   8.0965661E-007
   1.0800000E+000   1.1581910E-005   9.8862545E-007   1.9921573E-005   1.7108390E-006
   1.1200000E+000   1.8916706E-005   1.5931671E-006   3.2602729E-005   2.5661861E-006
   1.1600000E+000   2.5761481E-005   2.3220625E-006   4.2905356E-005   3.6907470E-006
   1.2000000E+000   3.4062634E-005   2.8175191E-006   5.6999157E-005   4.3393948E-006
   1.2400000E+000   4.0860315E-005   3.4903607E-006   7.0352438E-005   5.1524943E-006
   1.2800001E+000   4.9923574E-005   4.0674809E-006   8.4276333E-005   6.2083115E-006
   1.3200000E+000   5.7823505E-005   4.7223743E-006   1.0121335E-004   7.0287596E-006
   1.3600001E+000   6.6673161E-005   5.4876877E-006   1.1751797E-004   8.2816942E-006
   1.4000000E+000   7.6820184E-005   6.7903028E-006   1.3437250E-004   1.3082864E-005
   1.4399999E+000   8.7356410E-005   7.3971227E-006   1.4211089E-004   1.3773905E-005
   1.4800000E+000   9.4807498E-005   8.1795645E-006   1.6162824E-004   1.7004954E-005
   1.5200000E+000   1.0169455E-004   8.2572500E-006   1.8074392E-004   1.9157619E-005
   1.5600000E+000   1.1910193E-004   9.5719746E-006   1.9870590E-004   2.1938946E-005
   1.6000000E+000   1.3026236E-004   1.0953478E-005   2.1981104E-004   2.3693438E-005
   1.6400000E+000   1.4679552E-004   1.1647641E-005   2.3996961E-004   2.5356023E-005
   1.6800000E+000   1.6262998E-004   1.3180237E-005   2.5634210E-004   2.6934561E-005
   1.7200001E+000   1.7877351E-004   1.7128259E-005   2.7888865E-004   2.9111820E-005
   1.7600000E+000   1.9377929E-004   1.8240744E-005   3.0232101E-004   3.1987984E-005
   1.8000001E+000   2.1159263E-004   1.9805053E-005   3.3090768E-004   3.4900432E-005
   1.8400000E+000   2.2727626E-004   2.1363492E-005   3.5739542E-004   3.7668414E-005
   1.8799999E+000   2.4443654E-004   2.3100605E-005   3.7728213E-004   3.9557328E-005
   1.9200000E+000   2.5986086E-004   2.9910680E-005   4.0095476E-004   4.8057103E-005
   1.9599999E+000   2.7959670E-004   3.5061713E-005   4.3156669E-004   5.7498353E-005
   2.0000000E+000   2.9427647E-004   3.6914711E-005   4.6167660E-004   5.9488350E-005
   2.0400000E+000   3.0956181E-004   3.8444364E-005   4.9321011E-004   6.2865398E-005
   2.0800000E+000   3.3027419E-004   4.1359548E-005   5.2973484E-004   6.2135077E-005
   2.1200000E+000   3.5226173E-004   4.9583989E-005   5.6168841E-004   7.6029982E-005
   2.1600001E+000   3.7272060E-004   5.0055043E-005   5.9854140E-004   8.7190619E-005
   2.2000000E+000   3.9751156E-004   5.1981856E-005   6.2261581E-004   7.4005018E-005
   2.2400001E+000   4.1777949E-004   6.4935792E-005   6.5193184E-004   7.6355195E-005
   2.2800000E+000   4.3537627E-004   6.6538790E-005   6.7717395E-004   8.0637594E-005
   2.3199999E+000   4.5528396E-004   5.7752299E-005   7.0908016E-004   8.4952867E-005
   2.3600000E+000   4.7851940E-004   5.9988599E-005   7.3897603E-004   8.8542157E-005
   2.3999999E+000   4.9220466E-004   6.9490824E-005   7.8563339E-004   1.1431475E-004
   2.4400000E+000   5.0845894E-004   6.7307909E-005   8.1370131E-004   1.1564946E-004
   2.4800000E+000   5.3022612E-004   7.6310813E-005   8.5185297E-004   1.2269683E-004
   2.5200000E+000   5.4931882E-004   8.2381971E-005   8.9030348E-004   1.2266319E-004
   2.5600001E+000   5.6879138E-004   8.2901644E-005   9.2485413E-004   1.2608759E-004
   2.5999999E+000   5.9499209E-004   8.5927355E-005   9.6253726E-004   1.3447225E-004
   2.6400000E+000   6.1164203E-004   9.0548772E-005   9.9809959E-004   1.3623974E-004
   2.6800001E+000   6.4162157E-004   8.8747868E-005   1.0351959E-003   1.3804710E-004
   2.7200001E+000   6.7223790E-004   9.8351871E-005   1.0717264E-003   1.4103457E-004
   2.7599999E+000   6.9892930E-004   1.0115747E-004   1.1070213E-003   1.4095969E-004
   2.8000000E+000   7.1905354E-004   9.6518280E-005   1.1538289E-003   1.4625623E-004
   2.8400001E+000   7.4834194E-004   1.0054656E-004   1.1937093E-003   1.5267290E-004
   2.8799999E+000   7.7161749E-004   1.0222603E-004   1.2507679E-003   1.4789538E-004
   2.9200000E+000   7.9616849E-004   1.0474001E-004   1.2906816E-003   1.6645003E-004
   2.9600000E+000   8.2486018E-004   1.0528943E-004   1.3373708E-003   1.7498323E-004
   3.0000001E+000   8.4969491E-004   1.0867264E-004   1.3865678E-003   1.7920819E-004
   3.0399999E+000   8.7229255E-004   1.0894217E-004   1.4348330E-003   1.8992127E-004
   3.0800000E+000   9.0694550E-004   1.1230863E-004   1.4773948E-003   1.9541665E-004
   3.1200001E+000   9.2994258E-004   1.1362057E-004   1.5152603E-003   2.0036225E-004
   3.1600001E+000   9.5518067E-004   1.1668939E-004   1.5637774E-003   2.0662334E-004
   3.1999999E+000   9.8953891E-004   1.2487156E-004   1.6197116E-003   2.1747667E-004
   3.2400000E+000   1.0009974E-003   1.2771074E-004   1.6577234E-003   2.2286027E-004
   3.2800001E+000   1.0381467E-003   1.3267662E-004   1.7181020E-003   2.2900441E-004
   3.3199999E+000   1.0707483E-003   1.3866886E-004   1.7713578E-003   2.3385196E-004
   3.3600000E+000   1.1079351E-003   1.4326301E-004   1.8366412E-003   2.4488192E-004
   3.4000000E+000   1.1366411E-003   1.4014973E-004   1.9085881E-003   2.5218447E-004
   3.4400001E+000   1.1733763E-003   1.5100014E-004   1.9769729E-003   2.6321495E-004
   3.4799999E+000   1.2007366E-003   1.5521571E-004   2.0290060E-003   2.6858741E-004
   3.5200000E+000   1.2297697E-003   1.4402777E-004   2.0901673E-003   2.7605486E-004
   3.5600001E+000   1.2596857E-003   1.6288102E-004   2.1762137E-003   2.9054909E-004
   3.6000001E+000   1.2914418E-003   1.6631743E-004   2.2432128E-003   3.0966738E-004
   3.6399999E+000   1.3224368E-003   1.7261231E-004   2.3144715E-003   3.1427902E-004
   3.6800000E+000   1.3693933E-003   1.7776983E-004   2.3673058E-003   3.2230173E-004
   3.7200001E+000   1.3994733E-003   1.8163065E-004   2.4299128E-003   3.3447177E-004
   3.7599999E+000   1.4400889E-003   1.8414871E-004   2.5034899E-003   3.3292752E-004
   3.8000000E+000   1.4771477E-003   1.8815693E-004   2.5480708E-003   3.3987638E-004
   3.8400000E+000   1.5135427E-003   1.9241745E-004   2.6136002E-003   3.4574881E-004
   3.8800001E+000   1.5435558E-003   1.9766571E-004   2.6672569E-003   3.6027922E-004
   3.9199999E+000   1.5817901E-003   2.0536768E-004   2.7375885E-003   3.7188290E-004
   3.9600000E+000   1.6138357E-003   2.1105014E-004   2.7775345E-003   3.8090983E-004
   4.0000001E+000   1.6538493E-003   2.1333968E-004   2.8380773E-003   3.9136733E-004
   4.0400001E+000   1.6940554E-003   2.1704336E-004   2.8773707E-003   3.9058746E-004
   4.0799999E+000   1.7235795E-003   2.2211897E-004   2.9437729E-003   4.0672947E-004
   4.1200000E+000   1.7563718E-003   2.2366122E-004   3.0157705E-003   4.1292600E-004
   4.1600001E+000   1.8114147E-003   2.3229949E-004   3.0993467E-003   4.2228210E-004
   4.1999999E+000   1.8381318E-003   2.3836380E-004   3.1748815E-003   4.3224045E-004
   4.2399999E+000   1.8793900E-003   2.4306614E-004   3.2522755E-003   4.3993219E-004
   4.2800000E+000   1.9130249E-003   2.4464522E-004   3.3359105E-003   4.4396460E-004
   4.3200001E+000   1.9258821E-003   2.4630489E-004   3.4028194E-003   4.5217963E-004
   4.3599999E+000   1.9751819E-003   2.6131755E-004   3.4919166E-003   4.6422677E-004
   4.4000000E+000   2.0159152E-003   2.5955113E-004   3.5786477E-003   4.6797742E-004
   4.4400001E+000   2.0514565E-003   2.5743638E-004   3.6349022E-003   4.8677850E-004
   4.4800001E+000   2.0995625E-003   2.6243771E-004   3.7526405E-003   4.9350645E-004
   4.5199999E+000   2.1511721E-003   2.6515803E-004   3.8220976E-003   5.1309597E-004
   4.5600000E+000   2.2002573E-003   2.7177715E-004   3.9125801E-003   5.1724135E-004
   4.6000001E+000   2.2370649E-003   2.7933220E-004   4.0187741E-003   5.3363551E-004
   4.6399999E+000   2.2595864E-003   2.7836556E-004   4.0864789E-003   5.4548043E-004
   4.6799999E+000   2.3026645E-003   2.8720167E-004   4.1993976E-003   5.5462410E-004
   4.7200000E+000   2.3197085E-003   2.8995807E-004   4.2775766E-003   5.8411742E-004
   4.7600001E+000   2.3628109E-003   2.9814074E-004   4.3865209E-003   5.9232411E-004
   4.7999999E+000   2.3924543E-003   3.0774066E-004   4.4938817E-003   5.9390205E-004
   4.8400000E+000   2.4309303E-003   3.0831882E-004   4.5941517E-003   6.0439158E-004
   4.8800001E+000   2.4646009E-003   3.0462317E-004   4.6821059E-003   6.1791771E-004
   4.9200001E+000   2.5048285E-003   3.0639153E-004   4.8200241E-003   6.3969718E-004
   4.9599999E+000   2.5337648E-003   3.0646383E-004   4.8783137E-003   6.4713048E-004
   5.0000000E+000   2.5610338E-003   3.0728071E-004   4.9858164E-003   6.5378561E-004
   5.0400001E+000   2.6062397E-003   3.2159714E-004   5.0606616E-003   6.7406282E-004
   5.0800002E+000   2.6440663E-003   3.2155542E-004   5.1923531E-003   6.8947457E-004
   5.1200002E+000   2.6866778E-003   3.2466470E-004   5.2689947E-003   6.9267672E-004
   5.1599997E+000   2.7186294E-003   3.3298883E-004   5.3769222E-003   7.0230006E-004
   5.1999998E+000   2.7667552E-003   3.3335231E-004   5.4579165E-003   7.1973195E-004
   5.2399999E+000   2.7842627E-003   3.2772548E-004   5.5553569E-003   7.3361487E-004
   5.2800000E+000   2.8300573E-003   3.3139098E-004   5.6499701E-003   7.5231709E-004
   5.3200001E+000   2.8759481E-003   3.3224015E-004   5.7445080E-003   7.6327309E-004
   5.3600001E+000   2.9062329E-003   3.3940994E-004   5.8355727E-003   7.8746096E-004
   5.4000002E+000   2.9317323E-003   3.4238277E-004   5.9529734E-003   8.0154120E-004
   5.4400003E+000   2.9624098E-003   3.4504342E-004   6.0672051E-003   8.0705010E-004
   5.4799998E+000   2.9965122E-003   3.4536193E-004   6.1669136E-003   8.2946954E-004
   5.5199999E+000   3.0185992E-003   3.4748209E-004   6.2845673E-003   8.4445230E-004
   5.5599999E+000   3.0445934E-003   3.4882995E-004   6.4024948E-003   8.6276808E-004
   5.6000000E+000   3.0887696E-003   3.4898353E-004   6.5293225E-003   8.6926156E-004
   5.6400001E+000   3.1032394E-003   3.4758226E-004   6.6593535E-003   8.9102684E-004
   5.6800002E+000   3.1556094E-003   3.5592578E-004   6.7635980E-003   9.0845875E-004
   5.7200003E+000   3.2038210E-003   3.6267862E-004   6.8958205E-003   9.2363785E-004
   5.7599998E+000   3.2405929E-003   3.6262330E-004   7.0177226E-003   9.3996513E-004
   5.7999998E+000   3.2772143E-003   3.5903504E-004   7.1379996E-003   9.5283805E-004
   5.8399999E+000   3.3272539E-003   3.7050167E-004   7.2620509E-003   9.6139914E-004
   5.8800000E+000   3.3610933E-003   3.7318217E-004   7.2248237E-003   9.5612656E-004
   5.9200001E+000   3.4102854E-003   3.7930109E-004   6.6077966E-003   8.6996396E-004
   5.9600002E+000   3.4600030E-003   3.8224291E-004   5.2166698E-003   6.9491570E-004
   6.0000002E+000   3.4931615E-003   3.9233834E-004   3.4898674E-003   4.5861818E-004
   6.0399997E+000   3.5313614E-003   3.9347532E-004   2.1371326E-003   2.7906259E-004
   6.0799998E+000   3.5598458E-003   3.9561242E-004   1.3332451E-003   1.7489869E-004
   6.1199999E+000   3.6026182E-003   4.0373310E-004   9.2312341E-004   1.2535625E-004
   6.1600000E+000   3.6399093E-003   4.0101821E-004   7.2650477E-004   9.9279794E-005
   6.2000000E+000   3.6697153E-003   4.0594565E-004   6.3288323E-004   8.4078739E-005
   6.2400001E+000   3.7148113E-003   4.0910756E-004   5.9328210E-004   7.8531300E-005
   6.2800002E+000   3.7538406E-003   4.0221454E-004   5.9402936E-004   8.0467644E-005
   6.3200003E+000   3.7810648E-003   4.1049906E-004   5.9831482E-004   7.3651823E-005
   6.3599998E+000   3.8189847E-003   4.0821302E-004   6.2050793E-004   7.5822813E-005
   6.3999999E+000   3.8654819E-003   4.0512860E-004   6.4785849E-004   7.7161673E-005
   6.4399999E+000   3.9135285E-003   4.0818892E-004   6.7881345E-004   7.2493824E-005
   6.4800000E+000   3.9348087E-003   4.1429201E-004   7.0268149E-004   7.5493724E-005
   6.5200001E+000   3.9980329E-003   4.2596242E-004   7.2944100E-004   7.9222794E-005
   6.5600002E+000   4.0450799E-003   4.2997034E-004   7.5040153E-004   7.7568959E-005
   6.6000003E+000   4.1024216E-003   4.3146320E-004   7.7591363E-004   7.7456851E-005
   6.6399997E+000   4.1471726E-003   4.3716457E-004   8.0406767E-004   9.0960183E-005
   6.6799998E+000   4.1811669E-003   4.4054971E-004   8.3378737E-004   9.2503657E-005
   6.7199999E+000   4.2439135E-003   4.4482376E-004   8.5179595E-004   9.4667023E-005
   6.7600000E+000   4.3190574E-003   4.5913462E-004   8.8517435E-004   9.5722085E-005
   6.8000001E+000   4.3581809E-003   4.5113582E-004   9.1830043E-004   1.0024690E-004
   6.8400002E+000   4.3952091E-003   4.5538072E-004   9.5891606E-004   1.1038711E-004
   6.8800002E+000   4.4619817E-003   4.6186632E-004   9.9879228E-004   1.0350475E-004
   6.9199997E+000   4.5078655E-003   4.5981822E-004   1.0284391E-003   1.0551703E-004
   6.9599998E+000   4.5690134E-003   4.5478822E-004   1.0764720E-003   1.0479340E-004
   6.9999999E+000   4.6266301E-003   4.5389636E-004   1.0956286E-003   1.1009756E-004
   7.0400000E+000   4.6929263E-003   4.6255772E-004   1.1219846E-003   1.1175498E-004
   7.0800000E+000   4.7324105E-003   4.7070889E-004   1.1648345E-003   1.1526025E-004
   7.1200001E+000   4.7832764E-003   4.5715378E-004   1.1958322E-003   1.1715843E-004
   7.1600002E+000   4.8434451E-003   4.5991024E-004   1.2200184E-003   1.1686555E-004
   7.2000003E+000   4.8855513E-003   4.7563228E-004   1.2531118E-003   1.1965747E-004
   7.2399998E+000   4.9594090E-003   4.7945238E-004   1.2784794E-003   1.2212659E-004
   7.2799999E+000   5.0181770E-003   4.7987094E-004   1.3224857E-003   1.2626036E-004
   7.3199999E+000   5.0628435E-003   4.8034287E-004   1.3436080E-003   1.2824828E-004
   7.3600000E+000   5.1180629E-003   4.8280066E-004   1.3766474E-003   1.3025718E-004
   7.4000001E+000   5.2043050E-003   4.9190639E-004   1.4035448E-003   1.2664690E-004
   7.4400002E+000   5.2638586E-003   4.9989269E-004   1.4416698E-003   1.2984499E-004
   7.4800003E+000   5.3306701E-003   4.9373215E-004   1.4644187E-003   1.3232875E-004
   7.5199997E+000   5.3948155E-003   5.0262514E-004   1.4861310E-003   1.3322190E-004
   7.5599998E+000   5.4442918E-003   4.9746345E-004   1.5194715E-003   1.3809108E-004
   7.5999999E+000   5.5093224E-003   5.0740475E-004   1.5503900E-003   1.3650313E-004
   7.6400000E+000   5.5762669E-003   5.0873010E-004   1.5817913E-003   1.3988516E-004
   7.6800001E+000   5.6359641E-003   5.0569405E-004   1.6053132E-003   1.3865934E-004
   7.7200001E+000   5.7330472E-003   5.1685571E-004   1.6430533E-003   1.4025543E-004
   7.7600002E+000   5.7889026E-003   5.2295870E-004   1.6642436E-003   1.3934668E-004
   7.7999997E+000   5.8798362E-003   5.1798308E-004   1.6950788E-003   1.4157174E-004
   7.8399998E+000   5.9334582E-003   5.1349720E-004   1.7291520E-003   1.4508403E-004
   7.8799999E+000   6.0292013E-003   5.1391405E-004   1.7437775E-003   1.4940616E-004
   7.9200000E+000   6.1115299E-003   5.1553418E-004   1.7783318E-003   1.5274816E-004
   7.9600000E+000   6.2227847E-003   5.0628260E-004   1.7905704E-003   1.5623343E-004
   8.0000001E+000   6.3213730E-003   4.9137511E-004   1.8086061E-003   1.5514911E-004
   8.0400002E+000   6.3793610E-003   4.7449374E-004   1.8197957E-003   1.5838274E-004
   8.0800003E+000   6.4638140E-003   4.7091639E-004   1.8610783E-003   1.5885518E-004
   8.1199998E+000   6.5166967E-003   4.6755106E-004   1.8814571E-003   1.6103721E-004
   8.1599998E+000   6.6149180E-003   4.6814494E-004   1.8995891E-003   1.6329561E-004
   8.1999999E+000   6.6840049E-003   4.7075880E-004   1.9285618E-003   1.7061905E-004
   8.2400000E+000   6.7389154E-003   4.7424530E-004   1.9432470E-003   1.7274147E-004
   8.2800001E+000   6.8437867E-003   4.7698806E-004   1.9629810E-003   1.7708240E-004
   8.3200002E+000   6.9052429E-003   4.8230634E-004   1.9725025E-003   1.7476830E-004
   8.3600003E+000   6.9914902E-003   4.8969747E-004   1.9980445E-003   1.8140955E-004
   8.3999997E+000   7.0713355E-003   4.8817071E-004   2.0179552E-003   1.8179856E-004
   8.4399998E+000   7.1456547E-003   4.9241015E-004   2.0353458E-003   1.7840552E-004
   8.4799999E+000   7.2598945E-003   5.0192375E-004   2.0627781E-003   1.7516095E-004
   8.5200000E+000   7.3421369E-003   5.0504837E-004   2.0829377E-003   1.8148025E-004
   8.5600001E+000   7.4409688E-003   5.0549894E-004   2.0917498E-003   1.6503527E-004
   8.6000001E+000   7.5351989E-003   5.0338091E-004   2.0983885E-003   1.6937846E-004
   8.6400002E+000   7.5839770E-003   5.0882945E-004   2.1130063E-003   1.7244789E-004
   8.6799997E+000   7.6982576E-003   5.1597242E-004   2.1234816E-003   1.6780857E-004
   8.7199998E+000   7.8132494E-003   5.2262080E-004   2.1548162E-003   1.6205762E-004
   8.7599999E+000   7.8864066E-003   5.1662532E-004   2.1738411E-003   1.6585106E-004
   8.8000000E+000   7.9883258E-003   5.3497244E-004   2.1867553E-003   1.6651332E-004
   8.8400000E+000   8.1231350E-003   5.3456745E-004   2.1917554E-003   1.6941052E-004
   8.8800001E+000   8.2070737E-003   5.4111566E-004   2.1996457E-003   1.6899616E-004
   8.9200002E+000   8.3118460E-003   5.4078345E-004   2.2161890E-003   1.7758310E-004
   8.9600003E+000   8.4554387E-003   5.4564249E-004   2.2223004E-003   1.7549593E-004
   8.9999998E+000   8.5381770E-003   5.4147964E-004   2.2256634E-003   1.7267748E-004
   9.0399998E+000   8.6460881E-003   5.4965054E-004   2.2278997E-003   1.7277543E-004
   9.0799999E+000   8.7426135E-003   5.5432177E-004   2.2256701E-003   1.6504427E-004
   9.1200000E+000   8.8279210E-003   5.4924494E-004   2.2201998E-003   1.6299265E-004
   9.1600001E+000   8.9261153E-003   5.4946829E-004   2.2304385E-003   1.6770429E-004
   9.2000002E+000   9.0323504E-003   5.5832778E-004   2.2460887E-003   1.6554323E-004
   9.2400002E+000   9.1514235E-003   5.5481007E-004   2.2365765E-003   1.6420444E-004
   9.2799997E+000   9.2620742E-003   5.6297233E-004   2.2535612E-003   1.6717041E-004
   9.3199998E+000   9.3593394E-003   5.5789361E-004   2.2564162E-003   1.7615338E-004
   9.3599999E+000   9.4913853E-003   5.5720343E-004   2.2356931E-003   1.7391942E-004
   9.4000000E+000   9.5791740E-003   5.5596517E-004   2.2444495E-003   1.6836908E-004
   9.4400001E+000   9.7192509E-003   5.6365998E-004   2.2522704E-003   1.7273173E-004
   9.4800001E+000   9.8534467E-003   5.6820954E-004   2.2458982E-003   1.6299647E-004
   9.5200002E+000   9.9679326E-003   5.8228474E-004   2.2381117E-003   1.6434034E-004
   9.5599997E+000   1.0098293E-002   5.8526845E-004   2.2251426E-003   1.5777497E-004
   9.5999998E+000   1.0238600E-002   5.9576301E-004   2.2146080E-003   1.5146911E-004
   9.6399999E+000   1.0369316E-002   6.1096417E-004   2.2236953E-003   1.5272192E-004
   9.6799999E+000   1.0472943E-002   6.1873017E-004   2.2108280E-003   1.5449734E-004
   9.7200000E+000   1.0596753E-002   6.1740753E-004   2.2001089E-003   1.4808239E-004
   9.7600001E+000   1.0711382E-002   6.1500830E-004   2.1914839E-003   1.4003227E-004
   9.8000002E+000   1.0833828E-002   6.1347408E-004   2.1693629E-003   1.4024447E-004
   9.8400003E+000   1.0973657E-002   6.3039270E-004   2.1669145E-003   1.2602825E-004
   9.8799998E+000   1.1102695E-002   6.2738784E-004   2.1568802E-003   1.3102025E-004
   9.9199998E+000   1.1236077E-002   6.4855656E-004   2.1222743E-003   1.3473838E-004
   9.9599999E+000   1.1384412E-002   6.5228181E-004   2.1167345E-003   1.2960251E-004
   1.0000000E+001   1.1555828E-002   6.6461530E-004   2.0962609E-003   1.1433819E-004
   1.0039999E+001   1.1726082E-002   6.7011988E-004   2.0736075E-003   1.1386989E-004
   1.0080000E+001   1.1913430E-002   6.8349910E-004   2.0597125E-003   1.1104377E-004
   1.0120000E+001   1.2034190E-002   6.8492958E-004   2.0290156E-003   1.1096338E-004
   1.0160000E+001   1.2222947E-002   6.9505880E-004   1.9979582E-003   1.0890230E-004
   1.0200000E+001   1.2396744E-002   7.0179668E-004   1.9607414E-003   1.0489195E-004
   1.0240000E+001   1.2586626E-002   7.1052551E-004   1.9525632E-003   1.0521498E-004
   1.0280000E+001   1.2757744E-002   7.1236542E-004   1.9341521E-003   1.0445927E-004
   1.0319999E+001   1.2955701E-002   7.1774742E-004   1.8947532E-003   1.0262931E-004
   1.0360000E+001   1.3119929E-002   7.0745087E-004   1.8764827E-003   9.9828119E-005
   1.0400000E+001   1.3316406E-002   7.1731983E-004   1.8350490E-003   9.8754527E-005
   1.0440000E+001   1.3486378E-002   7.1313069E-004   1.7848386E-003   9.4454055E-005
   1.0480000E+001   1.3682971E-002   7.1961458E-004   1.7526889E-003   9.1136745E-005
   1.0520000E+001   1.3865501E-002   7.2812517E-004   1.7077426E-003   8.7481108E-005
   1.0560000E+001   1.4035395E-002   7.2745225E-004   1.6828014E-003   8.4882797E-005
   1.0599999E+001   1.4233133E-002   7.4323890E-004   1.6434791E-003   8.1132083E-005
   1.0640000E+001   1.4380629E-002   7.4989089E-004   1.6122480E-003   8.1411191E-005
   1.0680000E+001   1.4588242E-002   7.4576237E-004   1.5806257E-003   8.1583322E-005
   1.0720000E+001   1.4780350E-002   7.5883502E-004   1.5861767E-003   7.8858696E-005
   1.0760000E+001   1.4969596E-002   7.4533392E-004   1.6034371E-003   8.2414777E-005
   1.0800000E+001   1.5159162E-002   7.7015130E-004   1.6609485E-003   8.2772491E-005
   1.0840000E+001   1.5301424E-002   7.6509851E-004   1.8194380E-003   8.8290506E-005
   1.0880001E+001   1.5493330E-002   7.7544862E-004   2.1304834E-003   1.0327950E-004
   1.0920000E+001   1.5659650E-002   7.9112836E-004   2.7811423E-003   1.3336507E-004
   1.0960000E+001   1.5883580E-002   7.8057358E-004   4.1002533E-003   1.9223144E-004
   1.1000000E+001   1.6110828E-002   7.9959754E-004   6.7424999E-003   3.1186625E-004
   1.1040000E+001   1.6361492E-002   8.1581817E-004   1.1271556E-002   5.2673058E-004
   1.1080000E+001   1.6547391E-002   8.0967981E-004   1.7202358E-002   7.9794861E-004
   1.1120000E+001   1.6744145E-002   8.1598264E-004   2.2286476E-002   1.0263180E-003
   1.1160001E+001   1.6935635E-002   8.0834769E-004   2.4893289E-002   1.1388599E-003
   1.1200000E+001   1.7165061E-002   8.1039419E-004   2.5705996E-002   1.1722368E-003
   1.1240000E+001   1.7341621E-002   8.1122015E-004   2.5920711E-002   1.1860523E-003
   1.1280000E+001   1.7574230E-002   8.1091010E-004   2.6020010E-002   1.2009932E-003
   1.1320000E+001   1.7784992E-002   8.2936016E-004   2.6141960E-002   1.2013601E-003
   1.1360000E+001   1.8031594E-002   8.2860056E-004   2.6277996E-002   1.2020112E-003
   1.1400000E+001   1.8228399E-002   8.4225693E-004   2.6414713E-002   1.2188860E-003
   1.1440001E+001   1.8476898E-002   8.4537053E-004   2.6536772E-002   1.2152936E-003
   1.1480000E+001   1.8675300E-002   8.5721687E-004   2.6652473E-002   1.2268254E-003
   1.1520000E+001   1.8879708E-002   8.6785091E-004   2.6775846E-002   1.2225808E-003
   1.1560000E+001   1.9091216E-002   8.6790883E-004   2.6880428E-002   1.2057150E-003
   1.1600000E+001   1.9341538E-002   8.5464814E-004   2.6988317E-002   1.2052251E-003
   1.1640000E+001   1.9649946E-002   8.7386419E-004   2.7106882E-002   1.2274429E-003
   1.1680000E+001   1.9865866E-002   8.7255268E-004   2.7255599E-002   1.2166088E-003
   1.1720001E+001   2.0070781E-002   8.6851717E-004   2.7382081E-002   1.2071086E-003
   1.1760000E+001   2.0256234E-002   8.8686260E-004   2.7436665E-002   1.2096247E-003
   1.1799999E+001   2.0497325E-002   8.9883662E-004   2.7536450E-002   1.2142634E-003
   1.1840000E+001   2.0675832E-002   9.2628539E-004   2.7728299E-002   1.2056334E-003
   1.1880000E+001   2.0927022E-002   9.4627255E-004   2.7807751E-002   1.2189009E-003
   1.1920000E+001   2.1134998E-002   9.5083717E-004   2.7954260E-002   1.2199386E-003
   1.1960000E+001   2.1374888E-002   9.5709418E-004   2.8171553E-002   1.2019474E-003
   1.2000000E+001   2.1578441E-002   9.3738101E-004   2.8285829E-002   1.2053794E-003
   1.2040000E+001   2.1817428E-002   9.4710022E-004   2.8414212E-002   1.1929516E-003
   1.2079999E+001   2.2004858E-002   9.5204326E-004   2.8579062E-002   1.1888245E-003
   1.2120000E+001   2.2181202E-002   9.4983215E-004   2.8745997E-002   1.1846251E-003
   1.2160000E+001   2.2351854E-002   9.3952875E-004   2.8834077E-002   1.1813590E-003
   1.2200000E+001   2.2641196E-002   9.2182571E-004   2.8952300E-002   1.1613528E-003
   1.2240000E+001   2.2845999E-002   9.5507495E-004   2.9041040E-002   1.1758336E-003
   1.2280000E+001   2.3146414E-002   9.3991520E-004   2.9193187E-002   1.1710421E-003
   1.2320000E+001   2.3316159E-002   9.4617609E-004   2.9326469E-002   1.1748482E-003
   1.2359999E+001   2.3553806E-002   9.5908358E-004   2.9458756E-002   1.1712243E-003
   1.2400000E+001   2.3773281E-002   9.6349646E-004   2.9539899E-002   1.1650319E-003
   1.2440000E+001   2.3987004E-002   9.2152443E-004   2.9655154E-002   1.1474833E-003
   1.2480000E+001   2.4244339E-002   9.2091869E-004   2.9809008E-002   1.1503795E-003
   1.2520000E+001   2.4494092E-002   9.1547293E-004   2.9950794E-002   1.1548478E-003
   1.2560000E+001   2.4761293E-002   9.3282367E-004   3.0075031E-002   1.1443156E-003
   1.2600000E+001   2.4955231E-002   9.0759686E-004   3.0218715E-002   1.1412815E-003
   1.2640001E+001   2.5181573E-002   9.1778071E-004   3.0349291E-002   1.1344386E-003
   1.2680000E+001   2.5438425E-002   8.9512961E-004   3.0514946E-002   1.1230300E-003
   1.2720000E+001   2.5699630E-002   8.8726948E-004   3.0692558E-002   1.1140804E-003
   1.2760000E+001   2.5970614E-002   8.8161559E-004   3.0841142E-002   1.1075126E-003
   1.2800000E+001   2.6247490E-002   8.8193039E-004   3.1086188E-002   1.1227108E-003
   1.2840000E+001   2.6477488E-002   8.8311298E-004   3.1273707E-002   1.1343409E-003
   1.2880000E+001   2.6717293E-002   8.7869293E-004   3.1373385E-002   1.1197062E-003
   1.2920001E+001   2.6906535E-002   8.6030907E-004   3.1579850E-002   1.1209466E-003
   1.2960000E+001   2.7117409E-002   8.6405188E-004   3.1679906E-002   1.1044073E-003
   1.3000000E+001   2.7352731E-002   8.6610516E-004   3.1907620E-002   1.1193739E-003
   1.3040000E+001   2.7622676E-002   8.5344675E-004   3.2044648E-002   1.0997388E-003
   1.3080000E+001   2.7843984E-002   8.5058289E-004   3.2222222E-002   1.1041268E-003
   1.3120000E+001   2.8095870E-002   8.5287540E-004   3.2408861E-002   1.1144218E-003
   1.3160000E+001   2.8316535E-002   8.5086656E-004   3.2563953E-002   1.1027088E-003
   1.3200001E+001   2.8522347E-002   8.5216102E-004   3.2726903E-002   1.0937177E-003
   1.3240000E+001   2.8761871E-002   8.4686938E-004   3.2921131E-002   1.0725869E-003
   1.3279999E+001   2.9014837E-002   8.5145167E-004   3.3075864E-002   1.0763563E-003
   1.3320000E+001   2.9231910E-002   8.6253239E-004   3.3272357E-002   1.0675726E-003
   1.3360000E+001   2.9439174E-002   8.7337306E-004   3.3394527E-002   1.0687982E-003
   1.3400000E+001   2.9632769E-002   8.8080946E-004   3.3563510E-002   1.0420314E-003
   1.3440000E+001   2.9889674E-002   8.7392021E-004   3.3721609E-002   1.0519278E-003
   1.3480000E+001   3.0098770E-002   8.7817889E-004   3.3932022E-002   1.0540558E-003
   1.3520000E+001   3.0276635E-002   8.7198335E-004   3.4096818E-002   1.0510614E-003
   1.3559999E+001   3.0531406E-002   8.8347228E-004   3.4263855E-002   1.0469094E-003
   1.3600000E+001   3.0746496E-002   8.6251695E-004   3.4437173E-002   1.0420313E-003
   1.3640000E+001   3.1011929E-002   8.7605912E-004   3.4623107E-002   1.0248759E-003
   1.3680000E+001   3.1232394E-002   8.8399966E-004   3.4778661E-002   1.0241472E-003
   1.3720000E+001   3.1457297E-002   8.9882367E-004   3.4977851E-002   1.0135625E-003
   1.3760000E+001   3.1750244E-002   8.8453183E-004   3.5177847E-002   1.0093063E-003
   1.3800000E+001   3.1926927E-002   8.7211652E-004   3.5408327E-002   1.0095081E-003
   1.3839999E+001   3.2189048E-002   8.5503490E-004   3.5583955E-002   1.0009076E-003
   1.3880000E+001   3.2448268E-002   8.5328803E-004   3.5811328E-002   9.9896551E-004
   1.3920000E+001   3.2639511E-002   8.5559592E-004   3.6042312E-002   9.8036481E-004
   1.3960000E+001   3.2925855E-002   8.4642678E-004   3.6277262E-002   9.7215229E-004
   1.4000000E+001   3.3164187E-002   8.4883098E-004   3.6430805E-002   9.2872360E-004
   1.4040000E+001   3.3363714E-002   8.3880410E-004   3.6677331E-002   9.2455488E-004
   1.4080000E+001   3.3631250E-002   7.9411229E-004   3.6894273E-002   9.0216957E-004
   1.4119999E+001   3.3783314E-002   7.8018644E-004   3.7156886E-002   8.9881641E-004
   1.4160000E+001   3.3984241E-002   7.5679875E-004   3.7311613E-002   9.0009247E-004
   1.4200000E+001   3.4225681E-002   7.4175873E-004   3.7546716E-002   9.0677465E-004
   1.4240000E+001   3.4524001E-002   7.4288669E-004   3.7754620E-002   8.9851705E-004
   1.4280000E+001   3.4763952E-002   7.4585823E-004   3.8027362E-002   8.9187122E-004
   1.4320000E+001   3.5001054E-002   7.4124587E-004   3.8223773E-002   8.8825056E-004
   1.4360000E+001   3.5298904E-002   7.3926157E-004   3.8511679E-002   8.7807227E-004
   1.4400001E+001   3.5558910E-002   7.2996452E-004   3.8756044E-002   8.5730435E-004
   1.4440000E+001   3.5824068E-002   7.2552311E-004   3.9016260E-002   8.4144905E-004
   1.4480000E+001   3.6004833E-002   7.2239394E-004   3.9184536E-002   8.3406441E-004
   1.4520000E+001   3.6256006E-002   7.1487576E-004   3.9368905E-002   8.0888021E-004
   1.4560000E+001   3.6459535E-002   6.9784283E-004   3.9534328E-002   7.9158848E-004
   1.4600000E+001   3.6640354E-002   7.0121825E-004   3.9783593E-002   7.7982341E-004
   1.4640000E+001   3.6933548E-002   6.7219955E-004   3.9947243E-002   7.6396949E-004
   1.4680001E+001   3.7284076E-002   6.8276160E-004   4.0224528E-002   7.6558760E-004
   1.4720000E+001   3.7582288E-002   6.7109556E-004   4.0500528E-002   7.4598021E-004
   1.4760000E+001   3.7909308E-002   6.8208951E-004   4.0714553E-002   7.5297212E-004
   1.4800000E+001   3.8157271E-002   6.7493478E-004   4.0912113E-002   7.4978953E-004
   1.4840000E+001   3.8382197E-002   6.6820216E-004   4.1151070E-002   7.2497184E-004
   1.4880000E+001   3.8678048E-002   6.5234146E-004   4.1396043E-002   7.2005317E-004
   1.4920000E+001   3.8957359E-002   6.6023564E-004   4.1683332E-002   6.9374249E-004
   1.4960001E+001   3.9195770E-002   6.4477924E-004   4.1947953E-002   6.8507346E-004
   1.5000000E+001   3.9419334E-002   6.4930827E-004   4.2147900E-002   6.6274550E-004
   1.5039999E+001   3.9684297E-002   6.2054680E-004   4.2412042E-002   6.4388249E-004
   1.5080000E+001   3.9951732E-002   6.0398466E-004   4.2617407E-002   6.3335239E-004
   1.5120000E+001   4.0156457E-002   5.8930235E-004   4.2842685E-002   6.3291561E-004
   1.5160000E+001   4.0414470E-002   5.8492328E-004   4.3074142E-002   6.1947401E-004
   1.5200000E+001   4.0622888E-002   5.6572008E-004   4.3315059E-002   6.1535861E-004
   1.5240000E+001   4.0890460E-002   5.5958041E-004   4.3532008E-002   6.1129869E-004
   1.5280000E+001   4.1180559E-002   5.4266233E-004   4.3732224E-002   6.0967780E-004
   1.5319999E+001   4.1472364E-002   5.3165417E-004   4.4010652E-002   6.0699964E-004
   1.5360000E+001   4.1756895E-002   5.1722513E-004   4.4308139E-002   6.1468822E-004
   1.5400000E+001   4.2030664E-002   5.1237449E-004   4.4547877E-002   6.1035082E-004
   1.5440000E+001   4.2391170E-002   5.0401852E-004   4.4810717E-002   5.9908243E-004
   1.5480000E+001   4.2674206E-002   4.9843144E-004   4.5046792E-002   5.9357942E-004
   1.5520000E+001   4.2996131E-002   4.9648757E-004   4.5259030E-002   5.9393231E-004
   1.5560000E+001   4.3207613E-002   4.9208848E-004   4.5519016E-002   5.7268308E-004
   1.5599999E+001   4.3526414E-002   4.8307458E-004   4.5748766E-002   5.5542440E-004
   1.5640000E+001   4.3822443E-002   4.6882560E-004   4.6031186E-002   5.2600775E-004
   1.5680000E+001   4.4120089E-002   4.5189283E-004   4.6296469E-002   5.1122580E-004
   1.5720000E+001   4.4328709E-002   4.4490268E-004   4.6572060E-002   5.1145272E-004
   1.5760000E+001   4.4629052E-002   4.4805599E-004   4.6859954E-002   5.0820172E-004
   1.5800000E+001   4.4889664E-002   4.2769195E-004   4.7129462E-002   4.8339077E-004
   1.5840000E+001   4.5166527E-002   4.2098407E-004   4.7376923E-002   4.7900354E-004
   1.5880001E+001   4.5409024E-002   4.0948573E-004   4.7582872E-002   4.6946442E-004
   1.5920000E+001   4.5708300E-002   4.0627503E-004   4.7799427E-002   4.7303467E-004
   1.5960000E+001   4.6084094E-002   4.0305754E-004   4.7987650E-002   4.6311686E-004
   1.6000000E+001   4.6380014E-002   4.0854062E-004   4.8236324E-002   4.6420538E-004
   1.6040000E+001   4.6689862E-002   4.0321706E-004   4.8558713E-002   4.5597733E-004
   1.6080000E+001   4.6956209E-002   4.0398285E-004   4.8713546E-002   4.8163829E-004
   1.6120000E+001   4.7251130E-002   4.0504094E-004   4.8978467E-002   4.5846573E-004
   1.6160001E+001   4.7455719E-002   3.9813815E-004   4.9235566E-002   4.6266292E-004
   1.6200000E+001   4.7743124E-002   3.9893856E-004   4.9427871E-002   4.4819951E-004
   1.6240000E+001   4.8007087E-002   3.9165075E-004   4.9779711E-002   4.4685478E-004
   1.6280000E+001   4.8312275E-002   3.9397159E-004   4.9960834E-002   4.4026992E-004
   1.6320000E+001   4.8586481E-002   3.7394170E-004   5.0249281E-002   4.4338288E-004
   1.6360000E+001   4.8925344E-002   3.8111870E-004   5.0514917E-002   4.2577964E-004
   1.6400000E+001   4.9102444E-002   3.7669462E-004   5.0738518E-002   4.3008334E-004
   1.6440001E+001   4.9511131E-002   3.7139712E-004   5.1039987E-002   4.4047133E-004
   1.6480000E+001   4.9814344E-002   3.8280838E-004   5.1403623E-002   4.3440476E-004
   1.6520000E+001   5.0096827E-002   3.9066020E-004   5.1767427E-002   4.3584520E-004
   1.6560000E+001   5.0395898E-002   4.0146719E-004   5.2094819E-002   4.4355831E-004
   1.6600000E+001   5.0666048E-002   4.1527274E-004   5.2349524E-002   4.3806918E-004
   1.6640000E+001   5.0950562E-002   4.1081922E-004   5.2642031E-002   4.3842706E-004
   1.6680000E+001   5.1228095E-002   4.1829632E-004   5.2874776E-002   4.3607282E-004
   1.6720001E+001   5.1480927E-002   4.4552513E-004   5.3136733E-002   4.3388335E-004
   1.6760000E+001   5.1750267E-002   4.5143556E-004   5.3390281E-002   4.4348392E-004
   1.6799999E+001   5.2061038E-002   4.6700632E-004   5.3669814E-002   4.4812783E-004
   1.6840000E+001   5.2323998E-002   4.4741716E-004   5.3927699E-002   4.4187517E-004
   1.6880000E+001   5.2613578E-002   4.6583917E-004   5.4117923E-002   4.4375024E-004
   1.6920000E+001   5.2853500E-002   4.8899817E-004   5.4341040E-002   4.7533319E-004
   1.6960000E+001   5.3155187E-002   5.2055288E-004   5.4633069E-002   4.9830008E-004
   1.7000000E+001   5.3480044E-002   5.4693875E-004   5.5010664E-002   4.9371050E-004
   1.7040000E+001   5.3811391E-002   5.5883760E-004   5.5246258E-002   5.0207720E-004
   1.7079999E+001   5.4084119E-002   5.5786710E-004   5.5490374E-002   5.3065662E-004
   1.7120000E+001   5.4470603E-002   5.5714061E-004   5.5790762E-002   6.4000514E-004
   1.7160000E+001   5.4732979E-002   5.8450955E-004   5.6080690E-002   6.8156545E-004
   1.7200000E+001   5.5098682E-002   7.1854266E-004   5.6338482E-002   6.8572745E-004
   1.7240000E+001   5.5424524E-002   7.4046135E-004   5.6700514E-002   7.1261479E-004
   1.7280000E+001   5.5725040E-002   7.8333362E-004   5.7034179E-002   7.1527827E-004
   1.7320000E+001   5.6023901E-002   8.2283621E-004   5.7316637E-002   7.6723579E-004
   1.7359999E+001   5.6324640E-002   8.3502251E-004   5.7685736E-002   8.0333894E-004
   1.7400000E+001   5.6596873E-002   8.6223367E-004   5.7921663E-002   8.3438739E-004
   1.7440000E+001   5.6853233E-002   9.0599282E-004   5.8230008E-002   8.4894238E-004
   1.7480000E+001   5.7235824E-002   9.2765907E-004   5.8541369E-002   9.3740823E-004
   1.7520000E+001   5.7556507E-002   1.1390453E-003   5.8877874E-002   9.9812958E-004
   1.7560000E+001   5.7842681E-002   1.1703375E-003   5.9176601E-002   1.0433465E-003
   1.7600000E+001   5.8258747E-002   1.2040755E-003   5.9449941E-002   1.0728439E-003
   1.7640001E+001   5.8631462E-002   1.1871089E-003   5.9876822E-002   1.0926824E-003
   1.7680000E+001   5.8941212E-002   1.1946694E-003   6.0095674E-002   1.1041930E-003
   1.7720000E+001   5.9251534E-002   1.2560228E-003   6.0449462E-002   1.1382414E-003
   1.7760000E+001   5.9511681E-002   1.3203319E-003   6.0777420E-002   1.1487426E-003
   1.7800000E+001   5.9895881E-002   1.3896998E-003   6.1043982E-002   1.1761671E-003
   1.7840000E+001   6.0222962E-002   1.4677011E-003   6.1339803E-002   1.2135778E-003
   1.7880000E+001   6.0554473E-002   1.4558335E-003   6.1554988E-002   1.2718895E-003
   1.7920001E+001   6.0915550E-002   1.4619474E-003   6.1896467E-002   1.3004317E-003
   1.7960000E+001   6.1255742E-002   1.4969441E-003   6.2255967E-002   1.3317464E-003
   1.8000000E+001   6.1628699E-002   1.4936611E-003   6.2630493E-002   1.3642960E-003
   1.8040000E+001   6.1899217E-002   1.5657832E-003   6.2914032E-002   1.4040725E-003
   1.8080000E+001   6.2216207E-002   1.5575265E-003   6.3276621E-002   1.4722123E-003
   1.8120000E+001   6.2527233E-002   1.6037208E-003   6.3587622E-002   1.5467691E-003
   1.8160000E+001   6.2856356E-002   1.6121096E-003   6.3933698E-002   1.5726439E-003
   1.8200001E+001   6.3267214E-002   1.6811113E-003   6.4284286E-002   1.6065625E-003
   1.8240000E+001   6.3582962E-002   1.7349788E-003   6.4612774E-002   1.6376125E-003
   1.8279999E+001   6.3992272E-002   1.7197541E-003   6.4934187E-002   1.6986501E-003
   1.8320000E+001   6.4303836E-002   1.7633590E-003   6.5252416E-002   1.7417822E-003
   1.8360000E+001   6.4681830E-002   1.7903796E-003   6.5621526E-002   1.7720967E-003
   1.8400000E+001   6.5027297E-002   1.8476689E-003   6.5941735E-002   1.8251297E-003
   1.8440000E+001   6.5375717E-002   1.8988894E-003   6.6321383E-002   1.8407456E-003
   1.8480000E+001   6.5803703E-002   1.9515679E-003   6.6685095E-002   1.9017860E-003
   1.8520000E+001   6.6145301E-002   2.0229160E-003   6.7062929E-002   1.9278544E-003
   1.8559999E+001   6.6474168E-002   2.0891245E-003   6.7387988E-002   1.9937714E-003
   1.8600000E+001   6.6726937E-002   2.1353606E-003   6.7690264E-002   2.0489246E-003
   1.8640000E+001   6.7049428E-002   2.2056557E-003   6.8099133E-002   2.0920964E-003
   1.8680000E+001   6.7457123E-002   2.2932133E-003   6.8389102E-002   2.1483499E-003
   1.8720000E+001   6.7860130E-002   2.4030839E-003   6.8798838E-002   2.2020624E-003
   1.8760000E+001   6.8134201E-002   2.4504725E-003   6.9158326E-002   2.2876470E-003
   1.8800000E+001   6.8485113E-002   2.4780528E-003   6.9533678E-002   2.3436541E-003
   1.8839999E+001   6.8715215E-002   2.5305490E-003   6.9750659E-002   2.3873660E-003
   1.8880000E+001   6.9113271E-002   2.5853689E-003   7.0157241E-002   2.4334765E-003
   1.8920000E+001   6.9510258E-002   2.5876902E-003   7.0591144E-002   2.4752751E-003
   1.8960000E+001   6.9882666E-002   2.6536290E-003   7.1021479E-002   2.5255767E-003
   1.9000000E+001   7.0223557E-002   2.7363231E-003   7.1490707E-002   2.5683935E-003
   1.9040000E+001   7.0552801E-002   2.7733877E-003   7.1837692E-002   2.6015504E-003
   1.9080000E+001   7.0952881E-002   2.8216740E-003   7.2210158E-002   2.6775810E-003
   1.9119999E+001   7.1255690E-002   2.8868553E-003   7.2509482E-002   2.7476911E-003
   1.9160000E+001   7.1555633E-002   2.9503931E-003   7.2859325E-002   2.7901964E-003
   1.9200000E+001   7.1923145E-002   2.9346566E-003   7.3265150E-002   2.8080248E-003
   1.9240000E+001   7.2362244E-002   3.0426399E-003   7.3628982E-002   2.8518766E-003
   1.9280000E+001   7.2746068E-002   3.0652347E-003   7.3971080E-002   2.8895342E-003
   1.9320000E+001   7.3059043E-002   3.1291381E-003   7.4323892E-002   2.8625461E-003
   1.9360000E+001   7.3544654E-002   3.2242511E-003   7.4629630E-002   2.8918026E-003
   1.9400001E+001   7.3865546E-002   3.2411290E-003   7.5054664E-002   2.9322923E-003
   1.9440000E+001   7.4294156E-002   3.3473236E-003   7.5420210E-002   2.9889804E-003
   1.9480000E+001   7.4693297E-002   3.4254439E-003   7.5814676E-002   3.0882160E-003
   1.9520000E+001   7.4988739E-002   3.5040295E-003   7.6282447E-002   3.1551217E-003
   1.9560000E+001   7.5347261E-002   3.5847598E-003   7.6679693E-002   3.1969479E-003
   1.9600000E+001   7.5767915E-002   3.6337619E-003   7.7054604E-002   3.2333144E-003
   1.9640000E+001   7.6126710E-002   3.7320270E-003   7.7434165E-002   3.2927625E-003
   1.9680001E+001   7.6477064E-002   3.7886174E-003   7.7821386E-002   3.3884765E-003
   1.9720000E+001   7.6813030E-002   3.8426108E-003   7.8180875E-002   3.4639723E-003
   1.9760000E+001   7.7164314E-002   3.9179428E-003   7.8600803E-002   3.4735581E-003
   1.9800000E+001   7.7563336E-002   3.9967583E-003   7.9024969E-002   3.5611143E-003
   1.9840000E+001   7.7893358E-002   4.0440829E-003   7.9339324E-002   3.6313093E-003
   1.9880000E+001   7.8325798E-002   4.1060243E-003   7.9756234E-002   3.6924691E-003
   1.9920000E+001   7.8640720E-002   4.1555666E-003   8.0192901E-002   3.7724489E-003
   1.9960001E+001   7.9067120E-002   4.2408566E-003   8.0449795E-002   3.7960184E-003
   2.0000000E+001   7.9296375E-002   4.3038572E-003   8.0873322E-002   3.9023780E-003
