   8.0000004E-002   0.0000000E+000   0.0000000E+000   0.0000000E+000   0.0000000E+000
   1.2000000E-001   0.0000000E+000   0.0000000E+000   0.0000000E+000   0.0000000E+000
   1.6000001E-001   0.0000000E+000   0.0000000E+000   0.0000000E+000   0.0000000E+000
   2.0000000E-001   0.0000000E+000   0.0000000E+000   0.0000000E+000   0.0000000E+000
   2.4000000E-001   0.0000000E+000   0.0000000E+000   0.0000000E+000   0.0000000E+000
   2.8000001E-001   0.0000000E+000   0.0000000E+000   0.0000000E+000   0.0000000E+000
   3.2000002E-001   0.0000000E+000   0.0000000E+000   0.0000000E+000   0.0000000E+000
   3.5999998E-001   0.0000000E+000   0.0000000E+000   0.0000000E+000   0.0000000E+000
   3.9999999E-001   0.0000000E+000   0.0000000E+000   0.0000000E+000   0.0000000E+000
   4.4000000E-001   0.0000000E+000   0.0000000E+000   0.0000000E+000   0.0000000E+000
   4.8000000E-001   0.0000000E+000   0.0000000E+000   0.0000000E+000   0.0000000E+000
   5.2000001E-001   0.0000000E+000   0.0000000E+000   0.0000000E+000   0.0000000E+000
   5.6000002E-001   0.0000000E+000   0.0000000E+000   0.0000000E+000   0.0000000E+000
   5.9999999E-001   0.0000000E+000   0.0000000E+000   0.0000000E+000   0.0000000E+000
   6.4000003E-001   0.0000000E+000   0.0000000E+000   0.0000000E+000   0.0000000E+000
   6.8000004E-001   0.0000000E+000   0.0000000E+000   0.0000000E+000   0.0000000E+000
   7.1999997E-001   0.0000000E+000   0.0000000E+000   0.0000000E+000   0.0000000E+000
   7.5999998E-001   0.0000000E+000   0.0000000E+000   0.0000000E+000   0.0000000E+000
   7.9999998E-001   0.0000000E+000   0.0000000E+000   0.0000000E+000   0.0000000E+000
   8.3999999E-001   0.0000000E+000   0.0000000E+000   0.0000000E+000   0.0000000E+000
   8.8000000E-001   0.0000000E+000   0.0000000E+000   0.0000000E+000   0.0000000E+000
   9.2000000E-001   0.0000000E+000   0.0000000E+000   0.0000000E+000   0.0000000E+000
   9.6000001E-001   0.0000000E+000   0.0000000E+000   0.0000000E+000   0.0000000E+000
   1.0000000E+000   0.0000000E+000   0.0000000E+000   0.0000000E+000   0.0000000E+000
   1.0400000E+000   8.0092985E-006   6.5050098E-007   1.1918297E-005   7.7873648E-007
   1.0800000E+000   1.5710352E-005   1.2190618E-006   2.2548985E-005   1.3212714E-006
   1.1200000E+000   2.3629368E-005   1.6862295E-006   3.3608729E-005   2.2824827E-006
   1.1600000E+000   3.2560424E-005   2.2445392E-006   4.6918294E-005   3.0500217E-006
   1.2000000E+000   4.3140357E-005   2.9524562E-006   5.8790011E-005   3.5887138E-006
   1.2400000E+000   5.2107870E-005   3.6744782E-006   7.5846245E-005   4.6310418E-006
   1.2800001E+000   6.4502264E-005   4.2214404E-006   9.0522460E-005   4.9952889E-006
   1.3200000E+000   7.8909780E-005   5.0353141E-006   1.0266371E-004   5.5189584E-006
   1.3600001E+000   8.9390162E-005   5.5077271E-006   1.1752863E-004   6.1220603E-006
   1.4000000E+000   1.0585537E-004   6.3774701E-006   1.3648740E-004   6.9271119E-006
   1.4399999E+000   1.1961190E-004   6.6617819E-006   1.5286766E-004   7.5505413E-006
   1.4800000E+000   1.3542620E-004   7.4739250E-006   1.7674553E-004   8.5139651E-006
   1.5200000E+000   1.4429222E-004   7.7431346E-006   1.9188745E-004   9.3375561E-006
   1.5600000E+000   1.6299844E-004   8.4092431E-006   2.0599085E-004   9.3519589E-006
   1.6000000E+000   1.7889345E-004   9.2710168E-006   2.2681160E-004   9.8069447E-006
   1.6400000E+000   1.9106389E-004   9.3593565E-006   2.4896449E-004   1.0671825E-005
   1.6800000E+000   2.0760884E-004   9.7245026E-006   2.7061282E-004   1.1445492E-005
   1.7200001E+000   2.1741050E-004   1.0559554E-005   2.9482997E-004   1.2240709E-005
   1.7600000E+000   2.3693789E-004   1.0727129E-005   3.1671807E-004   1.3709266E-005
   1.8000001E+000   2.5067538E-004   1.1369176E-005   3.3988512E-004   1.4651471E-005
   1.8400000E+000   2.6761829E-004   1.4057620E-005   3.6425258E-004   1.5245309E-005
   1.8799999E+000   2.8498178E-004   1.4450523E-005   3.9856815E-004   1.7024417E-005
   1.9200000E+000   3.0368547E-004   1.5486872E-005   4.2465748E-004   1.7266559E-005
   1.9599999E+000   3.2541698E-004   1.6176354E-005   4.4525066E-004   1.7078539E-005
   2.0000000E+000   3.4455753E-004   1.6254602E-005   4.7834199E-004   1.8046170E-005
   2.0400000E+000   3.6507609E-004   1.6313654E-005   5.0665856E-004   1.9216079E-005
   2.0800000E+000   3.8748217E-004   1.7295809E-005   5.3739043E-004   1.9764240E-005
   2.1200000E+000   4.0326678E-004   1.6788230E-005   5.6182162E-004   2.0033378E-005
   2.1600001E+000   4.2416853E-004   1.7266156E-005   5.9695798E-004   2.1911298E-005
   2.2000000E+000   4.5344463E-004   1.8204075E-005   6.2847361E-004   2.2310006E-005
   2.2400001E+000   4.7878568E-004   1.8883237E-005   6.7851855E-004   3.0096648E-005
   2.2800000E+000   5.0444076E-004   1.9949931E-005   7.1170985E-004   3.2057000E-005
   2.3199999E+000   5.2573943E-004   2.0967969E-005   7.4495418E-004   3.2407167E-005
   2.3600000E+000   5.4713872E-004   2.0905369E-005   7.8169573E-004   3.3195676E-005
   2.3999999E+000   5.7036684E-004   2.3860969E-005   8.1218126E-004   3.4141947E-005
   2.4400000E+000   6.0526386E-004   2.4874115E-005   8.4778565E-004   2.7898294E-005
   2.4800000E+000   6.3086724E-004   2.5908558E-005   8.8449143E-004   3.3275937E-005
   2.5200000E+000   6.5899792E-004   2.7255330E-005   9.2912720E-004   3.2592839E-005
   2.5600001E+000   6.8415307E-004   2.8368399E-005   9.8130205E-004   3.6228425E-005
   2.5999999E+000   7.0804918E-004   2.7858596E-005   1.0172784E-003   3.7013511E-005
   2.6400000E+000   7.2695971E-004   2.8346796E-005   1.0557142E-003   3.6931678E-005
   2.6800001E+000   7.5409581E-004   2.8133803E-005   1.0991069E-003   3.6834855E-005
   2.7200001E+000   7.8700792E-004   3.0711388E-005   1.1394523E-003   3.6928732E-005
   2.7599999E+000   8.0920192E-004   3.1176418E-005   1.1858071E-003   3.9374530E-005
   2.8000000E+000   8.4473305E-004   3.2339413E-005   1.2246401E-003   4.0059883E-005
   2.8400001E+000   8.6046732E-004   3.3400279E-005   1.2726019E-003   3.8904628E-005
   2.8799999E+000   8.8521491E-004   3.1214274E-005   1.3176543E-003   3.9368860E-005
   2.9200000E+000   9.1785966E-004   3.2599372E-005   1.3677900E-003   3.9289775E-005
   2.9600000E+000   9.4148561E-004   3.0597261E-005   1.4105390E-003   3.8024624E-005
   3.0000001E+000   9.7168488E-004   3.1094568E-005   1.4652422E-003   4.4852847E-005
   3.0399999E+000   1.0070682E-003   3.2580230E-005   1.5291132E-003   4.3554426E-005
   3.0800000E+000   1.0478498E-003   3.4390348E-005   1.5738457E-003   4.7148329E-005
   3.1200001E+000   1.0726807E-003   3.6258481E-005   1.6386303E-003   4.9708516E-005
   3.1600001E+000   1.0985023E-003   3.7006178E-005   1.6977928E-003   4.8774337E-005
   3.1999999E+000   1.1258553E-003   3.6416339E-005   1.7503329E-003   5.0232465E-005
   3.2400000E+000   1.1706767E-003   3.9385281E-005   1.8124230E-003   5.0583880E-005
   3.2800001E+000   1.2035287E-003   3.9649267E-005   1.8819762E-003   4.2869929E-005
   3.3199999E+000   1.2383677E-003   4.0289613E-005   1.9352982E-003   4.2935274E-005
   3.3600000E+000   1.2753918E-003   4.0585538E-005   1.9987937E-003   4.2792852E-005
   3.4000000E+000   1.3204056E-003   4.5586827E-005   2.0751515E-003   4.6217592E-005
   3.4400001E+000   1.3447911E-003   4.4437230E-005   2.1391952E-003   4.7318012E-005
   3.4799999E+000   1.3782417E-003   4.4476823E-005   2.2143941E-003   5.0910785E-005
   3.5200000E+000   1.4211122E-003   4.3642157E-005   2.2899274E-003   4.8892656E-005
   3.5600001E+000   1.4696240E-003   4.5340766E-005   2.3579950E-003   5.1315644E-005
   3.6000001E+000   1.5017624E-003   4.7912595E-005   2.4082053E-003   5.2635621E-005
   3.6399999E+000   1.5231291E-003   4.9005398E-005   2.4802826E-003   5.1595807E-005
   3.6800000E+000   1.5600784E-003   4.8084634E-005   2.5493902E-003   5.9997932E-005
   3.7200001E+000   1.5735760E-003   4.7910988E-005   2.6145850E-003   5.9742803E-005
   3.7599999E+000   1.6086281E-003   4.8333681E-005   2.6919074E-003   7.4429214E-005
   3.8000000E+000   1.6344263E-003   5.0998464E-005   2.7754679E-003   8.2608951E-005
   3.8400000E+000   1.6790739E-003   4.9272617E-005   2.8470629E-003   8.4114079E-005
   3.8800001E+000   1.7200357E-003   4.8158414E-005   2.9291666E-003   8.8736867E-005
   3.9199999E+000   1.7558521E-003   5.1187740E-005   2.9856310E-003   9.3256995E-005
   3.9600000E+000   1.7839058E-003   4.0250562E-005   3.0713177E-003   9.6411108E-005
   4.0000001E+000   1.8146844E-003   3.9107160E-005   3.1470479E-003   1.0310871E-004
   4.0400001E+000   1.8636161E-003   5.2103229E-005   3.2457854E-003   9.2077203E-005
   4.0799999E+000   1.8831449E-003   5.6174170E-005   3.3311848E-003   9.4833640E-005
   4.1200000E+000   1.9337325E-003   5.5682490E-005   3.4317351E-003   9.2845288E-005
   4.1600001E+000   1.9985780E-003   5.8404643E-005   3.5345664E-003   9.4290371E-005
   4.1999999E+000   2.0418601E-003   5.4226685E-005   3.6276699E-003   9.6703874E-005
   4.2399999E+000   2.0945720E-003   5.6196398E-005   3.7222046E-003   1.0186203E-004
   4.2800000E+000   2.1400294E-003   5.7375916E-005   3.8321129E-003   1.0301356E-004
   4.3200001E+000   2.1777718E-003   5.7995722E-005   3.8896592E-003   1.0612336E-004
   4.3599999E+000   2.2159471E-003   6.1982209E-005   3.9977927E-003   1.1348579E-004
   4.4000000E+000   2.2583299E-003   5.7334521E-005   4.0987135E-003   1.0780896E-004
   4.4400001E+000   2.3019074E-003   6.0123286E-005   4.1867435E-003   1.0338320E-004
   4.4800001E+000   2.3360735E-003   6.2054317E-005   4.2907736E-003   1.0232961E-004
   4.5199999E+000   2.3669918E-003   6.1188529E-005   4.4005328E-003   1.0183600E-004
   4.5600000E+000   2.4256392E-003   5.3934043E-005   4.4908072E-003   1.1985983E-004
   4.6000001E+000   2.4762950E-003   6.4309983E-005   4.5620105E-003   1.2120194E-004
   4.6399999E+000   2.5341560E-003   6.4762339E-005   4.6852613E-003   1.2967878E-004
   4.6799999E+000   2.5829309E-003   6.7439882E-005   4.7704274E-003   1.3367789E-004
   4.7200000E+000   2.6284778E-003   7.1334447E-005   4.8803039E-003   1.3902858E-004
   4.7600001E+000   2.6635875E-003   7.0438931E-005   4.9904494E-003   1.3973381E-004
   4.7999999E+000   2.7044093E-003   6.7685506E-005   5.0768960E-003   1.4362476E-004
   4.8400000E+000   2.7543137E-003   7.2896289E-005   5.1749786E-003   1.4295285E-004
   4.8800001E+000   2.7896350E-003   7.1351850E-005   5.2950300E-003   1.6574479E-004
   4.9200001E+000   2.8382590E-003   7.2792168E-005   5.4118516E-003   1.5254538E-004
   4.9599999E+000   2.8797735E-003   7.2695975E-005   5.5265766E-003   1.5155763E-004
   5.0000000E+000   2.9518199E-003   7.3755128E-005   5.6030706E-003   1.4380878E-004
   5.0400001E+000   2.9854272E-003   7.4096902E-005   5.7451984E-003   1.4184493E-004
   5.0800002E+000   3.0416283E-003   7.4498697E-005   5.8570959E-003   1.4820096E-004
   5.1200002E+000   3.0861761E-003   7.2435472E-005   5.9674718E-003   1.5313453E-004
   5.1599997E+000   3.1310090E-003   6.6766187E-005   6.0401539E-003   1.5886630E-004
   5.1999998E+000   3.1704982E-003   7.3275680E-005   6.1647311E-003   1.4177462E-004
   5.2399999E+000   3.2111127E-003   6.7627101E-005   6.2436077E-003   1.4069197E-004
   5.2800000E+000   3.2501869E-003   7.1570715E-005   6.3547743E-003   1.4188083E-004
   5.3200001E+000   3.3094243E-003   7.1225462E-005   6.4429203E-003   1.3937265E-004
   5.3600001E+000   3.3445117E-003   6.8184930E-005   6.5951547E-003   1.4816162E-004
   5.4000002E+000   3.3926469E-003   7.0193374E-005   6.6987925E-003   1.4721687E-004
   5.4400003E+000   3.4367458E-003   7.8189486E-005   6.8193451E-003   1.4895171E-004
   5.4799998E+000   3.4823442E-003   8.1067400E-005   6.9827920E-003   1.4437867E-004
   5.5199999E+000   3.4964794E-003   7.5725687E-005   7.1236438E-003   1.4971989E-004
   5.5599999E+000   3.5650181E-003   8.3833724E-005   7.2459565E-003   1.6671350E-004
   5.6000000E+000   3.6018737E-003   8.5399510E-005   7.3792500E-003   1.7709091E-004
   5.6400001E+000   3.6389814E-003   8.5854786E-005   7.4963435E-003   1.7660262E-004
   5.6800002E+000   3.6857189E-003   7.8005147E-005   7.6246075E-003   1.6904127E-004
   5.7200003E+000   3.7184985E-003   8.3788117E-005   7.7687997E-003   1.7779584E-004
   5.7599998E+000   3.7579011E-003   8.5268864E-005   7.8920816E-003   1.7426558E-004
   5.7999998E+000   3.7867985E-003   8.4613582E-005   7.9999138E-003   1.8769718E-004
   5.8399999E+000   3.8264615E-003   8.9452483E-005   8.0737030E-003   1.7365990E-004
   5.8800000E+000   3.8551122E-003   9.1026252E-005   7.9898213E-003   1.6636500E-004
   5.9200001E+000   3.9051895E-003   8.7632377E-005   7.2731135E-003   1.5978440E-004
   5.9600002E+000   3.9575434E-003   8.7246280E-005   5.7495492E-003   1.2163420E-004
   6.0000002E+000   3.9902650E-003   8.6091115E-005   3.8504659E-003   8.5693734E-005
   6.0399997E+000   4.0441805E-003   8.4452230E-005   2.3348473E-003   5.3425717E-005
   6.0799998E+000   4.0729743E-003   9.0402691E-005   1.4489564E-003   2.7157750E-005
   6.1199999E+000   4.1264409E-003   8.6031209E-005   1.0062264E-003   1.6471361E-005
   6.1600000E+000   4.1755995E-003   9.0832397E-005   7.9133544E-004   1.4769790E-005
   6.2000000E+000   4.2139813E-003   8.6996745E-005   6.8734790E-004   1.2872478E-005
   6.2400001E+000   4.2742991E-003   9.5861163E-005   6.5310080E-004   1.1159736E-005
   6.2800002E+000   4.3151195E-003   9.1873190E-005   6.4703818E-004   1.3220136E-005
   6.3200003E+000   4.3593573E-003   9.0854392E-005   6.5527671E-004   1.3410600E-005
   6.3599998E+000   4.3950026E-003   9.3595105E-005   6.7828144E-004   1.5474417E-005
   6.3999999E+000   4.4203718E-003   8.5628196E-005   7.0647198E-004   1.6534080E-005
   6.4399999E+000   4.4556974E-003   8.4282011E-005   7.3327392E-004   1.7530457E-005
   6.4800000E+000   4.4974518E-003   7.5437826E-005   7.5866156E-004   1.6016132E-005
   6.5200001E+000   4.5565619E-003   7.1620061E-005   7.9703461E-004   1.7848080E-005
   6.5600002E+000   4.6030574E-003   7.3155527E-005   8.3242883E-004   1.8088278E-005
   6.6000003E+000   4.6684645E-003   7.4343003E-005   8.6591721E-004   1.8798723E-005
   6.6399997E+000   4.6959032E-003   8.6921815E-005   8.8172846E-004   1.8671638E-005
   6.6799998E+000   4.7257939E-003   7.8459917E-005   9.2037827E-004   2.1290670E-005
   6.7199999E+000   4.7622249E-003   9.3081794E-005   9.5797823E-004   2.2465705E-005
   6.7600000E+000   4.8166145E-003   1.0567361E-004   9.9102061E-004   2.4092271E-005
   6.8000001E+000   4.8614411E-003   1.2170628E-004   1.0329509E-003   2.5778634E-005
   6.8400002E+000   4.9374784E-003   1.2387272E-004   1.0715246E-003   2.5504539E-005
   6.8800002E+000   4.9655022E-003   1.2325751E-004   1.0941431E-003   2.7398135E-005
   6.9199997E+000   5.0386610E-003   1.2303454E-004   1.1313848E-003   3.1234545E-005
   6.9599998E+000   5.0684552E-003   1.0071451E-004   1.1620291E-003   3.7222542E-005
   6.9999999E+000   5.1560851E-003   1.0185256E-004   1.1859750E-003   3.7855305E-005
   7.0400000E+000   5.2150862E-003   1.2087077E-004   1.2239838E-003   4.4253033E-005
   7.0800000E+000   5.2640695E-003   1.2827241E-004   1.2443663E-003   4.5062997E-005
   7.1200001E+000   5.3084628E-003   1.2460018E-004   1.2738687E-003   4.4329043E-005
   7.1600002E+000   5.3878975E-003   1.0948078E-004   1.3102452E-003   4.7110466E-005
   7.2000003E+000   5.4469438E-003   1.0436453E-004   1.3363445E-003   3.9189093E-005
   7.2399998E+000   5.4929081E-003   1.2534131E-004   1.3655838E-003   3.8200323E-005
   7.2799999E+000   5.5153035E-003   1.2012179E-004   1.3852847E-003   4.9460364E-005
   7.3199999E+000   5.5790918E-003   1.1502682E-004   1.4177133E-003   5.0386665E-005
   7.3600000E+000   5.6184869E-003   1.1160664E-004   1.4630277E-003   5.5345723E-005
   7.4000001E+000   5.6953415E-003   1.1004997E-004   1.4791869E-003   5.2581009E-005
   7.4400002E+000   5.7498688E-003   9.8336309E-005   1.5137761E-003   5.5538604E-005
   7.4800003E+000   5.8223726E-003   9.2553703E-005   1.5473973E-003   5.1950538E-005
   7.5199997E+000   5.9172313E-003   8.8891204E-005   1.5790562E-003   5.4725985E-005
   7.5599998E+000   5.9938517E-003   8.2809301E-005   1.6136793E-003   5.3777826E-005
   7.5999999E+000   6.0587814E-003   9.6688387E-005   1.6392209E-003   4.6860843E-005
   7.6400000E+000   6.1219794E-003   8.5537656E-005   1.6659755E-003   4.9198025E-005
   7.6800001E+000   6.1782209E-003   8.6067354E-005   1.6827812E-003   4.8286743E-005
   7.7200001E+000   6.2386826E-003   8.6552734E-005   1.7116536E-003   4.7932181E-005
   7.7600002E+000   6.2963585E-003   8.3753610E-005   1.7355684E-003   4.4200509E-005
   7.7999997E+000   6.3551127E-003   8.4923230E-005   1.7633570E-003   4.7652952E-005
   7.8399998E+000   6.4353035E-003   8.1955248E-005   1.7930041E-003   4.4561855E-005
   7.8799999E+000   6.4820547E-003   8.0825664E-005   1.8348019E-003   4.5742456E-005
   7.9200000E+000   6.5638786E-003   8.6160367E-005   1.8646329E-003   4.7530970E-005
   7.9600000E+000   6.6435705E-003   9.1110805E-005   1.8927453E-003   4.5256531E-005
   8.0000001E+000   6.6877220E-003   8.9365677E-005   1.9161044E-003   4.5236887E-005
   8.0400002E+000   6.7682707E-003   9.3696411E-005   1.9228711E-003   4.7656530E-005
   8.0800003E+000   6.8269510E-003   9.7121674E-005   1.9568782E-003   4.6937310E-005
   8.1199998E+000   6.9161609E-003   9.1760636E-005   1.9662591E-003   4.7553801E-005
   8.1599998E+000   7.0073632E-003   8.9547195E-005   1.9996671E-003   5.1359427E-005
   8.1999999E+000   7.0449465E-003   8.6732499E-005   2.0184519E-003   5.5399836E-005
   8.2400000E+000   7.1403972E-003   8.9550256E-005   2.0406403E-003   5.4876056E-005
   8.2800001E+000   7.2318338E-003   9.1242873E-005   2.0487952E-003   5.6806398E-005
   8.3200002E+000   7.3213565E-003   9.9040340E-005   2.0619830E-003   5.9109372E-005
   8.3600003E+000   7.3864212E-003   1.1256319E-004   2.0899346E-003   5.5878923E-005
   8.3999997E+000   7.4670791E-003   1.1778259E-004   2.1068886E-003   5.4531272E-005
   8.4399998E+000   7.5347173E-003   1.2143683E-004   2.1106893E-003   5.1296375E-005
   8.4799999E+000   7.6185566E-003   1.1539657E-004   2.1250112E-003   5.0398115E-005
   8.5200000E+000   7.6869810E-003   1.1961845E-004   2.1479475E-003   5.0043377E-005
   8.5600001E+000   7.7878235E-003   1.0844099E-004   2.1537404E-003   5.0596354E-005
   8.6000001E+000   7.9099073E-003   9.9776452E-005   2.1743246E-003   4.8671954E-005
   8.6400002E+000   7.9988720E-003   9.9655807E-005   2.1783072E-003   4.7471544E-005
   8.6799997E+000   8.1007457E-003   1.1522254E-004   2.2046425E-003   5.0822982E-005
   8.7199998E+000   8.2215115E-003   1.1332458E-004   2.2161490E-003   4.6288553E-005
   8.7599999E+000   8.2968702E-003   1.0534275E-004   2.2283914E-003   4.8288436E-005
   8.8000000E+000   8.4141316E-003   1.0984552E-004   2.2522187E-003   4.6499058E-005
   8.8400000E+000   8.5126385E-003   1.1333067E-004   2.2700914E-003   5.3642639E-005
   8.8800001E+000   8.6133828E-003   1.1019196E-004   2.2990919E-003   4.6822360E-005
   8.9200002E+000   8.7330280E-003   1.0768067E-004   2.3158944E-003   4.7959847E-005
   8.9600003E+000   8.8573102E-003   9.1112508E-005   2.3390225E-003   4.9619859E-005
   8.9999998E+000   8.9696692E-003   8.9015160E-005   2.3536424E-003   4.9063051E-005
   9.0399998E+000   9.0994474E-003   9.4241171E-005   2.3548854E-003   5.0000978E-005
   9.0799999E+000   9.2021102E-003   9.4305035E-005   2.3592585E-003   4.9003323E-005
   9.1200000E+000   9.3382323E-003   9.7779408E-005   2.3745327E-003   5.0375065E-005
   9.1600001E+000   9.4801299E-003   1.0689370E-004   2.3694356E-003   4.6984794E-005
   9.2000002E+000   9.5833187E-003   1.0145070E-004   2.3876637E-003   4.8295884E-005
   9.2400002E+000   9.7034926E-003   9.9757425E-005   2.3784040E-003   4.5915516E-005
   9.2799997E+000   9.8216299E-003   9.0922620E-005   2.3995304E-003   4.5673825E-005
   9.3199998E+000   9.9127731E-003   9.7458090E-005   2.3978278E-003   4.5216620E-005
   9.3599999E+000   1.0043672E-002   9.2306476E-005   2.4110259E-003   4.6238393E-005
   9.4000000E+000   1.0186942E-002   9.7821495E-005   2.4091637E-003   4.3587099E-005
   9.4400001E+000   1.0312036E-002   1.0025518E-004   2.4099900E-003   4.8896561E-005
   9.4800001E+000   1.0431057E-002   1.4038836E-004   2.4085510E-003   5.0763300E-005
   9.5200002E+000   1.0562229E-002   1.4116655E-004   2.4132089E-003   4.9771733E-005
   9.5599997E+000   1.0679147E-002   1.2159898E-004   2.3773311E-003   5.0571801E-005
   9.5999998E+000   1.0839014E-002   1.2215859E-004   2.3714039E-003   4.4311421E-005
   9.6399999E+000   1.0966344E-002   1.2132672E-004   2.3662293E-003   5.0660716E-005
   9.6799999E+000   1.1092696E-002   1.6435476E-004   2.3560821E-003   5.0274808E-005
   9.7200000E+000   1.1198264E-002   1.6806102E-004   2.3381336E-003   4.7372891E-005
   9.7600001E+000   1.1380974E-002   1.6919099E-004   2.3159113E-003   4.0664959E-005
   9.8000002E+000   1.1480709E-002   1.6888454E-004   2.3268949E-003   4.8040023E-005
   9.8400003E+000   1.1639819E-002   1.6784027E-004   2.3067567E-003   4.6766136E-005
   9.8799998E+000   1.1800827E-002   1.5707621E-004   2.2757059E-003   4.8565893E-005
   9.9199998E+000   1.1936178E-002   1.5671166E-004   2.2438949E-003   4.7294043E-005
   9.9599999E+000   1.2058079E-002   1.4473967E-004   2.2144980E-003   3.9358803E-005
   1.0000000E+001   1.2216454E-002   1.4691600E-004   2.1939686E-003   4.2064061E-005
   1.0039999E+001   1.2349465E-002   1.3528051E-004   2.1666013E-003   4.0360816E-005
   1.0080000E+001   1.2508751E-002   1.3870076E-004   2.1479305E-003   3.9907543E-005
   1.0120000E+001   1.2700089E-002   1.3581738E-004   2.1357069E-003   3.8651316E-005
   1.0160000E+001   1.2841204E-002   1.3952204E-004   2.0875624E-003   3.8025248E-005
   1.0200000E+001   1.3004000E-002   1.3531461E-004   2.0844205E-003   3.7045949E-005
   1.0240000E+001   1.3126962E-002   1.3941931E-004   2.0370196E-003   3.7769633E-005
   1.0280000E+001   1.3280151E-002   1.3418435E-004   2.0238297E-003   3.7816881E-005
   1.0319999E+001   1.3426210E-002   1.3497309E-004   1.9938642E-003   3.7293039E-005
   1.0360000E+001   1.3608267E-002   1.4502071E-004   1.9640973E-003   3.6580326E-005
   1.0400000E+001   1.3759512E-002   1.4193415E-004   1.9284369E-003   3.5393142E-005
   1.0440000E+001   1.3932506E-002   1.4400395E-004   1.8855308E-003   3.2311203E-005
   1.0480000E+001   1.4108359E-002   1.4904006E-004   1.8487494E-003   2.9537962E-005
   1.0520000E+001   1.4309450E-002   1.4920594E-004   1.8009085E-003   2.9788384E-005
   1.0560000E+001   1.4517407E-002   1.4694246E-004   1.7578854E-003   2.6807585E-005
   1.0599999E+001   1.4693567E-002   1.7105795E-004   1.7171616E-003   2.5993815E-005
   1.0640000E+001   1.4881234E-002   1.5901441E-004   1.6780705E-003   2.1566936E-005
   1.0680000E+001   1.5033717E-002   1.6099613E-004   1.6548053E-003   2.2150747E-005
   1.0720000E+001   1.5222581E-002   1.4166452E-004   1.6375860E-003   2.2893104E-005
   1.0760000E+001   1.5411764E-002   1.5353550E-004   1.6641901E-003   2.0521907E-005
   1.0800000E+001   1.5627553E-002   1.5675642E-004   1.7341762E-003   2.0743013E-005
   1.0840000E+001   1.5805150E-002   1.5483832E-004   1.8964438E-003   2.2381344E-005
   1.0880001E+001   1.6038144E-002   1.6211278E-004   2.2415996E-003   2.2671446E-005
   1.0920000E+001   1.6223838E-002   1.5635229E-004   2.9196846E-003   2.7578174E-005
   1.0960000E+001   1.6444143E-002   1.6351003E-004   4.3222306E-003   3.8380982E-005
   1.1000000E+001   1.6647139E-002   1.6704107E-004   7.0854858E-003   6.1205076E-005
   1.1040000E+001   1.6847656E-002   1.5474674E-004   1.1853794E-002   9.0689150E-005
   1.1080000E+001   1.7051949E-002   1.6435666E-004   1.8020472E-002   1.3315872E-004
   1.1120000E+001   1.7310866E-002   1.5957477E-004   2.3302170E-002   1.7868751E-004
   1.1160001E+001   1.7559340E-002   1.6662737E-004   2.6041138E-002   1.9445827E-004
   1.1200000E+001   1.7754180E-002   1.7241047E-004   2.6842227E-002   2.0066640E-004
   1.1240000E+001   1.7942025E-002   1.7128379E-004   2.6982487E-002   1.9668605E-004
   1.1280000E+001   1.8149430E-002   1.6166076E-004   2.7119376E-002   1.9360918E-004
   1.1320000E+001   1.8335280E-002   1.6987118E-004   2.7172264E-002   1.8863066E-004
   1.1360000E+001   1.8557425E-002   1.6444398E-004   2.7261832E-002   1.9700779E-004
   1.1400000E+001   1.8794585E-002   1.7317543E-004   2.7400483E-002   2.0338027E-004
   1.1440001E+001   1.9024764E-002   1.6931624E-004   2.7521422E-002   2.0112054E-004
   1.1480000E+001   1.9239560E-002   1.8476653E-004   2.7693222E-002   1.9652502E-004
   1.1520000E+001   1.9516573E-002   1.6956015E-004   2.7825973E-002   2.0010466E-004
   1.1560000E+001   1.9758606E-002   1.6244731E-004   2.7944950E-002   2.0538037E-004
   1.1600000E+001   2.0022263E-002   1.6067953E-004   2.8099578E-002   2.1568398E-004
   1.1640000E+001   2.0245759E-002   1.6080399E-004   2.8232859E-002   2.1431395E-004
   1.1680000E+001   2.0486549E-002   1.5116266E-004   2.8346259E-002   2.0885684E-004
   1.1720001E+001   2.0740146E-002   1.5313755E-004   2.8458077E-002   2.0675663E-004
   1.1760000E+001   2.0945162E-002   1.4713497E-004   2.8619913E-002   1.9700839E-004
   1.1799999E+001   2.1172932E-002   1.4833619E-004   2.8736446E-002   1.9271754E-004
   1.1840000E+001   2.1335525E-002   1.4915863E-004   2.8848510E-002   1.9469503E-004
   1.1880000E+001   2.1581095E-002   1.5771840E-004   2.8960219E-002   2.1039457E-004
   1.1920000E+001   2.1802065E-002   1.4636608E-004   2.9059693E-002   2.0156764E-004
   1.1960000E+001   2.2007461E-002   1.5325062E-004   2.9241366E-002   1.9098604E-004
   1.2000000E+001   2.2242659E-002   1.4635878E-004   2.9346373E-002   1.9519326E-004
   1.2040000E+001   2.2489277E-002   1.5107946E-004   2.9532291E-002   1.9874658E-004
   1.2079999E+001   2.2693714E-002   1.5231195E-004   2.9640894E-002   1.9437928E-004
   1.2120000E+001   2.2972047E-002   1.5384308E-004   2.9806674E-002   1.9694063E-004
   1.2160000E+001   2.3202852E-002   1.4829530E-004   2.9838491E-002   1.9270389E-004
   1.2200000E+001   2.3430219E-002   1.5368274E-004   3.0085448E-002   1.9833073E-004
   1.2240000E+001   2.3633135E-002   1.5557347E-004   3.0229606E-002   1.9244727E-004
   1.2280000E+001   2.3908161E-002   1.5182006E-004   3.0425966E-002   1.9977339E-004
   1.2320000E+001   2.4148765E-002   1.6032416E-004   3.0588393E-002   2.0270227E-004
   1.2359999E+001   2.4347023E-002   1.5413888E-004   3.0783041E-002   2.0379846E-004
   1.2400000E+001   2.4630799E-002   1.6179017E-004   3.1031190E-002   1.9112964E-004
   1.2440000E+001   2.4869247E-002   1.5617888E-004   3.1155644E-002   2.1161788E-004
   1.2480000E+001   2.5084891E-002   1.5950846E-004   3.1270938E-002   2.0349197E-004
   1.2520000E+001   2.5276002E-002   1.5236454E-004   3.1428315E-002   1.9930011E-004
   1.2560000E+001   2.5447683E-002   1.5232403E-004   3.1563994E-002   1.9518404E-004
   1.2600000E+001   2.5725872E-002   1.5261666E-004   3.1720377E-002   2.1123573E-004
   1.2640001E+001   2.5942080E-002   1.5111214E-004   3.1885053E-002   2.0987201E-004
   1.2680000E+001   2.6220286E-002   1.5030165E-004   3.2025589E-002   2.0986590E-004
   1.2720000E+001   2.6462980E-002   1.5036022E-004   3.2159429E-002   2.0899439E-004
   1.2760000E+001   2.6744085E-002   1.5323694E-004   3.2307137E-002   2.1613281E-004
   1.2800000E+001   2.6939218E-002   1.5524614E-004   3.2455477E-002   2.1246985E-004
   1.2840000E+001   2.7186231E-002   1.5516271E-004   3.2563440E-002   2.3480826E-004
   1.2880000E+001   2.7353699E-002   1.5955868E-004   3.2778296E-002   1.8207616E-004
   1.2920001E+001   2.7601875E-002   1.6261765E-004   3.2938846E-002   2.4139037E-004
   1.2960000E+001   2.7834075E-002   1.6724556E-004   3.3101815E-002   2.3959389E-004
   1.3000000E+001   2.8061121E-002   1.6827169E-004   3.3297709E-002   2.4718356E-004
   1.3040000E+001   2.8298624E-002   1.6353410E-004   3.3364035E-002   2.3739172E-004
   1.3080000E+001   2.8493036E-002   1.7257784E-004   3.3586685E-002   2.4213747E-004
   1.3120000E+001   2.8743474E-002   1.7332444E-004   3.3678624E-002   2.8475275E-004
   1.3160000E+001   2.8961332E-002   1.7905106E-004   3.3836422E-002   2.8883905E-004
   1.3200001E+001   2.9253638E-002   1.7627004E-004   3.4047763E-002   2.8997716E-004
   1.3240000E+001   2.9501619E-002   1.6577158E-004   3.4132098E-002   2.7985417E-004
   1.3279999E+001   2.9755883E-002   1.5645514E-004   3.4305107E-002   2.9741859E-004
   1.3320000E+001   2.9972242E-002   1.5124982E-004   3.4520162E-002   2.9240085E-004
   1.3360000E+001   3.0099070E-002   1.6061536E-004   3.4686639E-002   2.8224393E-004
   1.3400000E+001   3.0381059E-002   1.6038188E-004   3.4850594E-002   2.9424875E-004
   1.3440000E+001   3.0572260E-002   1.5990524E-004   3.5098395E-002   2.8760161E-004
   1.3480000E+001   3.0766629E-002   1.6010271E-004   3.5278468E-002   2.6022600E-004
   1.3520000E+001   3.1007106E-002   1.5904177E-004   3.5457893E-002   2.6321894E-004
   1.3559999E+001   3.1242170E-002   1.5796208E-004   3.5611906E-002   2.6569477E-004
   1.3600000E+001   3.1419187E-002   1.5938559E-004   3.5745029E-002   2.2802753E-004
   1.3640000E+001   3.1658109E-002   1.6656401E-004   3.5928899E-002   2.1195692E-004
   1.3680000E+001   3.1928617E-002   1.6393576E-004   3.6185189E-002   2.6564248E-004
   1.3720000E+001   3.2205493E-002   1.4110038E-004   3.6382875E-002   2.2508516E-004
   1.3760000E+001   3.2479154E-002   1.5095884E-004   3.6602623E-002   2.1968540E-004
   1.3800000E+001   3.2749080E-002   1.5913249E-004   3.6810603E-002   2.5207510E-004
   1.3839999E+001   3.2993140E-002   1.3943204E-004   3.6996826E-002   2.1213877E-004
   1.3880000E+001   3.3250836E-002   1.6001866E-004   3.7231246E-002   2.2691137E-004
   1.3920000E+001   3.3471871E-002   1.5440616E-004   3.7397162E-002   2.1707311E-004
   1.3960000E+001   3.3755445E-002   1.5881006E-004   3.7577843E-002   2.2021124E-004
   1.4000000E+001   3.4048555E-002   1.5890458E-004   3.7778045E-002   2.0497207E-004
   1.4040000E+001   3.4256713E-002   1.6320555E-004   3.8025178E-002   2.1386505E-004
   1.4080000E+001   3.4446212E-002   1.6914869E-004   3.8216982E-002   2.0110949E-004
   1.4119999E+001   3.4679483E-002   1.6862920E-004   3.8402127E-002   1.9396801E-004
   1.4160000E+001   3.4950789E-002   1.7448753E-004   3.8539194E-002   1.9448289E-004
   1.4200000E+001   3.5202046E-002   1.7471919E-004   3.8729054E-002   1.9432207E-004
   1.4240000E+001   3.5386277E-002   1.7034673E-004   3.9004520E-002   1.5876671E-004
   1.4280000E+001   3.5692548E-002   1.6930668E-004   3.9181574E-002   1.6592442E-004
   1.4320000E+001   3.5835223E-002   1.6906671E-004   3.9372902E-002   1.7019019E-004
   1.4360000E+001   3.6159540E-002   1.6448505E-004   3.9585069E-002   1.7505091E-004
   1.4400001E+001   3.6375300E-002   1.5462486E-004   3.9748984E-002   1.7262803E-004
   1.4440000E+001   3.6685919E-002   1.6111206E-004   3.9889818E-002   1.7308436E-004
   1.4480000E+001   3.6957541E-002   1.6282164E-004   4.0109019E-002   1.7998066E-004
   1.4520000E+001   3.7177540E-002   1.7733374E-004   4.0339476E-002   1.8281304E-004
   1.4560000E+001   3.7405889E-002   1.7646129E-004   4.0565605E-002   1.9989515E-004
   1.4600000E+001   3.7632301E-002   1.8448922E-004   4.0707616E-002   2.0242520E-004
   1.4640000E+001   3.7849267E-002   1.8438388E-004   4.0927217E-002   1.7111227E-004
   1.4680001E+001   3.8070099E-002   1.9575639E-004   4.1124203E-002   1.9475273E-004
   1.4720000E+001   3.8296196E-002   2.1276610E-004   4.1324379E-002   2.1025348E-004
   1.4760000E+001   3.8589715E-002   2.0541091E-004   4.1600905E-002   2.0996497E-004
   1.4800000E+001   3.8850226E-002   1.9846566E-004   4.1857853E-002   2.1988445E-004
   1.4840000E+001   3.9069033E-002   2.0107889E-004   4.2124353E-002   2.1999443E-004
   1.4880000E+001   3.9300061E-002   2.0061101E-004   4.2338101E-002   2.2925868E-004
   1.4920000E+001   3.9630304E-002   2.1821081E-004   4.2562636E-002   2.1756456E-004
   1.4960001E+001   3.9926121E-002   2.1318201E-004   4.2860379E-002   2.1338732E-004
   1.5000000E+001   4.0241579E-002   2.3670946E-004   4.3033738E-002   2.0535980E-004
   1.5039999E+001   4.0451720E-002   2.1397376E-004   4.3370174E-002   2.0039999E-004
   1.5080000E+001   4.0683790E-002   2.0029013E-004   4.3575844E-002   2.1176075E-004
   1.5120000E+001   4.0942097E-002   2.1074345E-004   4.3865764E-002   2.2787536E-004
   1.5160000E+001   4.1150491E-002   2.0265640E-004   4.4128502E-002   2.2152650E-004
   1.5200000E+001   4.1371915E-002   2.0904923E-004   4.4287534E-002   2.1911170E-004
   1.5240000E+001   4.1563465E-002   2.2970720E-004   4.4543206E-002   2.2730808E-004
   1.5280000E+001   4.1833668E-002   2.0695917E-004   4.4771076E-002   2.2228385E-004
   1.5319999E+001   4.2147289E-002   2.1850784E-004   4.4962135E-002   2.0943488E-004
   1.5360000E+001   4.2454119E-002   2.5860195E-004   4.5156983E-002   2.1776265E-004
   1.5400000E+001   4.2744522E-002   2.3195759E-004   4.5319442E-002   2.0295528E-004
   1.5440000E+001   4.3021646E-002   2.3730670E-004   4.5545430E-002   2.2016686E-004
   1.5480000E+001   4.3264161E-002   2.3523070E-004   4.5686729E-002   2.0852677E-004
   1.5520000E+001   4.3532621E-002   2.4604276E-004   4.5869615E-002   2.1677673E-004
   1.5560000E+001   4.3834616E-002   2.4494124E-004   4.6005272E-002   2.1321729E-004
   1.5599999E+001   4.4093604E-002   2.5376697E-004   4.6234588E-002   2.1518825E-004
   1.5640000E+001   4.4356497E-002   2.5498154E-004   4.6471239E-002   2.1111765E-004
   1.5680000E+001   4.4599660E-002   2.3594531E-004   4.6799994E-002   2.1703399E-004
   1.5720000E+001   4.4881401E-002   2.4314780E-004   4.6980899E-002   2.1196505E-004
   1.5760000E+001   4.5091819E-002   2.4658850E-004   4.7178550E-002   2.2489122E-004
   1.5800000E+001   4.5347432E-002   2.4974447E-004   4.7428957E-002   2.2419145E-004
   1.5840000E+001   4.5658736E-002   2.4951000E-004   4.7708484E-002   2.2006072E-004
   1.5880001E+001   4.5853079E-002   2.4259874E-004   4.7863774E-002   2.1596648E-004
   1.5920000E+001   4.6161432E-002   2.4582035E-004   4.8107927E-002   2.1466354E-004
   1.5960000E+001   4.6345623E-002   2.5678053E-004   4.8379183E-002   2.0315197E-004
   1.6000000E+001   4.6658928E-002   2.6101655E-004   4.8622078E-002   1.9985801E-004
   1.6040000E+001   4.6879321E-002   2.4594631E-004   4.8845469E-002   1.8925143E-004
   1.6080000E+001   4.7135315E-002   2.3244523E-004   4.9117866E-002   2.2095224E-004
   1.6120000E+001   4.7468117E-002   2.2770009E-004   4.9332918E-002   2.2109267E-004
   1.6160001E+001   4.7721134E-002   2.3187391E-004   4.9610295E-002   1.9606912E-004
   1.6200000E+001   4.8047875E-002   2.2178177E-004   4.9853404E-002   2.1571079E-004
   1.6240000E+001   4.8324947E-002   2.2872811E-004   5.0075523E-002   2.2593663E-004
   1.6280000E+001   4.8630938E-002   2.4024749E-004   5.0268927E-002   2.4558676E-004
   1.6320000E+001   4.8865201E-002   2.3883307E-004   5.0425339E-002   2.3055108E-004
   1.6360000E+001   4.9164163E-002   2.5307352E-004   5.0643304E-002   2.4209761E-004
   1.6400000E+001   4.9426855E-002   2.5407388E-004   5.0812396E-002   2.2020014E-004
   1.6440001E+001   4.9700832E-002   2.5729493E-004   5.1084196E-002   2.1491858E-004
   1.6480000E+001   4.9927925E-002   2.6398453E-004   5.1381228E-002   2.1717777E-004
   1.6520000E+001   5.0244367E-002   2.8067473E-004   5.1580530E-002   2.3372819E-004
   1.6560000E+001   5.0480535E-002   2.5613246E-004   5.1813411E-002   2.1847522E-004
   1.6600000E+001   5.0702831E-002   2.5576643E-004   5.2077553E-002   2.4812157E-004
   1.6640000E+001   5.1000238E-002   2.6036323E-004   5.2362782E-002   2.5116762E-004
   1.6680000E+001   5.1289426E-002   2.4811609E-004   5.2568963E-002   2.4725034E-004
   1.6720001E+001   5.1589751E-002   2.5193265E-004   5.2799930E-002   2.6406592E-004
   1.6760000E+001   5.1869100E-002   2.5466201E-004   5.3111191E-002   2.6862149E-004
   1.6799999E+001   5.2147354E-002   2.5448773E-004   5.3348158E-002   2.4936369E-004
   1.6840000E+001   5.2431243E-002   2.5209890E-004   5.3638638E-002   2.8118516E-004
   1.6880000E+001   5.2680005E-002   2.6498013E-004   5.3883974E-002   2.8614042E-004
   1.6920000E+001   5.2963752E-002   2.4869560E-004   5.4084201E-002   2.9221341E-004
   1.6960000E+001   5.3189841E-002   2.5959177E-004   5.4271803E-002   2.9002110E-004
   1.7000000E+001   5.3528323E-002   2.4326459E-004   5.4528410E-002   2.9358397E-004
   1.7040000E+001   5.3807582E-002   2.4445249E-004   5.4755528E-002   2.8920936E-004
   1.7079999E+001   5.4105980E-002   2.2188257E-004   5.5030573E-002   2.8036027E-004
   1.7120000E+001   5.4376634E-002   2.8395713E-004   5.5221519E-002   2.6872896E-004
   1.7160000E+001   5.4683360E-002   2.4119894E-004   5.5458078E-002   2.5798895E-004
   1.7200000E+001   5.4933523E-002   2.1639165E-004   5.5715642E-002   2.5447970E-004
   1.7240000E+001   5.5165003E-002   2.2508163E-004   5.5996459E-002   2.6970312E-004
   1.7280000E+001   5.5404623E-002   2.8596747E-004   5.6176078E-002   2.6271842E-004
   1.7320000E+001   5.5609706E-002   2.4119465E-004   5.6428440E-002   2.5066147E-004
   1.7359999E+001   5.5863979E-002   2.8393376E-004   5.6705810E-002   1.9143878E-004
   1.7400000E+001   5.6083803E-002   2.7887954E-004   5.6933338E-002   2.4670379E-004
   1.7440000E+001   5.6330427E-002   2.8114127E-004   5.7126615E-002   2.4720987E-004
   1.7480000E+001   5.6723350E-002   2.5379146E-004   5.7448456E-002   2.4565102E-004
   1.7520000E+001   5.6995040E-002   2.4062716E-004   5.7798627E-002   2.5154265E-004
   1.7560000E+001   5.7323737E-002   2.1362458E-004   5.8064212E-002   2.5687340E-004
   1.7600000E+001   5.7591900E-002   1.9660745E-004   5.8277027E-002   2.7315582E-004
   1.7640001E+001   5.7860640E-002   2.5263002E-004   5.8533379E-002   2.9661297E-004
   1.7680000E+001   5.8127842E-002   2.6976653E-004   5.8811240E-002   3.0447819E-004
   1.7720000E+001   5.8430487E-002   2.5501820E-004   5.9081756E-002   2.3060214E-004
   1.7760000E+001   5.8677215E-002   2.5570756E-004   5.9317503E-002   3.1052751E-004
   1.7800000E+001   5.8940682E-002   2.6317141E-004   5.9519019E-002   2.8487956E-004
   1.7840000E+001   5.9221827E-002   2.5886477E-004   5.9871769E-002   2.9315510E-004
   1.7880000E+001   5.9471235E-002   2.5110293E-004   6.0062464E-002   2.7907168E-004
   1.7920001E+001   5.9784685E-002   2.0013288E-004   6.0358783E-002   2.6699339E-004
   1.7960000E+001   6.0168033E-002   2.3292374E-004   6.0629454E-002   2.4012599E-004
   1.8000000E+001   6.0446266E-002   2.0990567E-004   6.0823289E-002   2.3415750E-004
   1.8040000E+001   6.0805094E-002   2.4923650E-004   6.1114543E-002   2.3811260E-004
   1.8080000E+001   6.1079546E-002   2.4066303E-004   6.1394477E-002   2.2572537E-004
   1.8120000E+001   6.1338434E-002   2.5914162E-004   6.1646702E-002   2.3473123E-004
   1.8160000E+001   6.1620062E-002   2.6087795E-004   6.1933033E-002   2.5030224E-004
   1.8200001E+001   6.1828283E-002   2.5647642E-004   6.2207069E-002   2.5170640E-004
   1.8240000E+001   6.2087692E-002   2.4920572E-004   6.2505613E-002   2.5081219E-004
   1.8279999E+001   6.2290097E-002   2.4501671E-004   6.2725353E-002   2.4396421E-004
   1.8320000E+001   6.2720834E-002   2.4016454E-004   6.3095357E-002   2.4623190E-004
   1.8360000E+001   6.2956115E-002   2.5798460E-004   6.3378639E-002   2.3780167E-004
   1.8400000E+001   6.3223970E-002   2.7333749E-004   6.3657125E-002   2.3399087E-004
   1.8440000E+001   6.3509566E-002   2.6914524E-004   6.3976726E-002   2.2987011E-004
   1.8480000E+001   6.3630196E-002   2.7334579E-004   6.4153546E-002   2.3129863E-004
   1.8520000E+001   6.4018379E-002   2.6720827E-004   6.4460033E-002   2.7291531E-004
   1.8559999E+001   6.4330243E-002   2.9924774E-004   6.4695727E-002   2.6982589E-004
   1.8600000E+001   6.4602001E-002   2.9825155E-004   6.4954385E-002   2.8116957E-004
   1.8640000E+001   6.4942954E-002   3.0549525E-004   6.5359351E-002   2.8594954E-004
   1.8680000E+001   6.5250164E-002   2.9016834E-004   6.5614797E-002   2.9573341E-004
   1.8720000E+001   6.5512011E-002   2.8536984E-004   6.5982971E-002   3.0602002E-004
   1.8760000E+001   6.5676543E-002   2.8574256E-004   6.6264485E-002   2.8605278E-004
   1.8800000E+001   6.5937438E-002   2.7721951E-004   6.6565800E-002   2.9500228E-004
   1.8839999E+001   6.6251001E-002   2.7042901E-004   6.6863114E-002   2.9877816E-004
   1.8880000E+001   6.6554533E-002   2.7905315E-004   6.7175017E-002   2.9774139E-004
   1.8920000E+001   6.6795174E-002   2.7310456E-004   6.7413300E-002   3.2007357E-004
   1.8960000E+001   6.6970246E-002   2.7981600E-004   6.7765726E-002   3.1473586E-004
   1.9000000E+001   6.7240060E-002   2.8381842E-004   6.8064976E-002   3.2127587E-004
   1.9040000E+001   6.7443507E-002   2.9683755E-004   6.8396237E-002   3.1506098E-004
   1.9080000E+001   6.7726725E-002   2.9544989E-004   6.8802034E-002   3.1823242E-004
   1.9119999E+001   6.7932485E-002   3.0122383E-004   6.9092605E-002   3.3168055E-004
   1.9160000E+001   6.8186482E-002   3.0007580E-004   6.9412768E-002   3.0761860E-004
   1.9200000E+001   6.8492933E-002   3.2943853E-004   6.9674230E-002   3.3934241E-004
   1.9240000E+001   6.8754547E-002   3.4037387E-004   6.9904822E-002   3.3156271E-004
   1.9280000E+001   6.9072032E-002   3.4433255E-004   7.0270474E-002   3.3979923E-004
   1.9320000E+001   6.9251359E-002   3.3852783E-004   7.0563715E-002   3.7133481E-004
   1.9360000E+001   6.9609662E-002   3.2972685E-004   7.0886068E-002   3.5208886E-004
   1.9400001E+001   6.9926457E-002   3.1172885E-004   7.1161931E-002   3.6013782E-004
   1.9440000E+001   7.0340181E-002   3.2795808E-004   7.1492192E-002   3.8592188E-004
   1.9480000E+001   7.0583321E-002   3.2556068E-004   7.1873895E-002   3.8091766E-004
   1.9520000E+001   7.0947568E-002   3.4322519E-004   7.2045886E-002   4.1575681E-004
   1.9560000E+001   7.1213375E-002   3.4994379E-004   7.2328040E-002   4.1119092E-004
   1.9600000E+001   7.1397886E-002   3.5270412E-004   7.2621690E-002   4.2141979E-004
   1.9640000E+001   7.1625112E-002   3.6614227E-004   7.2918825E-002   4.0118289E-004
   1.9680001E+001   7.2024931E-002   3.5028818E-004   7.3170196E-002   4.1166206E-004
   1.9720000E+001   7.2312537E-002   3.4977986E-004   7.3476888E-002   4.2267293E-004
   1.9760000E+001   7.2586046E-002   3.4347982E-004   7.3739174E-002   4.2129027E-004
   1.9800000E+001   7.2867922E-002   3.5940730E-004   7.4065620E-002   4.3125264E-004
   1.9840000E+001   7.3213901E-002   3.7550131E-004   7.4301555E-002   4.3318800E-004
   1.9880000E+001   7.3614476E-002   3.9485269E-004   7.4649363E-002   4.3596942E-004
   1.9920000E+001   7.3890799E-002   4.0502925E-004   7.4972694E-002   4.5258671E-004
   1.9960001E+001   7.4149458E-002   3.9866994E-004   7.5268224E-002   4.7251301E-004
   2.0000000E+001   7.4476525E-002   4.0737332E-004   7.5542559E-002   4.5698345E-004
