         0.4000         0.0000         0.0000         0.0000         0.0000
         0.6000         0.0000         0.0000         0.0000         0.0000
         0.8000         0.0000         0.0000         0.0000         0.0000
         1.0000         0.0000         0.0000         0.0000         0.0000
         1.2000         0.7792         0.0157         1.1971         0.0176
         1.4000         2.3627         0.0452         3.6680         0.0483
         1.6000         4.3463         0.0793         6.8263         0.0794
         1.8000         6.7679         0.1117        10.7603         0.1188
         2.0000         9.5981         0.1333        15.3014         0.1433
         2.2000        13.0351         0.1542        20.6199         0.1611
         2.4000        16.8307         0.1589        26.5987         0.2164
         2.6000        20.9534         0.1726        33.4495         0.2467
         2.8000        25.4729         0.1774        41.0355         0.2409
         3.0000        30.3681         0.2138        49.2957         0.2566
         3.2000        35.7244         0.2778        58.2125         0.2896
         3.4000        41.4912         0.3167        67.8495         0.3073
         3.6000        47.4403         0.4370        78.6212         0.3243
         3.8000        53.6004         0.4115        90.5515         0.3823
         4.0000        60.1787         0.4031       103.0113         0.4021
         4.2000        66.5541         0.4065       116.4111         0.7216
         4.4000        73.1078         0.3966       130.7302         0.8392
         4.6000        80.2227         0.3936       145.7232         0.8422
         4.8000        87.4031         0.4219       161.9031         0.7738
         5.0000        94.6485         0.5070       179.2414         1.2328
         5.2000       101.7891         0.5095       197.9956         1.3213
         5.4000       108.6225         0.4564       218.2687         1.6277
         5.6000       114.9523         0.4922       239.7968         1.6038
         5.8000       121.3670         0.5268       262.4685         1.9901
         6.0000       127.4486         0.5807       285.9799         1.9827
         6.2000       133.8184         0.6429         3.5151         0.0344
         6.4000       140.1705         0.8328         9.0209         0.0970
         6.6000       147.1458         0.6725        14.6893         0.1256
         6.8000       154.6317         0.6022        20.2383         0.1620
         7.0000       162.9379         0.6943        25.4110         0.2055
         7.2000       171.6573         0.5706        30.4296         0.2089
         7.4000       181.4971         0.5170        35.2729         0.2490
         7.6000       191.5689         0.7080        39.7460         0.2937
         7.8000       202.7865         0.7493        43.7475         0.2654
         8.0000       215.0475         0.7657        47.3673         0.2723
         8.2000       228.2106         0.8162        50.6529         0.2751
         8.4000       241.6903         0.8156        53.4831         0.2513
         8.6000       256.3064         0.7381        55.7459         0.2630
         8.8000       272.1683         0.6270        57.3748         0.3147
         9.0000       289.2286         0.6426        58.7053         0.3312
         9.2000       307.8028         0.6786        58.9538         0.3725
         9.4000       327.7068         0.8102        58.3745         0.3926
         9.6000       349.0665         0.8283        57.1099         0.3308
         9.8000       371.7405         0.8347        54.4797         0.3224
        10.0000       395.8640         0.9460        50.5682         0.2741
        10.2000       421.7131         1.0101        45.4320         0.3317
        10.4000       450.3814         1.0218        38.9241         0.2629
        10.6000       480.4798         0.9768        30.4945         0.1612
        10.8000       512.6174         1.0854        20.3994         0.1165
        11.0000       546.9002         1.2392         8.4868         0.0470
        11.2000       584.0912         1.1172       892.1579         1.8571
        11.4000       621.9611         1.4243       910.5505         1.9947
        11.6000       659.8163         1.0146       930.4598         1.8380
        11.8000       698.1666         1.2346       951.4323         1.6646
        12.0000       735.2085         1.3543       973.4347         1.6809
        12.2000       772.5926         1.5377       997.0226         1.5664
        12.4000       811.1899         1.8985      1023.0201         1.1989
        12.6000       849.7272         2.0568      1048.9744         1.5036
        12.8000       888.0844         2.2401      1075.0835         1.9131
        13.0000       926.4921         2.0912      1102.0579         2.0581
        13.2000       965.8923         1.8862      1130.5646         2.2939
        13.4000      1005.7074         1.4886      1158.0431         2.4690
        13.6000      1044.7112         1.3235      1188.4759         1.6609
        13.8000      1084.5252         1.3443      1220.3858         1.3605
        14.0000      1123.7638         1.3675      1252.6491         1.3334
        14.2000      1162.6433         1.1087      1282.9060         1.2060
        14.4000      1202.3455         1.2421      1315.9047         1.1910
        14.6000      1242.2347         1.2448      1349.1859         1.0701
        14.8000      1283.8846         1.6505      1383.6978         1.1899
        15.0000      1326.2838         1.5487      1418.0200         1.3673
        15.2000      1368.1313         1.8615      1455.4747         1.4911
        15.4000      1409.5796         1.9068      1492.5184         1.7886
        15.6000      1450.8192         2.1630      1528.9993         1.9807
        15.8000      1493.0701         1.9903      1566.5578         1.8622
        16.0000      1535.5156         1.9521      1605.6983         1.4625
        16.2000      1578.9188         1.9324      1643.6876         1.4677
        16.4000      1621.5158         1.7377      1683.8459         1.4023
        16.6000      1665.6697         1.6162      1724.9918         1.3674
        16.8000      1711.1009         2.1167      1765.4479         1.2079
        17.0000      1754.7422         2.0410      1807.5068         1.3433
        17.2000      1798.0400         1.7563      1851.0383         1.6206
        17.4000      1843.6857         2.0224      1895.3133         1.7099
        17.6000      1889.8008         1.4681      1937.9674         1.8012
        17.8000      1936.5863         1.5406      1982.6521         1.7667
        18.0000      1982.9509         1.4391      2027.5186         1.4886
        18.2000      2029.2849         1.3726      2073.4499         1.9470
        18.4000      2076.6245         1.3799      2119.8903         2.0137
        18.6000      2124.0220         1.3378      2167.5359         2.3925
        18.8000      2173.8796         2.0900      2214.9698         2.3215
        19.0000      2222.0571         3.0965      2262.9157         1.9954
        19.2000      2270.2540         4.0456      2312.0344         1.7596
        19.4000      2320.0774         3.9785      2362.5095         1.7213
        19.6000      2369.8052         3.6953      2414.6976         1.8715
        19.8000      2420.1406         4.5578      2465.9288         2.0397
        20.0000      2468.5079         4.9595      2516.3491         2.3253
