         0.0800         0.0000         0.0000         0.0000         0.0000         0.0000
         0.1200         0.0000         0.0000         0.0000         0.0000         0.0000
         0.1600         0.0000         0.0000         0.0000         0.0000         0.0000
         0.2000         0.0000         0.0000         0.0000         0.0000         0.0000
         0.2400         0.0000         0.0000         0.0000         0.0000         0.0000
         0.2800         0.0000         0.0000         0.0000         0.0000         0.0000
         0.3200         0.0000         0.0000         0.0000         0.0000         0.0000
         0.3600         0.0000         0.0000         0.0000         0.0000         0.0000
         0.4000         0.0000         0.0000         0.0000         0.0000         0.0000
         0.4400         0.0000         0.0000         0.0000         0.0000         0.0000
         0.4800         0.0000         0.0000         0.0000         0.0000         0.0000
         0.5200         0.0000         0.0000         0.0000         0.0000         0.0000
         0.5600         0.0000         0.0000         0.0000         0.0000         0.0000
         0.6000         0.0000         0.0000         0.0000         0.0000         0.0000
         0.6400         0.0000         0.0000         0.0000         0.0000         0.0000
         0.6800         0.0000         0.0000         0.0000         0.0000         0.0000
         0.7200         0.0000         0.0000         0.0000         0.0000         0.0000
         0.7600         0.0000         0.0000         0.0000         0.0000         0.0000
         0.8000         0.0000         0.0000         0.0000         0.0000         0.0000
         0.8400         0.0000         0.0000         0.0000         0.0000         0.0000
         0.8800         0.0000         0.0000         0.0000         0.0000         0.0000
         0.9200         0.0000         0.0000         0.0000         0.0000         0.0000
         0.9600         0.0002         0.0000         0.0003         0.0001         0.0000
         1.0000         0.0012         0.0001         0.0018         0.0001         0.0000
         1.0400         0.0038         0.0004         0.0046         0.0005         0.0000
         1.0800         0.0067         0.0008         0.0087         0.0008         0.0000
         1.1200         0.0111         0.0012         0.0141         0.0012         0.0000
         1.1600         0.0149         0.0016         0.0204         0.0017         0.0000
         1.2000         0.0193         0.0021         0.0275         0.0029         0.0000
         1.2400         0.0225         0.0024         0.0335         0.0029         0.0000
         1.2800         0.0266         0.0030         0.0402         0.0035         0.0000
         1.3200         0.0302         0.0029         0.0449         0.0037         0.0000
         1.3600         0.0364         0.0030         0.0500         0.0043         0.0000
         1.4000         0.0431         0.0036         0.0585         0.0048         0.0000
         1.4400         0.0505         0.0042         0.0679         0.0052         0.0000
         1.4800         0.0566         0.0043         0.0738         0.0053         0.0000
         1.5200         0.0638         0.0047         0.0823         0.0058         0.0000
         1.5600         0.0723         0.0049         0.0938         0.0064         0.0000
         1.6000         0.0773         0.0054         0.0987         0.0069         0.0000
         1.6400         0.0842         0.0057         0.1048         0.0073         0.0000
         1.6800         0.0876         0.0061         0.1122         0.0076         0.0000
         1.7200         0.0927         0.0065         0.1212         0.0079         0.0000
         1.7600         0.0967         0.0067         0.1320         0.0091         0.0000
         1.8000         0.1024         0.0070         0.1461         0.0098         0.0000
         1.8400         0.1068         0.0065         0.1623         0.0104         0.0000
         1.8800         0.1147         0.0069         0.1787         0.0109         0.0000
         1.9200         0.1215         0.0077         0.1857         0.0123         0.0000
         1.9600         0.1286         0.0075         0.2002         0.0125         0.0000
         2.0000         0.1349         0.0074         0.2140         0.0127         0.0000
         2.0400         0.1438         0.0076         0.2251         0.0131         0.0000
         2.0800         0.1519         0.0081         0.2316         0.0129         0.0000
         2.1200         0.1574         0.0070         0.2496         0.0136         0.0000
         2.1600         0.1741         0.0074         0.2635         0.0132         0.0000
         2.2000         0.1836         0.0075         0.2798         0.0138         0.0000
         2.2400         0.1950         0.0085         0.2934         0.0145         0.0000
         2.2800         0.2072         0.0093         0.3121         0.0145         0.0000
         2.3200         0.2098         0.0097         0.3253         0.0146         0.0000
         2.3600         0.2247         0.0107         0.3389         0.0176         0.0000
         2.4000         0.2400         0.0121         0.3474         0.0205         0.0000
         2.4400         0.2528         0.0131         0.3706         0.0227         0.0000
         2.4800         0.2648         0.0139         0.3802         0.0222         0.0000
         2.5200         0.2786         0.0123         0.4091         0.0233         0.0000
         2.5600         0.2914         0.0128         0.4293         0.0226         0.0000
         2.6000         0.3030         0.0131         0.4441         0.0167         0.0000
         2.6400         0.3134         0.0140         0.4679         0.0184         0.0000
         2.6800         0.3192         0.0149         0.4840         0.0180         0.0000
         2.7200         0.3327         0.0148         0.5055         0.0198         0.0000
         2.7600         0.3447         0.0152         0.5233         0.0180         0.0000
         2.8000         0.3586         0.0154         0.5509         0.0169         0.0000
         2.8400         0.3675         0.0138         0.5792         0.0170         0.0000
         2.8800         0.3806         0.0137         0.5989         0.0168         0.0000
         2.9200         0.3905         0.0139         0.6162         0.0189         0.0000
         2.9600         0.4077         0.0135         0.6365         0.0184         0.0000
         3.0000         0.4150         0.0129         0.6553         0.0198         0.0000
         3.0400         0.4324         0.0136         0.6815         0.0205         0.0000
         3.0800         0.4496         0.0140         0.6983         0.0208         0.0000
         3.1200         0.4615         0.0132         0.7243         0.0220         0.0000
         3.1600         0.4832         0.0135         0.7571         0.0228         0.0000
         3.2000         0.4935         0.0127         0.7841         0.0301         0.0000
         3.2400         0.5027         0.0126         0.8045         0.0227         0.0000
         3.2800         0.5116         0.0125         0.8464         0.0232         0.0000
         3.3200         0.5237         0.0121         0.8773         0.0225         0.0000
         3.3600         0.5431         0.0125         0.9015         0.0229         0.0000
         3.4000         0.5606         0.0132         0.9260         0.0227         0.0000
         3.4400         0.5760         0.0143         0.9594         0.0239         0.0000
         3.4800         0.5895         0.0154         0.9825         0.0232         0.0000
         3.5200         0.6113         0.0143         1.0171         0.0208         0.0000
         3.5600         0.6250         0.0150         1.0517         0.0222         0.0000
         3.6000         0.6373         0.0170         1.0849         0.0223         0.0000
         3.6400         0.6428         0.0165         1.1140         0.0234         0.0000
         3.6800         0.6606         0.0180         1.1321         0.0252         0.0000
         3.7200         0.6786         0.0174         1.1651         0.0261         0.0000
         3.7600         0.6988         0.0190         1.1887         0.0251         0.0000
         3.8000         0.7141         0.0186         1.2284         0.0231         0.0000
         3.8400         0.7273         0.0234         1.2682         0.0338         0.0000
         3.8800         0.7427         0.0247         1.3093         0.0308         0.0000
         3.9200         0.7651         0.0244         1.3467         0.0343         0.0000
         3.9600         0.7806         0.0244         1.3929         0.0348         0.0000
         4.0000         0.7988         0.0221         1.4332         0.0351         0.0000
         4.0400         0.8208         0.0214         1.4810         0.0339         0.0000
         4.0800         0.8366         0.0226         1.5138         0.0403         0.0000
         4.1200         0.8583         0.0231         1.5475         0.0379         0.0000
         4.1600         0.8778         0.0240         1.5845         0.0370         0.0000
         4.2000         0.9016         0.0247         1.6244         0.0367         0.0000
         4.2400         0.9217         0.0281         1.6723         0.0366         0.0000
         4.2800         0.9506         0.0301         1.7146         0.0343         0.0000
         4.3200         0.9799         0.0301         1.7362         0.0343         0.0000
         4.3600         1.0099         0.0282         1.7762         0.0311         0.0000
         4.4000         1.0402         0.0257         1.8258         0.0343         0.0000
         4.4400         1.0481         0.0266         1.8542         0.0352         0.0000
         4.4800         1.0611         0.0261         1.8791         0.0339         0.0000
         4.5200         1.0779         0.0264         1.9135         0.0304         0.0000
         4.5600         1.0880         0.0274         1.9556         0.0329         0.0000
         4.6000         1.1133         0.0267         1.9751         0.0342         0.0000
         4.6400         1.1248         0.0290         2.0009         0.0359         0.0000
         4.6800         1.1532         0.0246         2.0654         0.0507         0.0000
         4.7200         1.1724         0.0241         2.0933         0.0515         0.0000
         4.7600         1.1829         0.0250         2.1466         0.0445         0.0000
         4.8000         1.2175         0.0250         2.1838         0.0435         0.0000
         4.8400         1.2409         0.0230         2.2085         0.0400         0.0000
         4.8800         1.2631         0.0252         2.2704         0.0624         0.0000
         4.9200         1.2837         0.0224         2.3331         0.0708         0.0000
         4.9600         1.3065         0.0234         2.3699         0.0688         0.0000
         5.0000         1.3231         0.0305         2.4173         0.0709         0.0000
         5.0400         1.3404         0.0189         2.4795         0.0660         0.0000
         5.0800         1.3543         0.0327         2.5317         0.0656         0.0000
         5.1200         1.3760         0.0320         2.5734         0.0750         0.0000
         5.1600         1.3947         0.0246         2.6259         0.0700         0.0000
         5.2000         1.4223         0.0327         2.6684         0.0839         0.0000
         5.2400         1.4295         0.0304         2.7425         0.0742         0.0000
         5.2800         1.4427         0.0228         2.7779         0.0844         0.0000
         5.3200         1.4577         0.0219         2.8420         0.0768         0.0000
         5.3600         1.4771         0.0230         2.9012         0.0534         0.0000
         5.4000         1.4850         0.0242         2.9810         0.0557         0.0000
         5.4400         1.4979         0.0251         3.0273         0.0564         0.0000
         5.4800         1.5226         0.0351         3.0852         0.0566         0.0000
         5.5200         1.5326         0.0339         3.1383         0.0654         0.0000
         5.5600         1.5528         0.0343         3.1963         0.0686         0.0000
         5.6000         1.5727         0.0305         3.2471         0.0683         0.0000
         5.6400         1.5836         0.0317         3.3283         0.0688         0.0000
         5.6800         1.6061         0.0299         3.3963         0.0687         0.0000
         5.7200         1.6256         0.0260         3.4708         0.0667         0.0000
         5.7600         1.6410         0.0277         3.5398         0.0623         0.0000
         5.8000         1.6496         0.0321         3.6328         0.0714         0.0000
         5.8400         1.6781         0.0396         3.7121         0.0729         0.0000
         5.8800         1.6968         0.0405         3.7701         0.0724         0.0021
         5.9200         1.7137         0.0351         3.8455         0.0791         0.0339
         5.9600         1.7314         0.0358         3.8966         0.0812         0.1937
         6.0000         1.7441         0.0371         3.9256         0.0851         0.5693
         6.0400         1.7480         0.0361         0.0162         0.0011         1.1036
         6.0800         1.7487         0.0360         0.0288         0.0020         1.6517
         6.1200         1.7596         0.0316         0.0432         0.0029         2.1073
         6.1600         1.7741         0.0343         0.0580         0.0038         2.4386
         6.2000         1.7966         0.0352         0.0716         0.0043         2.6595
         6.2400         1.8103         0.0366         0.0864         0.0052         2.7989
         6.2800         1.8105         0.0375         0.1004         0.0055         2.8836
         6.3200         1.8306         0.0391         0.1154         0.0068         2.9337
         6.3600         1.8531         0.0392         0.1245         0.0068         2.9628
         6.4000         1.8689         0.0374         0.1335         0.0071         2.9794
         6.4400         1.8897         0.0351         0.1458         0.0074         2.9887
         6.4800         1.9033         0.0351         0.1599         0.0083         2.9939
         6.5200         1.9342         0.0356         0.1740         0.0086         2.9967
         6.5600         1.9670         0.0442         0.1861         0.0096         2.9983
         6.6000         1.9863         0.0406         0.1971         0.0099         2.9991
         6.6400         1.9974         0.0489         0.2121         0.0093         2.9995
         6.6800         2.0246         0.0465         0.2240         0.0091         2.9998
         6.7200         2.0478         0.0456         0.2371         0.0091         2.9999
         6.7600         2.0642         0.0391         0.2491         0.0094         2.9999
         6.8000         2.0855         0.0422         0.2653         0.0087         3.0000
         6.8400         2.1147         0.0412         0.2794         0.0093         3.0000
         6.8800         2.1340         0.0393         0.2905         0.0099         3.0000
         6.9200         2.1616         0.0405         0.3049         0.0123         3.0000
         6.9600         2.1774         0.0424         0.3093         0.0109         3.0000
         7.0000         2.1943         0.0418         0.3248         0.0109         3.0000
         7.0400         2.2139         0.0423         0.3376         0.0134         3.0000
         7.0800         2.2431         0.0399         0.3499         0.0133         3.0000
         7.1200         2.2429         0.0433         0.3596         0.0163         3.0000
         7.1600         2.2649         0.0438         0.3735         0.0167         3.0000
         7.2000         2.2736         0.0478         0.3810         0.0207         3.0000
         7.2400         2.3017         0.0394         0.3885         0.0185         3.0000
         7.2800         2.3248         0.0366         0.4007         0.0211         3.0000
         7.3200         2.3516         0.0364         0.4043         0.0151         3.0000
         7.3600         2.3890         0.0459         0.4174         0.0188         3.0000
         7.4000         2.4169         0.0492         0.4259         0.0191         3.0000
         7.4400         2.4444         0.0540         0.4415         0.0216         3.0000
         7.4800         2.4616         0.0501         0.4512         0.0210         3.0000
         7.5200         2.4826         0.0490         0.4631         0.0216         3.0000
         7.5600         2.5243         0.0556         0.4793         0.0223         3.0000
         7.6000         2.5573         0.0576         0.4868         0.0229         3.0000
         7.6400         2.5778         0.0531         0.4960         0.0245         3.0000
         7.6800         2.6167         0.0596         0.5037         0.0237         3.0000
         7.7200         2.6624         0.0602         0.5142         0.0258         3.0000
         7.7600         2.6911         0.0555         0.5221         0.0265         3.0000
         7.8000         2.7271         0.0440         0.5340         0.0260         3.0000
         7.8400         2.7617         0.0434         0.5508         0.0283         3.0000
         7.8800         2.8030         0.0434         0.5599         0.0294         3.0000
         7.9200         2.8332         0.0368         0.5736         0.0274         3.0000
         7.9600         2.8592         0.0369         0.5795         0.0291         3.0000
         8.0000         2.8770         0.0385         0.5950         0.0272         3.0000
         8.0400         2.9071         0.0371         0.6226         0.0405         3.0000
         8.0800         2.9367         0.0406         0.6303         0.0399         3.0000
         8.1200         2.9729         0.0352         0.6410         0.0401         3.0000
         8.1600         2.9993         0.0382         0.6434         0.0428         3.0000
         8.2000         3.0433         0.0442         0.6564         0.0295         3.0000
         8.2400         3.1015         0.0513         0.6623         0.0389         3.0000
         8.2800         3.1262         0.0542         0.6731         0.0329         3.0000
         8.3200         3.1907         0.0511         0.6823         0.0326         3.0000
         8.3600         3.2272         0.0532         0.6862         0.0318         3.0000
         8.4000         3.2640         0.0525         0.7002         0.0293         3.0000
         8.4400         3.3004         0.0553         0.7074         0.0291         3.0000
         8.4800         3.3434         0.0557         0.7171         0.0292         3.0000
         8.5200         3.3779         0.0561         0.7230         0.0308         3.0000
         8.5600         3.4104         0.0583         0.7298         0.0263         3.0000
         8.6000         3.4772         0.0615         0.7364         0.0274         3.0000
         8.6400         3.5373         0.0616         0.7385         0.0265         3.0000
         8.6800         3.6007         0.0604         0.7503         0.0237         3.0000
         8.7200         3.6703         0.0636         0.7480         0.0233         3.0000
         8.7600         3.7273         0.0602         0.7568         0.0229         3.0000
         8.8000         3.7843         0.0564         0.7617         0.0224         3.0000
         8.8400         3.8309         0.0592         0.7605         0.0230         3.0000
         8.8800         3.8851         0.0583         0.7625         0.0223         3.0000
         8.9200         3.9131         0.0681         0.7601         0.0259         3.0000
         8.9600         3.9744         0.0705         0.7530         0.0222         3.0000
         9.0000         4.0318         0.0742         0.7481         0.0279         3.0000
         9.0400         4.0930         0.0738         0.7566         0.0309         3.0000
         9.0800         4.1619         0.0818         0.7380         0.0327         3.0000
         9.1200         4.2067         0.0928         0.7312         0.0335         3.0000
         9.1600         4.2623         0.0937         0.7378         0.0274         3.0000
         9.2000         4.3317         0.0946         0.7399         0.0349         3.0000
         9.2400         4.3955         0.0974         0.7448         0.0335         3.0000
         9.2800         4.4700         0.1021         0.7516         0.0365         3.0000
         9.3200         4.5196         0.0948         0.7399         0.0275         3.0000
         9.3600         4.5643         0.0930         0.7510         0.0345         3.0000
         9.4000         4.6257         0.0930         0.7411         0.0251         3.0000
         9.4400         4.6668         0.0982         0.7417         0.0205         3.0000
         9.4800         4.6861         0.0925         0.7389         0.0199         3.0000
         9.5200         4.7329         0.0908         0.7340         0.0196         3.0000
         9.5600         4.7822         0.0999         0.7297         0.0227         3.0000
         9.6000         4.8487         0.1115         0.7164         0.0291         3.0000
         9.6400         4.9163         0.1119         0.7070         0.0227         3.0000
         9.6800         4.9796         0.0894         0.6983         0.0206         3.0000
         9.7200         5.0343         0.0678         0.6847         0.0202         3.0000
         9.7600         5.0832         0.0648         0.6692         0.0189         3.0000
         9.8000         5.1578         0.0759         0.6579         0.0189         3.0000
         9.8400         5.2401         0.0596         0.6435         0.0185         3.0000
         9.8800         5.2942         0.0859         0.6403         0.0263         3.0000
         9.9200         5.3783         0.0866         0.6334         0.0262         3.0000
         9.9600         5.4518         0.0702         0.6266         0.0254         3.0000
        10.0000         5.5125         0.0525         0.6220         0.0208         3.0000
        10.0400         5.6136         0.0530         0.6045         0.0227         3.0000
        10.0800         5.6890         0.0529         0.5875         0.0228         3.0000
        10.1200         5.7461         0.0545         0.5725         0.0199         3.0000
        10.1600         5.8213         0.0513         0.5544         0.0198         3.0000
        10.2000         5.8753         0.0510         0.5385         0.0191         3.0000
        10.2400         5.9394         0.0610         0.5243         0.0166         3.0000
        10.2800         6.0045         0.0637         0.5090         0.0166         3.0000
        10.3200         6.0737         0.0684         0.4898         0.0142         2.9999
        10.3600         6.1660         0.0653         0.4714         0.0150         2.9999
        10.4000         6.2300         0.0405         0.4504         0.0126         2.9998
        10.4400         6.2637         0.0364         0.4205         0.0124         2.9995
        10.4800         6.3529         0.0443         0.3955         0.0132         2.9991
        10.5200         6.4185         0.0476         0.3752         0.0119         2.9983
        10.5600         6.4957         0.0421         0.3477         0.0113         2.9967
        10.6000         6.5966         0.0421         0.3281         0.0105         2.9939
        10.6400         6.6889         0.0470         0.2994         0.0110         2.9887
        10.6800         6.7996         0.0450         0.2808         0.0100         2.9794
        10.7200         6.8863         0.0459         0.2548         0.0087         2.9628
        10.7600         6.9800         0.0505         0.2266         0.0075         2.9337
        10.8000         7.0468         0.0552         0.2035         0.0067         2.8836
        10.8400         7.1302         0.0554         0.1756         0.0059         2.7989
        10.8800         7.2250         0.0544         0.1456         0.0052         2.6595
        10.9200         7.3327         0.0544         0.1078         0.0035         2.4386
        10.9600         7.4056         0.0535         0.0726         0.0025         2.1073
        11.0000         7.5257         0.0582         0.0410         0.0015         1.6517
        11.0400         7.6523         0.0869        11.8561         0.2228         1.1036
        11.0800         7.7615         0.0662        11.8959         0.2222         0.5693
        11.1200         7.8658         0.0975        11.9496         0.2163         0.1937
        11.1600         7.9545         0.1042        11.9564         0.2086         0.0339
        11.2000         8.0823         0.1154        12.0233         0.2176         0.0021
        11.2400         8.2116         0.0918        12.0707         0.2024         0.0000
        11.2800         8.3399         0.1002        12.1179         0.1684         0.0000
        11.3200         8.4676         0.0853        12.1582         0.1662         0.0000
        11.3600         8.5635         0.0755        12.2771         0.1818         0.0000
        11.4000         8.6592         0.0750        12.3132         0.1826         0.0000
        11.4400         8.7773         0.0826        12.3692         0.2026         0.0000
        11.4800         8.9002         0.0825        12.4490         0.1978         0.0000
        11.5200         8.9863         0.0835        12.5308         0.1914         0.0000
        11.5600         9.0769         0.0871        12.5712         0.1920         0.0000
        11.6000         9.1352         0.0914        12.6287         0.1697         0.0000
        11.6400         9.2571         0.0900        12.6719         0.1823         0.0000
        11.6800         9.3913         0.0901        12.7440         0.1791         0.0000
        11.7200         9.4866         0.0816        12.8203         0.1734         0.0000
        11.7600         9.5786         0.0985        12.8573         0.1780         0.0000
        11.8000         9.6805         0.0837        12.9533         0.1718         0.0000
        11.8400         9.7700         0.0833        13.0156         0.1734         0.0000
        11.8800         9.8252         0.0849        13.0316         0.1767         0.0000
        11.9200         9.9398         0.0956        13.0612         0.1467         0.0000
        11.9600        10.0367         0.0931        13.1307         0.1505         0.0000
        12.0000        10.1303         0.0767        13.2032         0.1566         0.0000
        12.0400        10.2529         0.0942        13.2172         0.1591         0.0000
        12.0800        10.3494         0.0882        13.2780         0.1593         0.0000
        12.1200        10.4238         0.0946        13.3439         0.1625         0.0000
        12.1600        10.4971         0.0985        13.4244         0.1617         0.0000
        12.2000        10.6340         0.0926        13.5043         0.1996         0.0000
        12.2400        10.7436         0.0938        13.5861         0.2013         0.0000
        12.2800        10.8473         0.1112        13.6206         0.1785         0.0000
        12.3200        10.9630         0.1080        13.6715         0.1785         0.0000
        12.3600        11.0740         0.1029        13.7077         0.1740         0.0000
        12.4000        11.1790         0.0891        13.7510         0.1468         0.0000
        12.4400        11.3150         0.0851        13.8138         0.1666         0.0000
        12.4800        11.4130         0.0845        13.8803         0.1599         0.0000
        12.5200        11.5051         0.0941        13.9604         0.1217         0.0000
        12.5600        11.6392         0.0971        14.0288         0.1168         0.0000
        12.6000        11.7228         0.0706        14.0729         0.1205         0.0000
        12.6400        11.7640         0.0710        14.1600         0.1565         0.0000
        12.6800        11.8718         0.0969        14.2458         0.1689         0.0000
        12.7200        11.9355         0.1015        14.3661         0.1889         0.0000
        12.7600        12.0148         0.0662        14.4142         0.2006         0.0000
        12.8000        12.1296         0.0712        14.5174         0.1804         0.0000
        12.8400        12.2548         0.0741        14.5741         0.2026         0.0000
        12.8800        12.3552         0.0773        14.6392         0.2075         0.0000
        12.9200        12.4301         0.0760        14.7201         0.1654         0.0000
        12.9600        12.5818         0.0865        14.8396         0.2129         0.0000
        13.0000        12.6859         0.0896        14.9192         0.2079         0.0000
        13.0400        12.7533         0.0902        14.9235         0.1851         0.0000
        13.0800        12.8599         0.0930        15.0097         0.2061         0.0000
        13.1200        12.9894         0.0967        15.1014         0.2114         0.0000
        13.1600        13.0171         0.0999        15.1605         0.2134         0.0000
        13.2000        13.1233         0.0974        15.2082         0.1702         0.0000
        13.2400        13.2297         0.1023        15.2363         0.1648         0.0000
        13.2800        13.2861         0.1014        15.3354         0.1704         0.0000
        13.3200        13.3720         0.0968        15.4034         0.1809         0.0000
        13.3600        13.4601         0.0886        15.4684         0.1703         0.0000
        13.4000        13.5893         0.0946        15.5692         0.1600         0.0000
        13.4400        13.7345         0.0949        15.6754         0.1420         0.0000
        13.4800        13.8756         0.1005        15.7682         0.1197         0.0000
        13.5200        13.9358         0.0999        15.8597         0.1077         0.0000
        13.5600        14.0371         0.1011        15.9653         0.1349         0.0000
        13.6000        14.1218         0.0921        16.0532         0.1450         0.0000
        13.6400        14.2365         0.0977        16.1274         0.1466         0.0000
        13.6800        14.3203         0.1088        16.2134         0.1391         0.0000
        13.7200        14.3638         0.1102        16.3210         0.1257         0.0000
        13.7600        14.4452         0.1474        16.4352         0.1399         0.0000
        13.8000        14.5350         0.1535        16.4835         0.1394         0.0000
        13.8400        14.6522         0.1540        16.5123         0.1364         0.0000
        13.8800        14.7531         0.1609        16.6054         0.1205         0.0000
        13.9200        14.8668         0.1025        16.6906         0.1263         0.0000
        13.9600        14.9830         0.0996        16.7951         0.1300         0.0000
        14.0000        15.0878         0.0999        16.9530         0.1282         0.0000
        14.0400        15.2176         0.0946        17.0970         0.1367         0.0000
        14.0800        15.3346         0.0962        17.1616         0.1328         0.0000
        14.1200        15.4248         0.0997        17.2645         0.1389         0.0000
        14.1600        15.4890         0.0966        17.3432         0.1393         0.0000
        14.2000        15.6046         0.1001        17.4563         0.1336         0.0000
        14.2400        15.6788         0.1103        17.5535         0.1379         0.0000
        14.2800        15.7319         0.1061        17.6236         0.1369         0.0000
        14.3200        15.8756         0.0986        17.7201         0.1300         0.0000
        14.3600        15.9622         0.1362        17.7947         0.1271         0.0000
        14.4000        16.0682         0.1377        17.8785         0.1112         0.0000
        14.4400        16.1863         0.1029        18.0071         0.1052         0.0000
        14.4800        16.2998         0.1281        18.1432         0.1074         0.0000
        14.5200        16.3944         0.1058        18.2277         0.1155         0.0000
        14.5600        16.4476         0.1297        18.3153         0.1183         0.0000
        14.6000        16.4957         0.1373        18.4047         0.1237         0.0000
        14.6400        16.5580         0.1286        18.4951         0.1420         0.0000
        14.6800        16.6823         0.1329        18.5614         0.1392         0.0000
        14.7200        16.7314         0.1218        18.6882         0.1306         0.0000
        14.7600        16.8974         0.1141        18.8106         0.1612         0.0000
        14.8000        16.9861         0.1167        18.9139         0.1288         0.0000
        14.8400        17.0948         0.1161        19.0093         0.1317         0.0000
        14.8800        17.2132         0.1332        19.0797         0.1300         0.0000
        14.9200        17.3099         0.1336        19.1770         0.1280         0.0000
        14.9600        17.4683         0.1156        19.2019         0.1360         0.0000
        15.0000        17.5722         0.1245        19.2849         0.1383         0.0000
        15.0400        17.6578         0.1099        19.2979         0.1402         0.0000
        15.0800        17.7659         0.1081        19.3701         0.1329         0.0000
        15.1200        17.8392         0.1119        19.4564         0.1175         0.0000
        15.1600        17.9889         0.1177        19.4882         0.1198         0.0000
        15.2000        18.1250         0.1113        19.5841         0.1126         0.0000
        15.2400        18.2854         0.1137        19.6769         0.1036         0.0000
        15.2800        18.4401         0.1124        19.7461         0.0985         0.0000
        15.3200        18.5860         0.1112        19.8176         0.0926         0.0000
        15.3600        18.7012         0.1065        19.9062         0.0912         0.0000
        15.4000        18.7905         0.1092        19.9755         0.1031         0.0000
        15.4400        18.9313         0.1063        20.1117         0.1027         0.0000
        15.4800        19.0957         0.1060        20.1833         0.1075         0.0000
        15.5200        19.2636         0.1063        20.2698         0.1053         0.0000
        15.5600        19.3292         0.1136        20.3554         0.1036         0.0000
        15.6000        19.4167         0.1170        20.4597         0.1026         0.0000
        15.6400        19.5056         0.1134        20.5376         0.0973         0.0000
        15.6800        19.6891         0.1128        20.6335         0.0997         0.0000
        15.7200        19.8117         0.1156        20.7353         0.1032         0.0000
        15.7600        19.9675         0.1166        20.8139         0.1363         0.0000
        15.8000        20.0435         0.1231        20.9647         0.1387         0.0000
        15.8400        20.1753         0.1283        21.0948         0.1355         0.0000
        15.8800        20.3160         0.1386        21.2252         0.1439         0.0000
        15.9200        20.3965         0.1510        21.3838         0.1431         0.0000
        15.9600        20.4836         0.1664        21.4635         0.1391         0.0000
        16.0000        20.5411         0.1764        21.5892         0.1770         0.0000
        16.0400        20.6593         0.1502        21.7176         0.1613         0.0000
        16.0800        20.7696         0.1572        21.8731         0.1257         0.0000
        16.1200        20.9437         0.1274        21.9487         0.1324         0.0000
        16.1600        21.0462         0.1262        22.0129         0.0969         0.0000
        16.2000        21.1927         0.1230        22.0831         0.1004         0.0000
        16.2400        21.2441         0.1236        22.2006         0.1051         0.0000
        16.2800        21.3495         0.1285        22.3255         0.1084         0.0000
        16.3200        21.5016         0.1275        22.4369         0.1066         0.0000
        16.3600        21.6859         0.1313        22.5364         0.1037         0.0000
        16.4000        21.8071         0.1141        22.6246         0.1020         0.0000
        16.4400        21.9374         0.1321        22.7137         0.0911         0.0000
        16.4800        22.0623         0.1186        22.7899         0.0956         0.0000
        16.5200        22.2060         0.1277        22.9085         0.0996         0.0000
        16.5600        22.3124         0.1192        23.0297         0.0974         0.0000
        16.6000        22.4195         0.1139        23.1977         0.0939         0.0000
        16.6400        22.5100         0.1159        23.2702         0.0969         0.0000
        16.6800        22.6291         0.0984        23.3158         0.0986         0.0000
        16.7200        22.7093         0.1028        23.4047         0.1017         0.0000
        16.7600        22.8633         0.0952        23.5180         0.1094         0.0000
        16.8000        23.0068         0.1069        23.6517         0.0980         0.0000
        16.8400        23.1353         0.1041        23.7640         0.0955         0.0000
        16.8800        23.2169         0.0850        23.8372         0.0934         0.0000
        16.9200        23.3039         0.0888        23.9424         0.1074         0.0000
        16.9600        23.3854         0.1050        24.0618         0.1139         0.0000
        17.0000        23.5006         0.1070        24.1849         0.1112         0.0000
        17.0400        23.6175         0.1070        24.3002         0.1190         0.0000
        17.0800        23.7316         0.1218        24.3937         0.1221         0.0000
        17.1200        23.8921         0.0926        24.5336         0.1322         0.0000
        17.1600        24.0658         0.0950        24.6932         0.1358         0.0000
        17.2000        24.1899         0.1282        24.7652         0.1227         0.0000
        17.2400        24.3273         0.1392        24.8670         0.1137         0.0000
        17.2800        24.4667         0.1264        25.0373         0.1174         0.0000
        17.3200        24.6026         0.1187        25.1584         0.1161         0.0000
        17.3600        24.7082         0.1305        25.2369         0.1218         0.0000
        17.4000        24.8684         0.1222        25.3893         0.1164         0.0000
        17.4400        25.0119         0.1203        25.5319         0.1092         0.0000
        17.4800        25.1619         0.1302        25.6616         0.1060         0.0000
        17.5200        25.2717         0.1354        25.7464         0.1156         0.0000
        17.5600        25.3810         0.1310        25.8475         0.1197         0.0000
        17.6000        25.4656         0.1337        25.9446         0.1318         0.0000
        17.6400        25.5578         0.1456        26.0471         0.1411         0.0000
        17.6800        25.5744         0.1389        26.1394         0.1491         0.0000
        17.7200        25.7131         0.1464        26.2805         0.1355         0.0000
        17.7600        25.8746         0.1436        26.4343         0.1395         0.0000
        17.8000        26.0028         0.1465        26.5760         0.1481         0.0000
        17.8400        26.0374         0.1385        26.7115         0.1399         0.0000
        17.8800        26.1753         0.1356        26.8586         0.1531         0.0000
        17.9200        26.3012         0.1318        26.9548         0.1642         0.0000
        17.9600        26.4316         0.1275        27.0563         0.1731         0.0000
        18.0000        26.5667         0.1293        27.2405         0.1674         0.0000
        18.0400        26.6660         0.1344        27.2939         0.1475         0.0000
        18.0800        26.7636         0.1430        27.4387         0.1813         0.0000
        18.1200        26.8791         0.1491        27.6216         0.1835         0.0000
        18.1600        27.0658         0.1445        27.7637         0.1858         0.0000
        18.2000        27.1885         0.1513        27.8902         0.1929         0.0000
        18.2400        27.3267         0.1515        28.0982         0.1906         0.0000
        18.2800        27.4543         0.1802        28.2299         0.1594         0.0000
        18.3200        27.5582         0.1910        28.4121         0.1463         0.0000
        18.3600        27.7010         0.1891        28.6152         0.1332         0.0000
        18.4000        27.7497         0.1434        28.8114         0.1724         0.0000
        18.4400        27.8596         0.1528        29.0050         0.1919         0.0000
        18.4800        28.0082         0.2007        29.1770         0.1942         0.0000
        18.5200        28.1486         0.2160        29.3273         0.2054         0.0000
        18.5600        28.2632         0.2045        29.4351         0.2261         0.0000
        18.6000        28.3529         0.2736        29.5928         0.2365         0.0000
        18.6400        28.4492         0.2104        29.7595         0.2463         0.0000
        18.6800        28.5727         0.2709        29.9310         0.2330         0.0000
        18.7200        28.7246         0.2237        30.0675         0.2341         0.0000
        18.7600        28.8289         0.2706        30.1659         0.2128         0.0000
        18.8000        29.0011         0.2920        30.2858         0.2210         0.0000
        18.8400        29.1069         0.3240        30.4509         0.2271         0.0000
        18.8800        29.2558         0.3310        30.5187         0.2316         0.0000
        18.9200        29.3290         0.3103        30.6792         0.2423         0.0000
        18.9600        29.4993         0.3150        30.8090         0.2315         0.0000
        19.0000        29.6448         0.2510        30.9622         0.2338         0.0000
        19.0400        29.7816         0.2943        31.0342         0.2295         0.0000
        19.0800        29.8905         0.2383        31.1934         0.2142         0.0000
        19.1200        30.0510         0.2487        31.2842         0.2349         0.0000
        19.1600        30.1297         0.2387        31.4580         0.2408         0.0000
        19.2000        30.2288         0.2900        31.5514         0.2401         0.0000
        19.2400        30.3385         0.3159        31.7319         0.2401         0.0000
        19.2800        30.4293         0.3611        31.8444         0.2165         0.0000
        19.3200        30.6017         0.3039        31.9912         0.2281         0.0000
        19.3600        30.7876         0.3290        32.0380         0.2113         0.0000
        19.4000        31.0080         0.3305        32.2245         0.2035         0.0000
        19.4400        31.1997         0.3057        32.3920         0.2028         0.0000
        19.4800        31.3558         0.2791        32.5555         0.1953         0.0000
        19.5200        31.5302         0.2659        32.6873         0.1962         0.0000
        19.5600        31.6710         0.2471        32.8109         0.2108         0.0000
        19.6000        31.8428         0.2351        32.9401         0.2104         0.0000
        19.6400        32.0045         0.2088        33.0647         0.1997         0.0000
        19.6800        32.1928         0.2159        33.1559         0.2093         0.0000
        19.7200        32.3029         0.1997        33.2612         0.2068         0.0000
        19.7600        32.4922         0.1784        33.3722         0.2248         0.0000
        19.8000        32.6390         0.1806        33.5334         0.2160         0.0000
        19.8400        32.7870         0.1958        33.6857         0.2300         0.0000
        19.8800        32.9864         0.2099        33.8650         0.2269         0.0000
        19.9200        32.9134         0.2148        33.8210         0.2429         0.0000
        19.9600        30.9243         0.1969        31.7795         0.2339         0.0000
        20.0000        22.9758         0.1624        23.5845         0.1659         0.0000
