   8.0000004E-002   0.0000000E+000   0.0000000E+000   0.0000000E+000   0.0000000E+000
   1.2000000E-001   0.0000000E+000   0.0000000E+000   0.0000000E+000   0.0000000E+000
   1.6000001E-001   0.0000000E+000   0.0000000E+000   0.0000000E+000   0.0000000E+000
   2.0000000E-001   0.0000000E+000   0.0000000E+000   0.0000000E+000   0.0000000E+000
   2.4000000E-001   0.0000000E+000   0.0000000E+000   0.0000000E+000   0.0000000E+000
   2.8000001E-001   0.0000000E+000   0.0000000E+000   0.0000000E+000   0.0000000E+000
   3.2000002E-001   0.0000000E+000   0.0000000E+000   0.0000000E+000   0.0000000E+000
   3.5999998E-001   0.0000000E+000   0.0000000E+000   0.0000000E+000   0.0000000E+000
   3.9999999E-001   0.0000000E+000   0.0000000E+000   0.0000000E+000   0.0000000E+000
   4.4000000E-001   0.0000000E+000   0.0000000E+000   0.0000000E+000   0.0000000E+000
   4.8000000E-001   0.0000000E+000   0.0000000E+000   0.0000000E+000   0.0000000E+000
   5.2000001E-001   0.0000000E+000   0.0000000E+000   0.0000000E+000   0.0000000E+000
   5.6000002E-001   0.0000000E+000   0.0000000E+000   0.0000000E+000   0.0000000E+000
   5.9999999E-001   0.0000000E+000   0.0000000E+000   0.0000000E+000   0.0000000E+000
   6.4000003E-001   0.0000000E+000   0.0000000E+000   0.0000000E+000   0.0000000E+000
   6.8000004E-001   0.0000000E+000   0.0000000E+000   0.0000000E+000   0.0000000E+000
   7.1999997E-001   0.0000000E+000   0.0000000E+000   0.0000000E+000   0.0000000E+000
   7.5999998E-001   0.0000000E+000   0.0000000E+000   0.0000000E+000   0.0000000E+000
   7.9999998E-001   0.0000000E+000   0.0000000E+000   0.0000000E+000   0.0000000E+000
   8.3999999E-001   0.0000000E+000   0.0000000E+000   0.0000000E+000   0.0000000E+000
   8.8000000E-001   0.0000000E+000   0.0000000E+000   0.0000000E+000   0.0000000E+000
   9.2000000E-001   0.0000000E+000   0.0000000E+000   0.0000000E+000   0.0000000E+000
   9.6000001E-001   0.0000000E+000   0.0000000E+000   0.0000000E+000   0.0000000E+000
   1.0000000E+000   0.0000000E+000   0.0000000E+000   0.0000000E+000   0.0000000E+000
   1.0400000E+000   1.6433439E-005   1.9120593E-006   2.0489147E-005   2.3081055E-006
   1.0800000E+000   2.9354002E-005   3.5581070E-006   3.9356229E-005   3.6451553E-006
   1.1200000E+000   5.2264774E-005   5.6133869E-006   6.3631056E-005   5.5941445E-006
   1.1600000E+000   6.5378984E-005   7.3798835E-006   9.1156691E-005   8.0216046E-006
   1.2000000E+000   8.6423215E-005   9.7135107E-006   1.2574889E-004   1.1307975E-005
   1.2400000E+000   1.0148924E-004   1.0684776E-005   1.5195570E-004   1.2791284E-005
   1.2800001E+000   1.1580482E-004   1.2783831E-005   1.8583590E-004   1.6063082E-005
   1.3200000E+000   1.4090505E-004   1.3957311E-005   2.0433294E-004   1.6547670E-005
   1.3600001E+000   1.6404817E-004   1.4809043E-005   2.3052169E-004   1.9599385E-005
   1.4000000E+000   1.9514003E-004   1.6862469E-005   2.6237126E-004   2.1781866E-005
   1.4399999E+000   2.2904882E-004   1.9268481E-005   3.0249562E-004   2.3182281E-005
   1.4800000E+000   2.5605574E-004   1.9816958E-005   3.3467849E-004   2.4274388E-005
   1.5200000E+000   2.8603262E-004   2.1268346E-005   3.7236329E-004   2.5832227E-005
   1.5600000E+000   3.2757867E-004   2.1889772E-005   4.2752088E-004   3.0506254E-005
   1.6000000E+000   3.4422092E-004   2.5046204E-005   4.4497898E-004   3.1487861E-005
   1.6400000E+000   3.7672561E-004   2.4888991E-005   4.7566837E-004   3.2780481E-005
   1.6800000E+000   3.9450280E-004   2.7929989E-005   5.0733979E-004   3.5163366E-005
   1.7200001E+000   4.1630908E-004   3.0077701E-005   5.4415132E-004   3.5933051E-005
   1.7600000E+000   4.3620388E-004   3.0441311E-005   5.9458336E-004   3.7831977E-005
   1.8000001E+000   4.5586284E-004   3.1335062E-005   6.5955550E-004   4.3849535E-005
   1.8400000E+000   4.8299488E-004   2.9928738E-005   7.3131389E-004   4.7510455E-005
   1.8799999E+000   5.1992207E-004   3.0713620E-005   8.0477888E-004   4.8529594E-005
   1.9200000E+000   5.4236185E-004   3.3760275E-005   8.2610031E-004   5.5577012E-005
   1.9599999E+000   5.7767665E-004   3.4033903E-005   9.0693477E-004   5.8542374E-005
   2.0000000E+000   6.0845516E-004   3.3655516E-005   9.5458094E-004   5.6792659E-005
   2.0400000E+000   6.4567996E-004   3.3416674E-005   1.0105330E-003   5.6114014E-005
   2.0800000E+000   6.8080065E-004   3.5249322E-005   1.0528269E-003   5.8042775E-005
   2.1200000E+000   7.1230919E-004   2.9773154E-005   1.1257977E-003   5.9520847E-005
   2.1600001E+000   7.8061890E-004   3.3163030E-005   1.1759387E-003   6.0537200E-005
   2.2000000E+000   8.1940093E-004   3.3430334E-005   1.2568361E-003   6.1894998E-005
   2.2400001E+000   8.6303789E-004   3.8005034E-005   1.3155924E-003   6.3350354E-005
   2.2800000E+000   9.2167898E-004   4.0728751E-005   1.3975308E-003   6.5262753E-005
   2.3199999E+000   9.4488236E-004   4.3507501E-005   1.4762425E-003   6.6839413E-005
   2.3600000E+000   1.0150289E-003   4.9699219E-005   1.5210843E-003   7.9172786E-005
   2.3999999E+000   1.0873219E-003   5.5737504E-005   1.5731491E-003   9.3419125E-005
   2.4400000E+000   1.1265340E-003   5.6023997E-005   1.6619031E-003   9.8112572E-005
   2.4800000E+000   1.1951463E-003   6.2669588E-005   1.7121122E-003   1.0009968E-004
   2.5200000E+000   1.2594901E-003   5.6463040E-005   1.8331876E-003   1.0549905E-004
   2.5600001E+000   1.3081986E-003   5.8543630E-005   1.9170717E-003   9.9759168E-005
   2.5999999E+000   1.3607761E-003   6.0165495E-005   1.9925731E-003   7.5346844E-005
   2.6400000E+000   1.4068149E-003   6.3099987E-005   2.1040706E-003   8.1306442E-005
   2.6800001E+000   1.4389446E-003   6.6752776E-005   2.1866676E-003   7.9691821E-005
   2.7200001E+000   1.4897924E-003   6.7360154E-005   2.2999396E-003   8.7937486E-005
   2.7599999E+000   1.5561648E-003   7.2865268E-005   2.3575854E-003   8.2095546E-005
   2.8000000E+000   1.6237286E-003   6.9348477E-005   2.4746819E-003   7.7880056E-005
   2.8400001E+000   1.6561282E-003   6.1988919E-005   2.6138032E-003   7.5245084E-005
   2.8799999E+000   1.7205836E-003   6.4664896E-005   2.6962710E-003   7.5393341E-005
   2.9200000E+000   1.7657422E-003   6.1291369E-005   2.7781853E-003   8.3489047E-005
   2.9600000E+000   1.8300338E-003   6.1080456E-005   2.8829907E-003   8.6485414E-005
   3.0000001E+000   1.8670483E-003   5.8520004E-005   2.9662719E-003   8.9434923E-005
   3.0399999E+000   1.9539558E-003   6.3016768E-005   3.0562216E-003   8.9177198E-005
   3.0800000E+000   2.0220643E-003   6.2445293E-005   3.1357587E-003   9.4794360E-005
   3.1200001E+000   2.0645888E-003   6.0181334E-005   3.2586920E-003   9.7570896E-005
   3.1600001E+000   2.1733633E-003   6.1804472E-005   3.4194236E-003   1.0307345E-004
   3.1999999E+000   2.2101817E-003   5.6487428E-005   3.5139886E-003   1.0239713E-004
   3.2400000E+000   2.2555539E-003   5.6768218E-005   3.6319658E-003   1.0687089E-004
   3.2800001E+000   2.2938116E-003   5.3884049E-005   3.8135421E-003   1.0460751E-004
   3.3199999E+000   2.3547600E-003   5.5721760E-005   3.9209599E-003   9.8197637E-005
   3.3600000E+000   2.4560523E-003   5.8017268E-005   4.0368577E-003   1.0023784E-004
   3.4000000E+000   2.5298358E-003   6.0911290E-005   4.1725785E-003   1.0789328E-004
   3.4400001E+000   2.5941012E-003   5.8302730E-005   4.3092193E-003   1.0616219E-004
   3.4799999E+000   2.6469533E-003   6.7007094E-005   4.4263618E-003   1.0372573E-004
   3.5200000E+000   2.7589868E-003   6.6755287E-005   4.5835182E-003   9.4989486E-005
   3.5600001E+000   2.8002102E-003   6.5284423E-005   4.7171175E-003   9.9344309E-005
   3.6000001E+000   2.8648358E-003   7.5776635E-005   4.8848625E-003   1.0239445E-004
   3.6399999E+000   2.8973853E-003   7.2754317E-005   5.0166996E-003   1.0556167E-004
   3.6800000E+000   2.9850238E-003   7.9602071E-005   5.0797186E-003   1.1484131E-004
   3.7200001E+000   3.0301481E-003   7.6924717E-005   5.2547401E-003   1.1776584E-004
   3.7599999E+000   3.1260303E-003   8.7608940E-005   5.3453088E-003   1.0518204E-004
   3.8000000E+000   3.2167445E-003   8.0765800E-005   5.5407067E-003   1.0442766E-004
   3.8400000E+000   3.2736546E-003   9.9205147E-005   5.6859856E-003   1.5482578E-004
   3.8800001E+000   3.3262949E-003   9.3443309E-005   5.8953596E-003   1.3912880E-004
   3.9199999E+000   3.4532158E-003   1.1120376E-004   6.0646034E-003   1.5119574E-004
   3.9600000E+000   3.5384410E-003   1.1115530E-004   6.2778337E-003   1.5041696E-004
   4.0000001E+000   3.5630014E-003   1.0145070E-004   6.4283543E-003   1.5916504E-004
   4.0400001E+000   3.6955308E-003   9.4573932E-005   6.6740319E-003   1.5253471E-004
   4.0799999E+000   3.7434239E-003   9.9333096E-005   6.7899041E-003   1.6009963E-004
   4.1200000E+000   3.8739917E-003   1.0525412E-004   7.0018727E-003   2.2006192E-004
   4.1600001E+000   3.9511825E-003   1.0623791E-004   7.1133569E-003   1.8909107E-004
   4.1999999E+000   4.0593402E-003   1.0976194E-004   7.2948386E-003   1.6975470E-004
   4.2399999E+000   4.1470074E-003   1.2658370E-004   7.5286371E-003   1.6217031E-004
   4.2800000E+000   4.3011518E-003   1.3554228E-004   7.6993292E-003   1.4957709E-004
   4.3200001E+000   4.4109812E-003   1.3590524E-004   7.8311382E-003   1.4667903E-004
   4.3599999E+000   4.5377255E-003   1.2882062E-004   7.9934937E-003   1.4378623E-004
   4.4000000E+000   4.6597770E-003   1.1740808E-004   8.2067013E-003   1.5006832E-004
   4.4400001E+000   4.7273947E-003   1.2211807E-004   8.3482035E-003   1.5466416E-004
   4.4800001E+000   4.7611836E-003   1.1004975E-004   8.4284489E-003   1.5099083E-004
   4.5199999E+000   4.8575323E-003   1.1932748E-004   8.6083860E-003   1.3804506E-004
   4.5600000E+000   4.9006338E-003   1.2379741E-004   8.7941092E-003   1.5119877E-004
   4.6000001E+000   4.9930970E-003   1.1448927E-004   8.8839297E-003   1.7818918E-004
   4.6399999E+000   5.0720368E-003   1.3377373E-004   8.9990551E-003   1.6115492E-004
   4.6799999E+000   5.1733383E-003   1.0961625E-004   9.2839368E-003   2.3744461E-004
   4.7200000E+000   5.2642435E-003   1.0745543E-004   9.4346309E-003   2.3929533E-004
   4.7600001E+000   5.3252865E-003   1.0810894E-004   9.6868464E-003   1.9849799E-004
   4.7999999E+000   5.4725481E-003   1.1262672E-004   9.8441569E-003   2.2506637E-004
   4.8400000E+000   5.5995982E-003   1.0314435E-004   9.9542184E-003   1.7108021E-004
   4.8800001E+000   5.6810469E-003   1.1640075E-004   1.0208169E-002   2.8044342E-004
   4.9200001E+000   5.7699300E-003   1.0707108E-004   1.0477624E-002   3.1402048E-004
   4.9599999E+000   5.9045314E-003   1.0599430E-004   1.0700584E-002   3.0837226E-004
   5.0000000E+000   5.9711120E-003   1.0231025E-004   1.0871351E-002   3.0872224E-004
   5.0400001E+000   6.0239910E-003   9.9276561E-005   1.1127547E-002   2.9415352E-004
   5.0800002E+000   6.0909356E-003   1.4815082E-004   1.1389929E-002   3.0240219E-004
   5.1200002E+000   6.2053389E-003   1.4143341E-004   1.1607554E-002   3.2993506E-004
   5.1599997E+000   6.2604016E-003   1.1081764E-004   1.1840199E-002   3.1595157E-004
   5.1999998E+000   6.3862645E-003   1.4526288E-004   1.1989358E-002   3.3729009E-004
   5.2399999E+000   6.4277969E-003   1.5845453E-004   1.2330389E-002   3.9060827E-004
   5.2800000E+000   6.4688098E-003   1.0082492E-004   1.2508677E-002   3.7091263E-004
   5.3200001E+000   6.5812475E-003   9.7664368E-005   1.2751425E-002   3.4310563E-004
   5.3600001E+000   6.6401160E-003   1.0275895E-004   1.3032204E-002   2.6538472E-004
   5.4000002E+000   6.7024745E-003   1.1204799E-004   1.3430688E-002   2.6018549E-004
   5.4400003E+000   6.7264449E-003   1.1035532E-004   1.3610885E-002   2.5119229E-004
   5.4799998E+000   6.8646344E-003   1.6205837E-004   1.3869842E-002   2.6899803E-004
   5.5199999E+000   6.9064050E-003   1.6719425E-004   1.4088363E-002   2.8663135E-004
   5.5599999E+000   7.0084420E-003   1.4863314E-004   1.4380906E-002   3.1959307E-004
   5.6000000E+000   7.0882417E-003   1.3048474E-004   1.4602498E-002   3.0067763E-004
   5.6400001E+000   7.1291488E-003   1.4720962E-004   1.4984887E-002   2.9694486E-004
   5.6800002E+000   7.2232705E-003   1.2501321E-004   1.5273467E-002   3.0191497E-004
   5.7200003E+000   7.3007445E-003   1.1659718E-004   1.5578460E-002   3.0882681E-004
   5.7599998E+000   7.3644949E-003   1.2738528E-004   1.5942004E-002   2.8338239E-004
   5.7999998E+000   7.4299528E-003   1.6632645E-004   1.6314116E-002   3.1402560E-004
   5.8399999E+000   7.5501168E-003   1.8072479E-004   1.6684945E-002   3.2656939E-004
   5.8800000E+000   7.6280348E-003   1.7087663E-004   1.6986557E-002   3.1619562E-004
   5.9200001E+000   7.7016950E-003   1.5262359E-004   1.7163032E-002   3.3667075E-004
   5.9600002E+000   7.7766503E-003   1.6066784E-004   1.6474161E-002   3.3288370E-004
   6.0000002E+000   7.8105052E-003   1.6462622E-004   1.5730755E-002   3.3262806E-004
   6.0399997E+000   7.8781924E-003   1.6454477E-004   7.3335258E-005   5.2043405E-006
   6.0799998E+000   7.8834251E-003   1.6137790E-004   1.2699536E-004   8.0433680E-006
   6.1199999E+000   7.9017787E-003   1.3883216E-004   1.9641023E-004   1.3591928E-005
   6.1600000E+000   7.9726059E-003   1.6748786E-004   2.5875024E-004   1.6956575E-005
   6.2000000E+000   8.0709898E-003   1.6367073E-004   3.1899459E-004   1.9066076E-005
   6.2400001E+000   8.1340833E-003   1.7107077E-004   3.8697686E-004   2.3212322E-005
   6.2800002E+000   8.1623049E-003   1.7511263E-004   4.4855251E-004   2.5697352E-005
   6.3200003E+000   8.2341747E-003   1.9243649E-004   5.2617246E-004   2.9575921E-005
   6.3599998E+000   8.3589671E-003   1.7042477E-004   5.6129421E-004   3.0495767E-005
   6.3999999E+000   8.4290765E-003   1.7206472E-004   6.0544873E-004   3.2175710E-005
   6.4399999E+000   8.5142127E-003   1.6930553E-004   6.5289782E-004   3.4344198E-005
   6.4800000E+000   8.5504617E-003   1.5262095E-004   7.1721591E-004   3.5861525E-005
   6.5200001E+000   8.6772898E-003   1.6793538E-004   7.9042070E-004   3.7827056E-005
   6.5600002E+000   8.8656520E-003   1.8418376E-004   8.4098597E-004   4.3665332E-005
   6.6000003E+000   8.9210977E-003   2.1666376E-004   8.8154727E-004   4.3673623E-005
   6.6399997E+000   8.9613438E-003   2.1892799E-004   9.6305801E-004   4.3541868E-005
   6.6799998E+000   9.1146013E-003   2.0795795E-004   1.0014277E-003   4.2384269E-005
   6.7199999E+000   9.1914306E-003   2.0590762E-004   1.0618089E-003   4.0944871E-005
   6.7600000E+000   9.2653131E-003   1.7300713E-004   1.1267746E-003   4.3753230E-005
   6.8000001E+000   9.3865924E-003   1.9130025E-004   1.1952787E-003   4.2324220E-005
   6.8400002E+000   9.5264767E-003   1.8640028E-004   1.2645833E-003   4.3788174E-005
   6.8800002E+000   9.5657433E-003   1.7610840E-004   1.3015904E-003   5.0442096E-005
   6.9199997E+000   9.7068031E-003   1.8456806E-004   1.3675909E-003   5.5483785E-005
   6.9599998E+000   9.7634981E-003   1.9436874E-004   1.3866203E-003   4.8519061E-005
   6.9999999E+000   9.8978895E-003   1.9180705E-004   1.4660836E-003   4.8684141E-005
   7.0400000E+000   9.9752761E-003   1.8856548E-004   1.5202322E-003   5.8846339E-005
   7.0800000E+000   1.0056140E-002   1.7614966E-004   1.5814090E-003   5.9788406E-005
   7.1200001E+000   1.0126290E-002   1.9280978E-004   1.6137063E-003   8.4849291E-005
   7.1600002E+000   1.0189234E-002   1.8703632E-004   1.6763545E-003   7.4545764E-005
   7.2000003E+000   1.0243175E-002   1.7736529E-004   1.7121214E-003   9.3083185E-005
   7.2399998E+000   1.0326730E-002   1.7766340E-004   1.7411359E-003   8.4346338E-005
   7.2799999E+000   1.0399007E-002   1.6431817E-004   1.7921061E-003   9.5493966E-005
   7.3199999E+000   1.0645091E-002   1.6649960E-004   1.8274335E-003   7.2941725E-005
   7.3600000E+000   1.0776642E-002   2.0625640E-004   1.8605511E-003   9.1444449E-005
   7.4000001E+000   1.0852870E-002   1.9129284E-004   1.9090871E-003   9.2882027E-005
   7.4400002E+000   1.1000392E-002   2.5524038E-004   2.0035130E-003   9.8146045E-005
   7.4800003E+000   1.1057159E-002   2.0253635E-004   2.0367047E-003   9.9231296E-005
   7.5199997E+000   1.1153631E-002   2.2758207E-004   2.0855291E-003   9.8011981E-005
   7.5599998E+000   1.1357630E-002   2.5392400E-004   2.1474919E-003   1.0164731E-004
   7.5999999E+000   1.1544033E-002   2.6254670E-004   2.1920047E-003   1.0546951E-004
   7.6400000E+000   1.1614441E-002   2.0520633E-004   2.2232157E-003   1.0905672E-004
   7.6800001E+000   1.1817121E-002   2.6501522E-004   2.2668429E-003   1.1871936E-004
   7.7200001E+000   1.1944726E-002   2.6646126E-004   2.3126251E-003   1.1633749E-004
   7.7600002E+000   1.2122720E-002   2.5676728E-004   2.3425444E-003   1.2251611E-004
   7.7999997E+000   1.2291743E-002   1.9245591E-004   2.4115965E-003   1.1701536E-004
   7.8399998E+000   1.2468205E-002   1.9257846E-004   2.4800760E-003   1.2530467E-004
   7.8799999E+000   1.2617684E-002   1.7024743E-004   2.5227904E-003   1.3101778E-004
   7.9200000E+000   1.2727387E-002   1.5832213E-004   2.5704346E-003   1.2345602E-004
   7.9600000E+000   1.2861195E-002   1.6460227E-004   2.6216784E-003   1.3080608E-004
   8.0000001E+000   1.2950014E-002   1.6852749E-004   2.6802905E-003   1.2293421E-004
   8.0400002E+000   1.3069944E-002   1.5649531E-004   2.8220886E-003   1.8497914E-004
   8.0800003E+000   1.3210021E-002   1.8165559E-004   2.8297439E-003   1.7949815E-004
   8.1199998E+000   1.3376266E-002   1.6002563E-004   2.8946349E-003   1.8433403E-004
   8.1599998E+000   1.3475422E-002   1.6854800E-004   2.9165426E-003   1.9419522E-004
   8.1999999E+000   1.3687384E-002   2.0560098E-004   2.9701357E-003   1.7350275E-004
   8.2400000E+000   1.3983637E-002   2.3113471E-004   3.0031939E-003   1.4432597E-004
   8.2800001E+000   1.4018197E-002   2.4116746E-004   3.0279438E-003   1.4516694E-004
   8.3200002E+000   1.4378174E-002   2.3524044E-004   3.0627948E-003   1.4577352E-004
   8.3600003E+000   1.4520828E-002   2.3776234E-004   3.0851129E-003   1.4477559E-004
   8.3999997E+000   1.4723913E-002   2.3786146E-004   3.1446273E-003   1.3251529E-004
   8.4399998E+000   1.4816728E-002   2.4001253E-004   3.1879755E-003   1.3425480E-004
   8.4799999E+000   1.5064190E-002   2.5691306E-004   3.2453786E-003   1.3248673E-004
   8.5200000E+000   1.5192071E-002   2.5559343E-004   3.2669338E-003   1.4110927E-004
   8.5600001E+000   1.5369286E-002   2.6707171E-004   3.2807942E-003   1.1768221E-004
   8.6000001E+000   1.5648051E-002   2.7234941E-004   3.3294787E-003   1.3917547E-004
   8.6400002E+000   1.5923154E-002   2.6715502E-004   3.3148770E-003   1.3126934E-004
   8.6799997E+000   1.6195567E-002   2.7007623E-004   3.3803743E-003   1.0577141E-004
   8.7199998E+000   1.6487936E-002   2.7802030E-004   3.3587349E-003   1.2439791E-004
   8.7599999E+000   1.6731776E-002   2.5356121E-004   3.4044755E-003   1.0189258E-004
   8.8000000E+000   1.6961419E-002   2.4899491E-004   3.4209011E-003   9.8411787E-005
   8.8400000E+000   1.7206436E-002   2.6338164E-004   3.4163820E-003   1.0516977E-004
   8.8800001E+000   1.7451980E-002   2.6522693E-004   3.4345395E-003   1.0010354E-004
   8.9200002E+000   1.7593059E-002   2.9908544E-004   3.4345988E-003   1.0564612E-004
   8.9600003E+000   1.7865019E-002   3.1501227E-004   3.4056424E-003   1.2249636E-004
   8.9999998E+000   1.8152755E-002   2.7217651E-004   3.3678891E-003   1.2588545E-004
   9.0399998E+000   1.8420961E-002   3.3382565E-004   3.3986345E-003   1.4786633E-004
   9.0799999E+000   1.8726906E-002   3.6749135E-004   3.3287498E-003   1.4760731E-004
   9.1200000E+000   1.8940024E-002   3.9936577E-004   3.3116826E-003   1.5121136E-004
   9.1600001E+000   1.9197295E-002   4.2796543E-004   3.2997738E-003   1.4501376E-004
   9.2000002E+000   1.9433981E-002   4.2823838E-004   3.3404135E-003   1.5237980E-004
   9.2400002E+000   1.9759517E-002   4.3035566E-004   3.3381506E-003   1.4779440E-004
   9.2799997E+000   2.0057686E-002   4.4151764E-004   3.3795696E-003   1.6398110E-004
   9.3199998E+000   2.0304966E-002   4.2977544E-004   3.3257150E-003   1.1974710E-004
   9.3599999E+000   2.0542765E-002   4.0320643E-004   3.3770475E-003   1.5538252E-004
   9.4000000E+000   2.0786645E-002   3.9806897E-004   3.3422338E-003   9.3749297E-005
   9.4400001E+000   2.1015736E-002   4.4391468E-004   3.3369053E-003   9.1507556E-005
   9.4800001E+000   2.1113818E-002   4.1781423E-004   3.3307701E-003   9.1597249E-005
   9.5200002E+000   2.1309870E-002   4.0649892E-004   3.3044833E-003   8.6921407E-005
   9.5599997E+000   2.1473954E-002   4.8993823E-004   3.2859325E-003   1.0264656E-004
   9.5999998E+000   2.1838960E-002   4.9006781E-004   3.2276920E-003   1.3726269E-004
   9.6399999E+000   2.2115557E-002   4.8371566E-004   3.1835487E-003   1.0471567E-004
   9.6799999E+000   2.2376147E-002   4.1251372E-004   3.1333774E-003   9.2117695E-005
   9.7200000E+000   2.2673044E-002   3.7561026E-004   3.0883768E-003   9.2794538E-005
   9.7600001E+000   2.2888800E-002   3.3701722E-004   3.0220431E-003   8.6797423E-005
   9.8000002E+000   2.3246038E-002   3.2407892E-004   2.9694955E-003   8.2888758E-005
   9.8400003E+000   2.3612668E-002   2.6617580E-004   2.8847788E-003   1.1096026E-004
   9.8799998E+000   2.3821289E-002   3.8377889E-004   2.8775457E-003   1.1232020E-004
   9.9199998E+000   2.4194529E-002   2.6400141E-004   2.8583460E-003   1.1538122E-004
   9.9599999E+000   2.4581041E-002   3.1640097E-004   2.8254508E-003   1.1165977E-004
   1.0000000E+001   2.4768632E-002   2.9666470E-004   2.7866233E-003   9.6868903E-005
   1.0039999E+001   2.5240957E-002   2.4026248E-004   2.7107033E-003   9.2713186E-005
   1.0080000E+001   2.5583028E-002   2.4386909E-004   2.6327274E-003   1.0241748E-004
   1.0120000E+001   2.5797175E-002   3.0056694E-004   2.5794285E-003   8.7448577E-005
   1.0160000E+001   2.6189581E-002   2.4665421E-004   2.4933086E-003   8.6932975E-005
   1.0200000E+001   2.6409141E-002   2.8950906E-004   2.4330980E-003   8.6122556E-005
   1.0240000E+001   2.6768602E-002   2.7502637E-004   2.3546015E-003   7.5376569E-005
   1.0280000E+001   2.7052092E-002   2.8350705E-004   2.3065178E-003   7.8709816E-005
   1.0319999E+001   2.7346993E-002   2.9360328E-004   2.2193834E-003   6.5135546E-005
   1.0360000E+001   2.7715258E-002   2.9890941E-004   2.1300604E-003   6.8803842E-005
   1.0400000E+001   2.8056484E-002   1.7565020E-004   2.0258326E-003   5.7014577E-005
   1.0440000E+001   2.8185495E-002   1.6518266E-004   1.9017389E-003   5.4899233E-005
   1.0480000E+001   2.8569974E-002   1.7161132E-004   1.7964165E-003   5.8853379E-005
   1.0520000E+001   2.8854065E-002   2.1069603E-004   1.7020956E-003   5.4110334E-005
   1.0560000E+001   2.9262052E-002   1.8642595E-004   1.5754213E-003   5.0862985E-005
   1.0599999E+001   2.9679054E-002   1.9332681E-004   1.4731626E-003   4.7243470E-005
   1.0640000E+001   3.0142630E-002   2.1509236E-004   1.3380116E-003   4.9520134E-005
   1.0680000E+001   3.0551884E-002   1.9638300E-004   1.2567095E-003   4.3292698E-005
   1.0720000E+001   3.1002436E-002   2.1338865E-004   1.1436261E-003   3.9014247E-005
   1.0760000E+001   3.1443431E-002   2.2920283E-004   1.0274840E-003   3.4473858E-005
   1.0800000E+001   3.1698439E-002   2.4789583E-004   9.1059996E-004   2.9746809E-005
   1.0840000E+001   3.2063934E-002   2.5941397E-004   7.9876408E-004   2.6461598E-005
   1.0880001E+001   3.2523383E-002   2.4815638E-004   6.6164102E-004   2.3308149E-005
   1.0920000E+001   3.2987000E-002   2.3969068E-004   4.8624353E-004   1.5416665E-005
   1.0960000E+001   3.3294222E-002   2.4994199E-004   3.3143474E-004   1.1047835E-005
   1.1000000E+001   3.3868963E-002   2.6675984E-004   1.8402319E-004   6.5887586E-006
   1.1040000E+001   3.4455237E-002   4.0454359E-004   4.7745192E-002   9.0613207E-004
   1.1080000E+001   3.4924185E-002   2.9270582E-004   5.0500935E-002   9.4258065E-004
   1.1120000E+001   3.5387072E-002   4.1858298E-004   5.3338915E-002   9.6828346E-004
   1.1160001E+001   3.5823097E-002   4.5735867E-004   5.3687887E-002   9.5577513E-004
   1.1200000E+001   3.6319919E-002   4.4475338E-004   5.4153157E-002   8.8391028E-004
   1.1240000E+001   3.6883755E-002   3.0376697E-004   5.4279801E-002   9.2485393E-004
   1.1280000E+001   3.7499478E-002   4.4897158E-004   5.4556875E-002   8.2837591E-004
   1.1320000E+001   3.8128218E-002   3.4456718E-004   5.4734394E-002   7.5003677E-004
   1.1360000E+001   3.8507435E-002   3.3127203E-004   5.5235868E-002   8.1767667E-004
   1.1400000E+001   3.8948385E-002   3.3963493E-004   5.5318232E-002   6.7482191E-004
   1.1440001E+001   3.9567735E-002   3.8757089E-004   5.5641297E-002   9.1641710E-004
   1.1480000E+001   4.0041744E-002   3.6457840E-004   5.6066197E-002   9.1095603E-004
   1.1520000E+001   4.0388645E-002   3.9372840E-004   5.6370709E-002   9.0811618E-004
   1.1560000E+001   4.0876131E-002   3.9791270E-004   5.6539810E-002   8.8024424E-004
   1.1600000E+001   4.1083721E-002   4.1662040E-004   5.6772107E-002   6.7134887E-004
   1.1640000E+001   4.1664074E-002   4.1458360E-004   5.7060458E-002   8.2787597E-004
   1.1680000E+001   4.2237900E-002   3.7465548E-004   5.7380379E-002   8.1613864E-004
   1.1720001E+001   4.2725118E-002   3.6480148E-004   5.7754399E-002   7.5261677E-004
   1.1760000E+001   4.3233097E-002   4.3850272E-004   5.7836515E-002   8.0697250E-004
   1.1799999E+001   4.3553351E-002   3.4144958E-004   5.8251885E-002   7.6483736E-004
   1.1840000E+001   4.3930923E-002   3.9365605E-004   5.8557535E-002   8.1333281E-004
   1.1880000E+001   4.4196131E-002   3.8184437E-004   5.8620006E-002   7.8016252E-004
   1.1920000E+001   4.4726310E-002   4.7728388E-004   5.8780095E-002   6.6436291E-004
   1.1960000E+001   4.5117904E-002   4.1303115E-004   5.9083284E-002   7.0370329E-004
   1.2000000E+001   4.5624236E-002   3.3569088E-004   5.9301953E-002   6.4231460E-004
   1.2040000E+001   4.6124187E-002   3.5174661E-004   5.9470862E-002   7.2542055E-004
   1.2079999E+001   4.6649523E-002   3.9190827E-004   5.9793326E-002   7.5394418E-004
   1.2120000E+001   4.6857056E-002   4.2524886E-004   6.0097140E-002   6.7851467E-004
   1.2160000E+001   4.7219602E-002   4.2420241E-004   6.0445853E-002   7.3374141E-004
   1.2200000E+001   4.7838548E-002   4.5485766E-004   6.0754907E-002   7.8963261E-004
   1.2240000E+001   4.8389170E-002   4.3890372E-004   6.1169294E-002   7.9811186E-004
   1.2280000E+001   4.8788461E-002   4.8921266E-004   6.1230254E-002   7.8657585E-004
   1.2320000E+001   4.9343175E-002   4.7883532E-004   6.1561170E-002   7.9682580E-004
   1.2359999E+001   4.9839134E-002   4.5681135E-004   6.1728250E-002   6.5844460E-004
   1.2400000E+001   5.0371818E-002   3.9149069E-004   6.1936249E-002   6.7257640E-004
   1.2440000E+001   5.0961176E-002   3.9228893E-004   6.2238230E-002   7.1723871E-004
   1.2480000E+001   5.1315212E-002   4.2704563E-004   6.2448720E-002   6.9370024E-004
   1.2520000E+001   5.1770741E-002   4.1817601E-004   6.2914929E-002   5.6482358E-004
   1.2560000E+001   5.2276091E-002   3.4321487E-004   6.3161318E-002   6.2800930E-004
   1.2600000E+001   5.2710032E-002   4.3643916E-004   6.3338893E-002   5.0943786E-004
   1.2640001E+001   5.2970215E-002   3.1353052E-004   6.3705505E-002   7.2171828E-004
   1.2680000E+001   5.3384611E-002   4.4063324E-004   6.4099848E-002   7.9391358E-004
   1.2720000E+001   5.3652755E-002   4.6849704E-004   6.4676417E-002   8.4775786E-004
   1.2760000E+001   5.4014619E-002   2.9367440E-004   6.4838455E-002   8.9713153E-004
   1.2800000E+001   5.4515537E-002   3.1614953E-004   6.5269119E-002   8.3216214E-004
   1.2840000E+001   5.5125250E-002   3.2706161E-004   6.5584775E-002   9.4202233E-004
   1.2880000E+001   5.5607786E-002   3.4573024E-004   6.5901435E-002   9.1150038E-004
   1.2920001E+001   5.6004559E-002   3.4038789E-004   6.6188552E-002   8.9648392E-004
   1.2960000E+001   5.6556875E-002   3.8820686E-004   6.6754388E-002   9.5478704E-004
   1.3000000E+001   5.7010410E-002   3.9508884E-004   6.7118944E-002   9.0329634E-004
   1.3040000E+001   5.7344516E-002   4.2155434E-004   6.7270732E-002   4.7911564E-004
   1.3080000E+001   5.7958202E-002   4.3510720E-004   6.7655750E-002   8.9501760E-004
   1.3120000E+001   5.8476646E-002   4.0596642E-004   6.7980551E-002   5.2657204E-004
   1.3160000E+001   5.8514623E-002   4.3789845E-004   6.8185051E-002   9.6901148E-004
   1.3200001E+001   5.9145017E-002   4.4996116E-004   6.8371818E-002   7.5603791E-004
   1.3240000E+001   5.9514405E-002   4.4117996E-004   6.8641672E-002   7.1764770E-004
   1.3279999E+001   5.9764168E-002   4.4750414E-004   6.8943615E-002   8.9462275E-004
   1.3320000E+001   6.0134905E-002   4.4067787E-004   6.9268440E-002   8.0631663E-004
   1.3360000E+001   6.0590335E-002   4.0517033E-004   6.9655068E-002   7.6207161E-004
   1.3400000E+001   6.1246799E-002   4.2716988E-004   7.0121843E-002   7.2904180E-004
   1.3440000E+001   6.1794294E-002   4.2667733E-004   7.0509631E-002   6.3691636E-004
   1.3480000E+001   6.2367105E-002   4.4827229E-004   7.1007598E-002   5.3325348E-004
   1.3520000E+001   6.2696139E-002   4.4749242E-004   7.1359315E-002   4.9611348E-004
   1.3559999E+001   6.3093765E-002   4.3562210E-004   7.1852401E-002   6.3586171E-004
   1.3600000E+001   6.3511429E-002   4.1829689E-004   7.2224783E-002   6.1881896E-004
   1.3640000E+001   6.4077691E-002   4.4982623E-004   7.2528445E-002   6.4924554E-004
   1.3680000E+001   6.4387904E-002   4.9143178E-004   7.2959727E-002   6.3260769E-004
   1.3720000E+001   6.4712374E-002   5.6295845E-004   7.3353184E-002   5.8071439E-004
   1.3760000E+001   6.4989690E-002   6.8244176E-004   7.3954834E-002   6.3628966E-004
   1.3800000E+001   6.5413379E-002   6.9056675E-004   7.4142951E-002   5.4884326E-004
   1.3839999E+001   6.5936105E-002   7.0528251E-004   7.4387589E-002   5.4469388E-004
   1.3880000E+001   6.6334411E-002   7.5000741E-004   7.4739742E-002   5.4974638E-004
   1.3920000E+001   6.6873610E-002   4.7685199E-004   7.5019389E-002   5.4702505E-004
   1.3960000E+001   6.7422297E-002   4.6151822E-004   7.5561035E-002   5.7900142E-004
   1.4000000E+001   6.7949626E-002   4.5470150E-004   7.6415766E-002   5.6460185E-004
   1.4040000E+001   6.8471573E-002   4.2511372E-004   7.6983045E-002   6.0121739E-004
   1.4080000E+001   6.8976292E-002   4.3827311E-004   7.7276872E-002   6.0557290E-004
   1.4119999E+001   6.9509824E-002   4.4092837E-004   7.7676662E-002   6.2587022E-004
   1.4160000E+001   6.9734292E-002   4.5139644E-004   7.8162233E-002   6.3827230E-004
   1.4200000E+001   7.0287685E-002   4.5651999E-004   7.8516528E-002   6.1739887E-004
   1.4240000E+001   7.0528133E-002   4.9724668E-004   7.8937072E-002   5.9058755E-004
   1.4280000E+001   7.0771062E-002   4.8500208E-004   7.9259508E-002   6.0543248E-004
   1.4320000E+001   7.1466432E-002   4.6576902E-004   7.9734393E-002   5.8824830E-004
   1.4360000E+001   7.1811080E-002   6.0322165E-004   8.0016224E-002   5.8854267E-004
   1.4400001E+001   7.2345473E-002   6.3428231E-004   8.0488320E-002   5.0231852E-004
   1.4440000E+001   7.2738220E-002   4.5776864E-004   8.1042866E-002   5.0542080E-004
   1.4480000E+001   7.3400127E-002   4.3673686E-004   8.1628023E-002   4.8158339E-004
   1.4520000E+001   7.3720006E-002   4.9628850E-004   8.1997875E-002   5.4365964E-004
   1.4560000E+001   7.4028798E-002   5.9548966E-004   8.2495762E-002   5.6732788E-004
   1.4600000E+001   7.4227638E-002   6.1824194E-004   8.2844070E-002   5.5812019E-004
   1.4640000E+001   7.4579364E-002   5.9156045E-004   8.3284194E-002   6.3770861E-004
   1.4680001E+001   7.5144095E-002   5.8428901E-004   8.3615606E-002   6.2805700E-004
   1.4720000E+001   7.5391894E-002   5.4086693E-004   8.4097961E-002   5.6736021E-004
   1.4760000E+001   7.6033278E-002   5.6526745E-004   8.4612819E-002   6.0482218E-004
   1.4800000E+001   7.6510814E-002   5.2444850E-004   8.5061227E-002   5.8431592E-004
   1.4840000E+001   7.6935335E-002   5.2311877E-004   8.5486528E-002   6.0142011E-004
   1.4880000E+001   7.7554134E-002   6.1484242E-004   8.5713814E-002   5.7493591E-004
   1.4920000E+001   7.7963277E-002   6.1602982E-004   8.6252013E-002   5.7958647E-004
   1.4960001E+001   7.8679412E-002   5.1767949E-004   8.6317342E-002   6.0396866E-004
   1.5000000E+001   7.9057478E-002   5.3271330E-004   8.6875443E-002   6.3386535E-004
   1.5039999E+001   7.9466852E-002   4.7581999E-004   8.6854867E-002   5.8238931E-004
   1.5080000E+001   7.9927616E-002   4.9444784E-004   8.7258926E-002   5.6969317E-004
   1.5120000E+001   8.0380845E-002   5.0421040E-004   8.7626006E-002   5.3411838E-004
   1.5160000E+001   8.0966730E-002   5.1816821E-004   8.7599093E-002   5.2790972E-004
   1.5200000E+001   8.1562515E-002   5.0468608E-004   8.8059691E-002   5.0968279E-004
   1.5240000E+001   8.2341463E-002   5.1175871E-004   8.8498391E-002   4.5865018E-004
   1.5280000E+001   8.3012554E-002   5.1444511E-004   8.8881413E-002   4.5567827E-004
   1.5319999E+001   8.3550274E-002   4.9130085E-004   8.9143728E-002   4.1440785E-004
   1.5360000E+001   8.4064046E-002   4.7832518E-004   8.9597701E-002   4.0572301E-004
   1.5400000E+001   8.4434281E-002   4.8030919E-004   8.9887667E-002   4.6246067E-004
   1.5440000E+001   8.5238310E-002   4.9904440E-004   9.0480845E-002   4.5185295E-004
   1.5480000E+001   8.5924683E-002   4.5926103E-004   9.0869318E-002   4.7069258E-004
   1.5520000E+001   8.6628978E-002   4.7005853E-004   9.1168794E-002   4.7635106E-004
   1.5560000E+001   8.6991152E-002   5.0401261E-004   9.1603257E-002   4.7801566E-004
   1.5599999E+001   8.7374176E-002   5.4151701E-004   9.2032637E-002   4.5601661E-004
   1.5640000E+001   8.7722324E-002   4.8601135E-004   9.2371909E-002   4.3681247E-004
   1.5680000E+001   8.8659407E-002   5.0859993E-004   9.2878387E-002   4.4610841E-004
   1.5720000E+001   8.9135195E-002   5.1262647E-004   9.3308711E-002   5.6926799E-004
   1.5760000E+001   8.9806327E-002   5.1493061E-004   9.3706325E-002   6.0313270E-004
   1.5800000E+001   9.0181313E-002   5.4207442E-004   9.4372794E-002   5.9222152E-004
   1.5840000E+001   9.0772596E-002   5.6545046E-004   9.4973709E-002   6.0062212E-004
   1.5880001E+001   9.1412888E-002   6.3669474E-004   9.5416697E-002   6.3225440E-004
   1.5920000E+001   9.1775849E-002   6.7475950E-004   9.6247893E-002   6.3616526E-004
   1.5960000E+001   9.2225843E-002   6.7189116E-004   9.6619334E-002   7.2329492E-004
   1.6000000E+001   9.2467906E-002   8.0602944E-004   9.7135017E-002   8.0085590E-004
   1.6040000E+001   9.2931106E-002   6.6967361E-004   9.7775816E-002   7.3943215E-004
   1.6080000E+001   9.3605808E-002   7.3343336E-004   9.8388199E-002   5.6459027E-004
   1.6120000E+001   9.4262298E-002   5.8364390E-004   9.8790955E-002   4.5561476E-004
   1.6160001E+001   9.4774279E-002   5.4616595E-004   9.9063492E-002   4.3516015E-004
   1.6200000E+001   9.5418322E-002   5.7076128E-004   9.9460090E-002   4.4144395E-004
   1.6240000E+001   9.5674101E-002   5.4398333E-004   9.9834900E-002   4.7687165E-004
   1.6280000E+001   9.6048024E-002   5.8313024E-004   1.0048170E-001   4.7403856E-004
   1.6320000E+001   9.6730434E-002   5.7203002E-004   1.0104160E-001   4.7841534E-004
   1.6360000E+001   9.7676244E-002   5.8774555E-004   1.0148028E-001   4.6361302E-004
   1.6400000E+001   9.8086970E-002   5.2893002E-004   1.0188076E-001   4.4125097E-004
   1.6440001E+001   9.8625453E-002   5.9727705E-004   1.0228070E-001   4.2216431E-004
   1.6480000E+001   9.9163768E-002   5.2120591E-004   1.0259409E-001   4.3263513E-004
   1.6520000E+001   9.9940008E-002   6.1502871E-004   1.0304245E-001   4.3883217E-004
   1.6560000E+001   1.0054894E-001   5.5986799E-004   1.0359242E-001   4.1870672E-004
   1.6600000E+001   1.0080937E-001   4.6067419E-004   1.0440823E-001   4.0501253E-004
   1.6640000E+001   1.0128639E-001   5.1258129E-004   1.0466613E-001   4.3539774E-004
   1.6680000E+001   1.0188722E-001   4.5357614E-004   1.0490611E-001   4.3159266E-004
   1.6720001E+001   1.0217526E-001   4.4696783E-004   1.0527914E-001   4.6236736E-004
   1.6760000E+001   1.0287073E-001   4.3506804E-004   1.0593183E-001   4.4570488E-004
   1.6799999E+001   1.0348376E-001   5.0246087E-004   1.0637878E-001   4.4804809E-004
   1.6840000E+001   1.0411665E-001   4.7471543E-004   1.0686801E-001   4.2067218E-004
   1.6880000E+001   1.0440580E-001   3.8190386E-004   1.0716133E-001   4.3801330E-004
   1.6920000E+001   1.0489524E-001   4.0352799E-004   1.0773145E-001   4.7122021E-004
   1.6960000E+001   1.0521209E-001   4.6654413E-004   1.0823313E-001   5.1335371E-004
   1.7000000E+001   1.0582225E-001   4.9742888E-004   1.0884970E-001   5.0078593E-004
   1.7040000E+001   1.0633067E-001   4.9358950E-004   1.0928315E-001   5.4093161E-004
   1.7079999E+001   1.0670822E-001   4.5247999E-004   1.0977134E-001   5.4421705E-004
   1.7120000E+001   1.0749466E-001   4.1708730E-004   1.1028014E-001   5.9125076E-004
   1.7160000E+001   1.0821921E-001   4.5732800E-004   1.1121377E-001   5.7681057E-004
   1.7200000E+001   1.0898154E-001   5.6941868E-004   1.1144931E-001   5.5283352E-004
   1.7240000E+001   1.0938343E-001   6.3304084E-004   1.1191359E-001   5.3880999E-004
   1.7280000E+001   1.1017327E-001   5.6665659E-004   1.1267521E-001   5.2358121E-004
   1.7320000E+001   1.1074611E-001   6.4655468E-004   1.1320471E-001   4.9701794E-004
   1.7359999E+001   1.1114872E-001   5.4513925E-004   1.1359611E-001   5.3889126E-004
   1.7400000E+001   1.1191827E-001   5.5480354E-004   1.1427191E-001   5.2459719E-004
   1.7440000E+001   1.1250335E-001   5.4030738E-004   1.1501489E-001   5.0388391E-004
   1.7480000E+001   1.1322686E-001   5.9819028E-004   1.1535300E-001   4.8052342E-004
   1.7520000E+001   1.1371446E-001   5.8847712E-004   1.1584267E-001   5.1067112E-004
   1.7560000E+001   1.1420808E-001   5.8110619E-004   1.1638067E-001   5.4881857E-004
   1.7600000E+001   1.1460592E-001   6.0900141E-004   1.1676275E-001   6.0098935E-004
   1.7640001E+001   1.1501306E-001   6.5034256E-004   1.1713989E-001   6.3236876E-004
   1.7680000E+001   1.1499118E-001   6.3622003E-004   1.1761337E-001   6.7395270E-004
   1.7720000E+001   1.1572029E-001   6.3261313E-004   1.1826237E-001   6.1774790E-004
   1.7760000E+001   1.1643699E-001   6.4564331E-004   1.1897128E-001   6.4001419E-004
   1.7800000E+001   1.1682678E-001   6.6847022E-004   1.1964806E-001   6.6058921E-004
   1.7840000E+001   1.1720067E-001   6.1634922E-004   1.2019995E-001   6.3048716E-004
   1.7880000E+001   1.1788512E-001   5.8289468E-004   1.2082348E-001   6.7766895E-004
   1.7920001E+001   1.1842020E-001   6.2094573E-004   1.2132131E-001   7.6101404E-004
   1.7960000E+001   1.1887129E-001   5.9006725E-004   1.2188824E-001   7.7822344E-004
   1.8000000E+001   1.1956507E-001   5.8472841E-004   1.2245848E-001   7.4713745E-004
   1.8040000E+001   1.1999137E-001   6.2061199E-004   1.2281219E-001   8.3963697E-004
   1.8080000E+001   1.2050211E-001   6.4694181E-004   1.2353386E-001   8.1543710E-004
   1.8120000E+001   1.2093045E-001   6.9058135E-004   1.2421428E-001   8.3537128E-004
   1.8160000E+001   1.2182034E-001   6.5048008E-004   1.2499381E-001   8.0868607E-004
   1.8200001E+001   1.2236661E-001   6.9101887E-004   1.2540653E-001   8.7568419E-004
   1.8240000E+001   1.2303785E-001   7.0137931E-004   1.2654864E-001   8.4167058E-004
   1.8279999E+001   1.2348916E-001   8.4815762E-004   1.2693025E-001   5.7053395E-004
   1.8320000E+001   1.2401049E-001   8.7920888E-004   1.2790657E-001   5.7626372E-004
   1.8360000E+001   1.2455484E-001   8.6531299E-004   1.2883226E-001   5.9126270E-004
   1.8400000E+001   1.2486351E-001   8.3809395E-004   1.2960457E-001   7.5507676E-004
   1.8440000E+001   1.2534479E-001   6.8056198E-004   1.3056962E-001   8.5461503E-004
   1.8480000E+001   1.2603136E-001   9.0371277E-004   1.3135158E-001   8.5858168E-004
   1.8520000E+001   1.2660886E-001   9.7006842E-004   1.3194946E-001   9.5409901E-004
   1.8559999E+001   1.2720338E-001   9.9483242E-004   1.3237544E-001   1.0023226E-003
   1.8600000E+001   1.2752204E-001   1.3076625E-003   1.3313341E-001   1.0547213E-003
   1.8640000E+001   1.2795707E-001   9.0804548E-004   1.3385533E-001   1.1192836E-003
   1.8680000E+001   1.2852151E-001   1.2036201E-003   1.3468139E-001   1.0429932E-003
   1.8720000E+001   1.2930670E-001   9.8652100E-004   1.3531042E-001   1.0225067E-003
   1.8760000E+001   1.2977571E-001   9.6942876E-004   1.3577412E-001   9.6702579E-004
   1.8800000E+001   1.3048807E-001   1.3337034E-003   1.3635990E-001   9.7541353E-004
   1.8839999E+001   1.3100801E-001   1.4792374E-003   1.3693672E-001   9.3942658E-004
   1.8880000E+001   1.3165305E-001   1.2315296E-003   1.3722699E-001   1.0633238E-003
   1.8920000E+001   1.3203873E-001   1.3773809E-003   1.3803884E-001   1.0938351E-003
   1.8960000E+001   1.3283988E-001   1.4151876E-003   1.3859720E-001   1.0365138E-003
   1.9000000E+001   1.3333249E-001   1.1191977E-003   1.3915391E-001   9.5951950E-004
   1.9040000E+001   1.3403422E-001   1.3405755E-003   1.3978408E-001   1.0517034E-003
   1.9080000E+001   1.3453151E-001   1.3164232E-003   1.4035350E-001   9.4986076E-004
   1.9119999E+001   1.3517175E-001   1.1173531E-003   1.4080569E-001   1.0549130E-003
   1.9160000E+001   1.3569314E-001   1.2570714E-003   1.4154286E-001   1.0926963E-003
   1.9200000E+001   1.3597899E-001   1.2063446E-003   1.4205694E-001   1.1155464E-003
   1.9240000E+001   1.3657894E-001   1.5995942E-003   1.4286246E-001   1.1024586E-003
   1.9280000E+001   1.3699639E-001   1.6318019E-003   1.4330906E-001   9.7245678E-004
   1.9320000E+001   1.3780078E-001   1.3929491E-003   1.4397088E-001   1.0630821E-003
   1.9360000E+001   1.3853916E-001   1.4645930E-003   1.4420973E-001   1.0218894E-003
   1.9400001E+001   1.3954624E-001   1.1429587E-003   1.4504224E-001   9.0502738E-004
   1.9440000E+001   1.4038654E-001   1.3415095E-003   1.4594488E-001   9.1257714E-004
   1.9480000E+001   1.4107164E-001   1.3095032E-003   1.4642136E-001   8.9793191E-004
   1.9520000E+001   1.4191862E-001   1.1799208E-003   1.4711076E-001   9.1271948E-004
   1.9560000E+001   1.4251087E-001   1.1117385E-003   1.4768362E-001   9.8726259E-004
   1.9600000E+001   1.4321459E-001   1.0168013E-003   1.4814358E-001   9.2908266E-004
   1.9640000E+001   1.4398060E-001   9.2921386E-004   1.4878891E-001   8.9315920E-004
   1.9680001E+001   1.4488488E-001   9.8197057E-004   1.4931537E-001   9.4249819E-004
   1.9720000E+001   1.4533146E-001   8.0457191E-004   1.4964721E-001   9.1333925E-004
   1.9760000E+001   1.4619006E-001   8.8135872E-004   1.5022259E-001   1.0137671E-003
   1.9800000E+001   1.4685746E-001   7.9448842E-004   1.5069498E-001   9.4809488E-004
   1.9840000E+001   1.4760118E-001   8.7693932E-004   1.5144155E-001   1.0795453E-003
   1.9880000E+001   1.4846745E-001   9.5606310E-004   1.5244291E-001   1.0166432E-003
   1.9920000E+001   1.4918903E-001   9.9056770E-004   1.5314091E-001   1.0949404E-003
   1.9960001E+001   1.4952569E-001   9.5901179E-004   1.5353094E-001   1.0914272E-003
   2.0000000E+001   1.5000413E-001   1.0948014E-003   1.5388058E-001   1.0292855E-003
