         0.0800         0.0000         0.0000         0.0000         0.0000         0.0000
         0.1200         0.0000         0.0000         0.0000         0.0000         0.0000
         0.1600         0.0000         0.0000         0.0000         0.0000         0.0000
         0.2000         0.0000         0.0000         0.0000         0.0000         0.0000
         0.2400         0.0000         0.0000         0.0000         0.0000         0.0000
         0.2800         0.0000         0.0000         0.0000         0.0000         0.0000
         0.3200         0.0000         0.0000         0.0000         0.0000         0.0000
         0.3600         0.0000         0.0000         0.0000         0.0000         0.0000
         0.4000         0.0000         0.0000         0.0000         0.0000         0.0000
         0.4400         0.0000         0.0000         0.0000         0.0000         0.0000
         0.4800         0.0000         0.0000         0.0000         0.0000         0.0000
         0.5200         0.0000         0.0000         0.0000         0.0000         0.0000
         0.5600         0.0000         0.0000         0.0000         0.0000         0.0000
         0.6000         0.0000         0.0000         0.0000         0.0000         0.0000
         0.6400         0.0000         0.0000         0.0000         0.0000         0.0000
         0.6800         0.0000         0.0000         0.0000         0.0000         0.0000
         0.7200         0.0000         0.0000         0.0000         0.0000         0.0000
         0.7600         0.0000         0.0000         0.0000         0.0000         0.0000
         0.8000         0.0000         0.0000         0.0000         0.0000         0.0000
         0.8400         0.0000         0.0000         0.0000         0.0000         0.0000
         0.8800         0.0000         0.0000         0.0000         0.0000         0.0000
         0.9200         0.0000         0.0000         0.0000         0.0000         0.0000
         0.9600         0.0000         0.0000         0.0000         0.0000         0.0000
         1.0000         0.0007         0.0001         0.0006         0.0001         0.0000
         1.0400         0.0101         0.0011         0.0103         0.0012         0.0000
         1.0800         0.0262         0.0028         0.0262         0.0029         0.0000
         1.1200         0.0434         0.0045         0.0429         0.0049         0.0000
         1.1600         0.0615         0.0070         0.0606         0.0069         0.0000
         1.2000         0.0805         0.0089         0.0797         0.0094         0.0000
         1.2400         0.0992         0.0109         0.0979         0.0113         0.0000
         1.2800         0.1189         0.0130         0.1177         0.0134         0.0000
         1.3200         0.1416         0.0156         0.1400         0.0157         0.0000
         1.3600         0.1654         0.0185         0.1641         0.0181         0.0000
         1.4000         0.1891         0.0213         0.1888         0.0211         0.0000
         1.4400         0.2132         0.0242         0.2146         0.0251         0.0000
         1.4800         0.2408         0.0275         0.2410         0.0279         0.0000
         1.5200         0.2681         0.0302         0.2701         0.0311         0.0000
         1.5600         0.2949         0.0335         0.3011         0.0348         0.0000
         1.6000         0.3245         0.0369         0.3325         0.0386         0.0000
         1.6400         0.3581         0.0424         0.3651         0.0425         0.0000
         1.6800         0.3940         0.0464         0.3965         0.0457         0.0000
         1.7200         0.4237         0.0498         0.4273         0.0495         0.0000
         1.7600         0.4569         0.0545         0.4602         0.0537         0.0000
         1.8000         0.4950         0.0586         0.4932         0.0567         0.0000
         1.8400         0.5316         0.0623         0.5305         0.0611         0.0000
         1.8800         0.5682         0.0672         0.5677         0.0648         0.0000
         1.9200         0.6046         0.0715         0.6044         0.0683         0.0000
         1.9600         0.6410         0.0754         0.6437         0.0729         0.0000
         2.0000         0.6828         0.0809         0.6842         0.0769         0.0000
         2.0400         0.7226         0.0846         0.7262         0.0825         0.0000
         2.0800         0.7609         0.0898         0.7665         0.0877         0.0000
         2.1200         0.8036         0.0922         0.8111         0.0945         0.0000
         2.1600         0.8531         0.0963         0.8569         0.0990         0.0000
         2.2000         0.9024         0.1032         0.9055         0.1052         0.0000
         2.2400         0.9484         0.1083         0.9524         0.1098         0.0000
         2.2800         0.9959         0.1139         1.0023         0.1161         0.0000
         2.3200         1.0482         0.1198         1.0541         0.1219         0.0000
         2.3600         1.0999         0.1230         1.1047         0.1279         0.0000
         2.4000         1.1567         0.1297         1.1553         0.1319         0.0000
         2.4400         1.2127         0.1353         1.2063         0.1372         0.0000
         2.4800         1.2664         0.1425         1.2612         0.1436         0.0000
         2.5200         1.3247         0.1501         1.3156         0.1513         0.0000
         2.5600         1.3834         0.1567         1.3731         0.1570         0.0000
         2.6000         1.4388         0.1618         1.4341         0.1644         0.0000
         2.6400         1.4955         0.1677         1.4940         0.1695         0.0000
         2.6800         1.5547         0.1744         1.5583         0.1752         0.0000
         2.7200         1.6146         0.1808         1.6189         0.1818         0.0000
         2.7600         1.6793         0.1872         1.6784         0.1863         0.0000
         2.8000         1.7417         0.1939         1.7496         0.1972         0.0000
         2.8400         1.8051         0.2007         1.8109         0.2047         0.0000
         2.8800         1.8741         0.2044         1.8784         0.2119         0.0000
         2.9200         1.9391         0.2107         1.9483         0.2191         0.0000
         2.9600         2.0015         0.2207         2.0129         0.2250         0.0000
         3.0000         2.0671         0.2288         2.0781         0.2313         0.0000
         3.0400         2.1325         0.2360         2.1428         0.2378         0.0000
         3.0800         2.2032         0.2421         2.2131         0.2452         0.0000
         3.1200         2.2790         0.2546         2.2901         0.2523         0.0000
         3.1600         2.3507         0.2639         2.3638         0.2604         0.0000
         3.2000         2.4302         0.2684         2.4338         0.2676         0.0000
         3.2400         2.5100         0.2765         2.5042         0.2755         0.0000
         3.2800         2.5881         0.2867         2.5707         0.2826         0.0000
         3.3200         2.6586         0.2956         2.6464         0.2905         0.0000
         3.3600         2.7387         0.3050         2.7287         0.3018         0.0000
         3.4000         2.8191         0.3129         2.8124         0.3115         0.0000
         3.4400         2.8928         0.3195         2.8985         0.3208         0.0000
         3.4800         2.9756         0.3280         2.9809         0.3290         0.0000
         3.5200         3.0559         0.3367         3.0652         0.3377         0.0000
         3.5600         3.1405         0.3420         3.1484         0.3469         0.0000
         3.6000         3.2409         0.3526         3.2332         0.3517         0.0000
         3.6400         3.3250         0.3656         3.3164         0.3647         0.0000
         3.6800         3.4060         0.3737         3.4027         0.3752         0.0000
         3.7200         3.5004         0.3827         3.4949         0.3836         0.0000
         3.7600         3.5920         0.3912         3.5825         0.3913         0.0000
         3.8000         3.6800         0.4011         3.6797         0.4011         0.0000
         3.8400         3.7717         0.4075         3.7668         0.4096         0.0000
         3.8800         3.8753         0.4181         3.8635         0.4209         0.0000
         3.9200         3.9758         0.4300         3.9583         0.4296         0.0000
         3.9600         4.0753         0.4410         4.0472         0.4325         0.0000
         4.0000         4.1725         0.4516         4.1460         0.4416         0.0000
         4.0400         4.2697         0.4659         4.2395         0.4513         0.0000
         4.0800         4.3739         0.4769         4.3380         0.4621         0.0000
         4.1200         4.4771         0.4862         4.4435         0.4731         0.0000
         4.1600         4.5886         0.4899         4.5499         0.4841         0.0000
         4.2000         4.6979         0.4995         4.6459         0.4950         0.0000
         4.2400         4.7992         0.5108         4.7510         0.5026         0.0000
         4.2800         4.8957         0.5172         4.8612         0.5120         0.0000
         4.3200         4.9994         0.5302         4.9693         0.5235         0.0000
         4.3600         5.0838         0.5392         5.0735         0.5345         0.0000
         4.4000         5.1745         0.5478         5.1794         0.5465         0.0000
         4.4400         5.2778         0.5584         5.2968         0.5587         0.0000
         4.4800         5.3789         0.5699         5.4045         0.5688         0.0000
         4.5200         5.4891         0.5795         5.5185         0.5821         0.0000
         4.5600         5.6064         0.5940         5.6292         0.5929         0.0000
         4.6000         5.7189         0.6052         5.7307         0.6038         0.0000
         4.6400         5.8375         0.6177         5.8489         0.6161         0.0000
         4.6800         5.9560         0.6281         5.9714         0.6299         0.0000
         4.7200         6.0593         0.6369         6.0953         0.6401         0.0000
         4.7600         6.1626         0.6465         6.2075         0.6526         0.0000
         4.8000         6.2676         0.6558         6.3196         0.6605         0.0000
         4.8400         6.3771         0.6677         6.4447         0.6737         0.0000
         4.8800         6.4988         0.6826         6.5701         0.6851         0.0000
         4.9200         6.6193         0.6908         6.6987         0.6973         0.0000
         4.9600         6.7367         0.7030         6.8240         0.7112         0.0000
         5.0000         6.8596         0.7129         6.9590         0.7245         0.0000
         5.0400         6.9820         0.7247         7.1093         0.7397         0.0000
         5.0800         7.0945         0.7363         7.2579         0.7552         0.0000
         5.1200         7.1995         0.7455         7.4045         0.7703         0.0000
         5.1600         7.3189         0.7575         7.5467         0.7847         0.0000
         5.2000         7.4299         0.7713         7.7033         0.7983         0.0000
         5.2400         7.5323         0.7794         7.8605         0.8135         0.0000
         5.2800         7.6243         0.7871         8.0165         0.8255         0.0000
         5.3200         7.7277         0.7960         8.1748         0.8407         0.0000
         5.3600         7.8141         0.8060         8.3524         0.8598         0.0000
         5.4000         7.9041         0.8139         8.5448         0.8803         0.0000
         5.4400         7.9889         0.8205         8.7380         0.8944         0.0000
         5.4800         8.0595         0.8263         8.9454         0.9144         0.0000
         5.5200         8.1288         0.8309         9.1730         0.9366         0.0000
         5.5600         8.1851         0.8346         9.4039         0.9583         0.0000
         5.6000         8.2140         0.8381         9.6516         0.9698         0.0000
         5.6400         8.2249         0.8404         9.9132         0.9956         0.0000
         5.6800         8.2086         0.8385        10.2073         1.0252         0.0000
         5.7200         8.1600         0.8304        10.5357         1.0594         0.0000
         5.7600         8.1082         0.8241        10.8950         1.0949         0.0000
         5.8000         8.0112         0.8131        11.3053         1.1346         0.0000
         5.8400         7.8546         0.7878        11.7701         1.1772         0.0000
         5.8800         7.6441         0.7668        12.1250         1.2095         0.0021
         5.9200         7.3702         0.7382        11.6411         1.1571         0.0339
         5.9600         7.0446         0.7055         9.4781         0.9385         0.1937
         6.0000         6.6920         0.6673         6.4684         0.6379         0.5693
         6.0400         6.3294         0.6290         4.1614         0.4099         1.1036
         6.0800         5.9896         0.5927         2.8978         0.2848         1.6517
         6.1200         5.6854         0.5586         2.3290         0.2278         2.1073
         6.1600         5.4249         0.5311         2.1256         0.2067         2.4386
         6.2000         5.1971         0.5094         2.1124         0.2032         2.6595
         6.2400         5.0024         0.4884         2.1967         0.2097         2.7989
         6.2800         4.8450         0.4694         2.3324         0.2220         2.8836
         6.3200         4.7161         0.4539         2.4976         0.2359         2.9337
         6.3600         4.6076         0.4399         2.6632         0.2492         2.9628
         6.4000         4.5292         0.4300         2.8319         0.2598         2.9794
         6.4400         4.4807         0.4230         2.9980         0.2765         2.9887
         6.4800         4.4298         0.4138         3.1551         0.2861         2.9939
         6.5200         4.3886         0.4079         3.3081         0.2990         2.9967
         6.5600         4.3736         0.4046         3.4458         0.3138         2.9983
         6.6000         4.3795         0.3997         3.5707         0.3232         2.9991
         6.6400         4.3886         0.3989         3.6872         0.3274         2.9995
         6.6800         4.4075         0.3995         3.8052         0.3351         2.9998
         6.7200         4.4224         0.3980         3.9105         0.3417         2.9999
         6.7600         4.4507         0.3984         4.0091         0.3469         2.9999
         6.8000         4.4803         0.3999         4.1039         0.3535         3.0000
         6.8400         4.5189         0.3989         4.1971         0.3621         3.0000
         6.8800         4.5569         0.4007         4.2836         0.3677         3.0000
         6.9200         4.6022         0.4028         4.3724         0.3734         3.0000
         6.9600         4.6575         0.4047         4.4606         0.3805         3.0000
         7.0000         4.7146         0.4014         4.5409         0.3865         3.0000
         7.0400         4.7708         0.4031         4.6252         0.3924         3.0000
         7.0800         4.8306         0.4071         4.7114         0.3968         3.0000
         7.1200         4.8884         0.4087         4.7963         0.4016         3.0000
         7.1600         4.9503         0.4137         4.8700         0.4078         3.0000
         7.2000         5.0121         0.4166         4.9460         0.4122         3.0000
         7.2400         5.0798         0.4200         5.0231         0.4163         3.0000
         7.2800         5.1631         0.4275         5.0949         0.4207         3.0000
         7.3200         5.2311         0.4300         5.1698         0.4261         3.0000
         7.3600         5.3008         0.4352         5.2475         0.4295         3.0000
         7.4000         5.3813         0.4412         5.3278         0.4341         3.0000
         7.4400         5.4620         0.4452         5.4114         0.4405         3.0000
         7.4800         5.5346         0.4487         5.5054         0.4470         3.0000
         7.5200         5.6064         0.4544         5.5725         0.4497         3.0000
         7.5600         5.6822         0.4612         5.6545         0.4522         3.0000
         7.6000         5.7638         0.4659         5.7481         0.4561         3.0000
         7.6400         5.8395         0.4705         5.8320         0.4594         3.0000
         7.6800         5.9129         0.4743         5.9164         0.4554         3.0000
         7.7200         5.9996         0.4801         5.9949         0.4567         3.0000
         7.7600         6.0820         0.4796         6.0820         0.4613         3.0000
         7.8000         6.1669         0.4843         6.1677         0.4657         3.0000
         7.8400         6.2399         0.4841         6.2482         0.4718         3.0000
         7.8800         6.3160         0.4839         6.3259         0.4766         3.0000
         7.9200         6.4087         0.4839         6.4056         0.4788         3.0000
         7.9600         6.4990         0.4864         6.4894         0.4811         3.0000
         8.0000         6.5884         0.4910         6.5651         0.4807         3.0000
         8.0400         6.6799         0.4955         6.6479         0.4860         3.0000
         8.0800         6.7681         0.4937         6.7380         0.4938         3.0000
         8.1200         6.8541         0.4987         6.8178         0.5057         3.0000
         8.1600         6.9484         0.5017         6.8995         0.5102         3.0000
         8.2000         7.0183         0.5026         6.9871         0.5072         3.0000
         8.2400         7.0965         0.5041         7.0725         0.5101         3.0000
         8.2800         7.1816         0.5084         7.1528         0.5141         3.0000
         8.3200         7.2693         0.5137         7.2412         0.5171         3.0000
         8.3600         7.3596         0.5165         7.3311         0.5210         3.0000
         8.4000         7.4537         0.5207         7.4251         0.5210         3.0000
         8.4400         7.5451         0.5243         7.5205         0.5241         3.0000
         8.4800         7.6396         0.5297         7.6203         0.5263         3.0000
         8.5200         7.7232         0.5351         7.7092         0.5299         3.0000
         8.5600         7.8123         0.5395         7.7900         0.5343         3.0000
         8.6000         7.9060         0.5464         7.8724         0.5398         3.0000
         8.6400         7.9978         0.5498         7.9668         0.5441         3.0000
         8.6800         8.0870         0.5524         8.0625         0.5470         3.0000
         8.7200         8.1854         0.5545         8.1576         0.5410         3.0000
         8.7600         8.2841         0.5519         8.2381         0.5474         3.0000
         8.8000         8.3756         0.5555         8.3344         0.5494         3.0000
         8.8400         8.4662         0.5595         8.4173         0.5496         3.0000
         8.8800         8.5651         0.5621         8.5160         0.5520         3.0000
         8.9200         8.6599         0.5630         8.6115         0.5490         3.0000
         8.9600         8.7644         0.5573         8.7112         0.5504         3.0000
         9.0000         8.8522         0.5595         8.8054         0.5557         3.0000
         9.0400         8.9495         0.5623         8.9034         0.5611         3.0000
         9.0800         9.0536         0.5658         9.0023         0.5653         3.0000
         9.1200         9.1436         0.5693         9.1095         0.5672         3.0000
         9.1600         9.2356         0.5728         9.2111         0.5641         3.0000
         9.2000         9.3280         0.5787         9.3034         0.5660         3.0000
         9.2400         9.4298         0.5833         9.4025         0.5764         3.0000
         9.2800         9.5380         0.5882         9.5140         0.5765         3.0000
         9.3200         9.6538         0.5843         9.6163         0.5821         3.0000
         9.3600         9.7633         0.5853         9.7087         0.5844         3.0000
         9.4000         9.8741         0.5981         9.8088         0.5869         3.0000
         9.4400         9.9890         0.5956         9.9160         0.5899         3.0000
         9.4800        10.1040         0.5985        10.0295         0.5950         3.0000
         9.5200        10.2201         0.5945        10.1460         0.5984         3.0000
         9.5600        10.3363         0.5942        10.2402         0.5894         3.0000
         9.6000        10.4618         0.5899        10.3462         0.5904         3.0000
         9.6400        10.5861         0.5953        10.4581         0.5926         3.0000
         9.6800        10.7008         0.6051        10.5637         0.5964         3.0000
         9.7200        10.8261         0.6008        10.6574         0.5964         3.0000
         9.7600        10.9552         0.6031        10.7456         0.5998         3.0000
         9.8000        11.0996         0.6094        10.8382         0.5996         3.0000
         9.8400        11.2322         0.6132        10.9172         0.5868         3.0000
         9.8800        11.3470         0.6180        11.0143         0.5903         3.0000
         9.9200        11.4914         0.6213        11.1157         0.5931         3.0000
         9.9600        11.6417         0.6233        11.2134         0.5948         3.0000
        10.0000        11.8047         0.6252        11.2858         0.5962         3.0000
        10.0400        11.9688         0.6296        11.3531         0.5952         3.0000
        10.0800        12.1422         0.6358        11.4240         0.5865         3.0000
        10.1200        12.3204         0.6389        11.4720         0.5838         3.0000
        10.1600        12.5122         0.6451        11.5112         0.5817         3.0000
        10.2000        12.7194         0.6395        11.5325         0.5801         3.0000
        10.2400        12.9360         0.6435        11.5345         0.5763         3.0000
        10.2800        13.1758         0.6523        11.5190         0.5726         3.0000
        10.3200        13.4410         0.6599        11.4975         0.5675         2.9999
        10.3600        13.7286         0.6670        11.4431         0.5633         2.9999
        10.4000        14.0654         0.6767        11.3606         0.5589         2.9998
        10.4400        14.4219         0.6777        11.2432         0.5510         2.9995
        10.4800        14.8340         0.6922        11.0916         0.5371         2.9991
        10.5200        15.2888         0.7087        10.8885         0.5228         2.9983
        10.5600        15.8198         0.7269        10.6443         0.4990         2.9967
        10.6000        16.4088         0.7489        10.3188         0.4827         2.9939
        10.6400        17.0712         0.7737         9.9540         0.4608         2.9887
        10.6800        17.8395         0.8049         9.5633         0.4396         2.9794
        10.7200        18.7190         0.8379         9.1517         0.4163         2.9628
        10.7600        19.7502         0.8805         8.7394         0.3941         2.9337
        10.8000        20.9020         0.9265         8.4001         0.3779         2.8836
        10.8400        22.2225         0.9807         8.2588         0.3711         2.7989
        10.8800        23.7180         1.0375         8.5052         0.3803         2.6595
        10.9200        25.4130         1.1070         9.5531         0.4242         2.4386
        10.9600        27.3402         1.1846        12.1972         0.5370         2.1073
        11.0000        29.4721         1.2727        17.9802         0.7864         1.6517
        11.0400        31.7492         1.3436        28.6752         1.2311         1.1036
        11.0800        34.0817         1.4339        42.9950         1.8413         0.5693
        11.1200        36.3581         1.5258        53.9919         2.3077         0.1937
        11.1600        38.4200         1.6064        57.5325         2.4570         0.0339
        11.2000        40.2137         1.6767        57.2311         2.4345         0.0021
        11.2400        41.8265         1.7399        56.4323         2.3977         0.0000
        11.2800        43.2675         1.8001        55.7346         2.3601         0.0000
        11.3200        44.5722         1.8509        55.2396         2.3257         0.0000
        11.3600        45.7223         1.8944        54.8558         2.2962         0.0000
        11.4000        46.7584         1.9328        54.5723         2.2730         0.0000
        11.4400        47.6865         1.9685        54.4121         2.2566         0.0000
        11.4800        48.5732         1.9982        54.3061         2.2427         0.0000
        11.5200        49.4055         2.0218        54.2639         2.2326         0.0000
        11.5600        50.1454         2.0422        54.2759         2.2260         0.0000
        11.6000        50.8308         2.0709        54.3637         2.2204         0.0000
        11.6400        51.4914         2.0896        54.4735         2.2180         0.0000
        11.6800        52.1197         2.1079        54.6460         2.2245         0.0000
        11.7200        52.7077         2.1312        54.8602         2.2305         0.0000
        11.7600        53.2879         2.1491        55.0833         2.2312         0.0000
        11.8000        53.8173         2.1655        55.3208         2.2348         0.0000
        11.8400        54.3445         2.1779        55.6078         2.2399         0.0000
        11.8800        54.8434         2.1872        55.9067         2.2481         0.0000
        11.9200        55.3235         2.1984        56.2145         2.2466         0.0000
        11.9600        55.7907         2.2147        56.5727         2.2481         0.0000
        12.0000        56.2770         2.2252        56.9394         2.2454         0.0000
        12.0400        56.7502         2.2341        57.3065         2.2517         0.0000
        12.0800        57.1726         2.2367        57.6498         2.2485         0.0000
        12.1200        57.5628         2.2441        58.0329         2.2502         0.0000
        12.1600        58.0267         2.2452        58.4555         2.2595         0.0000
        12.2000        58.4966         2.2436        58.8522         2.2641         0.0000
        12.2400        58.9325         2.2431        59.2075         2.2649         0.0000
        12.2800        59.3594         2.2131        59.5987         2.2603         0.0000
        12.3200        59.8120         2.2174        60.0014         2.2230         0.0000
        12.3600        60.2482         2.2216        60.3759         2.2228         0.0000
        12.4000        60.6702         2.2228        60.7610         2.2255         0.0000
        12.4400        61.1122         2.2273        61.1784         2.2335         0.0000
        12.4800        61.5590         2.2349        61.5833         2.2436         0.0000
        12.5200        62.0143         2.2415        61.9822         2.2472         0.0000
        12.5600        62.4378         2.2469        62.3643         2.2481         0.0000
        12.6000        62.8640         2.2523        62.7922         2.2553         0.0000
        12.6400        63.2870         2.2488        63.2340         2.2546         0.0000
        12.6800        63.6838         2.2436        63.6840         2.2530         0.0000
        12.7200        64.0790         2.2433        64.1458         2.2543         0.0000
        12.7600        64.4986         2.2089        64.5897         2.2583         0.0000
        12.8000        64.9251         2.2091        65.0312         2.2528         0.0000
        12.8400        65.4217         2.2125        65.4622         2.2555         0.0000
        12.8800        65.8982         2.2112        65.9137         2.2529         0.0000
        12.9200        66.4092         2.2125        66.3204         2.2155         0.0000
        12.9600        66.8731         2.2097        66.7615         2.2180         0.0000
        13.0000        67.3288         2.2120        67.2390         2.2226         0.0000
        13.0400        67.7385         2.2160        67.6951         2.2171         0.0000
        13.0800        68.1794         2.2200        68.1656         2.2149         0.0000
        13.1200        68.6454         2.2197        68.6278         2.2135         0.0000
        13.1600        69.1351         2.2176        69.1137         2.2164         0.0000
        13.2000        69.6045         2.2083        69.5493         2.2136         0.0000
        13.2400        70.0673         2.1982        69.9806         2.2058         0.0000
        13.2800        70.5207         2.1927        70.4288         2.2074         0.0000
        13.3200        70.9213         2.1832        70.8894         2.2023         0.0000
        13.3600        71.3934         2.1739        71.3536         2.2006         0.0000
        13.4000        71.8405         2.1679        71.8271         2.2046         0.0000
        13.4400        72.3042         2.1694        72.3198         2.1974         0.0000
        13.4800        72.7844         2.1706        72.7819         2.1869         0.0000
        13.5200        73.2887         2.1671        73.2845         2.1749         0.0000
        13.5600        73.7538         2.1589        73.7766         2.1728         0.0000
        13.6000        74.2394         2.1579        74.2675         2.1570         0.0000
        13.6400        74.7412         2.1467        74.7828         2.1486         0.0000
        13.6800        75.2119         2.1426        75.2429         2.1459         0.0000
        13.7200        75.6591         2.1360        75.7323         2.1416         0.0000
        13.7600        76.1345         2.1280        76.2322         2.1367         0.0000
        13.8000        76.6249         2.1140        76.7387         2.1282         0.0000
        13.8400        77.1199         2.1071        77.2313         2.1118         0.0000
        13.8800        77.6140         2.1000        77.7330         2.0985         0.0000
        13.9200        78.1459         2.0911        78.2240         2.0863         0.0000
        13.9600        78.6387         2.0819        78.7303         2.0733         0.0000
        14.0000        79.1602         2.0717        79.2184         2.0576         0.0000
        14.0400        79.6765         2.0540        79.7176         2.0072         0.0000
        14.0800        80.2051         2.0104        80.2048         1.9904         0.0000
        14.1200        80.7051         1.9957        80.7218         1.9826         0.0000
        14.1600        81.1853         1.9798        81.2250         1.9701         0.0000
        14.2000        81.7008         1.9635        81.7071         1.9566         0.0000
        14.2400        82.1660         1.9426        82.2152         1.9453         0.0000
        14.2800        82.6751         1.9276        82.7068         1.8995         0.0000
        14.3200        83.2635         1.9123        83.2351         1.8840         0.0000
        14.3600        83.7884         1.8616        83.7976         1.8703         0.0000
        14.4000        84.2868         1.8461        84.3419         1.8571         0.0000
        14.4400        84.8288         1.8279        84.8671         1.8412         0.0000
        14.4800        85.3654         1.8128        85.3835         1.8239         0.0000
        14.5200        85.8900         1.7977        85.9143         1.8093         0.0000
        14.5600        86.4246         1.7720        86.3841         1.7854         0.0000
        14.6000        86.9568         1.7247        86.9134         1.7615         0.0000
        14.6400        87.4987         1.7078        87.4344         1.7354         0.0000
        14.6800        88.0452         1.6911        87.9617         1.6873         0.0000
        14.7200        88.5560         1.6716        88.5132         1.6645         0.0000
        14.7600        89.1076         1.6578        89.0623         1.6532         0.0000
        14.8000        89.6378         1.6389        89.5682         1.6374         0.0000
        14.8400        90.1703         1.5847        90.1189         1.6201         0.0000
        14.8800        90.7247         1.5695        90.6522         1.6014         0.0000
        14.9200        91.2811         1.5502        91.2471         1.5824         0.0000
        14.9600        91.8350         1.5359        91.7823         1.5313         0.0000
        15.0000        92.3917         1.5105        92.3076         1.5097         0.0000
        15.0400        92.9474         1.4849        92.8699         1.4887         0.0000
        15.0800        93.4899         1.4288        93.4593         1.4706         0.0000
        15.1200        94.0006         1.4141        94.0671         1.4276         0.0000
        15.1600        94.5680         1.3965        94.6339         1.4089         0.0000
        15.2000        95.1728         1.3836        95.2003         1.3988         0.0000
        15.2400        95.7477         1.3646        95.8047         1.3774         0.0000
        15.2800        96.3269         1.3458        96.4125         1.3572         0.0000
        15.3200        96.9009         1.3281        96.9616         1.3156         0.0000
        15.3600        97.4548         1.2852        97.5214         1.2957         0.0000
        15.4000        98.0201         1.2674        98.0927         1.2751         0.0000
        15.4400        98.6079         1.2487        98.6731         1.2520         0.0000
        15.4800        99.2251         1.2232        99.2228         1.2286         0.0000
        15.5200        99.8505         1.1991        99.8274         1.2040         0.0000
        15.5600       100.4209         1.1473       100.4613         1.1545         0.0000
        15.6000       101.0178         1.1298       101.0646         1.1321         0.0000
        15.6400       101.5983         1.1108       101.6399         1.1096         0.0000
        15.6800       102.2005         1.0865       102.1947         1.0931         0.0000
        15.7200       102.7468         1.0590       102.7633         1.0749         0.0000
        15.7600       103.3508         1.0345       103.3742         1.0524         0.0000
        15.8000       103.9441         0.9898       103.9544         1.0051         0.0000
        15.8400       104.5804         0.9777       104.6278         0.9886         0.0000
        15.8800       105.2100         0.9609       105.2166         0.9720         0.0000
        15.9200       105.7990         0.9422       105.7712         0.9561         0.0000
        15.9600       106.3634         0.9289       106.3971         0.9428         0.0000
        16.0000       106.9729         0.9208       107.0169         0.9269         0.0000
        16.0400       107.5741         0.9101       107.6334         0.9134         0.0000
        16.0800       108.2301         0.8962       108.1979         0.8978         0.0000
        16.1200       108.7977         0.8794       108.7922         0.8865         0.0000
        16.1600       109.4416         0.8610       109.4178         0.8768         0.0000
        16.2000       110.0907         0.8255       110.0250         0.8348         0.0000
        16.2400       110.6940         0.8125       110.6742         0.8237         0.0000
        16.2800       111.3143         0.8008       111.2700         0.8118         0.0000
        16.3200       111.9249         0.7921       111.8847         0.8003         0.0000
        16.3600       112.5272         0.7832       112.5314         0.7957         0.0000
        16.4000       113.1602         0.7741       113.1854         0.7890         0.0000
        16.4400       113.7592         0.7678       113.8088         0.7798         0.0000
        16.4800       114.4206         0.7636       114.4642         0.7680         0.0000
        16.5200       115.0248         0.7575       115.1240         0.7621         0.0000
        16.5600       115.6854         0.7550       115.7532         0.7565         0.0000
        16.6000       116.3074         0.7529       116.3747         0.7529         0.0000
        16.6400       116.9411         0.7519       117.0589         0.7498         0.0000
        16.6800       117.5612         0.7528       117.6911         0.7471         0.0000
        16.7200       118.1843         0.7481       118.2711         0.7510         0.0000
        16.7600       118.8135         0.7504       118.8435         0.7538         0.0000
        16.8000       119.5093         0.7570       119.4754         0.7580         0.0000
        16.8400       120.1900         0.7699       120.1393         0.7658         0.0000
        16.8800       120.8623         0.8038       120.8294         0.7743         0.0000
        16.9200       121.5955         0.8119       121.5241         0.8136         0.0000
        16.9600       122.3429         0.8342       122.2529         0.8252         0.0000
        17.0000       123.0169         0.8840       122.9487         0.8658         0.0000
        17.0400       123.6617         0.9242       123.6531         0.9114         0.0000
        17.0800       124.3272         0.9568       124.3369         0.9905         0.0000
        17.1200       124.9631         1.0432       125.0041         1.0506         0.0000
        17.1600       125.6335         1.1396       125.6890         1.1227         0.0000
        17.2000       126.2519         1.1936       126.3456         1.2112         0.0000
        17.2400       126.9561         1.2927       127.0182         1.2821         0.0000
        17.2800       127.6641         1.3617       127.6918         1.3920         0.0000
        17.3200       128.3535         1.4716       128.3909         1.4649         0.0000
        17.3600       129.0734         1.5573       129.1253         1.5599         0.0000
        17.4000       129.8064         1.6485       129.8689         1.6473         0.0000
        17.4400       130.5251         1.7235       130.5518         1.7353         0.0000
        17.4800       131.3050         1.7935       131.2458         1.8360         0.0000
        17.5200       132.0143         1.8829       132.0249         1.9095         0.0000
        17.5600       132.7298         1.9628       132.7930         1.9819         0.0000
        17.6000       133.3582         2.0740       133.4598         2.0347         0.0000
        17.6400       134.0313         2.1600       134.0896         2.1484         0.0000
        17.6800       134.7176         2.2359       134.7856         2.2222         0.0000
        17.7200       135.4292         2.3188       135.4854         2.2981         0.0000
        17.7600       136.1520         2.4099       136.1922         2.3889         0.0000
        17.8000       136.8868         2.5005       136.9254         2.4842         0.0000
        17.8400       137.6138         2.5874       137.6739         2.5767         0.0000
        17.8800       138.3234         2.6737       138.4005         2.6532         0.0000
        17.9200       139.0402         2.7568       139.0949         2.7393         0.0000
        17.9600       139.7742         2.8460       139.8251         2.8337         0.0000
        18.0000       140.5528         2.9441       140.5321         2.9318         0.0000
        18.0400       141.2800         3.0334       141.1964         3.0323         0.0000
        18.0800       142.0323         3.1256       141.9146         3.1077         0.0000
        18.1200       142.7666         3.2198       142.6480         3.1889         0.0000
        18.1600       143.4932         3.3080       143.4253         3.2758         0.0000
        18.2000       144.2148         3.3978       144.1578         3.3686         0.0000
        18.2400       144.9816         3.4919       144.9328         3.4769         0.0000
        18.2800       145.7558         3.6066       145.7161         3.5840         0.0000
        18.3200       146.5422         3.7183       146.5006         3.6836         0.0000
        18.3600       147.3360         3.8270       147.3006         3.7920         0.0000
        18.4000       148.0860         3.9459       148.1003         3.8874         0.0000
        18.4400       148.8395         4.0569       148.8706         4.0011         0.0000
        18.4800       149.6071         4.1601       149.6498         4.1258         0.0000
        18.5200       150.3384         4.2465       150.4125         4.2066         0.0000
        18.5600       151.1581         4.3323       151.1628         4.3118         0.0000
        18.6000       151.9210         4.4254       151.8859         4.4182         0.0000
        18.6400       152.6893         4.5300       152.6806         4.5261         0.0000
        18.6800       153.4456         4.6287       153.4431         4.6359         0.0000
        18.7200       154.1913         4.7340       154.2072         4.7462         0.0000
        18.7600       154.9719         4.7569       154.9987         4.8571         0.0000
        18.8000       155.7554         4.8821       155.7959         4.9707         0.0000
        18.8400       156.5387         4.9987       156.5528         5.0198         0.0000
        18.8800       157.3026         5.1183       157.3341         5.1345         0.0000
        18.9200       158.0850         5.2220       158.1410         5.2509         0.0000
        18.9600       158.9140         5.3429       159.0186         5.3496         0.0000
        19.0000       159.6790         5.4712       159.8195         5.4661         0.0000
        19.0400       160.4319         5.5896       160.6004         5.5969         0.0000
        19.0800       161.1938         5.6936       161.3874         5.7231         0.0000
        19.1200       161.9938         5.8211       162.1535         5.7597         0.0000
        19.1600       162.7651         5.8594       162.9468         5.8782         0.0000
        19.2000       163.5589         5.9892       163.6984         5.9852         0.0000
        19.2400       164.4033         6.1304       164.4913         6.1098         0.0000
        19.2800       165.1894         6.2518       165.2851         6.2279         0.0000
        19.3200       166.0337         6.3884       166.1241         6.3627         0.0000
        19.3600       166.8009         6.5209       167.0121         6.3992         0.0000
        19.4000       167.6949         6.6550       167.8856         6.5384         0.0000
        19.4400       168.5708         6.6947       168.7022         6.6885         0.0000
        19.4800       169.4181         6.8254       169.5279         6.8389         0.0000
        19.5200       170.2789         6.9647       170.3751         6.9781         0.0000
        19.5600       171.1338         7.1096       171.1895         7.1131         0.0000
        19.6000       171.9678         7.2548       172.0014         7.2611         0.0000
        19.6400       172.8331         7.2840       172.8584         7.2775         0.0000
        19.6800       173.6769         7.4287       173.6956         7.4146         0.0000
        19.7200       174.4769         7.5562       174.4713         7.5566         0.0000
        19.7600       175.3127         7.7006       175.3228         7.7138         0.0000
        19.8000       176.1649         7.8518       176.1732         7.8474         0.0000
        19.8400       177.0139         7.9824       177.0485         7.9891         0.0000
        19.8800       177.8459         8.1223       177.9620         8.1408         0.0000
        19.9200       178.6973         8.1410       178.7949         8.2908         0.0000
        19.9600       179.5121         8.2882       179.6606         8.4472         0.0000
        20.0000       158.2984         7.4123       158.4461         7.3976         0.0000
