         0.4000         0.0000         0.0000         0.0000         0.0000
         0.6000         0.0000         0.0000         0.0000         0.0000
         0.8000         0.0000         0.0000         0.0000         0.0000
         1.0000         0.0000         0.0000         0.0000         0.0000
         1.2000         0.8323         0.2373         0.2240         0.0650
         1.4000         2.5218         0.7270         0.6985         0.2005
         1.6000         4.6889         1.3615         1.2965         0.3814
         1.8000         7.3607         2.1685         2.0302         0.6003
         2.0000        10.4861         3.0412         2.9018         0.8375
         2.2000        14.0369         4.0539         3.8561         1.1190
         2.4000        18.0681         5.1857         4.9063         1.4210
         2.6000        22.7948         6.5314         6.0218         1.7727
         2.8000        27.8336         7.9480         7.1596         2.1475
         3.0000        33.6471         9.5826         8.3436         2.4982
         3.2000        40.2587        11.3551         9.5640         2.9240
         3.4000        47.1604        13.2361        10.7084         3.2423
         3.6000        55.1957        15.2185        11.8671         3.6238
         3.8000        63.9736        17.5564        12.9582         3.9059
         4.0000        73.4161        20.1889        13.8767         4.1233
         4.2000        83.8462        22.8646        14.6352         4.3220
         4.4000        94.8470        25.7522        15.2631         4.4948
         4.6000       106.7621        29.0238        15.4930         4.5223
         4.8000       120.0150        32.2834        15.4196         4.5035
         5.0000       134.8351        36.0822        14.9076         4.3480
         5.2000       150.6883        39.9261        13.8444         4.0146
         5.4000       167.8968        44.3997        12.2155         3.5506
         5.6000       186.3858        48.9563         9.9954         2.8351
         5.8000       206.4884        53.7396         6.8698         1.9260
         6.0000       227.8710        58.7620         2.9156         0.8170
         6.2000       250.9549        63.7882       476.0223       114.6325
         6.4000       274.8084        69.1706       503.0847       120.9091
         6.6000       298.5828        74.5363       532.6634       127.5040
         6.8000       323.0564        79.8847       563.5729       134.1192
         7.0000       347.2327        85.1689       596.8344       141.0608
         7.2000       372.8399        90.7422       632.1979       148.5217
         7.4000       398.3481        95.4019       669.9506       155.9548
         7.6000       424.2187       100.6897       710.2283       164.1519
         7.8000       449.3593       105.6595       751.4618       172.5581
         8.0000       473.6533       110.3285       795.7305       181.1349
         8.2000       498.6877       114.5800       843.1754       188.5442
         8.4000       522.2391       118.4028       893.8893       197.5024
         8.6000       546.6928       122.1394       946.6707       206.8745
         8.8000       570.4857       124.8980      1002.1994       216.1829
         9.0000       593.7746       127.8702      1061.8812       225.9611
         9.2000       615.7221       130.7448      1126.0762       236.2366
         9.4000       637.3077       133.1979      1193.9528       245.1012
         9.6000       657.6267       133.8817      1265.4556       256.0773
         9.8000       676.2630       135.1672      1341.5056       267.1215
        10.0000       693.7363       135.8923      1423.0700       278.9924
        10.2000       709.6374       134.9457      1511.8972       291.3819
        10.4000       722.4827       133.9244      1604.8260       302.4179
        10.6000       732.3765       131.9721      1702.2887       314.5315
        10.8000       739.3693       128.6570      1806.3351       327.3002
        11.0000       743.8225       124.3387      1917.0717       338.9932
        11.2000       744.3322       118.8831        29.4321         1.6363
        11.4000       746.2897       113.3885        75.8596         4.2083
        11.6000       750.1023       108.7910       121.9566         6.7731
        11.8000       755.9809       102.7960       167.3092         9.1890
        12.0000       763.6500        97.5606       212.5138        11.3833
        12.2000       773.6405        92.1192       257.4138        13.6412
        12.4000       785.0910        86.3188       301.6722        15.9013
        12.6000       798.9060        81.1523       345.7922        17.9968
        12.8000       813.9589        75.3663       390.3554        20.2795
        13.0000       831.5187        69.8150       434.9213        22.3462
        13.2000       849.5979        64.0019       478.9701        24.3990
        13.4000       869.8920        58.7398       523.4178        26.5367
        13.6000       891.3167        54.5039       567.5893        28.6227
        13.8000       915.3487        50.1641       612.7261        30.7996
        14.0000       940.8741        46.6198       657.4908        32.9651
        14.2000       968.4659        43.7449       702.5356        35.6434
        14.4000       997.2416        41.7387       747.8884        38.5558
        14.6000      1027.1716        40.2561       795.0061        41.4798
        14.8000      1058.2942        39.2335       840.9290        44.7202
        15.0000      1090.4634        39.0242       887.4865        48.8017
        15.2000      1125.9064        39.3406       935.3211        54.9866
        15.4000      1162.6057        40.1426       983.2346        61.3926
        15.6000      1200.8227        42.6435      1031.6082        69.5977
        15.8000      1239.9905        46.9923      1081.0939        78.4916
        16.0000      1280.0874        54.9538      1131.4335        88.0384
        16.2000      1323.5440        66.1266      1181.9808        97.3979
        16.4000      1368.1679        78.3961      1234.2467       107.1328
        16.6000      1413.9707        90.2225      1286.6824       119.4091
        16.8000      1460.1850       104.1057      1340.7981       131.4709
        17.0000      1508.6541       118.2776      1395.7472       144.4303
        17.2000      1558.8822       132.4092      1450.7434       158.0532
        17.4000      1609.1836       148.3197      1507.3205       173.4006
        17.6000      1661.9248       163.9024      1564.8389       188.5610
        17.8000      1717.6768       179.1992      1622.6324       203.2640
        18.0000      1773.5897       195.7729      1681.8825       220.1815
        18.2000      1829.7310       214.3232      1742.7578       236.1355
        18.4000      1889.3052       229.8242      1803.6770       252.9262
        18.6000      1947.9452       248.2616      1863.6215       270.7562
        18.8000      2008.9532       267.0416      1926.1411       289.8172
        19.0000      2071.0066       287.1805      1990.5485       308.3873
        19.2000      2136.1087       308.1917      2053.3985       329.5789
        19.4000      2202.3250       330.5411      2118.5685       351.6239
        19.6000      2270.3954       350.9429      2186.2735       372.0175
        19.8000      2339.5853       372.5234      2255.8784       392.9705
        20.0000      2411.7696       391.2972      2327.7205       413.9397
