         0.4000         0.0000         0.0000         0.0000         0.0000
         0.6000         0.0000         0.0000         0.0000         0.0000
         0.8000         0.0000         0.0000         0.0000         0.0000
         1.0000         0.0000         0.0000         0.0000         0.0000
         1.2000         0.0319         0.0077         0.0120         0.0031
         1.4000         0.0481         0.0091         0.0285         0.0072
         1.6000         0.0516         0.0083         0.0396         0.0093
         1.8000         0.0532         0.0074         0.0456         0.0096
         2.0000         0.0540         0.0069         0.0489         0.0093
         2.2000         0.0545         0.0065         0.0504         0.0091
         2.4000         0.0549         0.0062         0.0513         0.0086
         2.6000         0.0553         0.0059         0.0522         0.0082
         2.8000         0.0555         0.0057         0.0526         0.0079
         3.0000         0.0561         0.0053         0.0530         0.0077
         3.2000         0.0563         0.0051         0.0533         0.0075
         3.4000         0.0567         0.0047         0.0537         0.0072
         3.6000         0.0570         0.0044         0.0540         0.0070
         3.8000         0.0573         0.0042         0.0542         0.0068
         4.0000         0.0574         0.0041         0.0544         0.0067
         4.2000         0.0575         0.0040         0.0544         0.0066
         4.4000         0.0576         0.0039         0.0546         0.0065
         4.6000         0.0577         0.0039         0.0547         0.0063
         4.8000         0.0578         0.0038         0.0549         0.0061
         5.0000         0.0580         0.0036         0.0550         0.0060
         5.2000         0.0581         0.0035         0.0549         0.0061
         5.4000         0.0582         0.0034         0.0549         0.0061
         5.6000         0.0584         0.0033         0.0546         0.0063
         5.8000         0.0585         0.0032         0.0536         0.0070
         6.0000         0.0586         0.0031         0.0498         0.0085
         6.2000         0.0587         0.0029         0.0579         0.0027
         6.4000         0.0588         0.0029         0.0590         0.0027
         6.6000         0.0589         0.0028         0.0591         0.0026
         6.8000         0.0590         0.0027         0.0592         0.0025
         7.0000         0.0590         0.0027         0.0593         0.0024
         7.2000         0.0592         0.0025         0.0594         0.0023
         7.4000         0.0593         0.0024         0.0594         0.0023
         7.6000         0.0593         0.0024         0.0594         0.0024
         7.8000         0.0594         0.0023         0.0594         0.0023
         8.0000         0.0593         0.0024         0.0596         0.0022
         8.2000         0.0594         0.0023         0.0597         0.0021
         8.4000         0.0594         0.0023         0.0596         0.0021
         8.6000         0.0596         0.0022         0.0597         0.0020
         8.8000         0.0597         0.0021         0.0599         0.0018
         9.0000         0.0599         0.0019         0.0600         0.0018
         9.2000         0.0599         0.0018         0.0602         0.0016
         9.4000         0.0600         0.0017         0.0602         0.0016
         9.6000         0.0601         0.0016         0.0602         0.0015
         9.8000         0.0601         0.0016         0.0603         0.0015
        10.0000         0.0602         0.0016         0.0605         0.0013
        10.2000         0.0602         0.0016         0.0605         0.0013
        10.4000         0.0604         0.0014         0.0605         0.0013
        10.6000         0.0604         0.0013         0.0605         0.0012
        10.8000         0.0606         0.0012         0.0606         0.0012
        11.0000         0.0607         0.0011         0.0595         0.0011
        11.2000         0.0607         0.0010         0.0606         0.0013
        11.4000         0.0608         0.0010         0.0606         0.0011
        11.6000         0.0608         0.0010         0.0607         0.0011
        11.8000         0.0609         0.0009         0.0607         0.0011
        12.0000         0.0609         0.0009         0.0608         0.0010
        12.2000         0.0610         0.0008         0.0609         0.0009
        12.4000         0.0610         0.0007         0.0609         0.0009
        12.6000         0.0610         0.0007         0.0609         0.0009
        12.8000         0.0611         0.0007         0.0610         0.0008
        13.0000         0.0611         0.0007         0.0610         0.0008
        13.2000         0.0611         0.0007         0.0610         0.0008
        13.4000         0.0612         0.0006         0.0611         0.0007
        13.6000         0.0612         0.0006         0.0611         0.0007
        13.8000         0.0612         0.0006         0.0612         0.0006
        14.0000         0.0613         0.0005         0.0613         0.0005
        14.2000         0.0613         0.0005         0.0613         0.0005
        14.4000         0.0613         0.0005         0.0613         0.0005
        14.6000         0.0614         0.0004         0.0613         0.0005
        14.8000         0.0614         0.0004         0.0614         0.0004
        15.0000         0.0614         0.0003         0.0615         0.0003
        15.2000         0.0615         0.0004         0.0615         0.0003
        15.4000         0.0615         0.0003         0.0615         0.0003
        15.6000         0.0615         0.0003         0.0615         0.0003
        15.8000         0.0615         0.0003         0.0616         0.0002
        16.0000         0.0616         0.0002         0.0616         0.0002
        16.2000         0.0616         0.0002         0.0616         0.0002
        16.4000         0.0616         0.0002         0.0616         0.0002
        16.6000         0.0616         0.0002         0.0617         0.0001
        16.8000         0.0617         0.0001         0.0617         0.0001
        17.0000         0.0617         0.0001         0.0617         0.0001
        17.2000         0.0617         0.0001         0.0617         0.0001
        17.4000         0.0617         0.0001         0.0617         0.0001
        17.6000         0.0617         0.0001         0.0617         0.0001
        17.8000         0.0617         0.0001         0.0617         0.0001
        18.0000         0.0618         0.0001         0.0618         0.0000
        18.2000         0.0618         0.0000         0.0618         0.0000
        18.4000         0.0618         0.0000         0.0618         0.0000
        18.6000         0.0618         0.0000         0.0618         0.0000
        18.8000         0.0618         0.0000         0.0618         0.0000
        19.0000         0.0618         0.0000         0.0618         0.0000
        19.2000         0.0618         0.0000         0.0618         0.0000
        19.4000         0.0618         0.0000         0.0618         0.0000
        19.6000         0.0618         0.0000         0.0618         0.0000
        19.8000         0.0618         0.0000         0.0618         0.0000
        20.0000         2.1069         0.0007         2.1070         0.0008
