         0.4000         0.0000         0.0000         0.0000         0.0000
         0.6000         0.0000         0.0000         0.0000         0.0000
         0.8000         0.0000         0.0000         0.0000         0.0000
         1.0000         0.0000         0.0000         0.0000         0.0000
         1.2000         0.8555         0.0357         0.0000         0.0000
         1.4000         2.5276         0.0899         0.0000         0.0000
         1.6000         4.6649         0.1428         0.0000         0.0000
         1.8000         7.5561         0.1982         0.0000         0.0000
         2.0000        11.1123         0.3083         0.0000         0.0000
         2.2000        14.6397         0.2535         0.0000         0.0000
         2.4000        18.7619         0.3829         0.0000         0.0000
         2.6000        23.3962         0.4287         0.0000         0.0000
         2.8000        28.5656         0.4653         0.0000         0.0000
         3.0000        33.8740         0.4400         0.0003         0.0003
         3.2000        39.4271         0.4269         0.0024         0.0024
         3.4000        45.9588         0.3791         0.0026         0.0026
         3.6000        52.7046         0.4320         0.0036         0.0034
         3.8000        60.8305         0.5393         0.0020         0.0020
         4.0000        68.5628         0.6625         0.0020         0.0018
         4.2000        76.6193         0.5583         0.0019         0.0014
         4.4000        86.0555         0.6430         0.0035         0.0026
         4.6000        96.2539         0.6201         0.0031         0.0022
         4.8000       105.9867         0.5351         0.0041         0.0028
         5.0000       116.8090         0.6150         0.0023         0.0016
         5.2000       128.1903         0.7841         0.0084         0.0047
         5.4000       139.7431         1.1142         0.0133         0.0091
         5.6000       152.2694         1.1547         0.0118         0.0079
         5.8000       164.9898         0.8314         0.0056         0.0039
         6.0000       178.8359         0.8005         0.0016         0.0015
         6.2000       192.9465         0.5801      1351.2021        12.8893
         6.4000       207.5709         0.7804      1441.9220        12.7183
         6.6000       221.7685         0.9360      1535.3930        14.0948
         6.8000       235.2351         1.6569      1631.0297        13.6983
         7.0000       250.3940         1.5539      1729.0420        13.2608
         7.2000       266.5663         1.9040      1835.6293        13.8155
         7.4000       282.6593         1.1878      1938.5183        14.5723
         7.6000       298.5212         1.0991      2045.8013        14.3978
         7.8000       315.1514         1.0289      2152.6028        15.2725
         8.0000       331.9763         1.1178      2261.6675        13.5284
         8.2000       349.8476         1.3001      2377.6758        17.9246
         8.4000       368.7526         1.1792      2499.5206        20.4091
         8.6000       387.7966         1.3706      2624.2950        23.2624
         8.8000       408.2205         1.4486      2755.6006        23.5974
         9.0000       428.5005         1.6128      2886.2378        24.8080
         9.2000       450.1844         1.5848      3014.6625        26.2826
         9.4000       470.4804         1.3342      3152.6042        23.7148
         9.6000       491.6871         1.4067      3292.9230        22.2736
         9.8000       513.0764         1.1398      3431.5749        22.3555
        10.0000       536.8497         1.1963      3573.3757        23.5894
        10.2000       560.5804         1.2459      3722.0545        23.3577
        10.4000       584.0607         1.3750      3865.5707        23.9164
        10.6000       607.2677         1.1736      4017.7884        28.3876
        10.8000       632.2888         1.0958      4175.3980        30.7189
        11.0000       659.1347         1.2929      4335.2135        34.0058
        11.2000       684.8231         1.3813         3.3426         0.1904
        11.4000       709.3254         1.6068         9.0375         0.5282
        11.6000       736.1970         1.6231        14.7255         0.7431
        11.8000       761.6312         1.7507        20.6326         1.0317
        12.0000       788.6447         1.9590        27.0282         1.6226
        12.2000       816.6585         2.2907        33.0671         2.1311
        12.4000       844.7311         2.4143        39.6690         2.6726
        12.6000       872.7691         1.9757        46.1823         3.6371
        12.8000       902.9465         1.9091        53.2081         4.2341
        13.0000       932.1479         2.2352        59.8109         4.2786
        13.2000       962.8044         2.0632        66.4192         4.0286
        13.4000       993.7576         2.5523        73.7940         3.9936
        13.6000      1027.5389         3.0274        81.2187         4.0793
        13.8000      1061.5756         2.9127        88.9341         4.3375
        14.0000      1093.1127         2.2191        96.1642         5.0468
        14.2000      1123.4726         1.9089       104.2051         5.8317
        14.4000      1157.4882         1.9952       111.6700         6.3187
        14.6000      1191.7550         2.7329       119.7653         7.1616
        14.8000      1225.8846         2.8000       127.7183         8.0568
        15.0000      1259.0879         3.3671       135.5731         8.9145
        15.2000      1295.1790         3.2043       143.5234         9.3791
        15.4000      1332.4163         4.0843       151.2051        10.2893
        15.6000      1369.2197         4.1692       159.2026        11.2889
        15.8000      1405.5365         4.2321       167.6149        11.5793
        16.0000      1440.7867         3.1736       175.6176        11.2395
        16.2000      1476.2480         2.9026       184.4568        11.7441
        16.4000      1512.1680         2.5650       192.6272        12.1589
        16.6000      1551.4334         3.0368       200.4732        13.1655
        16.8000      1592.1264         3.5878       209.5636        14.0720
        17.0000      1632.0379         2.6032       217.9675        15.8050
        17.2000      1672.5347         2.4196       226.0829        16.7974
        17.4000      1712.8057         1.7423       234.6597        16.4272
        17.6000      1751.0112         1.8266       241.5098        16.5721
        17.8000      1792.8630         2.2499       250.0057        16.9509
        18.0000      1836.4909         3.2835       259.2062        17.4246
        18.2000      1877.4832         2.9700       268.1964        18.1286
        18.4000      1924.9578         2.6734       275.0520        18.7029
        18.6000      1969.4628         2.1602       282.4310        20.5611
        18.8000      2013.0704         2.0589       291.0344        22.5031
        19.0000      2050.9353         1.7808       298.1916        23.4227
        19.2000      2097.5936         2.2072       306.7049        24.2745
        19.4000      2143.6866         2.9838       313.6663        24.9315
        19.6000      2186.9398         5.7087       319.8691        25.8496
        19.8000      2235.2527         5.7288       326.5888        26.3897
        20.0000      2281.9221         5.9125       333.7739        27.1031
