         0.4000         0.0000         0.0000         0.0000         0.0000
         0.6000         0.0000         0.0000         0.0000         0.0000
         0.8000         0.0000         0.0000         0.0000         0.0000
         1.0000         0.0000         0.0000         0.0000         0.0000
         1.2000         0.7936         0.0308         0.0000         0.0000
         1.4000         2.3681         0.0984         0.0000         0.0000
         1.6000         4.5020         0.1459         0.0000         0.0000
         1.8000         7.2044         0.2536         0.0000         0.0000
         2.0000        10.4591         0.3464         0.0000         0.0000
         2.2000        14.4763         0.4641         0.0000         0.0000
         2.4000        19.0637         0.4824         0.0000         0.0000
         2.6000        24.1454         0.4668         0.0000         0.0000
         2.8000        29.5179         0.5927         0.0000         0.0000
         3.0000        34.9815         0.7179         0.0000         0.0000
         3.2000        41.1577         0.6603         0.0000         0.0000
         3.4000        48.4026         0.5700         0.0000         0.0000
         3.6000        55.5497         0.4835         0.0000         0.0000
         3.8000        62.7696         0.4594         0.0000         0.0000
         4.0000        70.8839         0.3632         0.0000         0.0000
         4.2000        79.9914         0.4884         0.0000         0.0000
         4.4000        89.0527         0.4582         0.0000         0.0000
         4.6000        98.2199         0.5248         0.0000         0.0000
         4.8000       108.0469         0.7869         0.0000         0.0000
         5.0000       118.1978         0.8073         0.0000         0.0000
         5.2000       129.4759         0.9405         0.0000         0.0000
         5.4000       141.0871         1.3596         0.0000         0.0000
         5.6000       153.6977         1.6298         0.0000         0.0000
         5.8000       165.3753         1.8510         0.0000         0.0000
         6.0000       178.0292         1.9117         0.0000         0.0000
         6.2000       191.3301         1.5437      1504.9766         7.1865
         6.4000       205.0540         1.8580      1604.0495         5.8758
         6.6000       218.8382         2.1485      1708.9868         4.9128
         6.8000       232.6158         2.3354      1818.3618         4.4404
         7.0000       247.6365         2.3590      1927.7874         2.4175
         7.2000       263.9232         2.5385      2037.3856         2.7262
         7.4000       279.9827         1.7465      2154.0280         2.7637
         7.6000       296.1642         1.1387      2271.9135         2.6795
         7.8000       313.0194         1.2369      2396.4744         2.8108
         8.0000       331.0154         1.3129      2524.3473         1.9960
         8.2000       349.1875         1.0954      2651.0408         2.4079
         8.4000       366.6635         0.9633      2784.1754         2.2929
         8.6000       385.6494         1.0602      2920.2126         3.0518
         8.8000       404.6494         1.2459      3059.6168         4.5302
         9.0000       423.6435         1.4827      3201.0413         5.8789
         9.2000       444.2141         1.5221      3343.6833         6.2851
         9.4000       465.2036         1.4507      3489.5131         4.4768
         9.6000       487.3385         1.5616      3640.2456         4.6536
         9.8000       511.3960         1.4382      3797.1996         4.2584
        10.0000       534.9778         1.4931      3954.5432         4.9015
        10.2000       558.1948         1.5131      4108.0466         3.9725
        10.4000       581.1982         1.4536      4264.4822         3.6360
        10.6000       603.9021         1.1167      4431.3787         5.4074
        10.8000       626.6583         1.1773      4603.9861         5.1812
        11.0000       649.9017         1.4968      4777.1720         6.1732
        11.2000       674.7649         1.4914         0.0300         0.0050
        11.4000       701.6117         1.6780         0.0438         0.0095
        11.6000       730.2207         1.9478         0.0719         0.0161
        11.8000       760.2269         2.0589         0.0995         0.0184
        12.0000       788.6952         1.6643         0.1372         0.0226
        12.2000       818.0513         1.4960         0.1645         0.0274
        12.4000       845.8316         2.1874         0.1818         0.0252
        12.6000       875.4914         1.8486         0.2411         0.0320
        12.8000       902.9562         2.8407         0.2607         0.0364
        13.0000       932.7061         3.2466         0.3087         0.0367
        13.2000       960.9069         3.7459         0.3851         0.0415
        13.4000       990.2702         3.2159         0.4614         0.0454
        13.6000      1019.9029         2.3063         0.4674         0.0522
        13.8000      1050.9568         1.9530         0.5176         0.0468
        14.0000      1082.3428         1.8175         0.5849         0.0537
        14.2000      1114.8099         1.6387         0.6151         0.0546
        14.4000      1150.2948         1.9777         0.6582         0.0570
        14.6000      1184.3764         1.9191         0.7175         0.0495
        14.8000      1218.1886         2.0880         0.7263         0.0545
        15.0000      1252.5678         2.0486         0.7587         0.0614
        15.2000      1287.1526         2.4887         0.7264         0.0761
        15.4000      1324.6850         2.4869         0.7081         0.0610
        15.6000      1362.9760         2.0932         0.7384         0.0516
        15.8000      1398.4102         1.8831         0.8175         0.0545
        16.0000      1436.2895         3.1721         0.8718         0.0573
        16.2000      1474.7832         3.5037         0.9354         0.0475
        16.4000      1515.6876         3.1169         0.9866         0.0508
        16.6000      1556.5274         2.3027         1.0818         0.0548
        16.8000      1597.7081         2.3919         1.1723         0.0603
        17.0000      1638.1393         1.9804         1.1572         0.0491
        17.2000      1678.9938         2.5994         1.1867         0.0577
        17.4000      1720.5802         2.3000         1.2424         0.0713
        17.6000      1761.7635         3.0429         1.3083         0.0678
        17.8000      1805.7544         2.8484         1.3256         0.0704
        18.0000      1850.8471         3.2577         1.3926         0.0777
        18.2000      1891.7529         2.8743         1.4616         0.0753
        18.4000      1932.2157         2.2241         1.4724         0.0750
        18.6000      1975.7446         2.2319         1.4785         0.0806
        18.8000      2017.9104         2.8694         1.4487         0.0519
        19.0000      2059.9376         2.5293         1.4688         0.0481
        19.2000      2102.1993         2.3694         1.6383         0.0529
        19.4000      2150.2444         4.6770         1.6252         0.0712
        19.6000      2196.5891         4.4745         1.6609         0.0662
        19.8000      2243.5092         6.1904         1.7728         0.0932
        20.0000      2291.0221         7.1187         1.8258         0.1225
