         0.4000         0.0000         0.0000         0.0000         0.0000
         0.6000         0.0000         0.0000         0.0000         0.0000
         0.8000         0.0000         0.0000         0.0000         0.0000
         1.0000         0.0000         0.0000         0.0000         0.0000
         1.2000         0.8474         0.0339         0.0000         0.0000
         1.4000         2.5470         0.0845         0.0012         0.0011
         1.6000         4.7282         0.1275         0.0035         0.0025
         1.8000         7.4122         0.2252         0.0080         0.0065
         2.0000        10.6488         0.3131         0.0044         0.0027
         2.2000        14.5399         0.3989         0.0182         0.0091
         2.4000        18.6138         0.3942         0.0242         0.0159
         2.6000        23.2668         0.3590         0.0169         0.0111
         2.8000        28.5900         0.4805         0.0126         0.0081
         3.0000        34.2641         0.4861         0.0170         0.0076
         3.2000        40.3448         0.5306         0.0103         0.0047
         3.4000        46.6008         0.6246         0.0110         0.0081
         3.6000        53.2698         0.6407         0.0140         0.0112
         3.8000        60.4611         0.6133         0.0130         0.0109
         4.0000        68.5344         0.4788         0.0110         0.0057
         4.2000        77.7430         0.7372         0.0053         0.0030
         4.4000        86.9533         0.7374         0.0033         0.0020
         4.6000        96.0741         0.7168         0.0037         0.0032
         4.8000       106.5658         0.6433         0.0018         0.0018
         5.0000       118.1500         0.6300         0.0038         0.0038
         5.2000       129.1084         0.6588         0.0071         0.0070
         5.4000       140.6060         0.7736         0.0018         0.0018
         5.6000       152.3551         0.8417         0.0020         0.0019
         5.8000       164.1434         1.0380         0.0007         0.0007
         6.0000       176.3000         1.3140         0.0006         0.0006
         6.2000       190.0794         1.3168      1498.5166         3.7141
         6.4000       203.2696         1.3197      1597.7519         3.8556
         6.6000       217.8974         0.9312      1700.6896         3.9077
         6.8000       232.9025         1.2027      1807.4033         4.2705
         7.0000       247.7270         1.1163      1918.4050         4.4297
         7.2000       262.8831         1.0487      2033.7461         2.4224
         7.4000       278.1372         1.2044      2149.7973         2.4736
         7.6000       295.0918         1.2662      2268.6416         3.6584
         7.8000       311.8922         1.3610      2387.9149         3.6800
         8.0000       328.5114         1.4098      2516.8818         3.4477
         8.2000       347.3410         1.3854      2648.6513         2.6864
         8.4000       368.5326         1.9925      2779.5877         2.5292
         8.6000       387.5685         1.5187      2915.4962         2.9345
         8.8000       407.0284         1.9966      3054.0736         3.1082
         9.0000       428.1277         2.8483      3196.0370         3.8664
         9.2000       448.9453         1.9847      3344.0308         3.4727
         9.4000       469.7740         1.8372      3493.9449         4.2965
         9.6000       490.2492         2.0587      3645.9773         4.8466
         9.8000       514.2821         2.1598      3797.8759         3.4863
        10.0000       537.6854         2.1496      3958.8144         3.9439
        10.2000       560.9372         1.7750      4120.2164         3.5517
        10.4000       583.6703         1.7628      4281.8814         5.0750
        10.6000       607.3906         1.6307      4446.1789         6.0376
        10.8000       633.1411         1.5957      4612.2207        10.0387
        11.0000       659.2132         2.1446      4781.3163        11.1335
        11.2000       683.2430         2.1784         0.0324         0.0054
        11.4000       706.9637         2.3176         0.0443         0.0096
        11.6000       734.5945         1.9967         0.0916         0.0198
        11.8000       759.6623         1.5961         0.1126         0.0287
        12.0000       785.8294         1.7254         0.1158         0.0229
        12.2000       814.4302         2.1352         0.1431         0.0237
        12.4000       841.7800         2.5584         0.1598         0.0203
        12.6000       871.6405         3.5454         0.1863         0.0205
        12.8000       900.6928         2.0997         0.2342         0.0279
        13.0000       928.3612         1.8940         0.2994         0.0289
        13.2000       957.8741         1.6250         0.3590         0.0404
        13.4000       989.5397         2.0156         0.3528         0.0323
        13.6000      1021.8854         2.0012         0.4172         0.0526
        13.8000      1054.2439         1.9800         0.4673         0.0774
        14.0000      1088.7438         3.5111         0.5314         0.0900
        14.2000      1121.6589         3.4094         0.5476         0.0862
        14.4000      1155.4051         2.1591         0.5398         0.0747
        14.6000      1192.2181         2.7070         0.5405         0.0494
        14.8000      1227.6690         2.6134         0.5671         0.0617
        15.0000      1261.9521         2.3202         0.5941         0.0645
        15.2000      1296.0259         3.1562         0.6327         0.0573
        15.4000      1332.7363         2.8703         0.7286         0.0572
        15.6000      1370.8127         2.7576         0.6570         0.0545
        15.8000      1407.2692         2.3000         0.7138         0.0529
        16.0000      1445.5015         3.1395         0.7091         0.0610
        16.2000      1481.3204         2.5837         0.6956         0.0532
        16.4000      1517.0773         2.8826         0.6973         0.0517
        16.6000      1554.2216         3.7650         0.7321         0.0520
        16.8000      1593.6691         2.7580         0.7178         0.0406
        17.0000      1632.5735         3.5862         0.7676         0.0433
        17.2000      1669.2112         3.2255         0.8083         0.0463
        17.4000      1710.8705         3.3870         0.8213         0.0571
        17.6000      1755.4874         3.1534         0.8905         0.0536
        17.8000      1797.1330         2.0654         0.9536         0.0529
        18.0000      1838.8339         2.5999         1.0477         0.0707
        18.2000      1880.7736         2.4776         1.1309         0.0706
        18.4000      1926.7525         3.3394         1.0812         0.0647
        18.6000      1973.8612         3.5024         1.1043         0.0618
        18.8000      2016.9658         3.2343         1.1569         0.0590
        19.0000      2060.5002         3.5693         1.1630         0.0603
        19.2000      2106.1987         3.3071         1.1437         0.0520
        19.4000      2152.0507         2.6178         1.1390         0.0435
        19.6000      2197.4591         3.3145         1.2248         0.0557
        19.8000      2239.5378         4.5216         1.1964         0.0730
        20.0000      2284.0874         6.5801         1.2270         0.0936
