         0.4000         0.0000         0.0000         0.0000         0.0000
         0.6000         0.0000         0.0000         0.0000         0.0000
         0.8000         0.0000         0.0000         0.0000         0.0000
         1.0000         0.0000         0.0000         0.0000         0.0000
         1.2000         0.8083         0.0309         0.0000         0.0000
         1.4000         2.4920         0.0814         0.0000         0.0000
         1.6000         4.5936         0.1362         0.0000         0.0000
         1.8000         7.2024         0.1653         0.0000         0.0000
         2.0000        10.6921         0.2269         0.0000         0.0000
         2.2000        14.6861         0.2997         0.0000         0.0000
         2.4000        19.0107         0.2759         0.0000         0.0000
         2.6000        23.4844         0.3320         0.0000         0.0000
         2.8000        28.3389         0.3726         0.0000         0.0000
         3.0000        33.9284         0.4742         0.0000         0.0000
         3.2000        39.6820         0.6632         0.0000         0.0000
         3.4000        46.4019         0.7458         0.0000         0.0000
         3.6000        53.2222         0.8333         0.0000         0.0000
         3.8000        60.7834         0.7920         0.0000         0.0000
         4.0000        69.1685         0.8950         0.0000         0.0000
         4.2000        77.8907         0.8437         0.0000         0.0000
         4.4000        87.3483         0.7338         0.0000         0.0000
         4.6000        96.6347         0.8306         0.0000         0.0000
         4.8000       106.3643         0.6597         0.0000         0.0000
         5.0000       117.0751         0.9098         0.0000         0.0000
         5.2000       128.3860         0.6963         0.0000         0.0000
         5.4000       139.3017         1.1974         0.0000         0.0000
         5.6000       150.9217         1.3697         0.0000         0.0000
         5.8000       162.9236         1.4409         0.0000         0.0000
         6.0000       176.1797         1.4656         0.0000         0.0000
         6.2000       189.3616         1.8947      1503.7829         2.7861
         6.4000       203.7999         2.1404      1601.1778         3.2205
         6.6000       218.6210         2.1367      1702.2075         2.4008
         6.8000       233.4477         1.4281      1811.0811         2.2470
         7.0000       248.9311         1.6402      1923.2510         3.1363
         7.2000       263.6261         1.8742      2033.3213         3.8092
         7.4000       279.8104         2.1661      2147.9955         3.9323
         7.6000       296.9528         2.1638      2266.4662         3.7737
         7.8000       314.9928         3.0208      2388.4152         4.7606
         8.0000       332.9276         2.5021      2515.0418         4.7483
         8.2000       351.5113         2.0712      2645.9201         4.1993
         8.4000       370.1582         3.4387      2776.5905         3.9927
         8.6000       389.0543         3.2477      2911.0248         4.7949
         8.8000       406.8361         1.8244      3049.4670         5.1479
         9.0000       425.7612         1.4567      3190.6369         5.2919
         9.2000       447.0942         1.1398      3338.5816         4.8905
         9.4000       469.3225         1.3898      3488.1192         3.9525
         9.6000       491.5786         1.2962      3643.0369         4.0293
         9.8000       514.5638         1.0127      3797.5051         3.8645
        10.0000       537.2162         1.3438      3954.3049         4.3505
        10.2000       560.2142         1.5971      4112.1877         4.0780
        10.4000       584.0403         1.5915      4270.5635         3.6121
        10.6000       606.5022         1.5818      4438.2333         5.0012
        10.8000       631.7252         1.4027      4607.6118         5.0581
        11.0000       655.6755         1.3493      4777.6291         6.4450
        11.2000       681.0160         1.7703         0.0623         0.0079
        11.4000       707.4151         1.8534         0.1220         0.0254
        11.6000       732.2141         1.6575         0.2127         0.0393
        11.8000       758.0857         1.6313         0.2692         0.0424
        12.0000       785.4041         2.1674         0.3209         0.0423
        12.2000       814.3844         2.4016         0.3995         0.0543
        12.4000       843.2779         2.0768         0.4864         0.0629
        12.6000       871.9660         1.6068         0.5745         0.0785
        12.8000       900.6318         1.8839         0.6874         0.0875
        13.0000       930.3439         1.7696         0.7644         0.1107
        13.2000       960.2750         2.1751         0.8142         0.0996
        13.4000       990.7242         1.7768         0.9080         0.0989
        13.6000      1022.7669         1.8605         1.0572         0.0856
        13.8000      1055.3940         3.6773         1.1438         0.0926
        14.0000      1086.3429         3.0444         1.1722         0.1055
        14.2000      1117.7029         2.4492         1.2896         0.0836
        14.4000      1151.2663         2.2528         1.3320         0.0735
        14.6000      1188.6684         1.9126         1.4027         0.0788
        14.8000      1223.4014         2.0319         1.5175         0.0849
        15.0000      1255.9277         2.7940         1.5468         0.0946
        15.2000      1291.7659         3.5203         1.7000         0.1212
        15.4000      1329.5519         4.3986         1.7845         0.1098
        15.6000      1366.3762         4.4377         1.8393         0.1115
        15.8000      1401.9546         3.3440         1.9561         0.1115
        16.0000      1441.2534         2.8305         2.0929         0.1041
        16.2000      1483.2987         3.2253         2.2526         0.0845
        16.4000      1523.8306         3.7459         2.4240         0.0976
        16.6000      1564.1308         4.1334         2.5850         0.1298
        16.8000      1605.2943         3.8974         2.7814         0.1497
        17.0000      1643.2439         3.4972         2.7803         0.1747
        17.2000      1681.5927         3.1856         2.8295         0.1655
        17.4000      1720.6954         2.9758         2.9998         0.1686
        17.6000      1759.2006         3.4224         3.1956         0.2626
        17.8000      1796.8598         2.6856         3.3138         0.2451
        18.0000      1839.1172         2.9042         3.4283         0.2601
        18.2000      1880.9867         3.1671         3.5389         0.2380
        18.4000      1925.3283         4.4594         3.6255         0.2759
        18.6000      1969.0146         3.4802         3.7870         0.3273
        18.8000      2014.0179         5.0744         3.8470         0.2855
        19.0000      2059.2919         3.6426         3.9641         0.4073
        19.2000      2103.9869         2.5265         4.1301         0.3975
        19.4000      2149.0555         3.2848         4.1650         0.2439
        19.6000      2190.5541         3.5049         4.3072         0.2617
        19.8000      2233.1793         3.0259         4.4707         0.2391
        20.0000      2279.4984         3.4813         4.4177         0.3536
