         0.4000         0.0000         0.0000         0.0000         0.0000
         0.6000         0.0000         0.0000         0.0000         0.0000
         0.8000         0.0000         0.0000         0.0000         0.0000
         1.0000         0.0000         0.0000         0.0000         0.0000
         1.2000         0.0355         0.0008         0.0000         0.0000
         1.4000         0.0572         0.0005         0.0000         0.0000
         1.6000         0.0611         0.0001         0.0000         0.0000
         1.8000         0.0618         0.0001         0.0000         0.0000
         2.0000         0.0618         0.0000         0.0000         0.0000
         2.2000         0.0618         0.0000         0.0000         0.0000
         2.4000         0.0618         0.0000         0.0000         0.0000
         2.6000         0.0618         0.0000         0.0000         0.0000
         2.8000         0.0618         0.0000         0.0000         0.0000
         3.0000         0.0618         0.0000         0.0000         0.0000
         3.2000         0.0618         0.0000         0.0000         0.0000
         3.4000         0.0618         0.0000         0.0000         0.0000
         3.6000         0.0618         0.0000         0.0000         0.0000
         3.8000         0.0618         0.0000         0.0000         0.0000
         4.0000         0.0618         0.0000         0.0000         0.0000
         4.2000         0.0618         0.0000         0.0000         0.0000
         4.4000         0.0618         0.0000         0.0000         0.0000
         4.6000         0.0618         0.0000         0.0000         0.0000
         4.8000         0.0618         0.0000         0.0000         0.0000
         5.0000         0.0618         0.0000         0.0000         0.0000
         5.2000         0.0618         0.0000         0.0000         0.0000
         5.4000         0.0618         0.0000         0.0000         0.0000
         5.6000         0.0618         0.0000         0.0000         0.0000
         5.8000         0.0618         0.0000         0.0000         0.0000
         6.0000         0.0618         0.0000         0.0000         0.0000
         6.2000         0.0618         0.0000         0.0607         0.0000
         6.4000         0.0618         0.0000         0.0618         0.0000
         6.6000         0.0618         0.0000         0.0618         0.0000
         6.8000         0.0618         0.0000         0.0618         0.0000
         7.0000         0.0618         0.0000         0.0618         0.0000
         7.2000         0.0618         0.0000         0.0618         0.0000
         7.4000         0.0618         0.0000         0.0618         0.0000
         7.6000         0.0618         0.0000         0.0618         0.0000
         7.8000         0.0618         0.0000         0.0618         0.0000
         8.0000         0.0618         0.0000         0.0618         0.0000
         8.2000         0.0618         0.0000         0.0618         0.0000
         8.4000         0.0618         0.0000         0.0618         0.0000
         8.6000         0.0618         0.0000         0.0618         0.0000
         8.8000         0.0618         0.0000         0.0618         0.0000
         9.0000         0.0618         0.0000         0.0618         0.0000
         9.2000         0.0618         0.0000         0.0618         0.0000
         9.4000         0.0618         0.0000         0.0618         0.0000
         9.6000         0.0618         0.0000         0.0618         0.0000
         9.8000         0.0618         0.0000         0.0618         0.0000
        10.0000         0.0618         0.0000         0.0618         0.0000
        10.2000         0.0618         0.0000         0.0618         0.0000
        10.4000         0.0618         0.0000         0.0618         0.0000
        10.6000         0.0618         0.0000         0.0618         0.0000
        10.8000         0.0618         0.0000         0.0618         0.0000
        11.0000         0.0618         0.0000         0.0606         0.0000
        11.2000         0.0618         0.0000         0.0014         0.0003
        11.4000         0.0618         0.0000         0.0033         0.0006
        11.6000         0.0618         0.0000         0.0066         0.0011
        11.8000         0.0618         0.0000         0.0111         0.0021
        12.0000         0.0618         0.0000         0.0148         0.0031
        12.2000         0.0618         0.0000         0.0159         0.0026
        12.4000         0.0618         0.0000         0.0173         0.0019
        12.6000         0.0618         0.0000         0.0213         0.0019
        12.8000         0.0618         0.0000         0.0251         0.0015
        13.0000         0.0618         0.0000         0.0285         0.0018
        13.2000         0.0618         0.0000         0.0300         0.0026
        13.4000         0.0618         0.0000         0.0288         0.0027
        13.6000         0.0618         0.0000         0.0288         0.0020
        13.8000         0.0618         0.0000         0.0293         0.0017
        14.0000         0.0618         0.0000         0.0308         0.0023
        14.2000         0.0618         0.0000         0.0354         0.0021
        14.4000         0.0618         0.0000         0.0396         0.0020
        14.6000         0.0618         0.0000         0.0422         0.0017
        14.8000         0.0618         0.0000         0.0441         0.0016
        15.0000         0.0618         0.0000         0.0454         0.0016
        15.2000         0.0618         0.0000         0.0469         0.0013
        15.4000         0.0618         0.0000         0.0484         0.0011
        15.6000         0.0618         0.0000         0.0514         0.0009
        15.8000         0.0618         0.0000         0.0527         0.0011
        16.0000         0.0618         0.0000         0.0538         0.0009
        16.2000         0.0618         0.0000         0.0547         0.0008
        16.4000         0.0618         0.0000         0.0559         0.0006
        16.6000         0.0618         0.0000         0.0560         0.0007
        16.8000         0.0618         0.0000         0.0555         0.0008
        17.0000         0.0618         0.0000         0.0556         0.0012
        17.2000         0.0618         0.0000         0.0551         0.0010
        17.4000         0.0618         0.0000         0.0555         0.0007
        17.6000         0.0618         0.0000         0.0562         0.0007
        17.8000         0.0618         0.0000         0.0567         0.0008
        18.0000         0.0618         0.0000         0.0561         0.0010
        18.2000         0.0618         0.0000         0.0556         0.0007
        18.4000         0.0618         0.0000         0.0555         0.0009
        18.6000         0.0618         0.0000         0.0553         0.0016
        18.8000         0.0618         0.0000         0.0563         0.0005
        19.0000         0.0618         0.0000         0.0566         0.0011
        19.2000         0.0618         0.0000         0.0567         0.0007
        19.4000         0.0618         0.0000         0.0569         0.0006
        19.6000         0.0618         0.0000         0.0574         0.0006
        19.8000         0.0618         0.0000         0.0572         0.0005
        20.0000         2.1062         0.0014         2.0006         0.0490
