         0.4000         0.0000         0.0000         0.0000         0.0000
         0.6000         0.0000         0.0000         0.0000         0.0000
         0.8000         0.0000         0.0000         0.0000         0.0000
         1.0000         0.0000         0.0000         0.0000         0.0000
         1.2000         0.0359         0.0009         0.0000         0.0000
         1.4000         0.0574         0.0004         0.0000         0.0000
         1.6000         0.0615         0.0001         0.0000         0.0000
         1.8000         0.0618         0.0001         0.0000         0.0000
         2.0000         0.0618         0.0000         0.0000         0.0000
         2.2000         0.0618         0.0000         0.0000         0.0000
         2.4000         0.0618         0.0000         0.0000         0.0000
         2.6000         0.0618         0.0000         0.0000         0.0000
         2.8000         0.0618         0.0000         0.0000         0.0000
         3.0000         0.0618         0.0000         0.0000         0.0000
         3.2000         0.0618         0.0000         0.0000         0.0000
         3.4000         0.0618         0.0000         0.0000         0.0000
         3.6000         0.0618         0.0000         0.0000         0.0000
         3.8000         0.0618         0.0000         0.0000         0.0000
         4.0000         0.0618         0.0000         0.0000         0.0000
         4.2000         0.0618         0.0000         0.0000         0.0000
         4.4000         0.0618         0.0000         0.0000         0.0000
         4.6000         0.0618         0.0000         0.0000         0.0000
         4.8000         0.0618         0.0000         0.0000         0.0000
         5.0000         0.0618         0.0000         0.0000         0.0000
         5.2000         0.0618         0.0000         0.0000         0.0000
         5.4000         0.0618         0.0000         0.0000         0.0000
         5.6000         0.0618         0.0000         0.0000         0.0000
         5.8000         0.0618         0.0000         0.0000         0.0000
         6.0000         0.0618         0.0000         0.0000         0.0000
         6.2000         0.0618         0.0000         0.0607         0.0000
         6.4000         0.0618         0.0000         0.0618         0.0000
         6.6000         0.0618         0.0000         0.0618         0.0000
         6.8000         0.0618         0.0000         0.0618         0.0000
         7.0000         0.0618         0.0000         0.0618         0.0000
         7.2000         0.0618         0.0000         0.0618         0.0000
         7.4000         0.0618         0.0000         0.0618         0.0000
         7.6000         0.0618         0.0000         0.0618         0.0000
         7.8000         0.0618         0.0000         0.0618         0.0000
         8.0000         0.0618         0.0000         0.0618         0.0000
         8.2000         0.0618         0.0000         0.0618         0.0000
         8.4000         0.0618         0.0000         0.0618         0.0000
         8.6000         0.0618         0.0000         0.0618         0.0000
         8.8000         0.0618         0.0000         0.0618         0.0000
         9.0000         0.0618         0.0000         0.0618         0.0000
         9.2000         0.0618         0.0000         0.0618         0.0000
         9.4000         0.0618         0.0000         0.0618         0.0000
         9.6000         0.0618         0.0000         0.0618         0.0000
         9.8000         0.0618         0.0000         0.0618         0.0000
        10.0000         0.0618         0.0000         0.0618         0.0000
        10.2000         0.0618         0.0000         0.0618         0.0000
        10.4000         0.0618         0.0000         0.0618         0.0000
        10.6000         0.0618         0.0000         0.0618         0.0000
        10.8000         0.0618         0.0000         0.0618         0.0000
        11.0000         0.0618         0.0000         0.0606         0.0000
        11.2000         0.0618         0.0000         0.0019         0.0004
        11.4000         0.0618         0.0000         0.0051         0.0014
        11.6000         0.0618         0.0000         0.0062         0.0016
        11.8000         0.0618         0.0000         0.0087         0.0018
        12.0000         0.0618         0.0000         0.0108         0.0025
        12.2000         0.0618         0.0000         0.0135         0.0026
        12.4000         0.0618         0.0000         0.0155         0.0027
        12.6000         0.0618         0.0000         0.0155         0.0021
        12.8000         0.0618         0.0000         0.0167         0.0036
        13.0000         0.0618         0.0000         0.0191         0.0037
        13.2000         0.0618         0.0000         0.0232         0.0039
        13.4000         0.0618         0.0000         0.0273         0.0023
        13.6000         0.0618         0.0000         0.0277         0.0028
        13.8000         0.0618         0.0000         0.0292         0.0018
        14.0000         0.0618         0.0000         0.0291         0.0015
        14.2000         0.0618         0.0000         0.0295         0.0014
        14.4000         0.0618         0.0000         0.0311         0.0019
        14.6000         0.0618         0.0000         0.0346         0.0018
        14.8000         0.0618         0.0000         0.0347         0.0028
        15.0000         0.0618         0.0000         0.0350         0.0020
        15.2000         0.0618         0.0000         0.0376         0.0017
        15.4000         0.0618         0.0000         0.0381         0.0021
        15.6000         0.0618         0.0000         0.0388         0.0018
        15.8000         0.0618         0.0000         0.0432         0.0014
        16.0000         0.0618         0.0000         0.0429         0.0016
        16.2000         0.0618         0.0000         0.0451         0.0011
        16.4000         0.0618         0.0000         0.0473         0.0009
        16.6000         0.0618         0.0000         0.0474         0.0012
        16.8000         0.0618         0.0000         0.0473         0.0014
        17.0000         0.0618         0.0000         0.0479         0.0013
        17.2000         0.0618         0.0000         0.0482         0.0012
        17.4000         0.0618         0.0000         0.0490         0.0011
        17.6000         0.0618         0.0000         0.0497         0.0011
        17.8000         0.0618         0.0000         0.0512         0.0015
        18.0000         0.0618         0.0000         0.0518         0.0011
        18.2000         0.0618         0.0000         0.0525         0.0009
        18.4000         0.0618         0.0000         0.0524         0.0010
        18.6000         0.0618         0.0000         0.0515         0.0015
        18.8000         0.0618         0.0000         0.0522         0.0010
        19.0000         0.0618         0.0000         0.0535         0.0016
        19.2000         0.0618         0.0000         0.0532         0.0008
        19.4000         0.0618         0.0000         0.0541         0.0008
        19.6000         0.0618         0.0000         0.0552         0.0012
        19.8000         0.0618         0.0000         0.0559         0.0017
        20.0000         2.1076         0.0013         1.9591         0.0913
