         0.4000         0.0000         0.0000         0.0000         0.0000
         0.6000         0.0000         0.0000         0.0000         0.0000
         0.8000         0.0000         0.0000         0.0000         0.0000
         1.0000         0.0000         0.0000         0.0000         0.0000
         1.2000         0.0341         0.0009         0.0000         0.0000
         1.4000         0.0561         0.0007         0.0000         0.0000
         1.6000         0.0611         0.0001         0.0000         0.0000
         1.8000         0.0617         0.0001         0.0000         0.0000
         2.0000         0.0618         0.0000         0.0000         0.0000
         2.2000         0.0618         0.0000         0.0000         0.0000
         2.4000         0.0618         0.0000         0.0000         0.0000
         2.6000         0.0618         0.0000         0.0000         0.0000
         2.8000         0.0618         0.0000         0.0000         0.0000
         3.0000         0.0618         0.0000         0.0000         0.0000
         3.2000         0.0618         0.0000         0.0000         0.0000
         3.4000         0.0618         0.0000         0.0000         0.0000
         3.6000         0.0618         0.0000         0.0000         0.0000
         3.8000         0.0618         0.0000         0.0000         0.0000
         4.0000         0.0618         0.0000         0.0000         0.0000
         4.2000         0.0618         0.0000         0.0000         0.0000
         4.4000         0.0618         0.0000         0.0000         0.0000
         4.6000         0.0618         0.0000         0.0000         0.0000
         4.8000         0.0618         0.0000         0.0000         0.0000
         5.0000         0.0618         0.0000         0.0000         0.0000
         5.2000         0.0618         0.0000         0.0000         0.0000
         5.4000         0.0618         0.0000         0.0000         0.0000
         5.6000         0.0618         0.0000         0.0000         0.0000
         5.8000         0.0618         0.0000         0.0000         0.0000
         6.0000         0.0618         0.0000         0.0000         0.0000
         6.2000         0.0618         0.0000         0.0607         0.0000
         6.4000         0.0618         0.0000         0.0618         0.0000
         6.6000         0.0618         0.0000         0.0618         0.0000
         6.8000         0.0618         0.0000         0.0618         0.0000
         7.0000         0.0618         0.0000         0.0618         0.0000
         7.2000         0.0618         0.0000         0.0618         0.0000
         7.4000         0.0618         0.0000         0.0618         0.0000
         7.6000         0.0618         0.0000         0.0618         0.0000
         7.8000         0.0618         0.0000         0.0618         0.0000
         8.0000         0.0618         0.0000         0.0618         0.0000
         8.2000         0.0618         0.0000         0.0618         0.0000
         8.4000         0.0618         0.0000         0.0618         0.0000
         8.6000         0.0618         0.0000         0.0618         0.0000
         8.8000         0.0618         0.0000         0.0618         0.0000
         9.0000         0.0618         0.0000         0.0618         0.0000
         9.2000         0.0618         0.0000         0.0618         0.0000
         9.4000         0.0618         0.0000         0.0618         0.0000
         9.6000         0.0618         0.0000         0.0618         0.0000
         9.8000         0.0618         0.0000         0.0618         0.0000
        10.0000         0.0618         0.0000         0.0618         0.0000
        10.2000         0.0618         0.0000         0.0618         0.0000
        10.4000         0.0618         0.0000         0.0618         0.0000
        10.6000         0.0618         0.0000         0.0618         0.0000
        10.8000         0.0618         0.0000         0.0618         0.0000
        11.0000         0.0618         0.0000         0.0606         0.0000
        11.2000         0.0618         0.0000         0.0018         0.0004
        11.4000         0.0618         0.0000         0.0044         0.0008
        11.6000         0.0618         0.0000         0.0072         0.0014
        11.8000         0.0618         0.0000         0.0093         0.0015
        12.0000         0.0618         0.0000         0.0102         0.0022
        12.2000         0.0618         0.0000         0.0124         0.0026
        12.4000         0.0618         0.0000         0.0160         0.0019
        12.6000         0.0618         0.0000         0.0179         0.0015
        12.8000         0.0618         0.0000         0.0192         0.0015
        13.0000         0.0618         0.0000         0.0221         0.0018
        13.2000         0.0618         0.0000         0.0266         0.0017
        13.4000         0.0618         0.0000         0.0288         0.0018
        13.6000         0.0618         0.0000         0.0330         0.0023
        13.8000         0.0618         0.0000         0.0349         0.0019
        14.0000         0.0618         0.0000         0.0376         0.0018
        14.2000         0.0618         0.0000         0.0384         0.0017
        14.4000         0.0618         0.0000         0.0401         0.0013
        14.6000         0.0618         0.0000         0.0401         0.0016
        14.8000         0.0618         0.0000         0.0393         0.0019
        15.0000         0.0618         0.0000         0.0391         0.0018
        15.2000         0.0618         0.0000         0.0400         0.0013
        15.4000         0.0618         0.0000         0.0418         0.0014
        15.6000         0.0618         0.0000         0.0407         0.0015
        15.8000         0.0618         0.0000         0.0417         0.0012
        16.0000         0.0618         0.0000         0.0426         0.0017
        16.2000         0.0618         0.0000         0.0428         0.0014
        16.4000         0.0618         0.0000         0.0447         0.0011
        16.6000         0.0618         0.0000         0.0418         0.0011
        16.8000         0.0618         0.0000         0.0424         0.0011
        17.0000         0.0618         0.0000         0.0447         0.0009
        17.2000         0.0618         0.0000         0.0450         0.0013
        17.4000         0.0618         0.0000         0.0458         0.0011
        17.6000         0.0618         0.0000         0.0466         0.0012
        17.8000         0.0618         0.0000         0.0475         0.0015
        18.0000         0.0618         0.0000         0.0470         0.0016
        18.2000         0.0618         0.0000         0.0472         0.0015
        18.4000         0.0618         0.0000         0.0475         0.0011
        18.6000         0.0618         0.0000         0.0474         0.0011
        18.8000         0.0618         0.0000         0.0474         0.0009
        19.0000         0.0618         0.0000         0.0477         0.0011
        19.2000         0.0618         0.0000         0.0476         0.0009
        19.4000         0.0618         0.0000         0.0472         0.0009
        19.6000         0.0618         0.0000         0.0482         0.0011
        19.8000         0.0618         0.0000         0.0492         0.0020
        20.0000         2.1066         0.0014         1.7253         0.0647
