         0.4000         0.0000         0.0000         0.0000         0.0000
         0.6000         0.0000         0.0000         0.0000         0.0000
         0.8000         0.0000         0.0000         0.0000         0.0000
         1.0000         0.0000         0.0000         0.0000         0.0000
         1.2000         0.0351         0.0009         0.0000         0.0000
         1.4000         0.0567         0.0005         0.0000         0.0000
         1.6000         0.0614         0.0001         0.0000         0.0000
         1.8000         0.0618         0.0001         0.0000         0.0000
         2.0000         0.0618         0.0000         0.0000         0.0000
         2.2000         0.0618         0.0000         0.0000         0.0000
         2.4000         0.0618         0.0000         0.0000         0.0000
         2.6000         0.0618         0.0000         0.0000         0.0000
         2.8000         0.0618         0.0000         0.0000         0.0000
         3.0000         0.0618         0.0000         0.0000         0.0000
         3.2000         0.0618         0.0000         0.0000         0.0000
         3.4000         0.0618         0.0000         0.0000         0.0000
         3.6000         0.0618         0.0000         0.0000         0.0000
         3.8000         0.0618         0.0000         0.0000         0.0000
         4.0000         0.0618         0.0000         0.0000         0.0000
         4.2000         0.0618         0.0000         0.0000         0.0000
         4.4000         0.0618         0.0000         0.0000         0.0000
         4.6000         0.0618         0.0000         0.0000         0.0000
         4.8000         0.0618         0.0000         0.0000         0.0000
         5.0000         0.0618         0.0000         0.0000         0.0000
         5.2000         0.0618         0.0000         0.0000         0.0000
         5.4000         0.0618         0.0000         0.0000         0.0000
         5.6000         0.0618         0.0000         0.0000         0.0000
         5.8000         0.0618         0.0000         0.0000         0.0000
         6.0000         0.0618         0.0000         0.0000         0.0000
         6.2000         0.0618         0.0000         0.0607         0.0000
         6.4000         0.0618         0.0000         0.0618         0.0000
         6.6000         0.0618         0.0000         0.0618         0.0000
         6.8000         0.0618         0.0000         0.0618         0.0000
         7.0000         0.0618         0.0000         0.0618         0.0000
         7.2000         0.0618         0.0000         0.0618         0.0000
         7.4000         0.0618         0.0000         0.0618         0.0000
         7.6000         0.0618         0.0000         0.0618         0.0000
         7.8000         0.0618         0.0000         0.0618         0.0000
         8.0000         0.0618         0.0000         0.0618         0.0000
         8.2000         0.0618         0.0000         0.0618         0.0000
         8.4000         0.0618         0.0000         0.0618         0.0000
         8.6000         0.0618         0.0000         0.0618         0.0000
         8.8000         0.0618         0.0000         0.0618         0.0000
         9.0000         0.0618         0.0000         0.0618         0.0000
         9.2000         0.0618         0.0000         0.0618         0.0000
         9.4000         0.0618         0.0000         0.0618         0.0000
         9.6000         0.0618         0.0000         0.0618         0.0000
         9.8000         0.0618         0.0000         0.0618         0.0000
        10.0000         0.0618         0.0000         0.0618         0.0000
        10.2000         0.0618         0.0000         0.0618         0.0000
        10.4000         0.0618         0.0000         0.0618         0.0000
        10.6000         0.0618         0.0000         0.0618         0.0000
        10.8000         0.0618         0.0000         0.0618         0.0000
        11.0000         0.0618         0.0000         0.0606         0.0000
        11.2000         0.0618         0.0000         0.0010         0.0003
        11.4000         0.0618         0.0000         0.0020         0.0005
        11.6000         0.0618         0.0000         0.0037         0.0009
        11.8000         0.0618         0.0000         0.0052         0.0012
        12.0000         0.0618         0.0000         0.0052         0.0011
        12.2000         0.0618         0.0000         0.0074         0.0015
        12.4000         0.0618         0.0000         0.0084         0.0015
        12.6000         0.0618         0.0000         0.0107         0.0019
        12.8000         0.0618         0.0000         0.0107         0.0017
        13.0000         0.0618         0.0000         0.0129         0.0021
        13.2000         0.0618         0.0000         0.0130         0.0023
        13.4000         0.0618         0.0000         0.0132         0.0018
        13.6000         0.0618         0.0000         0.0143         0.0019
        13.8000         0.0618         0.0000         0.0134         0.0017
        14.0000         0.0618         0.0000         0.0124         0.0015
        14.2000         0.0618         0.0000         0.0143         0.0019
        14.4000         0.0618         0.0000         0.0166         0.0025
        14.6000         0.0618         0.0000         0.0177         0.0021
        14.8000         0.0618         0.0000         0.0185         0.0020
        15.0000         0.0618         0.0000         0.0184         0.0022
        15.2000         0.0618         0.0000         0.0190         0.0021
        15.4000         0.0618         0.0000         0.0216         0.0034
        15.6000         0.0618         0.0000         0.0228         0.0035
        15.8000         0.0618         0.0000         0.0242         0.0039
        16.0000         0.0618         0.0000         0.0249         0.0027
        16.2000         0.0618         0.0000         0.0255         0.0026
        16.4000         0.0618         0.0000         0.0268         0.0024
        16.6000         0.0618         0.0000         0.0299         0.0023
        16.8000         0.0618         0.0000         0.0296         0.0021
        17.0000         0.0618         0.0000         0.0298         0.0030
        17.2000         0.0618         0.0000         0.0283         0.0023
        17.4000         0.0618         0.0000         0.0310         0.0021
        17.6000         0.0618         0.0000         0.0345         0.0020
        17.8000         0.0618         0.0000         0.0363         0.0024
        18.0000         0.0618         0.0000         0.0381         0.0022
        18.2000         0.0618         0.0000         0.0397         0.0017
        18.4000         0.0618         0.0000         0.0406         0.0015
        18.6000         0.0618         0.0000         0.0409         0.0019
        18.8000         0.0618         0.0000         0.0411         0.0017
        19.0000         0.0618         0.0000         0.0406         0.0012
        19.2000         0.0618         0.0000         0.0415         0.0015
        19.4000         0.0618         0.0000         0.0429         0.0013
        19.6000         0.0618         0.0000         0.0423         0.0031
        19.8000         0.0618         0.0000         0.0410         0.0038
        20.0000         2.1049         0.0016         1.4167         0.0990
