         0.4000         0.0000         0.0000         0.0000         0.0000
         0.6000         0.0000         0.0000         0.0000         0.0000
         0.8000         0.0000         0.0000         0.0000         0.0000
         1.0000         0.0000         0.0000         0.0000         0.0000
         1.2000         0.0351         0.0010         0.0000         0.0000
         1.4000         0.0563         0.0006         0.0000         0.0000
         1.6000         0.0613         0.0001         0.0002         0.0001
         1.8000         0.0617         0.0001         0.0003         0.0002
         2.0000         0.0618         0.0000         0.0005         0.0005
         2.2000         0.0618         0.0000         0.0004         0.0003
         2.4000         0.0618         0.0000         0.0002         0.0002
         2.6000         0.0618         0.0000         0.0003         0.0002
         2.8000         0.0618         0.0000         0.0001         0.0001
         3.0000         0.0618         0.0000         0.0002         0.0002
         3.2000         0.0618         0.0000         0.0006         0.0004
         3.4000         0.0618         0.0000         0.0004         0.0004
         3.6000         0.0618         0.0000         0.0003         0.0003
         3.8000         0.0618         0.0000         0.0001         0.0001
         4.0000         0.0618         0.0000         0.0001         0.0001
         4.2000         0.0618         0.0000         0.0001         0.0001
         4.4000         0.0618         0.0000         0.0001         0.0001
         4.6000         0.0618         0.0000         0.0001         0.0001
         4.8000         0.0618         0.0000         0.0000         0.0000
         5.0000         0.0618         0.0000         0.0000         0.0000
         5.2000         0.0618         0.0000         0.0000         0.0000
         5.4000         0.0618         0.0000         0.0000         0.0000
         5.6000         0.0618         0.0000         0.0000         0.0000
         5.8000         0.0618         0.0000         0.0000         0.0000
         6.0000         0.0618         0.0000         0.0000         0.0000
         6.2000         0.0618         0.0000         0.0607         0.0000
         6.4000         0.0618         0.0000         0.0618         0.0000
         6.6000         0.0618         0.0000         0.0618         0.0000
         6.8000         0.0618         0.0000         0.0618         0.0000
         7.0000         0.0618         0.0000         0.0618         0.0000
         7.2000         0.0618         0.0000         0.0618         0.0000
         7.4000         0.0618         0.0000         0.0618         0.0000
         7.6000         0.0618         0.0000         0.0618         0.0000
         7.8000         0.0618         0.0000         0.0618         0.0000
         8.0000         0.0618         0.0000         0.0618         0.0000
         8.2000         0.0618         0.0000         0.0618         0.0000
         8.4000         0.0618         0.0000         0.0618         0.0000
         8.6000         0.0618         0.0000         0.0618         0.0000
         8.8000         0.0618         0.0000         0.0618         0.0000
         9.0000         0.0618         0.0000         0.0618         0.0000
         9.2000         0.0618         0.0000         0.0618         0.0000
         9.4000         0.0618         0.0000         0.0618         0.0000
         9.6000         0.0618         0.0000         0.0618         0.0000
         9.8000         0.0618         0.0000         0.0618         0.0000
        10.0000         0.0618         0.0000         0.0618         0.0000
        10.2000         0.0618         0.0000         0.0618         0.0000
        10.4000         0.0618         0.0000         0.0618         0.0000
        10.6000         0.0618         0.0000         0.0618         0.0000
        10.8000         0.0618         0.0000         0.0618         0.0000
        11.0000         0.0618         0.0000         0.0606         0.0000
        11.2000         0.0618         0.0000         0.0008         0.0002
        11.4000         0.0618         0.0000         0.0017         0.0004
        11.6000         0.0618         0.0000         0.0030         0.0009
        11.8000         0.0618         0.0000         0.0058         0.0016
        12.0000         0.0618         0.0000         0.0069         0.0016
        12.2000         0.0618         0.0000         0.0071         0.0016
        12.4000         0.0618         0.0000         0.0083         0.0020
        12.6000         0.0618         0.0000         0.0094         0.0013
        12.8000         0.0618         0.0000         0.0106         0.0013
        13.0000         0.0618         0.0000         0.0126         0.0025
        13.2000         0.0618         0.0000         0.0150         0.0026
        13.4000         0.0618         0.0000         0.0163         0.0026
        13.6000         0.0618         0.0000         0.0174         0.0023
        13.8000         0.0618         0.0000         0.0190         0.0030
        14.0000         0.0618         0.0000         0.0193         0.0029
        14.2000         0.0618         0.0000         0.0207         0.0024
        14.4000         0.0618         0.0000         0.0208         0.0031
        14.6000         0.0618         0.0000         0.0242         0.0021
        14.8000         0.0618         0.0000         0.0267         0.0023
        15.0000         0.0618         0.0000         0.0287         0.0029
        15.2000         0.0618         0.0000         0.0305         0.0023
        15.4000         0.0618         0.0000         0.0326         0.0017
        15.6000         0.0618         0.0000         0.0351         0.0021
        15.8000         0.0618         0.0000         0.0351         0.0020
        16.0000         0.0618         0.0000         0.0397         0.0017
        16.2000         0.0618         0.0000         0.0432         0.0012
        16.4000         0.0618         0.0000         0.0433         0.0012
        16.6000         0.0618         0.0000         0.0438         0.0010
        16.8000         0.0618         0.0000         0.0443         0.0012
        17.0000         0.0618         0.0000         0.0443         0.0019
        17.2000         0.0618         0.0000         0.0445         0.0012
        17.4000         0.0618         0.0000         0.0440         0.0011
        17.6000         0.0618         0.0000         0.0438         0.0013
        17.8000         0.0618         0.0000         0.0440         0.0017
        18.0000         0.0618         0.0000         0.0418         0.0016
        18.2000         0.0618         0.0000         0.0416         0.0018
        18.4000         0.0618         0.0000         0.0425         0.0015
        18.6000         0.0618         0.0000         0.0436         0.0013
        18.8000         0.0618         0.0000         0.0440         0.0014
        19.0000         0.0618         0.0000         0.0469         0.0013
        19.2000         0.0618         0.0000         0.0469         0.0012
        19.4000         0.0618         0.0000         0.0489         0.0014
        19.6000         0.0618         0.0000         0.0493         0.0011
        19.8000         0.0618         0.0000         0.0502         0.0014
        20.0000         2.1062         0.0017         1.7002         0.0612
