         0.4000         0.0000         0.0000         0.0000         0.0000
         0.6000         0.0000         0.0000         0.0000         0.0000
         0.8000         0.0000         0.0000         0.0000         0.0000
         1.0000         0.0000         0.0000         0.0000         0.0000
         1.2000         0.0349         0.0009         0.0000         0.0000
         1.4000         0.0568         0.0005         0.0000         0.0000
         1.6000         0.0613         0.0002         0.0000         0.0000
         1.8000         0.0617         0.0001         0.0000         0.0000
         2.0000         0.0618         0.0000         0.0000         0.0000
         2.2000         0.0618         0.0000         0.0000         0.0000
         2.4000         0.0618         0.0000         0.0000         0.0000
         2.6000         0.0618         0.0000         0.0000         0.0000
         2.8000         0.0618         0.0000         0.0000         0.0000
         3.0000         0.0618         0.0000         0.0000         0.0000
         3.2000         0.0618         0.0000         0.0000         0.0000
         3.4000         0.0618         0.0000         0.0000         0.0000
         3.6000         0.0618         0.0000         0.0000         0.0000
         3.8000         0.0618         0.0000         0.0000         0.0000
         4.0000         0.0618         0.0000         0.0000         0.0000
         4.2000         0.0618         0.0000         0.0000         0.0000
         4.4000         0.0618         0.0000         0.0000         0.0000
         4.6000         0.0618         0.0000         0.0000         0.0000
         4.8000         0.0618         0.0000         0.0000         0.0000
         5.0000         0.0618         0.0000         0.0000         0.0000
         5.2000         0.0618         0.0000         0.0000         0.0000
         5.4000         0.0618         0.0000         0.0002         0.0002
         5.6000         0.0618         0.0000         0.0003         0.0003
         5.8000         0.0618         0.0000         0.0002         0.0002
         6.0000         0.0618         0.0000         0.0001         0.0001
         6.2000         0.0618         0.0000         0.0607         0.0000
         6.4000         0.0618         0.0000         0.0618         0.0000
         6.6000         0.0618         0.0000         0.0618         0.0000
         6.8000         0.0618         0.0000         0.0618         0.0000
         7.0000         0.0618         0.0000         0.0618         0.0000
         7.2000         0.0618         0.0000         0.0618         0.0000
         7.4000         0.0618         0.0000         0.0618         0.0000
         7.6000         0.0618         0.0000         0.0618         0.0000
         7.8000         0.0618         0.0000         0.0618         0.0000
         8.0000         0.0618         0.0000         0.0618         0.0000
         8.2000         0.0618         0.0000         0.0618         0.0000
         8.4000         0.0618         0.0000         0.0618         0.0000
         8.6000         0.0618         0.0000         0.0618         0.0000
         8.8000         0.0618         0.0000         0.0618         0.0000
         9.0000         0.0618         0.0000         0.0618         0.0000
         9.2000         0.0618         0.0000         0.0618         0.0000
         9.4000         0.0618         0.0000         0.0618         0.0000
         9.6000         0.0618         0.0000         0.0618         0.0000
         9.8000         0.0618         0.0000         0.0618         0.0000
        10.0000         0.0618         0.0000         0.0618         0.0000
        10.2000         0.0618         0.0000         0.0618         0.0000
        10.4000         0.0618         0.0000         0.0618         0.0000
        10.6000         0.0618         0.0000         0.0618         0.0000
        10.8000         0.0618         0.0000         0.0618         0.0000
        11.0000         0.0618         0.0000         0.0606         0.0000
        11.2000         0.0618         0.0000         0.0085         0.0007
        11.4000         0.0618         0.0000         0.0210         0.0012
        11.6000         0.0618         0.0000         0.0316         0.0015
        11.8000         0.0618         0.0000         0.0393         0.0014
        12.0000         0.0618         0.0000         0.0436         0.0023
        12.2000         0.0618         0.0000         0.0476         0.0019
        12.4000         0.0618         0.0000         0.0510         0.0012
        12.6000         0.0618         0.0000         0.0538         0.0008
        12.8000         0.0618         0.0000         0.0560         0.0006
        13.0000         0.0618         0.0000         0.0570         0.0007
        13.2000         0.0618         0.0000         0.0586         0.0005
        13.4000         0.0618         0.0000         0.0592         0.0004
        13.6000         0.0618         0.0000         0.0597         0.0003
        13.8000         0.0618         0.0000         0.0601         0.0003
        14.0000         0.0618         0.0000         0.0606         0.0002
        14.2000         0.0618         0.0000         0.0607         0.0002
        14.4000         0.0618         0.0000         0.0609         0.0002
        14.6000         0.0618         0.0000         0.0614         0.0001
        14.8000         0.0618         0.0000         0.0616         0.0001
        15.0000         0.0618         0.0000         0.0617         0.0001
        15.2000         0.0618         0.0000         0.0616         0.0001
        15.4000         0.0618         0.0000         0.0617         0.0001
        15.6000         0.0618         0.0000         0.0618         0.0001
        15.8000         0.0618         0.0000         0.0617         0.0001
        16.0000         0.0618         0.0000         0.0617         0.0001
        16.2000         0.0618         0.0000         0.0618         0.0001
        16.4000         0.0618         0.0000         0.0617         0.0001
        16.6000         0.0618         0.0000         0.0617         0.0001
        16.8000         0.0618         0.0000         0.0618         0.0001
        17.0000         0.0618         0.0000         0.0617         0.0000
        17.2000         0.0618         0.0000         0.0618         0.0000
        17.4000         0.0618         0.0000         0.0619         0.0001
        17.6000         0.0618         0.0000         0.0618         0.0000
        17.8000         0.0618         0.0000         0.0618         0.0000
        18.0000         0.0618         0.0000         0.0618         0.0000
        18.2000         0.0618         0.0000         0.0619         0.0000
        18.4000         0.0618         0.0000         0.0618         0.0000
        18.6000         0.0618         0.0000         0.0618         0.0000
        18.8000         0.0618         0.0000         0.0618         0.0000
        19.0000         0.0618         0.0000         0.0618         0.0000
        19.2000         0.0618         0.0000         0.0617         0.0001
        19.4000         0.0618         0.0000         0.0617         0.0000
        19.6000         0.0618         0.0000         0.0618         0.0000
        19.8000         0.0618         0.0000         0.0618         0.0000
        20.0000         2.1068         0.0015         2.1376         0.0196
