         0.4000         0.0000         0.0000         0.0000         0.0000
         0.6000         0.0000         0.0000         0.0000         0.0000
         0.8000         0.0000         0.0000         0.0000         0.0000
         1.0000         0.0000         0.0000         0.0000         0.0000
         1.2000         0.0338         0.0009         0.0000         0.0000
         1.4000         0.0559         0.0006         0.0000         0.0000
         1.6000         0.0614         0.0001         0.0000         0.0000
         1.8000         0.0619         0.0001         0.0000         0.0000
         2.0000         0.0619         0.0000         0.0000         0.0000
         2.2000         0.0618         0.0000         0.0000         0.0000
         2.4000         0.0618         0.0000         0.0000         0.0000
         2.6000         0.0618         0.0000         0.0000         0.0000
         2.8000         0.0618         0.0000         0.0000         0.0000
         3.0000         0.0618         0.0000         0.0000         0.0000
         3.2000         0.0618         0.0000         0.0000         0.0000
         3.4000         0.0618         0.0000         0.0000         0.0000
         3.6000         0.0618         0.0000         0.0000         0.0000
         3.8000         0.0618         0.0000         0.0000         0.0000
         4.0000         0.0618         0.0000         0.0000         0.0000
         4.2000         0.0618         0.0000         0.0000         0.0000
         4.4000         0.0618         0.0000         0.0000         0.0000
         4.6000         0.0618         0.0000         0.0000         0.0000
         4.8000         0.0618         0.0000         0.0000         0.0000
         5.0000         0.0618         0.0000         0.0000         0.0000
         5.2000         0.0618         0.0000         0.0000         0.0000
         5.4000         0.0618         0.0000         0.0000         0.0000
         5.6000         0.0618         0.0000         0.0000         0.0000
         5.8000         0.0618         0.0000         0.0000         0.0000
         6.0000         0.0618         0.0000         0.0000         0.0000
         6.2000         0.0618         0.0000         0.0607         0.0000
         6.4000         0.0618         0.0000         0.0618         0.0000
         6.6000         0.0618         0.0000         0.0618         0.0000
         6.8000         0.0618         0.0000         0.0618         0.0000
         7.0000         0.0618         0.0000         0.0618         0.0000
         7.2000         0.0618         0.0000         0.0618         0.0000
         7.4000         0.0618         0.0000         0.0618         0.0000
         7.6000         0.0618         0.0000         0.0618         0.0000
         7.8000         0.0618         0.0000         0.0618         0.0000
         8.0000         0.0618         0.0000         0.0618         0.0000
         8.2000         0.0618         0.0000         0.0618         0.0000
         8.4000         0.0618         0.0000         0.0618         0.0000
         8.6000         0.0618         0.0000         0.0618         0.0000
         8.8000         0.0618         0.0000         0.0618         0.0000
         9.0000         0.0618         0.0000         0.0618         0.0000
         9.2000         0.0618         0.0000         0.0618         0.0000
         9.4000         0.0618         0.0000         0.0618         0.0000
         9.6000         0.0618         0.0000         0.0618         0.0000
         9.8000         0.0618         0.0000         0.0618         0.0000
        10.0000         0.0618         0.0000         0.0618         0.0000
        10.2000         0.0618         0.0000         0.0618         0.0000
        10.4000         0.0618         0.0000         0.0618         0.0000
        10.6000         0.0618         0.0000         0.0618         0.0000
        10.8000         0.0618         0.0000         0.0618         0.0000
        11.0000         0.0618         0.0000         0.0606         0.0000
        11.2000         0.0618         0.0000         0.0011         0.0003
        11.4000         0.0618         0.0000         0.0026         0.0006
        11.6000         0.0618         0.0000         0.0043         0.0010
        11.8000         0.0618         0.0000         0.0060         0.0011
        12.0000         0.0618         0.0000         0.0081         0.0013
        12.2000         0.0618         0.0000         0.0095         0.0015
        12.4000         0.0618         0.0000         0.0106         0.0014
        12.6000         0.0618         0.0000         0.0133         0.0016
        12.8000         0.0618         0.0000         0.0144         0.0018
        13.0000         0.0618         0.0000         0.0166         0.0016
        13.2000         0.0618         0.0000         0.0202         0.0018
        13.4000         0.0618         0.0000         0.0235         0.0018
        13.6000         0.0618         0.0000         0.0235         0.0020
        13.8000         0.0618         0.0000         0.0249         0.0017
        14.0000         0.0618         0.0000         0.0267         0.0018
        14.2000         0.0618         0.0000         0.0286         0.0018
        14.4000         0.0618         0.0000         0.0304         0.0017
        14.6000         0.0618         0.0000         0.0323         0.0017
        14.8000         0.0618         0.0000         0.0319         0.0018
        15.0000         0.0618         0.0000         0.0333         0.0018
        15.2000         0.0618         0.0000         0.0321         0.0019
        15.4000         0.0618         0.0000         0.0320         0.0021
        15.6000         0.0618         0.0000         0.0331         0.0018
        15.8000         0.0618         0.0000         0.0351         0.0016
        16.0000         0.0618         0.0000         0.0372         0.0016
        16.2000         0.0618         0.0000         0.0384         0.0013
        16.4000         0.0618         0.0000         0.0396         0.0012
        16.6000         0.0618         0.0000         0.0419         0.0012
        16.8000         0.0618         0.0000         0.0434         0.0014
        17.0000         0.0618         0.0000         0.0434         0.0012
        17.2000         0.0618         0.0000         0.0438         0.0013
        17.4000         0.0618         0.0000         0.0447         0.0014
        17.6000         0.0618         0.0000         0.0454         0.0013
        17.8000         0.0618         0.0000         0.0460         0.0013
        18.0000         0.0618         0.0000         0.0470         0.0012
        18.2000         0.0618         0.0000         0.0484         0.0010
        18.4000         0.0618         0.0000         0.0483         0.0012
        18.6000         0.0618         0.0000         0.0483         0.0013
        18.8000         0.0618         0.0000         0.0488         0.0010
        19.0000         0.0618         0.0000         0.0487         0.0008
        19.2000         0.0618         0.0000         0.0511         0.0008
        19.4000         0.0618         0.0000         0.0506         0.0009
        19.6000         0.0618         0.0000         0.0518         0.0008
        19.8000         0.0618         0.0000         0.0529         0.0012
        20.0000         2.1083         0.0016         1.7528         0.0776
