         0.4000         0.0000         0.0000         0.0000         0.0000
         0.6000         0.0000         0.0000         0.0000         0.0000
         0.8000         0.0000         0.0000         0.0000         0.0000
         1.0000         0.0000         0.0000         0.0000         0.0000
         1.2000         0.5674         0.1372         0.0000         0.0000
         1.4000         1.7341         0.4245         0.0000         0.0000
         1.6000         3.2862         0.8004         0.0000         0.0000
         1.8000         5.2661         1.2968         0.0000         0.0000
         2.0000         7.5771         1.8698         0.0000         0.0000
         2.2000        10.2107         2.5317         0.0000         0.0000
         2.4000        13.2229         3.2580         0.0000         0.0000
         2.6000        16.5879         4.1029         0.0000         0.0000
         2.8000        20.3525         5.0150         0.0000         0.0000
         3.0000        24.4215         5.9757         0.0000         0.0000
         3.2000        28.7524         7.0427         0.0000         0.0000
         3.4000        33.4400         8.2235         0.0000         0.0000
         3.6000        38.5811         9.3592         0.0000         0.0000
         3.8000        44.1855        10.6105         0.0000         0.0000
         4.0000        50.1494        11.9182         0.0000         0.0000
         4.2000        56.3524        13.2915         0.0000         0.0000
         4.4000        62.7829        14.7558         0.0000         0.0000
         4.6000        69.7562        16.2659         0.0000         0.0000
         4.8000        77.3335        17.8592         0.0000         0.0000
         5.0000        85.4719        19.5196         0.0000         0.0000
         5.2000        93.9349        21.3700         0.0000         0.0000
         5.4000       102.5694        22.9958         0.0000         0.0000
         5.6000       111.6619        24.8932         0.0000         0.0000
         5.8000       120.5396        26.6527         0.0000         0.0000
         6.0000       130.5427        28.5942         0.0000         0.0000
         6.2000       140.9843        30.2999         0.0000         0.0000
         6.4000       152.2248        32.3276         0.0000         0.0000
         6.6000       163.6642        34.2522         0.0000         0.0000
         6.8000       176.0065        36.4200         0.0000         0.0000
         7.0000       188.4992        38.2685         0.0000         0.0000
         7.2000       201.4602        40.4449         0.0000         0.0000
         7.4000       215.3564        42.5305         0.0000         0.0000
         7.6000       229.2954        44.1829         0.0000         0.0000
         7.8000       243.4801        46.1974         0.0000         0.0000
         8.0000       258.4247        48.3931         0.0000         0.0000
         8.2000       274.1486        50.1510         0.0000         0.0000
         8.4000       289.9747        52.2303         0.0000         0.0000
         8.6000       306.6693        54.2467         0.0000         0.0000
         8.8000       323.6785        55.6727         0.0000         0.0000
         9.0000       341.2839        57.5537         0.0000         0.0000
         9.2000       359.9157        58.9080         0.0000         0.0000
         9.4000       379.0088        60.1331         0.0000         0.0000
         9.6000       397.9524        61.7219         0.0000         0.0000
         9.8000       417.8670        63.0025         0.0000         0.0000
        10.0000       438.3873        64.8227         0.0000         0.0000
        10.2000       459.6024        66.2504         0.0000         0.0000
        10.4000       481.7691        67.2185         0.0000         0.0000
        10.6000       505.2505        68.3011         0.0000         0.0000
        10.8000       529.2766        69.1312         0.0000         0.0000
        11.0000       554.3800        70.3584         0.0000         0.0000
        11.2000       578.9421        70.7943       743.0725        70.5630
        11.4000       604.6582        71.1142       769.4989        72.6076
        11.6000       631.4711        71.1521       798.3001        74.9612
        11.8000       658.9326        70.9639       827.6862        76.9442
        12.0000       688.1390        70.8456       858.1008        78.3438
        12.2000       717.8445        70.9508       889.5870        79.8357
        12.4000       747.5076        70.4161       921.0497        80.2234
        12.6000       778.6569        69.1241       953.7420        81.1095
        12.8000       810.0129        67.8667       986.1398        81.7936
        13.0000       843.1989        66.6954      1020.5639        82.3963
        13.2000       877.7225        65.5569      1055.3334        81.9551
        13.4000       911.8051        63.3992      1091.9385        81.9789
        13.6000       946.8589        61.6718      1130.3049        81.8520
        13.8000       982.8048        59.0616      1168.3970        80.6407
        14.0000      1020.0608        56.3811      1207.5375        78.8489
        14.2000      1058.4137        54.1398      1246.5466        77.1787
        14.4000      1098.4677        51.1696      1286.1347        74.6336
        14.6000      1139.3290        48.4410      1328.0230        72.3769
        14.8000      1181.9447        46.0773      1372.7563        68.9745
        15.0000      1223.8960        42.9652      1418.8430        65.6004
        15.2000      1268.1138        40.6302      1465.9669        61.7459
        15.4000      1312.4472        38.4377      1513.0468        56.2795
        15.6000      1359.3441        36.2793      1561.2045        51.3942
        15.8000      1407.8483        34.4758      1610.9825        46.4328
        16.0000      1454.8919        33.3662      1662.1332        40.9395
        16.2000      1504.6477        32.2785      1713.6238        36.0142
        16.4000      1555.1028        32.2469      1766.5298        31.5491
        16.6000      1608.5726        33.4827      1821.3628        28.1146
        16.8000      1663.9065        38.3513      1876.8837        25.3433
        17.0000      1719.1808        49.8075      1934.3741        23.7431
        17.2000      1775.9721        63.6232      1993.0787        23.8230
        17.4000      1834.7833        75.8403      2055.3464        27.1944
        17.6000      1894.0145        89.6549      2117.7326        36.8572
        17.8000      1954.6532       103.9887      2179.9938        51.1757
        18.0000      2018.5581       119.0669      2246.3365        66.4190
        18.2000      2083.1085       134.3393      2312.7037        80.8815
        18.4000      2148.1142       150.5005      2382.7589        97.2279
        18.6000      2213.3410       167.6374      2453.7384       114.7237
        18.8000      2281.1642       185.7186      2524.7227       133.3460
        19.0000      2350.6129       205.3233      2597.4658       151.5929
        19.2000      2421.1784       223.6728      2670.8094       171.4186
        19.4000      2494.4858       244.5009      2745.9350       192.0693
        19.6000      2568.5658       264.2400      2824.7011       213.8527
        19.8000      2645.6040       284.5787      2905.2760       236.6130
        20.0000      2722.8145       307.9629      2989.2694       258.4161
