         0.0800         0.0000         0.0000         0.0000         0.0000         0.0000
         0.1200         0.0000         0.0000         0.0000         0.0000         0.0000
         0.1600         0.0000         0.0000         0.0000         0.0000         0.0000
         0.2000         0.0000         0.0000         0.0000         0.0000         0.0000
         0.2400         0.0000         0.0000         0.0000         0.0000         0.0000
         0.2800         0.0000         0.0000         0.0000         0.0000         0.0000
         0.3200         0.0000         0.0000         0.0000         0.0000         0.0000
         0.3600         0.0000         0.0000         0.0000         0.0000         0.0000
         0.4000         0.0000         0.0000         0.0000         0.0000         0.0000
         0.4400         0.0000         0.0000         0.0000         0.0000         0.0000
         0.4800         0.0000         0.0000         0.0000         0.0000         0.0000
         0.5200         0.0000         0.0000         0.0000         0.0000         0.0000
         0.5600         0.0000         0.0000         0.0000         0.0000         0.0000
         0.6000         0.0000         0.0000         0.0000         0.0000         0.0000
         0.6400         0.0000         0.0000         0.0000         0.0000         0.0000
         0.6800         0.0000         0.0000         0.0000         0.0000         0.0000
         0.7200         0.0000         0.0000         0.0000         0.0000         0.0000
         0.7600         0.0000         0.0000         0.0000         0.0000         0.0000
         0.8000         0.0000         0.0000         0.0000         0.0000         0.0000
         0.8400         0.0000         0.0000         0.0000         0.0000         0.0000
         0.8800         0.0000         0.0000         0.0000         0.0000         0.0000
         0.9200         0.0000         0.0000         0.0000         0.0000         0.0000
         0.9600         0.0003         0.0001         0.0002         0.0001         0.0000
         1.0000         0.0010         0.0001         0.0013         0.0001         0.0000
         1.0400         0.0037         0.0003         0.0037         0.0003         0.0000
         1.0800         0.0070         0.0006         0.0071         0.0006         0.0000
         1.1200         0.0116         0.0010         0.0109         0.0009         0.0000
         1.1600         0.0153         0.0012         0.0157         0.0012         0.0000
         1.2000         0.0199         0.0015         0.0200         0.0016         0.0000
         1.2400         0.0238         0.0018         0.0240         0.0019         0.0000
         1.2800         0.0286         0.0021         0.0282         0.0021         0.0000
         1.3200         0.0325         0.0022         0.0328         0.0022         0.0000
         1.3600         0.0366         0.0024         0.0376         0.0025         0.0000
         1.4000         0.0426         0.0027         0.0428         0.0028         0.0000
         1.4400         0.0489         0.0035         0.0472         0.0033         0.0000
         1.4800         0.0550         0.0036         0.0549         0.0036         0.0000
         1.5200         0.0621         0.0042         0.0625         0.0042         0.0000
         1.5600         0.0682         0.0047         0.0681         0.0046         0.0000
         1.6000         0.0747         0.0051         0.0755         0.0052         0.0000
         1.6400         0.0813         0.0054         0.0803         0.0053         0.0000
         1.6800         0.0842         0.0053         0.0852         0.0056         0.0000
         1.7200         0.0930         0.0053         0.0928         0.0050         0.0000
         1.7600         0.0998         0.0049         0.0990         0.0050         0.0000
         1.8000         0.1074         0.0048         0.1063         0.0046         0.0000
         1.8400         0.1132         0.0058         0.1147         0.0060         0.0000
         1.8800         0.1234         0.0053         0.1227         0.0057         0.0000
         1.9200         0.1315         0.0054         0.1308         0.0056         0.0000
         1.9600         0.1384         0.0064         0.1407         0.0064         0.0000
         2.0000         0.1497         0.0067         0.1493         0.0081         0.0000
         2.0400         0.1609         0.0082         0.1604         0.0084         0.0000
         2.0800         0.1685         0.0081         0.1702         0.0087         0.0000
         2.1200         0.1814         0.0074         0.1799         0.0071         0.0000
         2.1600         0.1891         0.0070         0.1890         0.0070         0.0000
         2.2000         0.1972         0.0067         0.1962         0.0069         0.0000
         2.2400         0.2055         0.0071         0.2061         0.0066         0.0000
         2.2800         0.2170         0.0074         0.2170         0.0075         0.0000
         2.3200         0.2284         0.0064         0.2280         0.0066         0.0000
         2.3600         0.2399         0.0072         0.2439         0.0073         0.0000
         2.4000         0.2545         0.0074         0.2508         0.0073         0.0000
         2.4400         0.2674         0.0079         0.2666         0.0078         0.0000
         2.4800         0.2739         0.0083         0.2748         0.0084         0.0000
         2.5200         0.2936         0.0084         0.2935         0.0082         0.0000
         2.5600         0.3104         0.0093         0.3096         0.0088         0.0000
         2.6000         0.3241         0.0092         0.3240         0.0092         0.0000
         2.6400         0.3376         0.0105         0.3369         0.0099         0.0000
         2.6800         0.3493         0.0110         0.3523         0.0117         0.0000
         2.7200         0.3644         0.0110         0.3646         0.0126         0.0000
         2.7600         0.3772         0.0107         0.3765         0.0113         0.0000
         2.8000         0.3895         0.0119         0.3889         0.0106         0.0000
         2.8400         0.4045         0.0147         0.4030         0.0152         0.0000
         2.8800         0.4221         0.0156         0.4250         0.0149         0.0000
         2.9200         0.4383         0.0146         0.4357         0.0150         0.0000
         2.9600         0.4446         0.0153         0.4489         0.0152         0.0000
         3.0000         0.4677         0.0164         0.4632         0.0163         0.0000
         3.0400         0.4759         0.0163         0.4749         0.0174         0.0000
         3.0800         0.4865         0.0166         0.4887         0.0160         0.0000
         3.1200         0.5011         0.0174         0.5008         0.0185         0.0000
         3.1600         0.5103         0.0182         0.5139         0.0172         0.0000
         3.2000         0.5322         0.0176         0.5319         0.0177         0.0000
         3.2400         0.5479         0.0168         0.5450         0.0185         0.0000
         3.2800         0.5628         0.0177         0.5642         0.0164         0.0000
         3.3200         0.5771         0.0161         0.5793         0.0165         0.0000
         3.3600         0.6058         0.0174         0.5994         0.0167         0.0000
         3.4000         0.6133         0.0174         0.6154         0.0171         0.0000
         3.4400         0.6303         0.0148         0.6328         0.0143         0.0000
         3.4800         0.6554         0.0140         0.6532         0.0145         0.0000
         3.5200         0.6768         0.0129         0.6735         0.0135         0.0000
         3.5600         0.6914         0.0132         0.6930         0.0123         0.0000
         3.6000         0.7095         0.0106         0.7103         0.0125         0.0000
         3.6400         0.7286         0.0137         0.7328         0.0125         0.0000
         3.6800         0.7452         0.0125         0.7444         0.0125         0.0000
         3.7200         0.7634         0.0130         0.7671         0.0134         0.0000
         3.7600         0.7862         0.0136         0.7845         0.0139         0.0000
         3.8000         0.8070         0.0148         0.8028         0.0142         0.0000
         3.8400         0.8239         0.0144         0.8319         0.0145         0.0000
         3.8800         0.8522         0.0143         0.8458         0.0144         0.0000
         3.9200         0.8713         0.0146         0.8791         0.0152         0.0000
         3.9600         0.8982         0.0176         0.8909         0.0181         0.0000
         4.0000         0.9084         0.0188         0.9079         0.0188         0.0000
         4.0400         0.9310         0.0197         0.9321         0.0192         0.0000
         4.0800         0.9504         0.0196         0.9496         0.0200         0.0000
         4.1200         0.9656         0.0199         0.9681         0.0194         0.0000
         4.1600         0.9843         0.0196         0.9836         0.0196         0.0000
         4.2000         1.0034         0.0209         0.9988         0.0219         0.0000
         4.2400         1.0215         0.0187         1.0254         0.0182         0.0000
         4.2800         1.0340         0.0173         1.0344         0.0164         0.0000
         4.3200         1.0619         0.0156         1.0572         0.0172         0.0000
         4.3600         1.0822         0.0177         1.0842         0.0186         0.0000
         4.4000         1.0989         0.0194         1.0992         0.0186         0.0000
         4.4400         1.1212         0.0155         1.1180         0.0152         0.0000
         4.4800         1.1422         0.0156         1.1436         0.0160         0.0000
         4.5200         1.1681         0.0149         1.1696         0.0142         0.0000
         4.5600         1.1980         0.0157         1.2010         0.0155         0.0000
         4.6000         1.2277         0.0151         1.2216         0.0143         0.0000
         4.6400         1.2487         0.0158         1.2510         0.0172         0.0000
         4.6800         1.2665         0.0146         1.2652         0.0160         0.0000
         4.7200         1.2894         0.0136         1.2947         0.0141         0.0000
         4.7600         1.3124         0.0182         1.3127         0.0174         0.0000
         4.8000         1.3410         0.0181         1.3369         0.0167         0.0000
         4.8400         1.3619         0.0139         1.3617         0.0138         0.0000
         4.8800         1.3885         0.0140         1.3912         0.0143         0.0000
         4.9200         1.4120         0.0165         1.4149         0.0163         0.0000
         4.9600         1.4399         0.0166         1.4357         0.0164         0.0000
         5.0000         1.4707         0.0227         1.4686         0.0237         0.0000
         5.0400         1.4952         0.0252         1.4982         0.0257         0.0000
         5.0800         1.5165         0.0229         1.5210         0.0227         0.0000
         5.1200         1.5440         0.0187         1.5390         0.0213         0.0000
         5.1600         1.5670         0.0265         1.5654         0.0263         0.0000
         5.2000         1.5857         0.0170         1.5898         0.0233         0.0000
         5.2400         1.6214         0.0258         1.6196         0.0255         0.0000
         5.2800         1.6476         0.0245         1.6432         0.0258         0.0000
         5.3200         1.6576         0.0341         1.6604         0.0306         0.0000
         5.3600         1.6730         0.0294         1.6779         0.0280         0.0000
         5.4000         1.7074         0.0287         1.7058         0.0313         0.0000
         5.4400         1.7406         0.0319         1.7383         0.0297         0.0000
         5.4800         1.7782         0.0284         1.7751         0.0279         0.0000
         5.5200         1.8022         0.0246         1.8052         0.0268         0.0000
         5.5600         1.8412         0.0276         1.8378         0.0276         0.0000
         5.6000         1.8591         0.0268         1.8660         0.0266         0.0000
         5.6400         1.8908         0.0276         1.8892         0.0269         0.0000
         5.6800         1.9249         0.0287         1.9250         0.0289         0.0000
         5.7200         1.9567         0.0285         1.9503         0.0285         0.0000
         5.7600         1.9757         0.0293         1.9769         0.0287         0.0000
         5.8000         2.0059         0.0287         2.0106         0.0296         0.0000
         5.8400         2.0302         0.0310         2.0340         0.0290         0.0000
         5.8800         2.0084         0.0285         2.0525         0.0305         0.0021
         5.9200         1.9165         0.0287         1.9889         0.0285         0.0339
         5.9600         1.6998         0.0209         1.7393         0.0230         0.1937
         6.0000         1.4020         0.0168         1.3978         0.0171         0.5693
         6.0400         1.1269         0.0135         1.0805         0.0136         1.1036
         6.0800         0.8972         0.0109         0.8566         0.0105         1.6517
         6.1200         0.7504         0.0099         0.7231         0.0092         2.1073
         6.1600         0.6626         0.0098         0.6438         0.0096         2.4386
         6.2000         0.6073         0.0088         0.5971         0.0087         2.6595
         6.2400         0.5785         0.0088         0.5716         0.0083         2.7989
         6.2800         0.5669         0.0084         0.5626         0.0085         2.8836
         6.3200         0.5584         0.0110         0.5573         0.0110         2.9337
         6.3600         0.5574         0.0112         0.5545         0.0087         2.9628
         6.4000         0.5585         0.0107         0.5597         0.0095         2.9794
         6.4400         0.5681         0.0129         0.5677         0.0132         2.9887
         6.4800         0.5736         0.0125         0.5714         0.0142         2.9939
         6.5200         0.5799         0.0140         0.5832         0.0141         2.9967
         6.5600         0.5879         0.0142         0.5879         0.0143         2.9983
         6.6000         0.5952         0.0147         0.5952         0.0138         2.9991
         6.6400         0.6032         0.0142         0.6040         0.0148         2.9995
         6.6800         0.6137         0.0138         0.6134         0.0146         2.9998
         6.7200         0.6249         0.0141         0.6226         0.0136         2.9999
         6.7600         0.6333         0.0131         0.6362         0.0127         2.9999
         6.8000         0.6480         0.0133         0.6442         0.0135         3.0000
         6.8400         0.6551         0.0144         0.6550         0.0147         3.0000
         6.8800         0.6655         0.0144         0.6665         0.0157         3.0000
         6.9200         0.6687         0.0135         0.6710         0.0144         3.0000
         6.9600         0.6777         0.0153         0.6768         0.0133         3.0000
         7.0000         0.6882         0.0154         0.6872         0.0156         3.0000
         7.0400         0.7096         0.0168         0.7104         0.0161         3.0000
         7.0800         0.7264         0.0161         0.7264         0.0169         3.0000
         7.1200         0.7366         0.0179         0.7352         0.0169         3.0000
         7.1600         0.7471         0.0186         0.7500         0.0181         3.0000
         7.2000         0.7592         0.0172         0.7556         0.0177         3.0000
         7.2400         0.7653         0.0158         0.7660         0.0156         3.0000
         7.2800         0.7774         0.0142         0.7765         0.0155         3.0000
         7.3200         0.7934         0.0155         0.7941         0.0140         3.0000
         7.3600         0.8120         0.0141         0.8090         0.0135         3.0000
         7.4000         0.8200         0.0129         0.8196         0.0126         3.0000
         7.4400         0.8249         0.0138         0.8302         0.0140         3.0000
         7.4800         0.8326         0.0129         0.8369         0.0141         3.0000
         7.5200         0.8528         0.0154         0.8454         0.0149         3.0000
         7.5600         0.8636         0.0140         0.8640         0.0148         3.0000
         7.6000         0.8699         0.0139         0.8675         0.0129         3.0000
         7.6400         0.8802         0.0129         0.8882         0.0133         3.0000
         7.6800         0.9049         0.0114         0.9027         0.0135         3.0000
         7.7200         0.9211         0.0152         0.9176         0.0148         3.0000
         7.7600         0.9260         0.0164         0.9295         0.0171         3.0000
         7.8000         0.9405         0.0174         0.9380         0.0170         3.0000
         7.8400         0.9571         0.0182         0.9518         0.0185         3.0000
         7.8800         0.9659         0.0153         0.9683         0.0151         3.0000
         7.9200         0.9801         0.0192         0.9837         0.0182         3.0000
         7.9600         0.9964         0.0186         0.9937         0.0184         3.0000
         8.0000         1.0069         0.0188         1.0114         0.0196         3.0000
         8.0400         1.0203         0.0211         1.0187         0.0209         3.0000
         8.0800         1.0297         0.0216         1.0309         0.0224         3.0000
         8.1200         1.0416         0.0214         1.0398         0.0147         3.0000
         8.1600         1.0547         0.0142         1.0528         0.0172         3.0000
         8.2000         1.0642         0.0167         1.0674         0.0173         3.0000
         8.2400         1.0612         0.0174         1.0596         0.0170         3.0000
         8.2800         1.0686         0.0193         1.0670         0.0198         3.0000
         8.3200         1.0873         0.0204         1.0884         0.0226         3.0000
         8.3600         1.1045         0.0218         1.1052         0.0201         3.0000
         8.4000         1.1153         0.0239         1.1096         0.0222         3.0000
         8.4400         1.1205         0.0211         1.1246         0.0225         3.0000
         8.4800         1.1412         0.0216         1.1429         0.0182         3.0000
         8.5200         1.1558         0.0176         1.1539         0.0225         3.0000
         8.5600         1.1686         0.0171         1.1693         0.0175         3.0000
         8.6000         1.1777         0.0174         1.1817         0.0167         3.0000
         8.6400         1.1951         0.0166         1.1880         0.0170         3.0000
         8.6800         1.2063         0.0162         1.2080         0.0160         3.0000
         8.7200         1.2201         0.0157         1.2272         0.0159         3.0000
         8.7600         1.2343         0.0167         1.2315         0.0161         3.0000
         8.8000         1.2576         0.0180         1.2536         0.0162         3.0000
         8.8400         1.2727         0.0180         1.2750         0.0182         3.0000
         8.8800         1.2913         0.0205         1.2855         0.0200         3.0000
         8.9200         1.2980         0.0201         1.3055         0.0201         3.0000
         8.9600         1.3056         0.0192         1.3061         0.0195         3.0000
         9.0000         1.3204         0.0181         1.3177         0.0189         3.0000
         9.0400         1.3335         0.0199         1.3384         0.0201         3.0000
         9.0800         1.3572         0.0214         1.3486         0.0210         3.0000
         9.1200         1.3789         0.0217         1.3774         0.0230         3.0000
         9.1600         1.3979         0.0222         1.4012         0.0216         3.0000
         9.2000         1.4207         0.0211         1.4193         0.0200         3.0000
         9.2400         1.4242         0.0193         1.4238         0.0209         3.0000
         9.2800         1.4410         0.0187         1.4504         0.0189         3.0000
         9.3200         1.4690         0.0197         1.4593         0.0193         3.0000
         9.3600         1.4756         0.0195         1.4782         0.0177         3.0000
         9.4000         1.4829         0.0212         1.4838         0.0216         3.0000
         9.4400         1.5069         0.0232         1.5103         0.0227         3.0000
         9.4800         1.5218         0.0218         1.5222         0.0232         3.0000
         9.5200         1.5484         0.0238         1.5405         0.0234         3.0000
         9.5600         1.5589         0.0225         1.5616         0.0242         3.0000
         9.6000         1.5740         0.0221         1.5729         0.0222         3.0000
         9.6400         1.5923         0.0214         1.6002         0.0206         3.0000
         9.6800         1.6179         0.0195         1.6171         0.0206         3.0000
         9.7200         1.6325         0.0212         1.6239         0.0236         3.0000
         9.7600         1.6406         0.0259         1.6463         0.0247         3.0000
         9.8000         1.6618         0.0239         1.6610         0.0254         3.0000
         9.8400         1.6723         0.0260         1.6690         0.0224         3.0000
         9.8800         1.6961         0.0270         1.6953         0.0268         3.0000
         9.9200         1.7172         0.0219         1.7214         0.0233         3.0000
         9.9600         1.7362         0.0226         1.7358         0.0233         3.0000
        10.0000         1.7498         0.0241         1.7519         0.0231         3.0000
        10.0400         1.7575         0.0219         1.7599         0.0218         3.0000
        10.0800         1.7795         0.0227         1.7788         0.0211         3.0000
        10.1200         1.8036         0.0194         1.8034         0.0203         3.0000
        10.1600         1.8057         0.0196         1.8067         0.0200         3.0000
        10.2000         1.8293         0.0209         1.8183         0.0203         3.0000
        10.2400         1.8385         0.0208         1.8445         0.0212         3.0000
        10.2800         1.8522         0.0210         1.8506         0.0224         3.0000
        10.3200         1.8666         0.0202         1.8656         0.0203         2.9999
        10.3600         1.8739         0.0215         1.8827         0.0206         2.9999
        10.4000         1.9132         0.0206         1.9006         0.0206         2.9998
        10.4400         1.9119         0.0206         1.9204         0.0196         2.9995
        10.4800         1.9454         0.0202         1.9475         0.0192         2.9991
        10.5200         1.9606         0.0185         1.9546         0.0199         2.9983
        10.5600         1.9795         0.0194         1.9854         0.0183         2.9967
        10.6000         2.0245         0.0170         2.0195         0.0173         2.9939
        10.6400         2.0510         0.0175         2.0519         0.0180         2.9887
        10.6800         2.0937         0.0165         2.0854         0.0163         2.9794
        10.7200         2.1328         0.0160         2.1250         0.0162         2.9628
        10.7600         2.2013         0.0164         2.1771         0.0157         2.9337
        10.8000         2.2963         0.0166         2.2777         0.0176         2.8836
        10.8400         2.4550         0.0165         2.4066         0.0157         2.7989
        10.8800         2.7191         0.0177         2.6430         0.0179         2.6595
        10.9200         3.1856         0.0194         3.0505         0.0183         2.4386
        10.9600         3.9264         0.0233         3.7409         0.0221         2.1073
        11.0000         5.0369         0.0261         4.8488         0.0289         1.6517
        11.0400         6.4988         0.0366         6.4303         0.0335         1.1036
        11.0800         7.9939         0.0422         8.1902         0.0401         0.5693
        11.1200         9.1953         0.0436         9.5013         0.0446         0.1937
        11.1600         9.8684         0.0450        10.0861         0.0473         0.0339
        11.2000        10.1404         0.0489        10.1788         0.0501         0.0021
        11.2400        10.2726         0.0543        10.2861         0.0547         0.0000
        11.2800        10.3564         0.0512        10.3381         0.0516         0.0000
        11.3200        10.4318         0.0540        10.4498         0.0511         0.0000
        11.3600        10.5260         0.0593        10.5191         0.0531         0.0000
        11.4000        10.5787         0.0584        10.5716         0.0610         0.0000
        11.4400        10.6467         0.0630        10.6512         0.0626         0.0000
        11.4800        10.7328         0.0629        10.7349         0.0627         0.0000
        11.5200        10.8192         0.0578        10.8258         0.0569         0.0000
        11.5600        10.9353         0.0628        10.9350         0.0594         0.0000
        11.6000        11.0107         0.0598        11.0042         0.0637         0.0000
        11.6400        11.1169         0.0570        11.1173         0.0576         0.0000
        11.6800        11.1996         0.0540        11.2193         0.0549         0.0000
        11.7200        11.2891         0.0594        11.2698         0.0571         0.0000
        11.7600        11.3667         0.0624        11.3724         0.0607         0.0000
        11.8000        11.4834         0.0615        11.4723         0.0590         0.0000
        11.8400        11.5572         0.0601        11.5692         0.0598         0.0000
        11.8800        11.6344         0.0650        11.6316         0.0688         0.0000
        11.9200        11.6778         0.0537        11.6839         0.0591         0.0000
        11.9600        11.7942         0.0640        11.7731         0.0513         0.0000
        12.0000        11.8702         0.0514        11.8747         0.0534         0.0000
        12.0400        11.9587         0.0517        11.9532         0.0614         0.0000
        12.0800        12.0305         0.0661        12.0524         0.0654         0.0000
        12.1200        12.1214         0.0604        12.1068         0.0649         0.0000
        12.1600        12.1881         0.0694        12.1769         0.0659         0.0000
        12.2000        12.2578         0.0585        12.2697         0.0599         0.0000
        12.2400        12.3275         0.0639        12.3346         0.0642         0.0000
        12.2800        12.4513         0.0586        12.4305         0.0529         0.0000
        12.3200        12.5516         0.0531        12.5632         0.0594         0.0000
        12.3600        12.6087         0.0620        12.6108         0.0559         0.0000
        12.4000        12.6772         0.0595        12.6874         0.0622         0.0000
        12.4400        12.7440         0.0584        12.7437         0.0532         0.0000
        12.4800        12.8298         0.0494        12.8239         0.0561         0.0000
        12.5200        12.9092         0.0556        12.9046         0.0570         0.0000
        12.5600        12.9556         0.0577        12.9936         0.0594         0.0000
        12.6000        13.0844         0.0663        13.0364         0.0580         0.0000
        12.6400        13.1617         0.0601        13.1599         0.0620         0.0000
        12.6800        13.2388         0.0595        13.2586         0.0621         0.0000
        12.7200        13.3474         0.0585        13.3230         0.0595         0.0000
        12.7600        13.4148         0.0628        13.4126         0.0607         0.0000
        12.8000        13.4690         0.0646        13.4974         0.0634         0.0000
        12.8400        13.5509         0.0628        13.5312         0.0654         0.0000
        12.8800        13.5960         0.0800        13.6134         0.0677         0.0000
        12.9200        13.7150         0.0730        13.7068         0.0852         0.0000
        12.9600        13.8016         0.0821        13.7866         0.0835         0.0000
        13.0000        13.8693         0.0857        13.8848         0.0813         0.0000
        13.0400        13.9845         0.0607        13.9976         0.0802         0.0000
        13.0800        14.0906         0.0790        14.0837         0.0876         0.0000
        13.1200        14.2043         0.0977        14.1958         0.0731         0.0000
        13.1600        14.3005         0.0769        14.3020         0.0697         0.0000
        13.2000        14.3978         0.0858        14.4014         0.0864         0.0000
        13.2400        14.5296         0.0865        14.5200         0.0840         0.0000
        13.2800        14.6270         0.0813        14.6289         0.0812         0.0000
        13.3200        14.7256         0.0932        14.7416         0.0903         0.0000
        13.3600        14.8849         0.0898        14.8802         0.0846         0.0000
        13.4000        14.9968         0.0837        14.9997         0.0932         0.0000
        13.4400        15.0855         0.0989        15.0828         0.0797         0.0000
        13.4800        15.1779         0.0684        15.1788         0.0873         0.0000
        13.5200        15.2485         0.0732        15.2432         0.0737         0.0000
        13.5600        15.3163         0.0931        15.3014         0.0947         0.0000
        13.6000        15.3859         0.0808        15.3879         0.0942         0.0000
        13.6400        15.4611         0.0914        15.4629         0.0811         0.0000
        13.6800        15.5351         0.0832        15.5460         0.0859         0.0000
        13.7200        15.6429         0.0968        15.6506         0.0950         0.0000
        13.7600        15.7320         0.0965        15.7217         0.0978         0.0000
        13.8000        15.8376         0.0888        15.8488         0.0849         0.0000
        13.8400        15.9389         0.0734        15.9600         0.0757         0.0000
        13.8800        16.0556         0.0834        16.0185         0.0806         0.0000
        13.9200        16.1321         0.0829        16.1364         0.0866         0.0000
        13.9600        16.2401         0.0812        16.2339         0.0813         0.0000
        14.0000        16.3331         0.0884        16.3502         0.0801         0.0000
        14.0400        16.4436         0.0891        16.4294         0.0874         0.0000
        14.0800        16.5027         0.0805        16.5106         0.0880         0.0000
        14.1200        16.6147         0.0837        16.6117         0.0806         0.0000
        14.1600        16.7216         0.0931        16.7157         0.0903         0.0000
        14.2000        16.7870         0.0934        16.8024         0.0992         0.0000
        14.2400        16.8952         0.0812        16.8887         0.0895         0.0000
        14.2800        16.9639         0.0999        16.9495         0.0865         0.0000
        14.3200        17.0370         0.1066        17.0460         0.1131         0.0000
        14.3600        17.1588         0.1234        17.1404         0.1162         0.0000
        14.4000        17.2336         0.0945        17.2602         0.1069         0.0000
        14.4400        17.3279         0.0993        17.3179         0.0776         0.0000
        14.4800        17.4246         0.0776        17.4215         0.0867         0.0000
        14.5200        17.5041         0.0824        17.5142         0.0829         0.0000
        14.5600        17.6119         0.0893        17.6245         0.0875         0.0000
        14.6000        17.7385         0.0864        17.7337         0.0860         0.0000
        14.6400        17.8410         0.0880        17.8245         0.0859         0.0000
        14.6800        17.9247         0.0842        17.9300         0.0886         0.0000
        14.7200        18.0320         0.0730        18.0315         0.0732         0.0000
        14.7600        18.1524         0.0578        18.1676         0.0533         0.0000
        14.8000        18.2953         0.0568        18.2703         0.0632         0.0000
        14.8400        18.3566         0.0685        18.3658         0.0649         0.0000
        14.8800        18.4250         0.0724        18.4312         0.0682         0.0000
        14.9200        18.5550         0.0601        18.5456         0.0631         0.0000
        14.9600        18.6744         0.0586        18.6612         0.0573         0.0000
        15.0000        18.7682         0.0739        18.7900         0.0817         0.0000
        15.0400        18.8890         0.0832        18.8951         0.0772         0.0000
        15.0800        18.9858         0.0763        18.9688         0.0760         0.0000
        15.1200        19.1079         0.0879        19.1114         0.0873         0.0000
        15.1600        19.2422         0.0923        19.2273         0.0946         0.0000
        15.2000        19.3434         0.0853        19.3594         0.0833         0.0000
        15.2400        19.4458         0.0814        19.4469         0.0797         0.0000
        15.2800        19.5776         0.0710        19.5884         0.0837         0.0000
        15.3200        19.6810         0.1016        19.6756         0.0977         0.0000
        15.3600        19.8138         0.0717        19.7918         0.0721         0.0000
        15.4000        19.9235         0.0811        19.9404         0.0706         0.0000
        15.4400        20.0530         0.0838        20.0683         0.0846         0.0000
        15.4800        20.1934         0.0801        20.1929         0.0794         0.0000
        15.5200        20.3715         0.0881        20.3457         0.0848         0.0000
        15.5600        20.4888         0.0753        20.4777         0.0751         0.0000
        15.6000        20.5541         0.0761        20.5858         0.0743         0.0000
        15.6400        20.6717         0.0778        20.6619         0.0753         0.0000
        15.6800        20.7839         0.0726        20.7771         0.0738         0.0000
        15.7200        20.9186         0.0699        20.9257         0.0710         0.0000
        15.7600        21.0345         0.0714        21.0474         0.0706         0.0000
        15.8000        21.1707         0.0735        21.1693         0.0747         0.0000
        15.8400        21.2820         0.0752        21.2841         0.0716         0.0000
        15.8800        21.3607         0.0818        21.3532         0.0792         0.0000
        15.9200        21.4836         0.0845        21.4816         0.0885         0.0000
        15.9600        21.6053         0.0678        21.5707         0.0679         0.0000
        16.0000        21.7442         0.0750        21.7630         0.0721         0.0000
        16.0400        21.8445         0.0662        21.8524         0.0722         0.0000
        16.0800        21.9473         0.0706        21.9533         0.0768         0.0000
        16.1200        22.0511         0.0784        22.0258         0.0695         0.0000
        16.1600        22.1510         0.0708        22.1727         0.0726         0.0000
        16.2000        22.2565         0.0567        22.2542         0.0711         0.0000
        16.2400        22.3724         0.0717        22.3802         0.0765         0.0000
        16.2800        22.4842         0.0810        22.4703         0.0805         0.0000
        16.3200        22.6408         0.0782        22.6643         0.0827         0.0000
        16.3600        22.7880         0.0691        22.7803         0.0744         0.0000
        16.4000        22.9222         0.0777        22.9268         0.0758         0.0000
        16.4400        23.0492         0.0796        23.0390         0.0689         0.0000
        16.4800        23.1432         0.0784        23.1343         0.0815         0.0000
        16.5200        23.2342         0.0818        23.2472         0.0855         0.0000
        16.5600        23.3733         0.0869        23.3725         0.0845         0.0000
        16.6000        23.4897         0.0922        23.4947         0.0903         0.0000
        16.6400        23.6522         0.0957        23.6419         0.0896         0.0000
        16.6800        23.7731         0.0951        23.7789         0.0975         0.0000
        16.7200        23.8938         0.0928        23.8928         0.0880         0.0000
        16.7600        23.9954         0.0858        24.0042         0.0777         0.0000
        16.8000        24.1881         0.0781        24.1640         0.0667         0.0000
        16.8400        24.2634         0.0654        24.2892         0.0685         0.0000
        16.8800        24.4011         0.0794        24.3831         0.0814         0.0000
        16.9200        24.5373         0.0868        24.5528         0.0835         0.0000
        16.9600        24.6849         0.0782        24.6682         0.0762         0.0000
        17.0000        24.7691         0.0774        24.7952         0.0753         0.0000
        17.0400        24.9136         0.0720        24.8900         0.0764         0.0000
        17.0800        25.0354         0.0628        25.0288         0.0628         0.0000
        17.1200        25.2104         0.0710        25.2398         0.0664         0.0000
        17.1600        25.4173         0.0561        25.3816         0.0745         0.0000
        17.2000        25.5267         0.0610        25.5298         0.0583         0.0000
        17.2400        25.6370         0.0859        25.6585         0.0598         0.0000
        17.2800        25.7634         0.0597        25.7427         0.0612         0.0000
        17.3200        25.8868         0.0636        25.8875         0.0781         0.0000
        17.3600        26.0405         0.0748        26.0409         0.0782         0.0000
        17.4000        26.1972         0.0615        26.2025         0.0626         0.0000
        17.4400        26.3632         0.0719        26.3719         0.0851         0.0000
        17.4800        26.5535         0.0898        26.5340         0.0921         0.0000
        17.5200        26.6687         0.0906        26.7201         0.0907         0.0000
        17.5600        26.8293         0.0966        26.8075         0.0709         0.0000
        17.6000        26.8943         0.0607        26.8942         0.0684         0.0000
        17.6400        27.0302         0.0652        27.0016         0.0629         0.0000
        17.6800        27.1173         0.0714        27.1465         0.0690         0.0000
        17.7200        27.2992         0.0710        27.2675         0.0685         0.0000
        17.7600        27.4222         0.0719        27.4314         0.0669         0.0000
        17.8000        27.5949         0.0728        27.5795         0.0746         0.0000
        17.8400        27.6996         0.0748        27.7066         0.0787         0.0000
        17.8800        27.8415         0.0969        27.8702         0.0808         0.0000
        17.9200        27.9940         0.0867        27.9667         0.0835         0.0000
        17.9600        28.1051         0.0841        28.1380         0.0887         0.0000
        18.0000        28.2755         0.0861        28.2552         0.0892         0.0000
        18.0400        28.3303         0.0907        28.3399         0.0898         0.0000
        18.0800        28.4819         0.1096        28.4489         0.1263         0.0000
        18.1200        28.6053         0.0971        28.6261         0.0972         0.0000
        18.1600        28.7683         0.0911        28.7631         0.0910         0.0000
        18.2000        28.9048         0.0850        28.9301         0.1025         0.0000
        18.2400        29.0349         0.0960        29.0228         0.0840         0.0000
        18.2800        29.1515         0.0988        29.1586         0.0996         0.0000
        18.3200        29.3265         0.0911        29.3059         0.0908         0.0000
        18.3600        29.4624         0.0911        29.4654         0.0906         0.0000
        18.4000        29.5726         0.0918        29.5732         0.0887         0.0000
        18.4400        29.6707         0.0874        29.6908         0.0946         0.0000
        18.4800        29.7902         0.1011        29.7973         0.0999         0.0000
        18.5200        29.9334         0.1086        29.9024         0.1015         0.0000
        18.5600        30.0711         0.1069        30.0724         0.1076         0.0000
        18.6000        30.1927         0.1008        30.1884         0.1049         0.0000
        18.6400        30.3060         0.0774        30.3084         0.0763         0.0000
        18.6800        30.4004         0.0715        30.4158         0.0730         0.0000
        18.7200        30.5246         0.0682        30.5225         0.0668         0.0000
        18.7600        30.7108         0.0746        30.7070         0.0713         0.0000
        18.8000        30.8383         0.0786        30.8747         0.0708         0.0000
        18.8400        30.9486         0.0694        30.9531         0.0720         0.0000
        18.8800        31.0962         0.0701        31.0691         0.0719         0.0000
        18.9200        31.1895         0.0831        31.1671         0.0750         0.0000
        18.9600        31.2888         0.0859        31.3233         0.0940         0.0000
        19.0000        31.4397         0.0924        31.4097         0.0885         0.0000
        19.0400        31.4864         0.0863        31.5225         0.1002         0.0000
        19.0800        31.6445         0.1052        31.6148         0.0823         0.0000
        19.1200        31.7743         0.1082        31.7654         0.1132         0.0000
        19.1600        31.8407         0.1126        31.8755         0.1111         0.0000
        19.2000        32.0028         0.1319        31.9907         0.1112         0.0000
        19.2400        32.1897         0.1159        32.1701         0.1045         0.0000
        19.2800        32.2854         0.1317        32.3173         0.0957         0.0000
        19.3200        32.4198         0.0762        32.3984         0.0912         0.0000
        19.3600        32.5666         0.0826        32.5569         0.0768         0.0000
        19.4000        32.6950         0.0865        32.7182         0.0864         0.0000
        19.4400        32.8701         0.0749        32.8538         0.0759         0.0000
        19.4800        32.9979         0.0867        33.0003         0.0827         0.0000
        19.5200        33.1633         0.0927        33.1602         0.0937         0.0000
        19.5600        33.3042         0.0856        33.3132         0.0960         0.0000
        19.6000        33.4445         0.0983        33.4482         0.0901         0.0000
        19.6400        33.6674         0.0943        33.6288         0.1003         0.0000
        19.6800        33.8006         0.1093        33.8520         0.1071         0.0000
        19.7200        33.9582         0.1054        33.9330         0.1074         0.0000
        19.7600        34.0584         0.1093        34.0410         0.1107         0.0000
        19.8000        34.1895         0.1141        34.2074         0.1106         0.0000
        19.8400        34.3606         0.1279        34.3573         0.1213         0.0000
        19.8800        34.4847         0.1364        34.4960         0.1280         0.0000
        19.9200        34.3900         0.1358        34.3715         0.1310         0.0000
        19.9600        32.2931         0.1139        32.3026         0.1287         0.0000
        20.0000        23.9700         0.0924        23.9877         0.0860         0.0000
