   8.0000004E-002   0.0000000E+000   0.0000000E+000   0.0000000E+000   0.0000000E+000
   1.2000000E-001   0.0000000E+000   0.0000000E+000   0.0000000E+000   0.0000000E+000
   1.6000001E-001   0.0000000E+000   0.0000000E+000   0.0000000E+000   0.0000000E+000
   2.0000000E-001   0.0000000E+000   0.0000000E+000   0.0000000E+000   0.0000000E+000
   2.4000000E-001   0.0000000E+000   0.0000000E+000   0.0000000E+000   0.0000000E+000
   2.8000001E-001   0.0000000E+000   0.0000000E+000   0.0000000E+000   0.0000000E+000
   3.2000002E-001   0.0000000E+000   0.0000000E+000   0.0000000E+000   0.0000000E+000
   3.5999998E-001   0.0000000E+000   0.0000000E+000   0.0000000E+000   0.0000000E+000
   3.9999999E-001   0.0000000E+000   0.0000000E+000   0.0000000E+000   0.0000000E+000
   4.4000000E-001   0.0000000E+000   0.0000000E+000   0.0000000E+000   0.0000000E+000
   4.8000000E-001   0.0000000E+000   0.0000000E+000   0.0000000E+000   0.0000000E+000
   5.2000001E-001   0.0000000E+000   0.0000000E+000   0.0000000E+000   0.0000000E+000
   5.6000002E-001   0.0000000E+000   0.0000000E+000   0.0000000E+000   0.0000000E+000
   5.9999999E-001   0.0000000E+000   0.0000000E+000   0.0000000E+000   0.0000000E+000
   6.4000003E-001   0.0000000E+000   0.0000000E+000   0.0000000E+000   0.0000000E+000
   6.8000004E-001   0.0000000E+000   0.0000000E+000   0.0000000E+000   0.0000000E+000
   7.1999997E-001   0.0000000E+000   0.0000000E+000   0.0000000E+000   0.0000000E+000
   7.5999998E-001   0.0000000E+000   0.0000000E+000   0.0000000E+000   0.0000000E+000
   7.9999998E-001   0.0000000E+000   0.0000000E+000   0.0000000E+000   0.0000000E+000
   8.3999999E-001   0.0000000E+000   0.0000000E+000   0.0000000E+000   0.0000000E+000
   8.8000000E-001   0.0000000E+000   0.0000000E+000   0.0000000E+000   0.0000000E+000
   9.2000000E-001   0.0000000E+000   0.0000000E+000   0.0000000E+000   0.0000000E+000
   9.6000001E-001   0.0000000E+000   0.0000000E+000   0.0000000E+000   0.0000000E+000
   1.0000000E+000   0.0000000E+000   0.0000000E+000   0.0000000E+000   0.0000000E+000
   1.0400000E+000   5.9737895E-006   1.1170744E-006   6.8087304E-006   1.3464062E-006
   1.0800000E+000   1.2854446E-005   2.0407007E-006   1.3673376E-005   1.9020875E-006
   1.1200000E+000   1.9701776E-005   3.0782468E-006   1.8015327E-005   3.2661536E-006
   1.1600000E+000   2.3548113E-005   4.1725152E-006   2.4146747E-005   5.5277939E-006
   1.2000000E+000   3.4381827E-005   8.8726598E-006   3.2096115E-005   8.4175311E-006
   1.2400000E+000   4.3531597E-005   1.1324146E-005   4.0432031E-005   1.7904944E-005
   1.2800001E+000   5.0172140E-005   1.3878217E-005   5.2570284E-005   2.3341042E-005
   1.3200000E+000   6.1409097E-005   2.7771937E-005   6.2553841E-005   2.4791870E-005
   1.3600001E+000   7.4357580E-005   3.3212791E-005   7.3765625E-005   3.5018304E-005
   1.4000000E+000   8.3665511E-005   3.9516522E-005   7.7438402E-005   3.5264857E-005
   1.4399999E+000   9.5124484E-005   2.7046419E-005   9.2900441E-005   2.5809872E-005
   1.4800000E+000   1.0568472E-004   3.1146913E-005   1.0329458E-004   4.7102672E-005
   1.5200000E+000   1.1387470E-004   4.8082000E-005   1.1908808E-004   3.2148527E-005
   1.5600000E+000   1.2954405E-004   3.5508072E-005   1.2745890E-004   5.3649353E-005
   1.6000000E+000   1.4042932E-004   5.8863942E-005   1.3367527E-004   5.6380624E-005
   1.6400000E+000   1.4650698E-004   6.1347061E-005   1.4892070E-004   6.1350448E-005
   1.6800000E+000   1.6297059E-004   6.9155184E-005   1.5864138E-004   6.5650755E-005
   1.7200001E+000   1.7011851E-004   6.7390411E-005   1.7456509E-004   7.1797883E-005
   1.7600000E+000   1.8778419E-004   7.4575831E-005   1.8467521E-004   7.6944405E-005
   1.8000001E+000   2.0785408E-004   8.3747006E-005   2.1014834E-004   8.4647401E-005
   1.8400000E+000   2.3046354E-004   9.1556110E-005   2.2759157E-004   9.1805516E-005
   1.8799999E+000   2.4305355E-004   9.5219527E-005   2.4387053E-004   9.3678722E-005
   1.9200000E+000   2.7895918E-004   1.0899798E-004   2.6654551E-004   1.0529794E-004
   1.9599999E+000   2.8658633E-004   1.1400936E-004   2.8780833E-004   1.1402838E-004
   2.0000000E+000   2.9921375E-004   1.2443474E-004   3.0261233E-004   1.1859795E-004
   2.0400000E+000   3.1235643E-004   1.2210291E-004   3.1864062E-004   1.2684684E-004
   2.0800000E+000   3.3433894E-004   1.3117224E-004   3.2579570E-004   1.3193049E-004
   2.1200000E+000   3.4216944E-004   1.4088091E-004   3.5435649E-004   1.3556952E-004
   2.1600001E+000   3.7139235E-004   1.4598174E-004   3.7586037E-004   1.5445741E-004
   2.2000000E+000   3.9527593E-004   1.6568676E-004   3.8621020E-004   1.6219404E-004
   2.2400001E+000   4.1109869E-004   1.7050521E-004   4.1135458E-004   1.7036576E-004
   2.2800000E+000   4.3947043E-004   1.8389446E-004   4.4347100E-004   1.8322412E-004
   2.3199999E+000   4.6981562E-004   1.9735290E-004   4.6409094E-004   1.9761251E-004
   2.3600000E+000   4.9621991E-004   2.0712002E-004   4.9724772E-004   2.0750362E-004
   2.3999999E+000   5.0104858E-004   2.1312793E-004   5.0493434E-004   2.1047213E-004
   2.4400000E+000   5.3667677E-004   2.2823815E-004   5.3841255E-004   2.2284814E-004
   2.4800000E+000   5.5522047E-004   2.3347297E-004   5.6296027E-004   2.3171882E-004
   2.5200000E+000   5.9078590E-004   2.4764418E-004   5.8710271E-004   2.5156080E-004
   2.5600001E+000   6.0086806E-004   2.4959626E-004   5.9677526E-004   2.4245298E-004
   2.5999999E+000   6.4029063E-004   2.6536633E-004   6.2964472E-004   2.6300917E-004
   2.6400000E+000   6.5133173E-004   2.7345864E-004   6.4811296E-004   2.7355060E-004
   2.6800001E+000   6.7100097E-004   2.7942954E-004   6.7398979E-004   2.7597247E-004
   2.7200001E+000   6.9240488E-004   2.8127115E-004   6.9016929E-004   2.8608689E-004
   2.7599999E+000   7.1299189E-004   2.8559926E-004   7.0530438E-004   2.8525721E-004
   2.8000000E+000   7.3172522E-004   3.0131125E-004   7.2799398E-004   2.9512406E-004
   2.8400001E+000   7.4490453E-004   2.9850975E-004   7.5039800E-004   3.0673558E-004
   2.8799999E+000   7.7589306E-004   3.1072031E-004   7.6392216E-004   3.0636009E-004
   2.9200000E+000   7.9547342E-004   3.1729422E-004   7.9766662E-004   3.1737792E-004
   2.9600000E+000   8.3903926E-004   3.4603366E-004   8.3832026E-004   3.5116077E-004
   3.0000001E+000   8.4967503E-004   3.5331333E-004   8.4453596E-004   3.4513190E-004
   3.0399999E+000   8.9488029E-004   3.7644666E-004   8.8717055E-004   3.6473609E-004
   3.0800000E+000   9.1633197E-004   3.7745098E-004   9.3031771E-004   3.7889318E-004
   3.1200001E+000   9.5796355E-004   3.9828962E-004   9.5384184E-004   3.9888516E-004
   3.1600001E+000   9.8218044E-004   3.9768664E-004   9.8469881E-004   4.0259916E-004
   3.1999999E+000   1.0055073E-003   4.0675377E-004   1.0028176E-003   4.0555044E-004
   3.2400000E+000   1.0157885E-003   4.1250121E-004   1.0103648E-003   4.0699916E-004
   3.2800001E+000   1.0429082E-003   4.1836041E-004   1.0392317E-003   4.2142542E-004
   3.3199999E+000   1.0636575E-003   4.1922606E-004   1.0803425E-003   4.2850899E-004
   3.3600000E+000   1.1076834E-003   4.4607715E-004   1.0901166E-003   4.4092097E-004
   3.4000000E+000   1.1513036E-003   4.6649873E-004   1.1554093E-003   4.6370903E-004
   3.4400001E+000   1.1655031E-003   4.7035990E-004   1.1795501E-003   4.6973538E-004
   3.4799999E+000   1.1942746E-003   4.8558529E-004   1.2034672E-003   4.8260995E-004
   3.5200000E+000   1.2147687E-003   4.7772730E-004   1.2028864E-003   4.8312857E-004
   3.5600001E+000   1.2360513E-003   4.8886930E-004   1.2211734E-003   4.8073281E-004
   3.6000001E+000   1.2397239E-003   4.8302184E-004   1.2443200E-003   4.9056222E-004
   3.6399999E+000   1.2911479E-003   5.0277104E-004   1.2739985E-003   4.9955710E-004
   3.6800000E+000   1.3464726E-003   5.4139718E-004   1.3500758E-003   5.3809257E-004
   3.7200001E+000   1.3753750E-003   5.5000958E-004   1.3775066E-003   5.5419542E-004
   3.7599999E+000   1.3702341E-003   5.6616644E-004   1.3904496E-003   5.6494086E-004
   3.8000000E+000   1.4261407E-003   5.8084055E-004   1.4103218E-003   5.7536603E-004
   3.8400000E+000   1.4620406E-003   6.0477986E-004   1.4478825E-003   6.0231993E-004
   3.8800001E+000   1.5056463E-003   6.2557259E-004   1.5235478E-003   6.4210008E-004
   3.9199999E+000   1.5460674E-003   6.4829716E-004   1.5403950E-003   6.5035701E-004
   3.9600000E+000   1.5669087E-003   6.5397406E-004   1.5697150E-003   6.4673117E-004
   4.0000001E+000   1.6125861E-003   6.6778460E-004   1.6036797E-003   6.6166674E-004
   4.0400001E+000   1.6453425E-003   6.7953731E-004   1.6318390E-003   6.7070215E-004
   4.0799999E+000   1.6933165E-003   6.9929908E-004   1.6921275E-003   7.0367395E-004
   4.1200000E+000   1.7365476E-003   7.1848692E-004   1.7382774E-003   7.1693175E-004
   4.1600001E+000   1.7962739E-003   7.3656109E-004   1.7881485E-003   7.2821592E-004
   4.1999999E+000   1.8577590E-003   7.6625366E-004   1.8408472E-003   7.6167137E-004
   4.2399999E+000   1.8803068E-003   7.7666598E-004   1.8802682E-003   7.7529878E-004
   4.2800000E+000   1.9283478E-003   7.9549311E-004   1.9294358E-003   7.9739531E-004
   4.3200001E+000   1.9589300E-003   8.0517837E-004   2.0163666E-003   8.2120794E-004
   4.3599999E+000   2.0334930E-003   8.2095458E-004   2.0457062E-003   8.2133321E-004
   4.4000000E+000   2.0668239E-003   8.2692700E-004   2.0918929E-003   8.4578720E-004
   4.4400001E+000   2.1222039E-003   8.3767111E-004   2.1155565E-003   8.4017111E-004
   4.4800001E+000   2.1680278E-003   8.6284807E-004   2.1398859E-003   8.4656630E-004
   4.5199999E+000   2.1951618E-003   8.6416866E-004   2.1865750E-003   8.6328776E-004
   4.5600000E+000   2.2248885E-003   8.8512434E-004   2.2054580E-003   8.7040317E-004
   4.6000001E+000   2.2397329E-003   8.7989209E-004   2.2336635E-003   8.8375816E-004
   4.6399999E+000   2.2820684E-003   8.7738088E-004   2.3033080E-003   8.8969918E-004
   4.6799999E+000   2.3523265E-003   9.1290225E-004   2.3637252E-003   9.0654491E-004
   4.7200000E+000   2.4283023E-003   9.3420509E-004   2.4050913E-003   9.3489666E-004
   4.7600001E+000   2.4538663E-003   9.5806232E-004   2.4564895E-003   9.5212804E-004
   4.7999999E+000   2.5327298E-003   9.7921291E-004   2.5244628E-003   9.7716111E-004
   4.8400000E+000   2.5682469E-003   9.9868318E-004   2.5705864E-003   9.8659178E-004
   4.8800001E+000   2.6215616E-003   1.0076557E-003   2.6227351E-003   1.0009890E-003
   4.9200001E+000   2.6642143E-003   1.0386504E-003   2.6813484E-003   1.0513765E-003
   4.9599999E+000   2.7249748E-003   1.0572493E-003   2.7146096E-003   1.0409206E-003
   5.0000000E+000   2.7724549E-003   1.0679600E-003   2.7493368E-003   1.0616250E-003
   5.0400001E+000   2.8415395E-003   1.0890186E-003   2.8307518E-003   1.0868264E-003
   5.0800002E+000   2.9026246E-003   1.1251967E-003   2.9070117E-003   1.1155609E-003
   5.1200002E+000   2.9846325E-003   1.1453553E-003   2.9980417E-003   1.1534714E-003
   5.1599997E+000   3.0513153E-003   1.1638528E-003   3.0400968E-003   1.1598946E-003
   5.1999998E+000   3.0900220E-003   1.1614603E-003   3.1335003E-003   1.1888256E-003
   5.2399999E+000   3.1786688E-003   1.2049025E-003   3.2006703E-003   1.2094924E-003
   5.2800000E+000   3.2739023E-003   1.2412341E-003   3.2688639E-003   1.2375542E-003
   5.3200001E+000   3.3370736E-003   1.2684582E-003   3.3327854E-003   1.2630090E-003
   5.3600001E+000   3.3675704E-003   1.2703185E-003   3.3857679E-003   1.2813414E-003
   5.4000002E+000   3.4482301E-003   1.2981290E-003   3.4259547E-003   1.2861807E-003
   5.4400003E+000   3.4854266E-003   1.3189306E-003   3.5079758E-003   1.3320843E-003
   5.4799998E+000   3.5710919E-003   1.3525828E-003   3.5652238E-003   1.3603848E-003
   5.5199999E+000   3.6280745E-003   1.3839217E-003   3.6465530E-003   1.3753180E-003
   5.5599999E+000   3.7277993E-003   1.4231102E-003   3.6998488E-003   1.4086534E-003
   5.6000000E+000   3.7838403E-003   1.4349589E-003   3.8000187E-003   1.4561864E-003
   5.6400001E+000   3.8591756E-003   1.4766139E-003   3.8609589E-003   1.4662769E-003
   5.6800002E+000   3.9674640E-003   1.4954092E-003   3.9390697E-003   1.4725695E-003
   5.7200003E+000   3.9926025E-003   1.4846976E-003   3.9850326E-003   1.4972120E-003
   5.7599998E+000   4.0720126E-003   1.5337157E-003   4.0900330E-003   1.5223565E-003
   5.7999998E+000   4.1410607E-003   1.5396785E-003   4.1305481E-003   1.5505973E-003
   5.8399999E+000   4.2575569E-003   1.5793363E-003   4.2081642E-003   1.5774960E-003
   5.8800000E+000   4.3254114E-003   1.6024029E-003   4.2052827E-003   1.5523485E-003
   5.9200001E+000   4.1448747E-003   1.5335389E-003   4.0165023E-003   1.4939895E-003
   5.9600002E+000   3.6992144E-003   1.3601401E-003   3.5369548E-003   1.2842244E-003
   6.0000002E+000   2.9335422E-003   1.0623054E-003   2.9476838E-003   1.0861425E-003
   6.0399997E+000   2.3005748E-003   8.3621109E-004   2.3870988E-003   8.6525540E-004
   6.0799998E+000   1.8247389E-003   6.6082529E-004   1.9180330E-003   6.8434254E-004
   6.1199999E+000   1.5291507E-003   5.4724674E-004   1.5969154E-003   5.8819048E-004
   6.1600000E+000   1.3753833E-003   4.9161483E-004   1.4151609E-003   5.0245675E-004
   6.2000000E+000   1.3028038E-003   4.5694404E-004   1.3201863E-003   4.6289850E-004
   6.2400001E+000   1.2762196E-003   4.3818429E-004   1.2806118E-003   4.4849686E-004
   6.2800002E+000   1.2601364E-003   4.3707284E-004   1.2595042E-003   4.4241818E-004
   6.3200003E+000   1.2651451E-003   4.4082180E-004   1.2873683E-003   4.4048816E-004
   6.3599998E+000   1.2911505E-003   4.4323913E-004   1.2915854E-003   4.4284012E-004
   6.3999999E+000   1.3037063E-003   4.4193151E-004   1.3067014E-003   4.4697873E-004
   6.4399999E+000   1.3407668E-003   4.5710159E-004   1.3393888E-003   4.4593971E-004
   6.4800000E+000   1.3871290E-003   4.6528210E-004   1.3834704E-003   4.7068415E-004
   6.5200001E+000   1.4167435E-003   4.8503780E-004   1.4171875E-003   4.6713805E-004
   6.5600002E+000   1.4471678E-003   4.8691160E-004   1.4278113E-003   4.8597455E-004
   6.6000003E+000   1.4796249E-003   4.8303317E-004   1.4703825E-003   4.8674698E-004
   6.6399997E+000   1.5074460E-003   5.0620448E-004   1.5182743E-003   5.0413186E-004
   6.6799998E+000   1.5322698E-003   5.0078357E-004   1.5658902E-003   5.1753226E-004
   6.7199999E+000   1.5700434E-003   4.9486091E-004   1.5622881E-003   4.8544410E-004
   6.7600000E+000   1.5911447E-003   4.9701702E-004   1.5788365E-003   4.8914189E-004
   6.8000001E+000   1.6114931E-003   4.9102151E-004   1.5988201E-003   4.8435570E-004
   6.8400002E+000   1.6553693E-003   5.0952794E-004   1.6533610E-003   5.0733531E-004
   6.8800002E+000   1.6978192E-003   5.2368828E-004   1.7004223E-003   5.1741896E-004
   6.9199997E+000   1.7629323E-003   5.3863383E-004   1.7311472E-003   5.2664257E-004
   6.9599998E+000   1.7755403E-003   5.4278862E-004   1.7651708E-003   5.3329181E-004
   6.9999999E+000   1.7923442E-003   5.4689741E-004   1.8132594E-003   5.4828113E-004
   7.0400000E+000   1.8569803E-003   5.5618379E-004   1.8389277E-003   5.5371905E-004
   7.0800000E+000   1.8778816E-003   5.5324393E-004   1.8890367E-003   5.5840518E-004
   7.1200001E+000   1.9045385E-003   5.6776693E-004   1.8992020E-003   5.6751957E-004
   7.1600002E+000   1.9486296E-003   5.8572977E-004   1.9515953E-003   5.7562413E-004
   7.2000003E+000   1.9626773E-003   5.7323641E-004   1.9702452E-003   5.8151365E-004
   7.2399998E+000   2.0103772E-003   5.8365331E-004   2.0048189E-003   5.8565933E-004
   7.2799999E+000   2.0739485E-003   6.0369147E-004   2.0619582E-003   6.0477049E-004
   7.3199999E+000   2.1270355E-003   6.1958547E-004   2.1297398E-003   6.1310817E-004
   7.3600000E+000   2.1734006E-003   6.3750521E-004   2.1735493E-003   6.3508954E-004
   7.4000001E+000   2.2036379E-003   6.3818436E-004   2.1925291E-003   6.3858398E-004
   7.4400002E+000   2.2545970E-003   6.5729056E-004   2.2529627E-003   6.4901875E-004
   7.4800003E+000   2.2940968E-003   6.6790345E-004   2.2964336E-003   6.7187107E-004
   7.5199997E+000   2.3314846E-003   6.8179786E-004   2.3341430E-003   6.7926544E-004
   7.5599998E+000   2.3738467E-003   6.9425482E-004   2.3539315E-003   6.9054370E-004
   7.5999999E+000   2.3932415E-003   7.0501774E-004   2.4197333E-003   7.0422863E-004
   7.6400000E+000   2.4393183E-003   7.0940598E-004   2.4447258E-003   7.1754857E-004
   7.6800001E+000   2.4673436E-003   7.0996730E-004   2.4589615E-003   7.0783837E-004
   7.7200001E+000   2.5200882E-003   7.2855776E-004   2.5304567E-003   7.3518921E-004
   7.7600002E+000   2.5629018E-003   7.3218804E-004   2.5808390E-003   7.3690063E-004
   7.7999997E+000   2.5990242E-003   7.3226545E-004   2.6340395E-003   7.4930843E-004
   7.8399998E+000   2.6516311E-003   7.5516990E-004   2.6862900E-003   7.5920960E-004
   7.8799999E+000   2.7258971E-003   7.8361618E-004   2.7078026E-003   7.7021197E-004
   7.9200000E+000   2.7819629E-003   7.8923225E-004   2.7782775E-003   7.9792631E-004
   7.9600000E+000   2.8147765E-003   7.9696306E-004   2.7929882E-003   7.9710224E-004
   8.0000001E+000   2.8589968E-003   8.0752883E-004   2.8693121E-003   8.1981517E-004
   8.0400002E+000   2.9024888E-003   8.1966068E-004   2.9122118E-003   8.2146431E-004
   8.0800003E+000   2.9752740E-003   8.2337225E-004   2.9623933E-003   8.3293787E-004
   8.1199998E+000   3.0516306E-003   8.4995466E-004   3.0259363E-003   8.4715940E-004
   8.1599998E+000   3.0434784E-003   8.6363622E-004   3.1117510E-003   8.7453334E-004
   8.1999999E+000   3.1048938E-003   8.7331972E-004   3.1067043E-003   8.7536595E-004
   8.2400000E+000   3.1477797E-003   8.7383261E-004   3.1787321E-003   8.9182114E-004
   8.2800001E+000   3.1681018E-003   8.7759287E-004   3.1686314E-003   8.8988105E-004
   8.3200002E+000   3.2189955E-003   8.9708128E-004   3.2277042E-003   9.0502033E-004
   8.3600003E+000   3.2560678E-003   9.1112240E-004   3.2563660E-003   8.9616285E-004
   8.3999997E+000   3.3003287E-003   9.2181045E-004   3.3010167E-003   9.3510014E-004
   8.4399998E+000   3.3310062E-003   9.3034668E-004   3.3332118E-003   9.2270428E-004
   8.4799999E+000   3.3401224E-003   9.3773631E-004   3.3515055E-003   9.3369500E-004
   8.5200000E+000   3.4175633E-003   9.3459644E-004   3.4041102E-003   9.3174191E-004
   8.5600001E+000   3.4453444E-003   9.6054161E-004   3.4451295E-003   9.4949901E-004
   8.6000001E+000   3.5051662E-003   9.5710711E-004   3.5392389E-003   9.7181353E-004
   8.6400002E+000   3.5731174E-003   9.5661983E-004   3.5673266E-003   9.7331143E-004
   8.6799997E+000   3.6380931E-003   9.7617623E-004   3.6211477E-003   9.6751823E-004
   8.7199998E+000   3.6758482E-003   9.7669305E-004   3.6809143E-003   9.7625952E-004
   8.7599999E+000   3.7394656E-003   9.8702383E-004   3.7099463E-003   9.7564156E-004
   8.8000000E+000   3.8155485E-003   1.0001781E-003   3.7945217E-003   9.6242543E-004
   8.8400000E+000   3.8468219E-003   9.6447274E-004   3.8468934E-003   9.8438220E-004
   8.8800001E+000   3.8913268E-003   9.8378997E-004   3.8781612E-003   9.8521387E-004
   8.9200002E+000   3.9496375E-003   1.0178895E-003   3.9701820E-003   1.0115867E-003
   8.9600003E+000   4.0161337E-003   1.0158440E-003   4.0205251E-003   1.0220526E-003
   8.9999998E+000   4.0438862E-003   1.0255350E-003   4.0446033E-003   1.0308667E-003
   9.0399998E+000   4.1511384E-003   1.0589249E-003   4.1312335E-003   1.0550061E-003
   9.0799999E+000   4.2119469E-003   1.0774907E-003   4.2225656E-003   1.0700459E-003
   9.1200000E+000   4.2723101E-003   1.0913176E-003   4.2950626E-003   1.0823393E-003
   9.1600001E+000   4.3313225E-003   1.0939271E-003   4.3510123E-003   1.1227287E-003
   9.2000002E+000   4.4314075E-003   1.1142913E-003   4.3994855E-003   1.1113031E-003
   9.2400002E+000   4.4292722E-003   1.0882674E-003   4.4860254E-003   1.1026075E-003
   9.2799997E+000   4.4974761E-003   1.1148614E-003   4.5309314E-003   1.1154013E-003
   9.3199998E+000   4.5892975E-003   1.1495855E-003   4.5590739E-003   1.1446527E-003
   9.3599999E+000   4.6610742E-003   1.1568994E-003   4.6301848E-003   1.1519529E-003
   9.4000000E+000   4.7088870E-003   1.1714754E-003   4.7187056E-003   1.1506626E-003
   9.4400001E+000   4.8080551E-003   1.1769702E-003   4.8113086E-003   1.1579323E-003
   9.4800001E+000   4.9230600E-003   1.1844825E-003   4.9235875E-003   1.1944051E-003
   9.5200002E+000   4.9693844E-003   1.1884062E-003   4.9561731E-003   1.2032783E-003
   9.5599997E+000   5.0694178E-003   1.2130774E-003   5.0467417E-003   1.2034880E-003
   9.5999998E+000   5.1381713E-003   1.2155190E-003   5.1666477E-003   1.2319430E-003
   9.6399999E+000   5.1990126E-003   1.2233740E-003   5.2099435E-003   1.2234167E-003
   9.6799999E+000   5.2822769E-003   1.2144918E-003   5.2761149E-003   1.2379690E-003
   9.7200000E+000   5.3226038E-003   1.2729307E-003   5.3616378E-003   1.2499214E-003
   9.7600001E+000   5.4333805E-003   1.2551755E-003   5.3977472E-003   1.2537031E-003
   9.8000002E+000   5.5111114E-003   1.2688880E-003   5.5046188E-003   1.2692482E-003
   9.8400003E+000   5.5425663E-003   1.2585168E-003   5.5583992E-003   1.2691106E-003
   9.8799998E+000   5.6089580E-003   1.2795151E-003   5.6179376E-003   1.2950192E-003
   9.9199998E+000   5.6628412E-003   1.2808563E-003   5.6845578E-003   1.3248740E-003
   9.9599999E+000   5.7250383E-003   1.3117508E-003   5.7463302E-003   1.2953030E-003
   1.0000000E+001   5.7527025E-003   1.2802075E-003   5.7636761E-003   1.2851898E-003
   1.0039999E+001   5.8056931E-003   1.2849491E-003   5.8299594E-003   1.2931056E-003
   1.0080000E+001   5.8939081E-003   1.2984658E-003   5.8906055E-003   1.3133923E-003
   1.0120000E+001   6.0204358E-003   1.3423797E-003   5.9981085E-003   1.3257068E-003
   1.0160000E+001   6.0642183E-003   1.3222784E-003   6.0787552E-003   1.3341216E-003
   1.0200000E+001   6.1830718E-003   1.3246932E-003   6.1543753E-003   1.3341679E-003
   1.0240000E+001   6.2683085E-003   1.3508745E-003   6.3152003E-003   1.3562572E-003
   1.0280000E+001   6.3774838E-003   1.3837250E-003   6.4046178E-003   1.3522914E-003
   1.0319999E+001   6.5246972E-003   1.3875330E-003   6.5081145E-003   1.3889597E-003
   1.0360000E+001   6.5668008E-003   1.3697634E-003   6.5619540E-003   1.3991044E-003
   1.0400000E+001   6.7322165E-003   1.4446714E-003   6.7026196E-003   1.4010455E-003
   1.0440000E+001   6.8018356E-003   1.4226296E-003   6.7802040E-003   1.4111746E-003
   1.0480000E+001   6.8490541E-003   1.4252411E-003   6.8866066E-003   1.4423917E-003
   1.0520000E+001   6.9719077E-003   1.4276492E-003   6.9704406E-003   1.4464642E-003
   1.0560000E+001   7.0555855E-003   1.4619138E-003   7.0839863E-003   1.4524219E-003
   1.0599999E+001   7.2076268E-003   1.4793043E-003   7.1771677E-003   1.4498694E-003
   1.0640000E+001   7.2899956E-003   1.4904693E-003   7.3216629E-003   1.4845364E-003
   1.0680000E+001   7.4342673E-003   1.4986998E-003   7.4713585E-003   1.4926693E-003
   1.0720000E+001   7.6176165E-003   1.5291222E-003   7.6612268E-003   1.5331452E-003
   1.0760000E+001   7.8563761E-003   1.5444397E-003   7.8550522E-003   1.5241924E-003
   1.0800000E+001   8.1712902E-003   1.5565178E-003   8.3696757E-003   1.6177865E-003
   1.0840000E+001   8.7817698E-003   1.6812885E-003   8.9165031E-003   1.7309165E-003
   1.0880001E+001   9.6180641E-003   1.8304708E-003   9.8854293E-003   1.8611713E-003
   1.0920000E+001   1.1099460E-002   2.0812362E-003   1.1589274E-002   2.1941270E-003
   1.0960000E+001   1.3661604E-002   2.5511605E-003   1.4305518E-002   2.6404247E-003
   1.1000000E+001   1.7617113E-002   3.2563153E-003   1.8341758E-002   3.3974000E-003
   1.1040000E+001   2.3480761E-002   4.3234298E-003   2.3719445E-002   4.3709126E-003
   1.1080000E+001   2.9955839E-002   5.5272244E-003   2.9161950E-002   5.3534629E-003
   1.1120000E+001   3.4599080E-002   6.3867082E-003   3.3603581E-002   6.2205409E-003
   1.1160001E+001   3.6658627E-002   6.7589235E-003   3.5954030E-002   6.6304076E-003
   1.1200000E+001   3.7228451E-002   6.8391717E-003   3.6923699E-002   6.7179647E-003
   1.1240000E+001   3.7428703E-002   6.7681450E-003   3.7442951E-002   6.8639920E-003
   1.1280000E+001   3.7626262E-002   6.8168101E-003   3.7657903E-002   6.8319511E-003
   1.1320000E+001   3.7926596E-002   6.8704743E-003   3.7882172E-002   6.8864548E-003
   1.1360000E+001   3.8295242E-002   6.9041753E-003   3.8158135E-002   6.9092453E-003
   1.1400000E+001   3.8572319E-002   7.0509929E-003   3.8530560E-002   6.9738971E-003
   1.1440001E+001   3.8840219E-002   7.0984595E-003   3.8864023E-002   7.0353701E-003
   1.1480000E+001   3.9099975E-002   7.0308089E-003   3.9058321E-002   7.0101417E-003
   1.1520000E+001   3.9315854E-002   7.0446788E-003   3.9390714E-002   7.0630341E-003
   1.1560000E+001   3.9694884E-002   7.1452465E-003   3.9616773E-002   7.1085714E-003
   1.1600000E+001   3.9982695E-002   7.1441983E-003   4.0064058E-002   7.1935782E-003
   1.1640000E+001   4.0378517E-002   7.2228245E-003   4.0413150E-002   7.2496756E-003
   1.1680000E+001   4.0644339E-002   7.2589279E-003   4.0636231E-002   7.2740306E-003
   1.1720001E+001   4.1005100E-002   7.3253782E-003   4.0875203E-002   7.3359279E-003
   1.1760000E+001   4.1250799E-002   7.3212749E-003   4.1323604E-002   7.2872498E-003
   1.1799999E+001   4.1534283E-002   7.2945951E-003   4.1551888E-002   7.2951548E-003
   1.1840000E+001   4.1919343E-002   7.3332408E-003   4.1790994E-002   7.3026717E-003
   1.1880000E+001   4.2223359E-002   7.3712574E-003   4.2274576E-002   7.3843818E-003
   1.1920000E+001   4.2612852E-002   7.3514220E-003   4.2676383E-002   7.4221955E-003
   1.1960000E+001   4.2969654E-002   7.4248342E-003   4.3021544E-002   7.4306299E-003
   1.2000000E+001   4.3300601E-002   7.3883641E-003   4.3377773E-002   7.4943397E-003
   1.2040000E+001   4.3704703E-002   7.3931420E-003   4.3648292E-002   7.4100820E-003
   1.2079999E+001   4.3952465E-002   7.4844010E-003   4.3868212E-002   7.3987543E-003
   1.2120000E+001   4.4405794E-002   7.4518097E-003   4.4461821E-002   7.5052146E-003
   1.2160000E+001   4.4602141E-002   7.4635177E-003   4.4641954E-002   7.4530782E-003
   1.2200000E+001   4.5036125E-002   7.4990372E-003   4.4885681E-002   7.4619402E-003
   1.2240000E+001   4.5365604E-002   7.5618768E-003   4.5395925E-002   7.5453357E-003
   1.2280000E+001   4.5637094E-002   7.5487247E-003   4.5654483E-002   7.4985971E-003
   1.2320000E+001   4.5918742E-002   7.5247604E-003   4.5873069E-002   7.5125095E-003
   1.2359999E+001   4.6277207E-002   7.5456069E-003   4.6263737E-002   7.5380454E-003
   1.2400000E+001   4.6557875E-002   7.5102790E-003   4.6548739E-002   7.5892035E-003
   1.2440000E+001   4.6813396E-002   7.6093198E-003   4.6808118E-002   7.5800723E-003
   1.2480000E+001   4.7118615E-002   7.5094120E-003   4.7113899E-002   7.5761382E-003
   1.2520000E+001   4.7504208E-002   7.5027084E-003   4.7516243E-002   7.5218819E-003
   1.2560000E+001   4.7858154E-002   7.5302977E-003   4.7703943E-002   7.4883626E-003
   1.2600000E+001   4.8140936E-002   7.4867785E-003   4.8246689E-002   7.5274801E-003
   1.2640001E+001   4.8536287E-002   7.5507494E-003   4.8584941E-002   7.5676240E-003
   1.2680000E+001   4.8844955E-002   7.5818201E-003   4.8739969E-002   7.5230398E-003
   1.2720000E+001   4.9072991E-002   7.5061496E-003   4.9121191E-002   7.4680859E-003
   1.2760000E+001   4.9558733E-002   7.5257728E-003   4.9532104E-002   7.5577567E-003
   1.2800000E+001   5.0016443E-002   7.5240449E-003   4.9966621E-002   7.5043354E-003
   1.2840000E+001   5.0376278E-002   7.5731555E-003   5.0366954E-002   7.5499153E-003
   1.2880000E+001   5.0837764E-002   7.6003791E-003   5.0870065E-002   7.6166538E-003
   1.2920001E+001   5.1204428E-002   7.5765853E-003   5.1179447E-002   7.5352273E-003
   1.2960000E+001   5.1833698E-002   7.6375911E-003   5.1808310E-002   7.5924221E-003
   1.3000000E+001   5.2125426E-002   7.6067102E-003   5.2123604E-002   7.6056677E-003
   1.3040000E+001   5.2582979E-002   7.6291276E-003   5.2526432E-002   7.5942161E-003
   1.3080000E+001   5.2956885E-002   7.5391149E-003   5.3129742E-002   7.5872292E-003
   1.3120000E+001   5.3578430E-002   7.5769847E-003   5.3577623E-002   7.6091636E-003
   1.3160000E+001   5.4033665E-002   7.5642100E-003   5.4098599E-002   7.6536958E-003
   1.3200001E+001   5.4538061E-002   7.6499551E-003   5.4631933E-002   7.6143327E-003
   1.3240000E+001   5.5079119E-002   7.6251186E-003   5.4920590E-002   7.5847928E-003
   1.3279999E+001   5.5484221E-002   7.6200363E-003   5.5518012E-002   7.6950008E-003
   1.3320000E+001   5.5924144E-002   7.6214104E-003   5.5974939E-002   7.6594679E-003
   1.3360000E+001   5.6239692E-002   7.6378218E-003   5.6272143E-002   7.5846812E-003
   1.3400000E+001   5.6894709E-002   7.6217234E-003   5.6842373E-002   7.7110910E-003
   1.3440000E+001   5.7311112E-002   7.6483042E-003   5.7260418E-002   7.6119972E-003
   1.3480000E+001   5.7836356E-002   7.5413351E-003   5.7836540E-002   7.6416813E-003
   1.3520000E+001   5.8336726E-002   7.6231707E-003   5.8361531E-002   7.5323981E-003
   1.3559999E+001   5.8823379E-002   7.5097651E-003   5.8840223E-002   7.5472608E-003
   1.3600000E+001   5.9308779E-002   7.5534206E-003   5.9376705E-002   7.5922186E-003
   1.3640000E+001   5.9898813E-002   7.5760088E-003   5.9954320E-002   7.5937481E-003
   1.3680000E+001   6.0428201E-002   7.5538316E-003   6.0303585E-002   7.5544697E-003
   1.3720000E+001   6.0813031E-002   7.6142463E-003   6.1019676E-002   7.4891170E-003
   1.3760000E+001   6.1530051E-002   7.6125482E-003   6.1457981E-002   7.6446148E-003
   1.3800000E+001   6.1940971E-002   7.5316128E-003   6.1846983E-002   7.5506854E-003
   1.3839999E+001   6.2375654E-002   7.5110877E-003   6.2543428E-002   7.5439838E-003
   1.3880000E+001   6.2932454E-002   7.4980306E-003   6.2816327E-002   7.4845572E-003
   1.3920000E+001   6.3370317E-002   7.3875297E-003   6.3491275E-002   7.4930537E-003
   1.3960000E+001   6.3893087E-002   7.4094762E-003   6.3889682E-002   7.3915290E-003
   1.4000000E+001   6.4264664E-002   7.3496437E-003   6.4269599E-002   7.3647949E-003
   1.4040000E+001   6.4759055E-002   7.2717745E-003   6.4769567E-002   7.2434762E-003
   1.4080000E+001   6.5305732E-002   7.2853723E-003   6.5366946E-002   7.2635181E-003
   1.4119999E+001   6.6010038E-002   7.1870083E-003   6.5968638E-002   7.2643619E-003
   1.4160000E+001   6.6572436E-002   7.2135092E-003   6.6567536E-002   7.1769734E-003
   1.4200000E+001   6.7074151E-002   7.1715604E-003   6.7002889E-002   7.1434506E-003
   1.4240000E+001   6.7644180E-002   7.0656771E-003   6.7592783E-002   7.1531520E-003
   1.4280000E+001   6.8180478E-002   7.0708264E-003   6.8177678E-002   7.0896229E-003
   1.4320000E+001   6.8698006E-002   7.0581267E-003   6.8637187E-002   7.0480779E-003
   1.4360000E+001   6.9172195E-002   7.0347539E-003   6.9336070E-002   7.0291193E-003
   1.4400001E+001   6.9747565E-002   7.0534947E-003   6.9873691E-002   7.0327063E-003
   1.4440000E+001   7.0198780E-002   6.9932891E-003   7.0177585E-002   6.9784808E-003
   1.4480000E+001   7.0685955E-002   6.8542362E-003   7.0555571E-002   6.9023995E-003
   1.4520000E+001   7.1159430E-002   6.8599007E-003   7.1233124E-002   6.8229016E-003
   1.4560000E+001   7.1705994E-002   6.7606460E-003   7.1609585E-002   6.7932747E-003
   1.4600000E+001   7.2299150E-002   6.7452863E-003   7.2396228E-002   6.7425538E-003
   1.4640000E+001   7.2951286E-002   6.6194086E-003   7.2896368E-002   6.6623872E-003
   1.4680001E+001   7.3532071E-002   6.5775287E-003   7.3480573E-002   6.6148497E-003
   1.4720000E+001   7.4140063E-002   6.5949441E-003   7.4087601E-002   6.5636585E-003
   1.4760000E+001   7.4581089E-002   6.3931509E-003   7.4538960E-002   6.4522235E-003
   1.4800000E+001   7.5303025E-002   6.4195092E-003   7.5355314E-002   6.3521935E-003
   1.4840000E+001   7.5915310E-002   6.3130887E-003   7.5764681E-002   6.3817105E-003
   1.4880000E+001   7.6380359E-002   6.2650107E-003   7.6492379E-002   6.2817013E-003
   1.4920000E+001   7.7277810E-002   6.1964472E-003   7.7304916E-002   6.2540082E-003
   1.4960001E+001   7.7891873E-002   6.0481508E-003   7.7786917E-002   6.0697406E-003
   1.5000000E+001   7.8531406E-002   5.9891876E-003   7.8574910E-002   6.0767827E-003
   1.5039999E+001   7.9164500E-002   6.0087950E-003   7.8940843E-002   6.0449941E-003
   1.5080000E+001   7.9676031E-002   5.8633400E-003   7.9712323E-002   5.9066363E-003
   1.5120000E+001   8.0233158E-002   5.8563314E-003   8.0295799E-002   5.8958509E-003
   1.5160000E+001   8.0921061E-002   5.8489054E-003   8.1002975E-002   5.8253535E-003
   1.5200000E+001   8.1464271E-002   5.7603719E-003   8.1500301E-002   5.7427517E-003
   1.5240000E+001   8.1963021E-002   5.6441947E-003   8.2084300E-002   5.5815243E-003
   1.5280000E+001   8.2823646E-002   5.5459333E-003   8.2701912E-002   5.5857860E-003
   1.5319999E+001   8.3523301E-002   5.5104122E-003   8.3572667E-002   5.4363627E-003
   1.5360000E+001   8.4294538E-002   5.4805855E-003   8.4255084E-002   5.4243895E-003
   1.5400000E+001   8.4973215E-002   5.3846963E-003   8.5022080E-002   5.3649174E-003
   1.5440000E+001   8.5686442E-002   5.2246636E-003   8.5634675E-002   5.2938751E-003
   1.5480000E+001   8.6178911E-002   5.0902170E-003   8.6304331E-002   5.1761588E-003
   1.5520000E+001   8.6906291E-002   5.0350776E-003   8.7032873E-002   5.0596232E-003
   1.5560000E+001   8.7571836E-002   4.9569767E-003   8.7624196E-002   4.9292674E-003
   1.5599999E+001   8.8330123E-002   4.8486104E-003   8.8325392E-002   4.8284697E-003
   1.5640000E+001   8.9105503E-002   4.7504940E-003   8.8994726E-002   4.7282283E-003
   1.5680000E+001   8.9511623E-002   4.6473399E-003   8.9500163E-002   4.6737658E-003
   1.5720000E+001   9.0345510E-002   4.5465020E-003   9.0319471E-002   4.5656976E-003
   1.5760000E+001   9.1013732E-002   4.4699621E-003   9.1089383E-002   4.4434857E-003
   1.5800000E+001   9.1723489E-002   4.4191788E-003   9.1800988E-002   4.4086977E-003
   1.5840000E+001   9.2611390E-002   4.3475403E-003   9.2684918E-002   4.3554064E-003
   1.5880001E+001   9.3372251E-002   4.2732729E-003   9.3246963E-002   4.2877931E-003
   1.5920000E+001   9.3941789E-002   4.1858871E-003   9.3878655E-002   4.2085925E-003
   1.5960000E+001   9.4598629E-002   4.1749329E-003   9.4671319E-002   4.1977586E-003
   1.6000000E+001   9.5459402E-002   4.1429847E-003   9.5524599E-002   4.1249778E-003
   1.6040000E+001   9.6310685E-002   4.0819655E-003   9.6255288E-002   4.0721735E-003
   1.6080000E+001   9.6855810E-002   3.9718277E-003   9.6957268E-002   4.0305905E-003
   1.6120000E+001   9.7665286E-002   3.9137023E-003   9.7668196E-002   3.9125038E-003
   1.6160001E+001   9.8409918E-002   3.8198968E-003   9.8383953E-002   3.8281072E-003
   1.6200000E+001   9.9178046E-002   3.7718557E-003   9.9260937E-002   3.7612798E-003
   1.6240000E+001   1.0000651E-001   3.6658568E-003   1.0004693E-001   3.6691548E-003
   1.6280000E+001   1.0079239E-001   3.6627026E-003   1.0086448E-001   3.6641750E-003
   1.6320000E+001   1.0150757E-001   3.5492563E-003   1.0162659E-001   3.6208115E-003
   1.6360000E+001   1.0256805E-001   3.5476009E-003   1.0241316E-001   3.5392298E-003
   1.6400000E+001   1.0304070E-001   3.4504235E-003   1.0321908E-001   3.4785323E-003
   1.6440001E+001   1.0405418E-001   3.4109108E-003   1.0390036E-001   3.4151138E-003
   1.6480000E+001   1.0486404E-001   3.3262005E-003   1.0503359E-001   3.3439722E-003
   1.6520000E+001   1.0555828E-001   3.2858032E-003   1.0568600E-001   3.3031887E-003
   1.6560000E+001   1.0654555E-001   3.2492167E-003   1.0652738E-001   3.2067943E-003
   1.6600000E+001   1.0774988E-001   3.2177186E-003   1.0753372E-001   3.2035783E-003
   1.6640000E+001   1.0824991E-001   3.0958454E-003   1.0822869E-001   3.1525356E-003
   1.6680000E+001   1.0896266E-001   3.0776780E-003   1.0901861E-001   3.0955687E-003
   1.6720001E+001   1.0995466E-001   3.1135710E-003   1.0989488E-001   3.0789746E-003
   1.6760000E+001   1.1073468E-001   3.0924881E-003   1.1058861E-001   3.0635960E-003
   1.6799999E+001   1.1143646E-001   3.0757540E-003   1.1141950E-001   3.0797898E-003
   1.6840000E+001   1.1225001E-001   3.0394945E-003   1.1227854E-001   3.1320189E-003
   1.6880000E+001   1.1311842E-001   3.0618545E-003   1.1296010E-001   3.0114181E-003
   1.6920000E+001   1.1383599E-001   3.0381439E-003   1.1369653E-001   3.0155960E-003
   1.6960000E+001   1.1449588E-001   3.0324983E-003   1.1439826E-001   3.0392001E-003
   1.7000000E+001   1.1528151E-001   3.0181188E-003   1.1538074E-001   3.0383848E-003
   1.7040000E+001   1.1624206E-001   3.0196009E-003   1.1606985E-001   3.0295872E-003
   1.7079999E+001   1.1718528E-001   3.1532282E-003   1.1710594E-001   3.1367950E-003
   1.7120000E+001   1.1809886E-001   3.1830648E-003   1.1792757E-001   3.2091277E-003
   1.7160000E+001   1.1890757E-001   3.1761287E-003   1.1891971E-001   3.2294598E-003
   1.7200000E+001   1.1976026E-001   3.3747770E-003   1.1988024E-001   3.3005040E-003
   1.7240000E+001   1.2077974E-001   3.4423709E-003   1.2061863E-001   3.4321322E-003
   1.7280000E+001   1.2173800E-001   3.4849546E-003   1.2143578E-001   3.5168640E-003
   1.7320000E+001   1.2252262E-001   3.6080632E-003   1.2252100E-001   3.6016149E-003
   1.7359999E+001   1.2350622E-001   3.6507900E-003   1.2346938E-001   3.6450934E-003
   1.7400000E+001   1.2446025E-001   3.9378317E-003   1.2438797E-001   3.7578998E-003
   1.7440000E+001   1.2536948E-001   4.1105921E-003   1.2517174E-001   4.2359339E-003
   1.7480000E+001   1.2611954E-001   4.2622834E-003   1.2617757E-001   4.3275149E-003
   1.7520000E+001   1.2713912E-001   4.6910214E-003   1.2723702E-001   4.8767690E-003
   1.7560000E+001   1.2799227E-001   5.3794414E-003   1.2816133E-001   5.3706740E-003
   1.7600000E+001   1.2928146E-001   5.6567093E-003   1.2891929E-001   5.6355418E-003
   1.7640001E+001   1.2993583E-001   6.0448234E-003   1.3010018E-001   5.9585026E-003
   1.7680000E+001   1.3111373E-001   6.3255228E-003   1.3097802E-001   6.3376681E-003
   1.7720000E+001   1.3195751E-001   6.4988139E-003   1.3212259E-001   6.5615967E-003
   1.7760000E+001   1.3303796E-001   6.8213365E-003   1.3298607E-001   6.7501730E-003
   1.7800000E+001   1.3401489E-001   7.0587406E-003   1.3400887E-001   7.0520516E-003
   1.7840000E+001   1.3507880E-001   7.3709377E-003   1.3515402E-001   7.2622846E-003
   1.7880000E+001   1.3614749E-001   7.5974366E-003   1.3612251E-001   7.7381314E-003
   1.7920001E+001   1.3717880E-001   8.1284359E-003   1.3719499E-001   7.9916968E-003
   1.7960000E+001   1.3816443E-001   8.3238483E-003   1.3793723E-001   8.4614123E-003
   1.8000000E+001   1.3910985E-001   8.7125608E-003   1.3925200E-001   8.5601546E-003
   1.8040000E+001   1.4030011E-001   8.8240580E-003   1.4019667E-001   8.9793018E-003
   1.8080000E+001   1.4140338E-001   9.2078926E-003   1.4129535E-001   9.0205052E-003
   1.8120000E+001   1.4217656E-001   9.4833358E-003   1.4231160E-001   9.5224542E-003
   1.8160000E+001   1.4315563E-001   9.5775543E-003   1.4336554E-001   9.7167445E-003
   1.8200001E+001   1.4437691E-001   1.0085803E-002   1.4438703E-001   9.9638587E-003
   1.8240000E+001   1.4513408E-001   1.0453922E-002   1.4522715E-001   1.0559859E-002
   1.8279999E+001   1.4626940E-001   1.0939829E-002   1.4635610E-001   1.0727418E-002
   1.8320000E+001   1.4747555E-001   1.1200855E-002   1.4727653E-001   1.1266727E-002
   1.8360000E+001   1.4838569E-001   1.1721517E-002   1.4859606E-001   1.1672899E-002
   1.8400000E+001   1.4952208E-001   1.2054978E-002   1.4930349E-001   1.2066150E-002
   1.8440000E+001   1.5054893E-001   1.2347035E-002   1.5069346E-001   1.2344584E-002
   1.8480000E+001   1.5198117E-001   1.2751002E-002   1.5184475E-001   1.2548790E-002
   1.8520000E+001   1.5304674E-001   1.3058281E-002   1.5337420E-001   1.3108313E-002
   1.8559999E+001   1.5443912E-001   1.3281333E-002   1.5445264E-001   1.3347969E-002
   1.8600000E+001   1.5563173E-001   1.3759527E-002   1.5577751E-001   1.3788612E-002
   1.8640000E+001   1.5694536E-001   1.4077350E-002   1.5669939E-001   1.3950520E-002
   1.8680000E+001   1.5780913E-001   1.4420129E-002   1.5777321E-001   1.4383473E-002
   1.8720000E+001   1.5886430E-001   1.4784311E-002   1.5885633E-001   1.4721722E-002
   1.8760000E+001   1.5998132E-001   1.5081939E-002   1.6008223E-001   1.5074555E-002
   1.8800000E+001   1.6121905E-001   1.5353141E-002   1.6158125E-001   1.5524955E-002
   1.8839999E+001   1.6233251E-001   1.5764584E-002   1.6231514E-001   1.5631629E-002
   1.8880000E+001   1.6307819E-001   1.5953701E-002   1.6331687E-001   1.5928502E-002
   1.8920000E+001   1.6440791E-001   1.6390208E-002   1.6444870E-001   1.6438263E-002
   1.8960000E+001   1.6555101E-001   1.6734102E-002   1.6549068E-001   1.6913277E-002
   1.9000000E+001   1.6671879E-001   1.7174918E-002   1.6698870E-001   1.7242683E-002
   1.9040000E+001   1.6826705E-001   1.7745415E-002   1.6769130E-001   1.7572367E-002
   1.9080000E+001   1.6907290E-001   1.8019493E-002   1.6915913E-001   1.8015708E-002
   1.9119999E+001   1.7032347E-001   1.8218403E-002   1.7070453E-001   1.8381474E-002
   1.9160000E+001   1.7186145E-001   1.8737873E-002   1.7183626E-001   1.8665343E-002
   1.9200000E+001   1.7311011E-001   1.9232644E-002   1.7319348E-001   1.9109497E-002
   1.9240000E+001   1.7417111E-001   1.9564832E-002   1.7413400E-001   1.9596946E-002
   1.9280000E+001   1.7532438E-001   2.0145463E-002   1.7494224E-001   2.0215879E-002
   1.9320000E+001   1.7623971E-001   2.0532177E-002   1.7603774E-001   2.0591672E-002
   1.9360000E+001   1.7725480E-001   2.1197737E-002   1.7739614E-001   2.1149346E-002
   1.9400001E+001   1.7850322E-001   2.1630008E-002   1.7851597E-001   2.1685636E-002
   1.9440000E+001   1.7974835E-001   2.2037949E-002   1.7987999E-001   2.2221707E-002
   1.9480000E+001   1.8118323E-001   2.2586557E-002   1.8099791E-001   2.2644647E-002
   1.9520000E+001   1.8198217E-001   2.2958371E-002   1.8204370E-001   2.3044943E-002
   1.9560000E+001   1.8338989E-001   2.3463504E-002   1.8333552E-001   2.3411160E-002
   1.9600000E+001   1.8482490E-001   2.3780805E-002   1.8479690E-001   2.3805651E-002
   1.9640000E+001   1.8612118E-001   2.4471083E-002   1.8630694E-001   2.4401262E-002
   1.9680001E+001   1.8754767E-001   2.4907906E-002   1.8745852E-001   2.4918908E-002
   1.9720000E+001   1.8866816E-001   2.5426424E-002   1.8872645E-001   2.5216843E-002
   1.9760000E+001   1.9036678E-001   2.5752263E-002   1.9010400E-001   2.5726459E-002
   1.9800000E+001   1.9123675E-001   2.5723673E-002   1.9132782E-001   2.5821914E-002
   1.9840000E+001   1.9299014E-001   2.6517457E-002   1.9273907E-001   2.6486459E-002
   1.9880000E+001   1.9400169E-001   2.6785552E-002   1.9406781E-001   2.6966299E-002
   1.9920000E+001   1.9542551E-001   2.7228267E-002   1.9524379E-001   2.7253150E-002
   1.9960001E+001   1.9659217E-001   2.7615703E-002   1.9657533E-001   2.7515283E-002
   2.0000000E+001   1.9753292E-001   2.7859426E-002   1.9744694E-001   2.7751722E-002
