   8.0000004E-002   0.0000000E+000   0.0000000E+000   0.0000000E+000   0.0000000E+000
   1.2000000E-001   0.0000000E+000   0.0000000E+000   0.0000000E+000   0.0000000E+000
   1.6000001E-001   0.0000000E+000   0.0000000E+000   0.0000000E+000   0.0000000E+000
   2.0000000E-001   0.0000000E+000   0.0000000E+000   0.0000000E+000   0.0000000E+000
   2.4000000E-001   0.0000000E+000   0.0000000E+000   0.0000000E+000   0.0000000E+000
   2.8000001E-001   0.0000000E+000   0.0000000E+000   0.0000000E+000   0.0000000E+000
   3.2000002E-001   0.0000000E+000   0.0000000E+000   0.0000000E+000   0.0000000E+000
   3.5999998E-001   0.0000000E+000   0.0000000E+000   0.0000000E+000   0.0000000E+000
   3.9999999E-001   0.0000000E+000   0.0000000E+000   0.0000000E+000   0.0000000E+000
   4.4000000E-001   0.0000000E+000   0.0000000E+000   0.0000000E+000   0.0000000E+000
   4.8000000E-001   0.0000000E+000   0.0000000E+000   0.0000000E+000   0.0000000E+000
   5.2000001E-001   0.0000000E+000   0.0000000E+000   0.0000000E+000   0.0000000E+000
   5.6000002E-001   0.0000000E+000   0.0000000E+000   0.0000000E+000   0.0000000E+000
   5.9999999E-001   0.0000000E+000   0.0000000E+000   0.0000000E+000   0.0000000E+000
   6.4000003E-001   0.0000000E+000   0.0000000E+000   0.0000000E+000   0.0000000E+000
   6.8000004E-001   0.0000000E+000   0.0000000E+000   0.0000000E+000   0.0000000E+000
   7.1999997E-001   0.0000000E+000   0.0000000E+000   0.0000000E+000   0.0000000E+000
   7.5999998E-001   0.0000000E+000   0.0000000E+000   0.0000000E+000   0.0000000E+000
   7.9999998E-001   0.0000000E+000   0.0000000E+000   0.0000000E+000   0.0000000E+000
   8.3999999E-001   0.0000000E+000   0.0000000E+000   0.0000000E+000   0.0000000E+000
   8.8000000E-001   0.0000000E+000   0.0000000E+000   0.0000000E+000   0.0000000E+000
   9.2000000E-001   0.0000000E+000   0.0000000E+000   0.0000000E+000   0.0000000E+000
   9.6000001E-001   0.0000000E+000   0.0000000E+000   0.0000000E+000   0.0000000E+000
   1.0000000E+000   0.0000000E+000   0.0000000E+000   0.0000000E+000   0.0000000E+000
   1.0400000E+000   1.7017787E-005   1.7852618E-006   1.6040863E-005   1.5811195E-006
   1.0800000E+000   3.2707436E-005   2.8947306E-006   3.2541255E-005   2.7930575E-006
   1.1200000E+000   4.8958243E-005   4.4157167E-006   5.3666327E-005   4.9080735E-006
   1.1600000E+000   6.7636939E-005   5.2222302E-006   6.8844805E-005   5.4267633E-006
   1.2000000E+000   9.0450715E-005   7.0381397E-006   8.5499306E-005   6.7988301E-006
   1.2400000E+000   1.0497271E-004   8.2516939E-006   1.1072558E-004   8.5977228E-006
   1.2800001E+000   1.2891468E-004   1.0033217E-005   1.3061436E-004   9.3983920E-006
   1.3200000E+000   1.4680160E-004   9.9382262E-006   1.4805107E-004   1.0254271E-005
   1.3600001E+000   1.7138928E-004   1.1547744E-005   1.5815833E-004   1.0268751E-005
   1.4000000E+000   1.9565464E-004   1.3043551E-005   1.9331002E-004   1.2469472E-005
   1.4399999E+000   2.0890948E-004   1.3527542E-005   2.2073031E-004   1.5894866E-005
   1.4800000E+000   2.5027226E-004   1.6832278E-005   2.5133441E-004   1.7477230E-005
   1.5200000E+000   2.8085074E-004   1.9144364E-005   2.8244504E-004   2.0966104E-005
   1.5600000E+000   3.1031824E-004   2.0903844E-005   3.0558392E-004   2.1308710E-005
   1.6000000E+000   3.3427952E-004   2.3349594E-005   3.3961802E-004   2.3117695E-005
   1.6400000E+000   3.6429104E-004   2.4183788E-005   3.6538998E-004   2.4602614E-005
   1.6800000E+000   3.8397813E-004   2.6224480E-005   3.7691677E-004   2.5784653E-005
   1.7200001E+000   4.1482791E-004   2.3604777E-005   4.1909441E-004   2.4618599E-005
   1.7600000E+000   4.4232035E-004   2.0453170E-005   4.4441325E-004   2.0594387E-005
   1.8000001E+000   4.8498487E-004   2.1042251E-005   4.8234316E-004   2.2850453E-005
   1.8400000E+000   5.1772376E-004   2.4456854E-005   5.0508056E-004   2.5435730E-005
   1.8799999E+000   5.4811632E-004   2.5447114E-005   5.5412804E-004   2.3646384E-005
   1.9200000E+000   5.8197411E-004   2.5014594E-005   5.9013493E-004   2.3714464E-005
   1.9599999E+000   6.3434598E-004   3.4992336E-005   6.2492999E-004   2.9353895E-005
   2.0000000E+000   6.6646148E-004   3.5515267E-005   6.8046089E-004   3.1120396E-005
   2.0400000E+000   7.1593700E-004   2.9765055E-005   7.1338538E-004   2.9226650E-005
   2.0800000E+000   7.6766878E-004   4.0140689E-005   7.6370228E-004   3.5481156E-005
   2.1200000E+000   8.1452797E-004   2.9650974E-005   8.1983233E-004   3.3441231E-005
   2.1600001E+000   8.5191800E-004   3.3252657E-005   8.5303321E-004   3.2947464E-005
   2.2000000E+000   8.7888538E-004   3.1953663E-005   8.8431719E-004   3.1726471E-005
   2.2400001E+000   9.2260346E-004   3.0813610E-005   9.2109619E-004   3.2997848E-005
   2.2800000E+000   9.7078072E-004   2.8855478E-005   9.7368701E-004   3.3928072E-005
   2.3199999E+000   1.0285649E-003   3.0273443E-005   1.0205045E-003   2.8339231E-005
   2.3600000E+000   1.0981068E-003   3.3485266E-005   1.0795803E-003   3.7489651E-005
   2.3999999E+000   1.1249227E-003   3.3783284E-005   1.1415797E-003   3.3341886E-005
   2.4400000E+000   1.2002146E-003   3.5494251E-005   1.1945769E-003   3.6455292E-005
   2.4800000E+000   1.2359788E-003   3.6690915E-005   1.2332265E-003   3.8792766E-005
   2.5200000E+000   1.3225506E-003   3.5835599E-005   1.3347161E-003   3.8123973E-005
   2.5600001E+000   1.3962582E-003   4.0485349E-005   1.4017211E-003   4.5496067E-005
   2.5999999E+000   1.4473048E-003   4.2489749E-005   1.4649038E-003   4.1123672E-005
   2.6400000E+000   1.5230159E-003   4.8786505E-005   1.5244542E-003   4.1634643E-005
   2.6800001E+000   1.5867278E-003   5.4147159E-005   1.5855766E-003   4.8499989E-005
   2.7200001E+000   1.6323224E-003   5.5458133E-005   1.6224176E-003   4.7579461E-005
   2.7599999E+000   1.6961774E-003   4.9775070E-005   1.6850133E-003   4.8507135E-005
   2.8000000E+000   1.7645359E-003   5.0543024E-005   1.7559469E-003   5.5476941E-005
   2.8400001E+000   1.8260130E-003   5.1227986E-005   1.8144946E-003   5.0762337E-005
   2.8799999E+000   1.9132934E-003   6.7707289E-005   1.8918340E-003   4.8636108E-005
   2.9200000E+000   1.9627160E-003   6.9217318E-005   1.9712775E-003   6.7016130E-005
   2.9600000E+000   2.0342072E-003   7.0904807E-005   2.0159120E-003   7.1544237E-005
   3.0000001E+000   2.0788323E-003   7.2939286E-005   2.1108176E-003   7.8029580E-005
   3.0399999E+000   2.1271415E-003   7.1603153E-005   2.1553366E-003   7.2671866E-005
   3.0800000E+000   2.1982923E-003   8.0212607E-005   2.1957929E-003   7.5973683E-005
   3.1200001E+000   2.2560376E-003   9.3510029E-005   2.2547481E-003   7.9312702E-005
   3.1600001E+000   2.3224191E-003   7.8936208E-005   2.2890227E-003   7.8383627E-005
   3.1999999E+000   2.3957596E-003   8.0732117E-005   2.3726834E-003   7.5538166E-005
   3.2400000E+000   2.4452940E-003   8.6795393E-005   2.4811309E-003   7.5258139E-005
   3.2800001E+000   2.5424932E-003   7.7397690E-005   2.5307795E-003   8.0204684E-005
   3.3199999E+000   2.6096147E-003   7.6635166E-005   2.5902701E-003   7.3879807E-005
   3.3600000E+000   2.6796403E-003   7.1710786E-005   2.7176386E-003   7.8092290E-005
   3.4000000E+000   2.7691063E-003   7.5975210E-005   2.7587599E-003   7.2623539E-005
   3.4400001E+000   2.8485021E-003   6.8658965E-005   2.8363182E-003   6.5970863E-005
   3.4799999E+000   2.9314723E-003   6.4369259E-005   2.9522973E-003   6.4859307E-005
   3.5200000E+000   3.0391137E-003   5.9286837E-005   3.0598988E-003   6.1368756E-005
   3.5600001E+000   3.1231991E-003   4.4897338E-005   3.1035957E-003   5.6522724E-005
   3.6000001E+000   3.1862482E-003   5.6229362E-005   3.1753773E-003   4.8998022E-005
   3.6399999E+000   3.2881014E-003   5.6859484E-005   3.2786930E-003   6.1894205E-005
   3.6800000E+000   3.3553706E-003   5.6420040E-005   3.3699252E-003   5.7450172E-005
   3.7200001E+000   3.4317811E-003   6.2272140E-005   3.4234201E-003   5.9714474E-005
   3.7599999E+000   3.5325643E-003   6.1127707E-005   3.5355723E-003   5.8009493E-005
   3.8000000E+000   3.6024338E-003   6.2744359E-005   3.6416089E-003   6.8169280E-005
   3.8400000E+000   3.7561319E-003   6.6530889E-005   3.6940188E-003   6.4240542E-005
   3.8800001E+000   3.8037993E-003   6.4546010E-005   3.8319447E-003   6.5146225E-005
   3.9199999E+000   3.9448275E-003   7.5724290E-005   3.9112587E-003   6.4777248E-005
   3.9600000E+000   4.0141413E-003   8.1755925E-005   4.0635853E-003   8.3712461E-005
   4.0000001E+000   4.0610668E-003   8.0995358E-005   4.1063055E-003   8.2217501E-005
   4.0400001E+000   4.2127540E-003   8.6357797E-005   4.2078757E-003   9.1406886E-005
   4.0799999E+000   4.2840995E-003   9.3775039E-005   4.2670783E-003   8.8178235E-005
   4.1200000E+000   4.3656925E-003   9.1993760E-005   4.3525345E-003   9.2349033E-005
   4.1600001E+000   4.4092858E-003   8.6233276E-005   4.4454044E-003   9.1341866E-005
   4.1999999E+000   4.5046485E-003   1.0521499E-004   4.5179478E-003   9.3748395E-005
   4.2399999E+000   4.6050084E-003   8.5180928E-005   4.6023917E-003   8.3234728E-005
   4.2800000E+000   4.6681142E-003   7.6358521E-005   4.6459911E-003   7.8858023E-005
   4.3200001E+000   4.7390526E-003   8.0255492E-005   4.7998581E-003   7.3558624E-005
   4.3599999E+000   4.8642734E-003   7.2505272E-005   4.8656464E-003   8.2387488E-005
   4.4000000E+000   4.9202921E-003   7.4312308E-005   4.9670740E-003   7.7648598E-005
   4.4400001E+000   5.0349884E-003   6.1745976E-005   5.0632063E-003   6.4556864E-005
   4.4800001E+000   5.1458139E-003   7.1359572E-005   5.1469612E-003   7.0963310E-005
   4.5199999E+000   5.2804545E-003   6.3186498E-005   5.2473855E-003   6.5434080E-005
   4.5600000E+000   5.3880237E-003   7.4033033E-005   5.3844862E-003   6.9114771E-005
   4.6000001E+000   5.4910033E-003   6.3705562E-005   5.5298977E-003   6.8026724E-005
   4.6399999E+000   5.6103898E-003   6.4051742E-005   5.6139007E-003   7.2133251E-005
   4.6799999E+000   5.6987223E-003   7.3572533E-005   5.7128731E-003   5.9981754E-005
   4.7200000E+000   5.8362036E-003   7.4357002E-005   5.7989416E-003   6.4656275E-005
   4.7600001E+000   5.9077459E-003   7.2192531E-005   5.9153616E-003   8.2587892E-005
   4.7999999E+000   6.0150778E-003   6.3562099E-005   6.0595243E-003   8.0652675E-005
   4.8400000E+000   6.1323948E-003   6.1701776E-005   6.1231752E-003   6.6766049E-005
   4.8800001E+000   6.2493005E-003   6.2504394E-005   6.2817131E-003   6.4548676E-005
   4.9200001E+000   6.3860868E-003   7.7304915E-005   6.3904579E-003   7.7284950E-005
   4.9599999E+000   6.4604641E-003   7.2983300E-005   6.4891791E-003   7.8173768E-005
   5.0000000E+000   6.5948868E-003   1.0510190E-004   6.5815455E-003   9.8603506E-005
   5.0400001E+000   6.7336574E-003   1.2737744E-004   6.7200326E-003   1.0695143E-004
   5.0800002E+000   6.8393276E-003   8.5204771E-005   6.8405245E-003   1.0659566E-004
   5.1200002E+000   6.9214277E-003   9.7333638E-005   6.9343546E-003   1.1272730E-004
   5.1599997E+000   7.0508091E-003   1.1988641E-004   7.0590136E-003   7.9951458E-005
   5.1999998E+000   7.1500291E-003   8.1490729E-005   7.1469642E-003   7.2384668E-005
   5.2399999E+000   7.2725007E-003   1.2564740E-004   7.2741741E-003   1.1429227E-004
   5.2800000E+000   7.3593082E-003   1.1781229E-004   7.4317929E-003   1.0080527E-004
   5.3200001E+000   7.4801333E-003   1.4811175E-004   7.4513281E-003   1.1569563E-004
   5.3600001E+000   7.5696724E-003   1.3318098E-004   7.5140244E-003   1.3293619E-004
   5.4000002E+000   7.7146027E-003   1.1413496E-004   7.7080850E-003   1.2997208E-004
   5.4400003E+000   7.8214078E-003   1.1684394E-004   7.8379548E-003   1.3428766E-004
   5.4799998E+000   7.9540344E-003   1.2023680E-004   8.0129492E-003   1.3142546E-004
   5.5199999E+000   8.1362552E-003   1.1974369E-004   8.1335950E-003   1.0775876E-004
   5.5599999E+000   8.2710406E-003   1.2060903E-004   8.2657713E-003   1.2703593E-004
   5.6000000E+000   8.3924375E-003   1.2213611E-004   8.3668037E-003   1.2252101E-004
   5.6400001E+000   8.5196313E-003   1.2395490E-004   8.5131717E-003   1.2612412E-004
   5.6800002E+000   8.6571449E-003   1.2616368E-004   8.6621963E-003   1.3187313E-004
   5.7200003E+000   8.7835555E-003   1.3007777E-004   8.7924739E-003   1.3282296E-004
   5.7599998E+000   8.8927085E-003   1.2680462E-004   8.9147493E-003   1.3522043E-004
   5.7999998E+000   9.0713434E-003   1.3301580E-004   9.0137610E-003   1.2789705E-004
   5.8399999E+000   9.1380070E-003   1.3715591E-004   9.1470159E-003   1.3756198E-004
   5.8800000E+000   9.2531249E-003   1.4199098E-004   9.0172644E-003   1.2912960E-004
   5.9200001E+000   8.9794664E-003   1.2747954E-004   8.5963697E-003   1.2572067E-004
   5.9600002E+000   7.8516613E-003   1.0092637E-004   7.6301005E-003   9.9732149E-005
   6.0000002E+000   6.2730041E-003   7.8237695E-005   6.3094977E-003   7.9543327E-005
   6.0399997E+000   4.8528440E-003   6.1280844E-005   5.0698068E-003   5.7204719E-005
   6.0799998E+000   3.8699126E-003   4.7629267E-005   4.0492239E-003   5.2055391E-005
   6.1199999E+000   3.2286388E-003   4.6984518E-005   3.3663271E-003   4.8231660E-005
   6.1600000E+000   2.9062124E-003   4.4544621E-005   2.9580244E-003   4.4143354E-005
   6.2000000E+000   2.6943597E-003   4.3196275E-005   2.7208741E-003   4.1074089E-005
   6.2400001E+000   2.5834577E-003   3.7488435E-005   2.6009005E-003   4.0461184E-005
   6.2800002E+000   2.5380355E-003   3.8562382E-005   2.5392294E-003   3.6962843E-005
   6.3200003E+000   2.4794182E-003   4.2233041E-005   2.5195292E-003   5.4977859E-005
   6.3599998E+000   2.4922812E-003   4.0606471E-005   2.5131431E-003   4.3608591E-005
   6.3999999E+000   2.5218435E-003   5.1615928E-005   2.5025849E-003   5.3329827E-005
   6.4399999E+000   2.5513946E-003   6.2807653E-005   2.5522387E-003   4.6345518E-005
   6.4800000E+000   2.5653563E-003   6.5067399E-005   2.5940090E-003   6.0275535E-005
   6.5200001E+000   2.6166172E-003   6.4956736E-005   2.6018359E-003   6.3568147E-005
   6.5600002E+000   2.6453982E-003   6.5971178E-005   2.6385674E-003   6.3245102E-005
   6.6000003E+000   2.6870679E-003   6.3629972E-005   2.6761328E-003   6.6974518E-005
   6.6399997E+000   2.7172145E-003   6.5910507E-005   2.7121666E-003   5.1240553E-005
   6.6799998E+000   2.7610899E-003   6.4310885E-005   2.7641681E-003   5.3677406E-005
   6.7199999E+000   2.8050166E-003   5.4032603E-005   2.8088139E-003   6.2483022E-005
   6.7600000E+000   2.8685110E-003   5.7159176E-005   2.8386208E-003   6.2607816E-005
   6.8000001E+000   2.8953801E-003   5.7412843E-005   2.9139934E-003   5.6410053E-005
   6.8400002E+000   2.9353365E-003   6.6051022E-005   2.9482289E-003   6.0210793E-005
   6.8800002E+000   3.0085124E-003   7.0107698E-005   2.9840485E-003   6.8021838E-005
   6.9199997E+000   3.0225264E-003   6.5191860E-005   2.9944826E-003   6.2815194E-005
   6.9599998E+000   3.0611721E-003   6.1096050E-005   3.0741952E-003   7.0122380E-005
   6.9999999E+000   3.0949300E-003   6.4445791E-005   3.0925072E-003   7.3826914E-005
   7.0400000E+000   3.2060099E-003   7.2247629E-005   3.1818112E-003   7.5625017E-005
   7.0800000E+000   3.2592598E-003   7.5876509E-005   3.2722964E-003   7.3670095E-005
   7.1200001E+000   3.3107151E-003   7.6773932E-005   3.3273294E-003   8.1995849E-005
   7.1600002E+000   3.3662911E-003   8.5307149E-005   3.3503108E-003   8.4702112E-005
   7.2000003E+000   3.3919101E-003   8.3198484E-005   3.4011310E-003   7.5818204E-005
   7.2399998E+000   3.4516936E-003   7.3057555E-005   3.4630462E-003   7.1595264E-005
   7.2799999E+000   3.5131753E-003   7.8971736E-005   3.5061648E-003   6.5931216E-005
   7.3199999E+000   3.5692198E-003   6.3997605E-005   3.5627864E-003   6.2289417E-005
   7.3600000E+000   3.6123625E-003   6.0111105E-005   3.6503751E-003   6.5345199E-005
   7.4000001E+000   3.6873480E-003   5.9740218E-005   3.6856756E-003   6.5057251E-005
   7.4400002E+000   3.7204351E-003   5.5210753E-005   3.7062060E-003   5.7399949E-005
   7.4800003E+000   3.7751266E-003   6.6324008E-005   3.7488135E-003   5.8536178E-005
   7.5199997E+000   3.7940219E-003   6.9776528E-005   3.8513589E-003   7.1923414E-005
   7.5599998E+000   3.8894523E-003   6.7815882E-005   3.8806717E-003   6.4295035E-005
   7.5999999E+000   3.8926395E-003   6.0673299E-005   3.9048535E-003   6.8469518E-005
   7.6400000E+000   4.0175003E-003   6.4540329E-005   3.9655704E-003   6.2296805E-005
   7.6800001E+000   4.0683821E-003   5.3731992E-005   4.0492881E-003   5.7828369E-005
   7.7200001E+000   4.1343818E-003   5.5840060E-005   4.1271355E-003   6.6590788E-005
   7.7600002E+000   4.1743989E-003   7.4226098E-005   4.1556022E-003   7.3719330E-005
   7.7999997E+000   4.2449209E-003   7.5990469E-005   4.2033860E-003   7.4780076E-005
   7.8399998E+000   4.2739970E-003   7.9253017E-005   4.3055444E-003   9.1279826E-005
   7.8799999E+000   4.3674704E-003   5.7381469E-005   4.3353172E-003   7.0186827E-005
   7.9200000E+000   4.4238670E-003   8.4470644E-005   4.4095505E-003   8.5304802E-005
   7.9600000E+000   4.4629510E-003   8.3109561E-005   4.4888142E-003   8.6554031E-005
   8.0000001E+000   4.5253258E-003   9.0791449E-005   4.5238234E-003   8.3160291E-005
   8.0400002E+000   4.5974568E-003   8.6083388E-005   4.5746200E-003   9.7440201E-005
   8.0800003E+000   4.6464789E-003   9.9753301E-005   4.6141455E-003   9.9141419E-005
   8.1199998E+000   4.6782268E-003   6.6242579E-005   4.6814156E-003   9.3933538E-005
   8.1599998E+000   4.7399241E-003   8.0367709E-005   4.7273737E-003   8.2754799E-005
   8.1999999E+000   4.8080185E-003   8.2560085E-005   4.7760204E-003   7.4794150E-005
   8.2400000E+000   4.7673445E-003   8.2200488E-005   4.8145533E-003   8.6266899E-005
   8.2800001E+000   4.8061144E-003   9.6348865E-005   4.8190044E-003   7.7089797E-005
   8.3200002E+000   4.9014987E-003   8.8113009E-005   4.9027075E-003   9.1096070E-005
   8.3600003E+000   4.9756100E-003   8.9743943E-005   4.9752527E-003   9.8947056E-005
   8.3999997E+000   5.0155291E-003   9.9159811E-005   5.0270683E-003   1.0590966E-004
   8.4399998E+000   5.0563504E-003   7.2541110E-005   5.0352318E-003   9.9337221E-005
   8.4799999E+000   5.1303194E-003   8.2192450E-005   5.1318425E-003   8.5558136E-005
   8.5200000E+000   5.1947577E-003   8.1144579E-005   5.2063939E-003   7.9670537E-005
   8.5600001E+000   5.2618986E-003   8.0979477E-005   5.2447097E-003   7.7520743E-005
   8.6000001E+000   5.3280922E-003   7.8488862E-005   5.2973695E-003   7.7883992E-005
   8.6400002E+000   5.3440073E-003   7.9967264E-005   5.3797286E-003   7.3498202E-005
   8.6799997E+000   5.4559954E-003   7.0940391E-005   5.4493264E-003   7.2135400E-005
   8.7199998E+000   5.5283943E-003   7.1666462E-005   5.4768645E-003   6.9835846E-005
   8.7599999E+000   5.5234970E-003   8.3404791E-005   5.5471835E-003   7.6241602E-005
   8.8000000E+000   5.6272394E-003   7.4770135E-005   5.6652295E-003   8.4353786E-005
   8.8400000E+000   5.7220607E-003   8.6097286E-005   5.7075345E-003   8.0195010E-005
   8.8800001E+000   5.7837171E-003   9.4337624E-005   5.8011123E-003   9.6099050E-005
   8.9200002E+000   5.8632043E-003   9.1985823E-005   5.8260557E-003   9.1110690E-005
   8.9600003E+000   5.8726047E-003   8.8062844E-005   5.8857465E-003   8.8055170E-005
   8.9999998E+000   5.9205497E-003   9.0430486E-005   5.9420010E-003   7.8707501E-005
   9.0399998E+000   6.0138748E-003   9.3372941E-005   6.0048382E-003   8.9996403E-005
   9.0799999E+000   6.0656973E-003   9.6585966E-005   6.1233568E-003   9.7039095E-005
   9.1200000E+000   6.2135145E-003   1.0728184E-004   6.2199209E-003   9.8095205E-005
   9.1600001E+000   6.3072602E-003   9.7336058E-005   6.2982860E-003   1.0030797E-004
   9.2000002E+000   6.3923732E-003   8.8103204E-005   6.3595308E-003   1.0107755E-004
   9.2400002E+000   6.4170491E-003   9.6385783E-005   6.3959130E-003   8.5563437E-005
   9.2799997E+000   6.5548192E-003   8.6712103E-005   6.4761163E-003   8.4732582E-005
   9.3199998E+000   6.5662649E-003   8.4659847E-005   6.6181688E-003   9.2290797E-005
   9.3599999E+000   6.6631330E-003   8.1352052E-005   6.6641066E-003   8.3863055E-005
   9.4000000E+000   6.6843460E-003   9.6942058E-005   6.6459962E-003   9.8866679E-005
   9.4400001E+000   6.7886044E-003   9.3728016E-005   6.7740905E-003   1.0045185E-004
   9.4800001E+000   6.8451634E-003   9.8287216E-005   6.8131264E-003   9.7256655E-005
   9.5200002E+000   6.9387970E-003   1.1421163E-004   6.9605563E-003   1.1635318E-004
   9.5599997E+000   7.0191469E-003   1.1092818E-004   7.0254981E-003   1.0258058E-004
   9.5999998E+000   7.1109304E-003   1.0283339E-004   7.0891900E-003   1.0114498E-004
   9.6399999E+000   7.1650834E-003   9.0553436E-005   7.1446122E-003   8.9172475E-005
   9.6799999E+000   7.2877002E-003   1.0634878E-004   7.2880880E-003   1.0359137E-004
   9.7200000E+000   7.3119087E-003   1.1215378E-004   7.3471765E-003   9.8448567E-005
   9.7600001E+000   7.4138654E-003   1.0703277E-004   7.3878099E-003   1.1885642E-004
   9.8000002E+000   7.4864864E-003   1.1283507E-004   7.4585784E-003   1.0753544E-004
   9.8400003E+000   7.5200755E-003   9.7293131E-005   7.5418481E-003   1.1799477E-004
   9.8799998E+000   7.6051046E-003   1.2204127E-004   7.6362119E-003   1.0655449E-004
   9.9199998E+000   7.7466681E-003   1.0794852E-004   7.7237158E-003   9.4582065E-005
   9.9599999E+000   7.7996869E-003   1.0219347E-004   7.8103208E-003   9.5559469E-005
   1.0000000E+001   7.9028533E-003   1.0062581E-004   7.8625675E-003   1.1088492E-004
   1.0039999E+001   7.9215739E-003   9.5982149E-005   7.8705908E-003   1.0402212E-004
   1.0080000E+001   7.9821007E-003   9.2356745E-005   8.0073103E-003   9.8328741E-005
   1.0120000E+001   8.1098227E-003   1.0176457E-004   8.1155175E-003   8.5447754E-005
   1.0160000E+001   8.1601586E-003   8.8452245E-005   8.1314432E-003   9.0928454E-005
   1.0200000E+001   8.1772717E-003   9.5941628E-005   8.2438273E-003   9.4864839E-005
   1.0240000E+001   8.3059290E-003   9.3059146E-005   8.3037581E-003   9.4690856E-005
   1.0280000E+001   8.2936243E-003   1.0157893E-004   8.3114744E-003   9.3898344E-005
   1.0319999E+001   8.3918193E-003   9.0464563E-005   8.4023374E-003   9.1000592E-005
   1.0360000E+001   8.4687862E-003   9.0780613E-005   8.4294400E-003   1.0193486E-004
   1.0400000E+001   8.5570907E-003   9.3379562E-005   8.6048461E-003   9.5036836E-005
   1.0440000E+001   8.6500973E-003   8.9422073E-005   8.6020083E-003   9.4091792E-005
   1.0480000E+001   8.7946088E-003   8.4655802E-005   8.7264476E-003   9.3705326E-005
   1.0520000E+001   8.8003798E-003   9.7619458E-005   8.8089858E-003   8.4934669E-005
   1.0560000E+001   8.9631092E-003   8.1292037E-005   8.8927225E-003   9.2200021E-005
   1.0599999E+001   9.0668990E-003   8.1648976E-005   9.1226801E-003   7.3735869E-005
   1.0640000E+001   9.2455712E-003   7.5176658E-005   9.1891998E-003   7.9765166E-005
   1.0680000E+001   9.3892034E-003   7.6651316E-005   9.3892687E-003   7.5753208E-005
   1.0720000E+001   9.5301364E-003   7.6742157E-005   9.6068167E-003   6.7752503E-005
   1.0760000E+001   9.8042370E-003   7.3928688E-005   9.9083563E-003   7.1343292E-005
   1.0800000E+001   1.0222589E-002   7.8552171E-005   1.0317399E-002   7.8175130E-005
   1.0840000E+001   1.0804754E-002   7.9416389E-005   1.1044521E-002   7.6006103E-005
   1.0880001E+001   1.1876193E-002   8.1940128E-005   1.2203336E-002   8.5018978E-005
   1.0920000E+001   1.3712932E-002   8.5598211E-005   1.4343673E-002   9.2288797E-005
   1.0960000E+001   1.6866567E-002   1.0852207E-004   1.7664300E-002   1.0759942E-004
   1.1000000E+001   2.1850174E-002   1.2845044E-004   2.2650957E-002   1.1514905E-004
   1.1040000E+001   2.8944761E-002   1.5430899E-004   2.9295414E-002   1.7500853E-004
   1.1080000E+001   3.6837762E-002   1.7848823E-004   3.6041139E-002   1.9261030E-004
   1.1120000E+001   4.2791232E-002   2.1196579E-004   4.1402284E-002   2.0420017E-004
   1.1160001E+001   4.5400251E-002   2.2737395E-004   4.4413008E-002   2.0371504E-004
   1.1200000E+001   4.5847885E-002   2.2220213E-004   4.5579335E-002   2.2598189E-004
   1.1240000E+001   4.6314810E-002   2.4400916E-004   4.6256487E-002   2.8271317E-004
   1.1280000E+001   4.6488630E-002   2.1297044E-004   4.6570299E-002   2.4205865E-004
   1.1320000E+001   4.7052870E-002   2.3331529E-004   4.6954492E-002   2.4489480E-004
   1.1360000E+001   4.7334077E-002   2.4583847E-004   4.7333985E-002   2.7498281E-004
   1.1400000E+001   4.7519046E-002   2.7516634E-004   4.7646124E-002   2.5596942E-004
   1.1440001E+001   4.7949360E-002   2.8436707E-004   4.7915864E-002   2.7864181E-004
   1.1480000E+001   4.8377536E-002   3.0274523E-004   4.8320743E-002   2.9320698E-004
   1.1520000E+001   4.8722330E-002   2.5379498E-004   4.8681983E-002   2.7246270E-004
   1.1560000E+001   4.9198746E-002   2.6608357E-004   4.9174257E-002   2.9291987E-004
   1.1600000E+001   4.9579123E-002   2.8451529E-004   4.9480968E-002   2.6593014E-004
   1.1640000E+001   5.0020923E-002   2.6070126E-004   4.9999625E-002   2.4783051E-004
   1.1680000E+001   5.0477584E-002   2.4728282E-004   5.0437450E-002   2.3417625E-004
   1.1720001E+001   5.0690446E-002   2.5722122E-004   5.0815821E-002   2.7373734E-004
   1.1760000E+001   5.1179244E-002   2.7184053E-004   5.1075256E-002   2.9761958E-004
   1.1799999E+001   5.1703745E-002   2.6745168E-004   5.1699726E-002   2.7989382E-004
   1.1840000E+001   5.2071800E-002   2.6616436E-004   5.1934637E-002   2.7381739E-004
   1.1880000E+001   5.2341827E-002   3.2820137E-004   5.2368325E-002   2.7616100E-004
   1.1920000E+001   5.2580301E-002   2.4669671E-004   5.2612722E-002   2.4931209E-004
   1.1960000E+001   5.2932195E-002   2.3985988E-004   5.3123411E-002   3.2348428E-004
   1.2000000E+001   5.3382078E-002   2.4283209E-004   5.3491886E-002   2.2973530E-004
   1.2040000E+001   5.3767636E-002   2.8059707E-004   5.3790177E-002   2.5833547E-004
   1.2079999E+001   5.4246535E-002   3.0862653E-004   5.4146225E-002   2.8738498E-004
   1.2120000E+001   5.4410297E-002   2.9285752E-004   5.4572801E-002   2.6652677E-004
   1.2160000E+001   5.4749700E-002   2.7401058E-004   5.4834474E-002   3.2282258E-004
   1.2200000E+001   5.5250581E-002   2.6953625E-004   5.5156178E-002   2.8078526E-004
   1.2240000E+001   5.5505481E-002   2.6750524E-004   5.5550005E-002   3.0008675E-004
   1.2280000E+001   5.5925224E-002   2.5484059E-004   5.6041619E-002   2.7844210E-004
   1.2320000E+001   5.6510264E-002   2.3062837E-004   5.6473472E-002   2.3873579E-004
   1.2359999E+001   5.6702972E-002   2.6269687E-004   5.6776979E-002   2.3733896E-004
   1.2400000E+001   5.7082897E-002   2.9235657E-004   5.7100413E-002   2.4655143E-004
   1.2440000E+001   5.7324774E-002   2.8018496E-004   5.7352341E-002   2.5727064E-004
   1.2480000E+001   5.7731454E-002   2.3346634E-004   5.7839539E-002   2.2589572E-004
   1.2520000E+001   5.8043017E-002   2.6855073E-004   5.8120983E-002   2.5871071E-004
   1.2560000E+001   5.8526718E-002   2.7408262E-004   5.8288439E-002   2.5475339E-004
   1.2600000E+001   5.8607682E-002   2.5633277E-004   5.8918837E-002   3.0311423E-004
   1.2640001E+001   5.9270353E-002   3.0781339E-004   5.9276276E-002   2.7111942E-004
   1.2680000E+001   5.9610851E-002   2.8943948E-004   5.9588506E-002   2.7149750E-004
   1.2720000E+001   5.9949355E-002   2.6574192E-004   6.0053965E-002   2.7184999E-004
   1.2760000E+001   6.0299803E-002   2.7073700E-004   6.0361090E-002   2.9134552E-004
   1.2800000E+001   6.0743391E-002   2.7194920E-004   6.0633116E-002   2.9877377E-004
   1.2840000E+001   6.0943762E-002   3.0072167E-004   6.1049518E-002   2.9056822E-004
   1.2880000E+001   6.1243628E-002   3.0252023E-004   6.1198353E-002   3.3936184E-004
   1.2920001E+001   6.1758327E-002   3.1087525E-004   6.1828974E-002   2.7211033E-004
   1.2960000E+001   6.2082292E-002   3.9541773E-004   6.2082405E-002   2.7097492E-004
   1.3000000E+001   6.2525898E-002   3.9503872E-004   6.2479448E-002   4.0532498E-004
   1.3040000E+001   6.2983739E-002   3.2249068E-004   6.2958352E-002   2.7469247E-004
   1.3080000E+001   6.3361554E-002   3.8635431E-004   6.3340014E-002   3.0806543E-004
   1.3120000E+001   6.3921810E-002   3.0250632E-004   6.3913534E-002   3.5387652E-004
   1.3160000E+001   6.4389901E-002   3.1622131E-004   6.4418985E-002   3.4099864E-004
   1.3200001E+001   6.4789038E-002   3.9563614E-004   6.4737164E-002   3.8927721E-004
   1.3240000E+001   6.5331642E-002   3.7284691E-004   6.5363465E-002   4.0038412E-004
   1.3279999E+001   6.5759900E-002   3.6013670E-004   6.5768028E-002   3.6985092E-004
   1.3320000E+001   6.6364711E-002   4.1337424E-004   6.6283824E-002   4.2687233E-004
   1.3360000E+001   6.6970691E-002   3.8264817E-004   6.6978529E-002   3.9633323E-004
   1.3400000E+001   6.7485512E-002   4.1602071E-004   6.7507843E-002   3.6591316E-004
   1.3440000E+001   6.7857919E-002   3.4895691E-004   6.7934290E-002   4.7134303E-004
   1.3480000E+001   6.8298564E-002   3.7668929E-004   6.8173393E-002   3.8868505E-004
   1.3520000E+001   6.8600664E-002   3.8125637E-004   6.8568849E-002   3.2936879E-004
   1.3559999E+001   6.8911838E-002   4.5152338E-004   6.8972104E-002   3.7272112E-004
   1.3600000E+001   6.9270788E-002   4.3865764E-004   6.9264580E-002   3.5272902E-004
   1.3640000E+001   6.9501034E-002   3.9825333E-004   6.9582486E-002   4.4192622E-004
   1.3680000E+001   7.0014767E-002   3.8787736E-004   6.9926311E-002   3.6020967E-004
   1.3720000E+001   7.0372810E-002   4.2482022E-004   7.0406064E-002   4.0498468E-004
   1.3760000E+001   7.0766332E-002   4.3837898E-004   7.0894227E-002   4.4452760E-004
   1.3800000E+001   7.1337021E-002   3.5045636E-004   7.1266502E-002   4.0568193E-004
   1.3839999E+001   7.1806633E-002   3.4103483E-004   7.1671092E-002   3.4559826E-004
   1.3880000E+001   7.2147654E-002   3.5577056E-004   7.2206737E-002   3.7632078E-004
   1.3920000E+001   7.2706199E-002   3.9846006E-004   7.2592613E-002   3.7716532E-004
   1.3960000E+001   7.3021661E-002   3.5892961E-004   7.3059278E-002   3.8940125E-004
   1.4000000E+001   7.3552750E-002   3.6449391E-004   7.3513770E-002   3.9715252E-004
   1.4040000E+001   7.3949981E-002   4.0189276E-004   7.4051691E-002   3.9557103E-004
   1.4080000E+001   7.4299353E-002   3.9923646E-004   7.4268431E-002   3.7329907E-004
   1.4119999E+001   7.4710017E-002   3.6059111E-004   7.4800043E-002   4.1536595E-004
   1.4160000E+001   7.5176225E-002   4.2214218E-004   7.5171830E-002   4.1998371E-004
   1.4200000E+001   7.5550637E-002   4.4317578E-004   7.5458758E-002   4.3673029E-004
   1.4240000E+001   7.5995702E-002   3.8090500E-004   7.6000981E-002   3.7183295E-004
   1.4280000E+001   7.6308181E-002   3.4406280E-004   7.6302382E-002   4.5786866E-004
   1.4320000E+001   7.6704571E-002   3.4663770E-004   7.6724913E-002   3.6209594E-004
   1.4360000E+001   7.7008190E-002   4.6646388E-004   7.7211561E-002   5.8209962E-004
   1.4400001E+001   7.7767313E-002   5.0365542E-004   7.7542062E-002   4.1010068E-004
   1.4440000E+001   7.7871996E-002   3.5303026E-004   7.7962639E-002   3.9786214E-004
   1.4480000E+001   7.8380558E-002   3.9223839E-004   7.8436247E-002   3.4488076E-004
   1.4520000E+001   7.8881935E-002   3.8427946E-004   7.8785329E-002   3.8834175E-004
   1.4560000E+001   7.9333130E-002   3.5321264E-004   7.9270326E-002   3.7189988E-004
   1.4600000E+001   7.9811063E-002   3.5180511E-004   7.9767946E-002   3.7733096E-004
   1.4640000E+001   8.0112752E-002   3.7734474E-004   8.0269680E-002   3.8385777E-004
   1.4680001E+001   8.0558345E-002   4.0938359E-004   8.0615426E-002   3.6453322E-004
   1.4720000E+001   8.1088146E-002   3.6167371E-004   8.1126959E-002   3.1995726E-004
   1.4760000E+001   8.1741665E-002   2.5315961E-004   8.1638621E-002   2.7415773E-004
   1.4800000E+001   8.2257410E-002   2.7817196E-004   8.2305818E-002   2.3816724E-004
   1.4840000E+001   8.2643274E-002   2.7012633E-004   8.2497572E-002   3.1668668E-004
   1.4880000E+001   8.2982404E-002   2.9057227E-004   8.2937905E-002   3.4027227E-004
   1.4920000E+001   8.3446190E-002   2.4738657E-004   8.3414228E-002   2.7046014E-004
   1.4960001E+001   8.3980273E-002   2.7552870E-004   8.4060280E-002   2.6286915E-004
   1.5000000E+001   8.4605513E-002   3.7505218E-004   8.4442436E-002   3.1781674E-004
   1.5039999E+001   8.5020465E-002   3.4345305E-004   8.5105524E-002   3.7790913E-004
   1.5080000E+001   8.5381603E-002   3.7229108E-004   8.5515356E-002   3.3977268E-004
   1.5120000E+001   8.5963893E-002   3.9219173E-004   8.6033236E-002   3.8775516E-004
   1.5160000E+001   8.6502096E-002   4.2409299E-004   8.6533696E-002   4.2076299E-004
   1.5200000E+001   8.7163025E-002   3.7770561E-004   8.7081577E-002   3.6024140E-004
   1.5240000E+001   8.7473513E-002   3.2126822E-004   8.7584955E-002   4.5828603E-004
   1.5280000E+001   8.8175986E-002   3.2636372E-004   8.8082994E-002   3.3156270E-004
   1.5319999E+001   8.8459883E-002   3.7705140E-004   8.8509634E-002   3.3540547E-004
   1.5360000E+001   8.9068323E-002   3.3193215E-004   8.9068846E-002   3.6438072E-004
   1.5400000E+001   8.9703840E-002   3.1766465E-004   8.9722711E-002   3.9053119E-004
   1.5440000E+001   9.0349763E-002   3.8016512E-004   9.0228207E-002   3.4991432E-004
   1.5480000E+001   9.0804586E-002   3.7205211E-004   9.0789192E-002   3.4879598E-004
   1.5520000E+001   9.1572208E-002   3.4467850E-004   9.1743327E-002   3.9220908E-004
   1.5560000E+001   9.2068271E-002   3.4113008E-004   9.2068258E-002   3.3127963E-004
   1.5599999E+001   9.2685855E-002   3.4670133E-004   9.2519127E-002   3.3788271E-004
   1.5640000E+001   9.2962207E-002   3.3729237E-004   9.3116704E-002   3.5314230E-004
   1.5680000E+001   9.3432367E-002   3.2084517E-004   9.3547563E-002   3.2504906E-004
   1.5720000E+001   9.4107806E-002   3.2465363E-004   9.4062005E-002   3.1776739E-004
   1.5760000E+001   9.4791601E-002   3.3602748E-004   9.4529029E-002   3.3033022E-004
   1.5800000E+001   9.5237068E-002   3.2540784E-004   9.5267413E-002   3.3102013E-004
   1.5840000E+001   9.5762344E-002   3.2754203E-004   9.5812236E-002   3.6009987E-004
   1.5880001E+001   9.6130724E-002   3.4380872E-004   9.6227960E-002   3.5442143E-004
   1.5920000E+001   9.6633084E-002   4.1491858E-004   9.6801961E-002   3.6779758E-004
   1.5960000E+001   9.6996574E-002   3.0583813E-004   9.7173568E-002   3.1395099E-004
   1.6000000E+001   9.7981129E-002   3.1291716E-004   9.7867090E-002   3.3935529E-004
   1.6040000E+001   9.8388646E-002   3.2798438E-004   9.8334642E-002   3.3764418E-004
   1.6080000E+001   9.8754260E-002   3.3403574E-004   9.8798404E-002   2.9000435E-004
   1.6120000E+001   9.9158897E-002   3.0241852E-004   9.9310116E-002   3.7144303E-004
   1.6160001E+001   9.9870883E-002   3.4079285E-004   9.9643145E-002   3.2045992E-004
   1.6200000E+001   1.0021630E-001   3.2357665E-004   1.0015907E-001   3.0708843E-004
   1.6240000E+001   1.0068981E-001   3.5474306E-004   1.0068340E-001   3.2862140E-004
   1.6280000E+001   1.0115966E-001   3.6788478E-004   1.0116827E-001   3.6109295E-004
   1.6320000E+001   1.0192826E-001   3.0562551E-004   1.0190154E-001   3.5161608E-004
   1.6360000E+001   1.0242707E-001   3.2576648E-004   1.0256538E-001   3.1367481E-004
   1.6400000E+001   1.0309670E-001   3.6129958E-004   1.0320235E-001   3.1475777E-004
   1.6440001E+001   1.0363848E-001   3.1367075E-004   1.0374455E-001   3.7863926E-004
   1.6480000E+001   1.0406537E-001   3.8182901E-004   1.0406554E-001   3.5624000E-004
   1.6520000E+001   1.0463986E-001   3.6133657E-004   1.0457154E-001   3.9641350E-004
   1.6560000E+001   1.0520858E-001   3.8804198E-004   1.0507299E-001   3.9138163E-004
   1.6600000E+001   1.0576717E-001   4.1564508E-004   1.0572267E-001   4.0350379E-004
   1.6640000E+001   1.0631368E-001   4.4294403E-004   1.0642137E-001   4.1806488E-004
   1.6680000E+001   1.0705076E-001   4.4126758E-004   1.0699333E-001   3.8318319E-004
   1.6720001E+001   1.0755311E-001   3.8025738E-004   1.0752940E-001   4.2204890E-004
   1.6760000E+001   1.0806174E-001   3.5262794E-004   1.0806403E-001   3.8546508E-004
   1.6799999E+001   1.0866634E-001   3.6917272E-004   1.0884173E-001   3.8173706E-004
   1.6840000E+001   1.0928679E-001   3.3931487E-004   1.0925090E-001   2.9768897E-004
   1.6880000E+001   1.0966040E-001   3.9267544E-004   1.0976908E-001   3.1477630E-004
   1.6920000E+001   1.1044223E-001   3.6433349E-004   1.1044232E-001   3.8208219E-004
   1.6960000E+001   1.1100027E-001   3.2817303E-004   1.1103855E-001   3.6342128E-004
   1.7000000E+001   1.1156545E-001   3.2988089E-004   1.1137013E-001   3.7956754E-004
   1.7040000E+001   1.1212926E-001   3.3623431E-004   1.1204208E-001   3.3312131E-004
   1.7079999E+001   1.1269880E-001   2.8581432E-004   1.1270361E-001   3.2076336E-004
   1.7120000E+001   1.1364266E-001   2.9068109E-004   1.1342698E-001   3.2158077E-004
   1.7160000E+001   1.1418361E-001   3.4875755E-004   1.1440391E-001   2.5424008E-004
   1.7200000E+001   1.1485195E-001   2.6692814E-004   1.1478948E-001   2.7955901E-004
   1.7240000E+001   1.1545202E-001   2.7927149E-004   1.1534110E-001   2.6704857E-004
   1.7280000E+001   1.1588446E-001   2.7977236E-004   1.1582274E-001   2.7294655E-004
   1.7320000E+001   1.1652129E-001   3.7008794E-004   1.1645659E-001   3.6353320E-004
   1.7359999E+001   1.1712512E-001   2.7403216E-004   1.1713813E-001   3.3285960E-004
   1.7400000E+001   1.1795714E-001   3.0259769E-004   1.1785978E-001   3.0597903E-004
   1.7440000E+001   1.1865801E-001   3.9192782E-004   1.1876094E-001   2.9632685E-004
   1.7480000E+001   1.1935305E-001   3.9643654E-004   1.1937792E-001   4.1042621E-004
   1.7520000E+001   1.2029573E-001   4.1345795E-004   1.1994284E-001   4.2265872E-004
   1.7560000E+001   1.2062270E-001   3.0028031E-004   1.2070228E-001   4.4961194E-004
   1.7600000E+001   1.2111937E-001   3.1883414E-004   1.2104827E-001   2.7444614E-004
   1.7640001E+001   1.2152503E-001   2.9508362E-004   1.2165750E-001   2.9868843E-004
   1.7680000E+001   1.2216821E-001   3.2616865E-004   1.2212468E-001   3.3516323E-004
   1.7720000E+001   1.2275196E-001   3.0020111E-004   1.2280031E-001   3.3429305E-004
   1.7760000E+001   1.2345043E-001   2.9157135E-004   1.2339066E-001   3.2726894E-004
   1.7800000E+001   1.2410674E-001   3.5969121E-004   1.2411069E-001   3.0871678E-004
   1.7840000E+001   1.2476323E-001   3.4475045E-004   1.2465426E-001   3.3113946E-004
   1.7880000E+001   1.2541835E-001   3.7466094E-004   1.2532356E-001   4.4877085E-004
   1.7920001E+001   1.2584918E-001   3.6769394E-004   1.2586510E-001   4.3805973E-004
   1.7960000E+001   1.2665898E-001   3.9790926E-004   1.2651176E-001   3.7130566E-004
   1.8000000E+001   1.2706712E-001   4.4102030E-004   1.2719131E-001   3.6962437E-004
   1.8040000E+001   1.2744881E-001   4.0811017E-004   1.2752128E-001   4.1199700E-004
   1.8080000E+001   1.2798740E-001   4.2039487E-004   1.2834317E-001   4.7361662E-004
   1.8120000E+001   1.2872566E-001   4.2797328E-004   1.2870537E-001   4.4105336E-004
   1.8160000E+001   1.2938703E-001   3.9640857E-004   1.2944925E-001   4.2663552E-004
   1.8200001E+001   1.3015847E-001   4.4782260E-004   1.2999740E-001   3.8010603E-004
   1.8240000E+001   1.3064202E-001   3.6718221E-004   1.3054306E-001   4.3104412E-004
   1.8279999E+001   1.3125473E-001   4.6176816E-004   1.3114855E-001   4.5068131E-004
   1.8320000E+001   1.3179889E-001   3.9678173E-004   1.3192595E-001   4.1564761E-004
   1.8360000E+001   1.3258954E-001   4.1449433E-004   1.3251272E-001   4.0170176E-004
   1.8400000E+001   1.3300469E-001   4.1248008E-004   1.3314598E-001   4.1341111E-004
   1.8440000E+001   1.3373764E-001   4.5028995E-004   1.3356748E-001   3.2852293E-004
   1.8480000E+001   1.3402839E-001   4.4814646E-004   1.3396295E-001   4.5485567E-004
   1.8520000E+001   1.3441047E-001   4.6115763E-004   1.3477120E-001   4.9338033E-004
   1.8559999E+001   1.3527408E-001   5.0658009E-004   1.3531089E-001   4.3170828E-004
   1.8600000E+001   1.3590767E-001   4.8338152E-004   1.3575353E-001   4.6634784E-004
   1.8640000E+001   1.3643874E-001   4.2898112E-004   1.3640025E-001   3.4565408E-004
   1.8680000E+001   1.3691413E-001   3.2741364E-004   1.3690038E-001   3.9177308E-004
   1.8720000E+001   1.3733004E-001   3.1932622E-004   1.3744222E-001   3.1660645E-004
   1.8760000E+001   1.3816683E-001   3.2929653E-004   1.3813884E-001   3.2826117E-004
   1.8800000E+001   1.3901878E-001   3.3161078E-004   1.3867362E-001   3.3909742E-004
   1.8839999E+001   1.3927754E-001   3.2773602E-004   1.3932005E-001   2.9228837E-004
   1.8880000E+001   1.3968335E-001   3.1692128E-004   1.3991571E-001   3.1095132E-004
   1.8920000E+001   1.4032310E-001   3.8824342E-004   1.4035125E-001   3.0716081E-004
   1.8960000E+001   1.4085243E-001   4.0398922E-004   1.4082917E-001   3.7961544E-004
   1.9000000E+001   1.4127246E-001   4.0176156E-004   1.4147426E-001   4.3032275E-004
   1.9040000E+001   1.4180548E-001   4.5587396E-004   1.4170395E-001   3.8492904E-004
   1.9080000E+001   1.4218223E-001   4.7539554E-004   1.4245787E-001   3.7989933E-004
   1.9119999E+001   1.4293019E-001   5.1745363E-004   1.4297016E-001   4.9978256E-004
   1.9160000E+001   1.4343298E-001   5.3629515E-004   1.4317405E-001   5.1251061E-004
   1.9200000E+001   1.4395161E-001   5.0072228E-004   1.4401914E-001   4.4997413E-004
   1.9240000E+001   1.4464336E-001   4.4748294E-004   1.4483057E-001   4.3800004E-004
   1.9280000E+001   1.4522835E-001   4.2254155E-004   1.4533910E-001   4.7162764E-004
   1.9320000E+001   1.4587901E-001   3.8923860E-004   1.4598688E-001   3.5853131E-004
   1.9360000E+001   1.4652630E-001   3.4819905E-004   1.4658033E-001   3.7596616E-004
   1.9400001E+001   1.4716839E-001   3.8818766E-004   1.4713444E-001   3.9495082E-004
   1.9440000E+001   1.4796624E-001   3.5326652E-004   1.4788207E-001   3.3019458E-004
   1.9480000E+001   1.4852052E-001   3.7358544E-004   1.4850061E-001   4.1304672E-004
   1.9520000E+001   1.4914483E-001   4.3637468E-004   1.4928756E-001   4.1889706E-004
   1.9560000E+001   1.4993152E-001   4.2963022E-004   1.4997535E-001   3.7215611E-004
   1.9600000E+001   1.5052605E-001   4.1667830E-004   1.5046407E-001   4.3519558E-004
   1.9640000E+001   1.5133152E-001   4.1672553E-004   1.5159007E-001   4.0564415E-004
   1.9680001E+001   1.5219396E-001   4.7880671E-004   1.5220241E-001   4.8467124E-004
   1.9720000E+001   1.5261971E-001   4.9038716E-004   1.5295174E-001   4.8544000E-004
   1.9760000E+001   1.5315071E-001   5.0874942E-004   1.5321949E-001   4.9105318E-004
   1.9800000E+001   1.5386858E-001   5.3662672E-004   1.5383273E-001   4.9533404E-004
   1.9840000E+001   1.5462343E-001   5.4200370E-004   1.5473727E-001   5.6731490E-004
   1.9880000E+001   1.5519896E-001   6.0325381E-004   1.5536016E-001   5.4364268E-004
   1.9920000E+001   1.5559327E-001   7.0594681E-004   1.5581575E-001   6.2683548E-004
   1.9960001E+001   1.5615264E-001   6.9805653E-004   1.5614592E-001   6.5211975E-004
   2.0000000E+001   1.5655925E-001   6.0268509E-004   1.5673539E-001   5.2944978E-004
